0x402000
402000 40 22 63 0
7fa1d78cb000 72 42 178 2
401000 33 19 231 2
7fa1d7c81000 64 63 359 3
403000 43 13 417 3
7fa1d78b5000 80 20 519 3
7fa1d793f000 54 35 609 3
7fa1d793e000 78 56 743 4
7fa1d793d000 62 29 835 4
7fa1d7853000 121 12 969 4
7fa1d793c000 47 11 1027 4
7fa1d793b000 48 12 1087 4
7fa1d78d0000 83 34 1205 5
7fa1d78cf000 82 17 1305 5
7fa1d7990000 97 16 1419 5
7fa1d78ce000 59 13 1492 5
7fa1d78cd000 80 14 1587 5
7fa1d78c5000 143 19 1749 5
7fa1d78cc000 93 11 1853 5
7fa1d78c6000 59 19 1932 5
7fa1d7892000 55 11 1998 5
7fa1d7960000 88 15 2101 5
7fa1d795f000 104 13 2218 5
7fa1d795e000 68 28 2315 5
7fa1d795c000 73 10 2398 5
7fa1d793a000 51 9 2459 5
7fa1d7939000 47 9 2516 5
7fa1d7938000 35 8 2560 5
7fa1d7937000 44 9 2613 5
7fa1d7936000 38 8 2660 5
7fa1d7935000 41 9 2711 5
7fa1d796f000 52 9 2773 5
7fa1d7951000 70 36 2879 5
7fa1d78be000 62 12 2953 5
7fa1d7949000 60 21 3034 5
7fa1d7945000 79 25 3138 5
7fa1d7944000 56 31 3226 5
7fa1d7947000 93 18 3337 5
7fa1d7946000 62 24 3423 5
7fa1d7948000 48 15 3486 5
7fa1d78bf000 77 18 3582 5
7fa1d78c2000 102 18 3703 5
7fa1d7893000 32 11 3747 5
7fa1d78bc000 46 10 3803 5
7fa1d7914000 48 11 3863 5
7fa1d7913000 56 20 3940 5
7fa1d7975000 45 11 3996 5
7fa1d7974000 57 14 4067 5
7fa1d7973000 48 12 4127 5
7fa1d7972000 62 13 4203 6
7fa1d7971000 84 9 4296 6
7fa1d7970000 56 8 4360 7
7fa1d78b2000 58 4 4422 7
7fa1d78b1000 56 4 4483 7
7fa1d78b8000 86 6 4575 7
7fa1d78ed000 67 10 4653 7
7fa1d78ec000 64 14 4731 7
7fa1d78eb000 99 9 4840 7
7fa1d78b7000 32 5 4878 7
7fa1d78ae000 88 5 4971 7
7fa1d7864000 73 5 5050 7
7fa1d7863000 37 4 5092 8
5095 8
0x401000
401000 32 19 52 0
52 0
0x403000
403000 42 20 62 0
7fa1d78b5000 79 30 172 2
7fa1d793f000 54 52 279 2
7fa1d793e000 77 81 437 3
7fa1d793d000 62 52 551 3
7fa1d7853000 123 19 693 3
7fa1d793c000 46 18 757 3
7fa1d793b000 43 16 816 3
7fa1d78d0000 82 56 955 5
7fa1d78cf000 83 17 1055 5
7fa1d7990000 97 16 1169 5
7fa1d78ce000 60 13 1242 5
7fa1d78cd000 80 14 1337 5
7fa1d78c5000 147 18 1502 5
7fa1d78cc000 90 12 1605 5
7fa1d78cb000 66 16 1687 5
7fa1d78c6000 60 18 1766 5
7fa1d7892000 56 10 1833 5
7fa1d7960000 88 15 1937 5
7fa1d795f000 105 13 2055 5
7fa1d795e000 68 28 2151 5
7fa1d795c000 74 10 2235 5
7fa1d793a000 52 9 2296 5
7fa1d7939000 47 9 2353 5
7fa1d7938000 36 8 2398 5
7fa1d7937000 45 9 2452 5
7fa1d7936000 40 8 2500 5
7fa1d7935000 43 9 2553 5
7fa1d796f000 51 9 2614 5
7fa1d7951000 68 35 2718 5
7fa1d78be000 58 12 2789 5
7fa1d7949000 60 20 2870 5
7fa1d7945000 77 26 2974 5
7fa1d7944000 57 30 3061 5
7fa1d7947000 94 17 3173 5
7fa1d7946000 61 23 3258 5
7fa1d7948000 48 15 3322 5
7fa1d78bf000 78 18 3419 5
7fa1d78c2000 99 18 3537 5
7fa1d7893000 32 10 3580 5
7fa1d78bc000 46 10 3637 5
7fa1d7914000 48 11 3697 5
7fa1d7913000 56 21 3774 5
7fa1d7975000 44 11 3830 5
7fa1d7974000 57 14 3901 5
7fa1d7973000 48 12 3961 5
7fa1d7972000 62 13 4037 6
7fa1d7971000 84 9 4130 6
7fa1d7970000 60 8 4198 7
7fa1d78b2000 57 5 4260 7
7fa1d78b1000 60 4 4324 7
7fa1d78b8000 84 6 4415 7
7fa1d78ed000 65 10 4490 7
7fa1d78ec000 61 15 4566 7
7fa1d78eb000 95 8 4669 7
7fa1d78b7000 30 5 4705 7
7fa1d78ae000 86 4 4795 7
7fa1d7864000 71 5 4872 7
7fa1d7863000 36 5 4914 8
4917 8
