0x405000
405000 51 28 80 2
404000 17 11 109 2
420000 218 29 356 3
7fe680bc6000 106 19 482 5
7fe680bc5000 68 26 576 5
7fe680bc3000 73 10 660 5
410000 53 8 722 5
40f000 54 10 787 5
40e000 141 26 955 6
40d000 62 5 1023 6
40c000 66 9 1099 6
40b000 55 5 1160 6
7fe680b53000 62 24 1247 6
7fe680b52000 96 15 1359 6
40a000 44 7 1411 6
7fe680b54000 64 16 1492 6
409000 64 10 1567 6
408000 80 10 1658 7
407000 50 3 1712 7
406000 61 6 1780 7
7fe680b49000 56 4 1842 7
7fe680b48000 50 2 1894 7
7fe680b47000 45 2 1942 7
7fe680b4f000 82 11 2038 7
7fe680c1d000 56 5 2099 7
7fe680ade000 62 6 2167 7
7fe680aba000 121 3 2291 7
7fe680add000 58 4 2353 7
7fe680adc000 46 6 2406 7
7fe680bc7000 89 5 2500 7
7fe680b7d000 42 3 2545 7
7fe680ff6000 65 7 2618 7
7fe680ff4000 75 6 2699 7
7fe680ff5000 59 4 2763 7
7fe680ff2000 61 5 2829 7
7fe680fec000 203 4 3036 7
41f000 63 4 3104 7
7fe680ff1000 44 3 3152 7
41c000 44 3 3199 7
41a000 46 4 3250 7
419000 56 4 3311 7
417000 57 4 3373 7
416000 44 3 3421 7
415000 47 3 3472 7
412000 51 4 3528 7
414000 56 4 3589 7
413000 59 5 3654 7
7fe680d24000 85 6 3747 7
7fe680d55000 60 4 3812 7
7fe680d54000 67 3 3883 7
7fe680d53000 73 3 3959 7
7fe680d52000 69 3 4031 7
7fe680d51000 59 4 4095 7
7fe680d50000 57 4 4156 7
7fe680cb1000 129 4 4289 7
7fe680d1c000 83 4 4376 7
7fe680d1b000 37 2 4415 7
7fe680d1a000 39 2 4457 7
7fe680d19000 92 5 4555 7
7fe680d0b000 71 3 4629 7
7fe680d57000 85 3 4718 7
7fe680d56000 83 4 4806 7
7fe680d23000 64 3 4873 7
7fe680d22000 71 3 4947 7
7fe680d21000 69 4 5021 7
7fe680d20000 62 3 5086 7
7fe680d1f000 41 3 5131 7
7fe680d1d000 39 2 5172 7
7fe680d1e000 34 2 5209 7
7fe680cde000 70 8 5288 7
7fe680cdd000 57 3 5348 7
7fe680cdc000 69 4 5422 7
7fe680cd8000 54 2 5479 7
7fe680cd9000 27 2 5509 7
7fe680cdb000 51 2 5562 7
7fe680cd7000 38 3 5604 7
7fe680cd6000 60 3 5667 7
7fe680cd5000 59 9 5735 7
7fe680cda000 42 2 5780 7
418000 69 4 5855 7
7fe680ff3000 63 6 5925 7
41b000 36 3 5965 7
41d000 57 3 6028 7
41e000 85 4 6118 7
7fe680ff9000 61 13 6196 7
7fe680c25000 79 5 6281 7
7fe680bb7000 85 17 6383 7
7fe680bb5000 47 3 6433 7
7fe680abc000 69 5 6508 7
7fe680bf8000 97 6 6612 7
7fe680bf7000 98 5 6716 7
7fe680acc000 56 7 6780 7
7fe680acb000 73 5 6859 7
7fe680aca000 37 3 6899 7
7fe680ac9000 52 3 6955 7
7fe680ac8000 83 5 7043 7
7fe680ac7000 34 2 7079 7
7fe680abf000 45 3 7128 7
7fe680abe000 42 4 7174 7
7fe680abd000 62 3 7239 7
7fe680b1a000 73 5 7317 7
7fe680b27000 85 4 7406 7
7fe680b26000 76 6 7489 7
7fe680bab000 56 12 7557 7
7fe680ba6000 54 7 7618 7
7fe680ba5000 76 12 7707 7
7fe680ba4000 60 8 7776 7
7fe680ba3000 45 2 7824 7
7fe680ba2000 43 2 7870 7
7fe680b37000 82 9 7962 7
7fe680b36000 84 6 8053 7
7fe680b35000 60 4 8118 7
7fe680b34000 81 5 8204 7
7fe680b2c000 148 7 8360 7
7fe680b33000 92 4 8456 7
7fe680b32000 67 5 8529 7
7fe680b2d000 61 6 8596 7
7fe680af9000 55 3 8655 7
7fe680ba1000 52 3 8711 7
7fe680ba0000 48 3 8763 7
7fe680b9f000 34 3 8801 7
7fe680b9e000 46 3 8850 7
7fe680b9d000 39 3 8892 7
7fe680b9c000 43 3 8938 7
7fe680bd6000 52 3 8994 7
7fe680bb8000 68 13 9075 7
7fe680b25000 60 4 9140 7
7fe680bb0000 60 7 9207 7
7fe680bac000 78 10 9295 7
7fe680baf000 48 5 9348 7
7fe680b29000 101 7 9457 7
7fe680bae000 93 6 9556 7
7fe680bad000 60 9 9626 7
7fe680afa000 32 3 9661 7
7fe680b23000 46 4 9712 7
7fe680b7b000 48 4 9764 7
7fe680b7a000 55 8 9828 7
7fe680bdc000 45 3 9876 7
7fe680bdb000 57 5 9939 7
7fe680bda000 48 5 9992 7
7fe680bd9000 63 4 10059 8
10063 8
0x404000
404000 17 15 32 0
32 0
0x420000
420000 218 38 257 1
405000 45 23 326 3
404000 17 8 352 3
7fe680b4f000 81 43 477 4
7fe680b49000 56 13 547 4
7fe680b48000 50 7 604 4
7fe680b47000 45 7 656 4
7fe680bc6000 107 14 778 6
7fe680bc5000 68 18 864 6
7fe680bc3000 73 7 945 6
7fe680ba5000 77 22 1044 6
7fe680ba6000 54 14 1112 6
7fe680b2c000 148 12 1272 6
7fe680bc7000 89 10 1372 6
7fe680ba4000 61 14 1447 6
7fe680aba000 120 5 1573 6
7fe680ba3000 45 5 1624 6
7fe680ba2000 43 5 1672 6
7fe680b37000 83 17 1772 6
7fe680b36000 85 11 1868 6
7fe680bf7000 99 10 1978 6
7fe680b35000 60 9 2047 6
7fe680b34000 81 9 2137 6
7fe680b33000 92 7 2237 6
7fe680b32000 67 10 2315 6
7fe680b2d000 60 13 2388 6
7fe680af9000 56 7 2451 6
7fe680ba1000 53 5 2509 6
7fe680ba0000 48 6 2564 6
7fe680b9f000 34 5 2604 6
7fe680b9e000 45 6 2656 6
7fe680b9d000 39 5 2700 6
7fe680b9c000 43 5 2749 6
7fe680bd6000 53 6 2809 6
7fe680bb8000 68 24 2901 6
7fe680b25000 60 8 2969 6
7fe680bb0000 60 13 3042 6
7fe680bac000 78 17 3138 6
7fe680bab000 57 20 3215 6
7fe680bae000 93 12 3320 6
7fe680bad000 61 16 3397 6
7fe680baf000 48 10 3455 6
7fe680b26000 76 12 3544 6
7fe680b29000 102 11 3657 6
7fe680afa000 32 7 3697 6
7fe680b23000 47 6 3750 6
7fe680b7b000 48 7 3806 6
7fe680b7a000 56 13 3876 6
7fe680bdc000 44 7 3928 6
7fe680bdb000 57 9 3995 6
7fe680bda000 48 8 4051 6
7fe680bd9000 63 8 4123 7
7fe680bd8000 86 4 4214 7
7fe680bd7000 55 4 4274 8
4277 8
0x410000
410000 53 21 74 0
40f000 54 25 154 0
40e000 141 65 361 2
40d000 61 20 444 2
40c000 66 23 534 3
40b000 56 12 603 3
7fe680b53000 63 56 723 4
7fe680b52000 96 28 848 4
404000 16 7 872 4
405000 45 14 932 5
420000 218 14 1165 5
7fe680bc6000 106 11 1283 6
7fe680bc5000 67 19 1370 6
7fe680bc3000 74 6 1450 6
41f000 63 8 1522 6
7fe680ff1000 43 7 1574 6
41c000 44 6 1624 6
41a000 46 7 1678 6
419000 57 6 1742 6
417000 57 8 1809 6
416000 44 5 1859 6
415000 47 7 1914 6
412000 52 7 1973 7
7fe680b7d000 41 3 2019 7
414000 56 3 2079 7
413000 59 5 2145 7
7fe680d24000 85 6 2238 7
7fe680d55000 61 4 2303 7
7fe680d54000 67 3 2373 7
7fe680d53000 73 3 2450 7
7fe680d52000 68 3 2521 7
7fe680d51000 60 3 2585 7
7fe680d50000 57 4 2647 7
7fe680cb1000 129 3 2779 7
7fe680d1c000 82 4 2866 7
7fe680d1b000 37 2 2905 7
7fe680d1a000 39 2 2947 7
7fe680d19000 94 4 3045 7
7fe680d0b000 71 4 3120 7
7fe680d57000 86 3 3209 7
7fe680d56000 84 3 3296 7
7fe680d23000 63 3 3363 7
7fe680d22000 70 4 3438 7
7fe680d21000 69 3 3510 7
7fe680d20000 61 4 3576 7
7fe680d1f000 42 3 3621 7
7fe680d1d000 39 2 3662 7
7fe680d1e000 34 3 3700 7
7fe680cde000 70 8 3778 7
7fe680cdd000 57 3 3838 7
7fe680cdc000 69 4 3912 7
7fe680cd8000 54 2 3969 7
7fe680cd9000 26 2 3998 7
7fe680cdb000 51 2 4052 7
7fe680cd7000 38 3 4094 7
7fe680cd6000 61 2 4157 7
7fe680cd5000 59 9 4225 7
7fe680cda000 42 2 4270 7
418000 69 4 4345 7
7fe680ff3000 63 6 4415 7
7fe680ff2000 61 5 4482 7
7fe680b49000 57 4 4543 7
7fe680b48000 50 2 4595 7
7fe680b47000 45 2 4643 7
41b000 36 3 4684 7
7fe680b54000 65 9 4759 7
7fe680ade000 62 6 4828 7
7fe680aba000 121 3 4952 7
7fe680add000 59 3 5014 7
7fe680adc000 47 5 5067 7
7fe680bc7000 89 5 5162 7
41d000 58 2 5223 7
41e000 85 4 5314 7
408000 80 6 5403 7
407000 49 3 5456 7
406000 61 6 5524 7
409000 64 5 5597 7
7fe680c1d000 57 5 5660 7
7fe680b4f000 82 10 5753 7
7fe680886000 43 3 5800 7
7fe680885000 58 2 5861 7
7fe680884000 69 3 5934 7
7fe68088d000 56 6 5997 8
6003 8
0x40f000
40f000 54 26 80 0
40e000 141 65 287 2
40d000 61 20 370 2
40c000 67 23 461 3
40b000 55 13 530 3
7fe680b53000 62 57 649 4
7fe680b52000 98 27 774 4
404000 16 7 798 4
405000 45 14 858 5
420000 219 14 1092 5
7fe680bc6000 107 11 1211 6
7fe680bc5000 68 18 1297 6
7fe680bc3000 74 7 1378 6
410000 53 6 1437 6
7fe680b49000 56 8 1502 6
7fe680b48000 50 4 1556 6
7fe680b47000 45 5 1607 6
7fe680abc000 69 10 1687 6
7fe680bf8000 98 11 1796 6
7fe680bf7000 98 11 1906 6
7fe680aba000 121 5 2032 6
7fe680bc7000 89 10 2132 6
7fe680bb7000 86 29 2247 6
7fe680bb5000 48 6 2301 6
7fe680acc000 57 14 2372 6
7fe680acb000 74 9 2455 6
7fe680aca000 37 7 2499 6
7fe680ac9000 53 5 2557 6
7fe680ac8000 84 8 2650 6
7fe680ac7000 33 5 2689 6
7fe680abf000 45 7 2741 6
7fe680abe000 41 8 2791 6
7fe680abd000 61 6 2858 6
7fe680b1a000 72 10 2941 7
7fe680b27000 85 4 3030 7
7fe680b26000 76 7 3113 7
7fe680bab000 56 12 3181 7
7fe680ba6000 54 7 3242 7
7fe680ba5000 77 12 3332 7
7fe680ba4000 60 8 3401 7
7fe680ba3000 45 2 3449 7
7fe680ba2000 43 2 3495 7
7fe680b37000 83 9 3588 7
7fe680b36000 85 6 3679 7
7fe680b35000 60 5 3745 7
7fe680b34000 81 5 3831 7
7fe680b2c000 149 7 3987 7
7fe680b33000 93 3 4083 7
7fe680b32000 67 5 4156 7
7fe680b2d000 60 6 4223 7
7fe680af9000 56 3 4283 7
7fe680ba1000 52 3 4339 7
7fe680ba0000 48 3 4391 7
7fe680b9f000 35 2 4429 7
7fe680b9e000 45 3 4478 7
7fe680b9d000 39 2 4520 7
7fe680b9c000 42 3 4566 7
7fe680bd6000 53 3 4623 7
7fe680bb8000 68 14 4705 7
7fe680b25000 60 4 4769 7
7fe680bb0000 59 7 4836 7
7fe680bac000 78 9 4924 7
7fe680baf000 48 5 4978 7
7fe680b29000 102 6 5087 7
7fe680bae000 93 6 5186 7
7fe680bad000 60 9 5256 7
7fe680afa000 32 4 5292 7
7fe680b23000 47 3 5342 7
7fe680b7b000 48 4 5395 7
7fe680b7a000 56 8 5459 7
7fe680bdc000 45 3 5507 7
7fe680bdb000 57 5 5570 7
7fe680bda000 48 4 5622 7
7fe680bd9000 63 4 5690 8
5696 8
0x40e000
40e000 142 65 207 2
40d000 61 21 290 2
40c000 66 23 380 3
40b000 55 12 448 3
7fe680b53000 62 57 568 4
7fe680b52000 98 27 693 4
404000 17 7 718 4
405000 45 14 777 5
420000 222 13 1013 5
7fe680bc6000 107 11 1132 6
7fe680bc5000 72 19 1223 6
7fe680bc3000 74 7 1304 6
410000 53 6 1364 6
40f000 54 7 1426 6
7fe680b49000 56 8 1491 6
7fe680b48000 49 5 1546 6
7fe680b47000 45 5 1597 6
7fe680ff9000 62 22 1682 6
7fe680c25000 80 8 1771 6
7fe680bb7000 86 28 1886 6
7fe680bb5000 47 7 1941 6
7fe680abc000 69 10 2021 6
7fe680bf8000 98 12 2131 6
7fe680bf7000 100 10 2241 6
7fe680aba000 121 5 2368 6
7fe680bc7000 90 10 2469 6
7fe680acc000 57 13 2539 6
7fe680acb000 74 9 2623 6
7fe680aca000 37 6 2667 6
7fe680ac9000 54 5 2726 6
7fe680ac8000 83 9 2819 6
7fe680ac7000 34 5 2858 6
7fe680abf000 46 6 2910 6
7fe680abe000 42 7 2960 6
7fe680abd000 62 6 3028 6
7fe680b1a000 73 9 3111 7
7fe680b27000 85 4 3201 7
7fe680b26000 77 6 3285 7
7fe680bab000 57 11 3353 7
7fe680ba6000 54 8 3416 7
7fe680ba5000 77 12 3505 7
7fe680ba4000 61 8 3575 7
7fe680ba3000 46 2 3623 7
7fe680ba2000 43 2 3669 7
7fe680b37000 83 10 3763 7
7fe680b36000 85 7 3855 7
7fe680b35000 61 5 3921 7
7fe680b34000 82 5 4008 7
7fe680b2c000 149 7 4164 7
7fe680b33000 93 3 4260 7
7fe680b32000 67 5 4333 7
7fe680b2d000 60 6 4400 7
7fe680af9000 55 4 4460 7
7fe680ba1000 53 2 4515 7
7fe680ba0000 48 3 4567 7
7fe680b9f000 35 2 4605 7
7fe680b9e000 45 3 4654 7
7fe680b9d000 38 3 4696 7
7fe680b9c000 43 3 4742 7
7fe680bd6000 52 3 4798 7
7fe680bb8000 68 13 4880 7
7fe680b25000 60 5 4945 7
7fe680bb0000 60 7 5012 7
7fe680bac000 78 9 5099 7
7fe680baf000 48 5 5153 7
7fe680b29000 102 6 5262 7
7fe680bae000 93 7 5362 7
7fe680bad000 60 9 5431 7
7fe680afa000 32 4 5467 7
7fe680b23000 47 4 5518 7
7fe680b7b000 48 4 5570 7
7fe680b7a000 56 8 5634 7
7fe680bdc000 45 4 5683 7
7fe680bdb000 57 5 5745 7
7fe680bda000 48 5 5798 7
7fe680bd9000 63 4 5865 8
5870 8
0x40d000
40d000 61 20 82 0
40c000 66 31 180 2
40b000 55 14 250 2
7fe680b53000 62 67 380 3
7fe680b52000 97 34 511 3
404000 17 9 537 3
405000 45 17 599 5
420000 218 14 832 5
7fe680bc6000 107 11 951 6
7fe680bc5000 68 18 1037 6
7fe680bc3000 74 7 1118 6
410000 54 5 1177 6
40f000 54 7 1239 6
40e000 141 18 1399 6
412000 51 8 1459 7
7fe680b7d000 41 3 1504 7
7fe680b49000 56 4 1565 7
7fe680b48000 53 2 1621 7
7fe680b47000 46 2 1670 7
7fe680ff9000 61 13 1746 7
7fe680c25000 82 4 1833 7
7fe680bb7000 88 17 1939 7
7fe680bb5000 47 4 1990 7
7fe680abc000 69 6 2066 7
7fe680bf8000 105 6 2177 7
7fe680bf7000 99 6 2283 7
7fe680aba000 123 3 2409 7
7fe680bc7000 90 5 2504 7
7fe680acc000 58 7 2569 7
7fe680acb000 74 5 2649 7
7fe680aca000 38 3 2690 7
7fe680ac9000 54 3 2748 7
7fe680ac8000 85 4 2837 7
7fe680ac7000 34 2 2873 7
7fe680abf000 45 4 2923 7
7fe680abe000 42 4 2969 7
7fe680abd000 63 3 3035 7
7fe680b1a000 75 5 3115 7
7fe680b27000 84 5 3205 7
7fe680b26000 77 6 3288 7
7fe680bab000 56 11 3356 7
7fe680ba6000 54 7 3418 7
7fe680ba5000 79 12 3510 7
7fe680ba4000 62 8 3581 7
7fe680ba3000 47 2 3630 7
7fe680ba2000 44 3 3677 7
7fe680b37000 90 9 3777 7
7fe680b36000 86 6 3869 7
7fe680b35000 61 4 3934 7
7fe680b34000 81 5 4021 7
7fe680b2c000 149 7 4178 7
7fe680b33000 93 4 4275 7
7fe680b32000 71 6 4353 7
7fe680b2d000 65 7 4425 7
7fe680af9000 61 4 4490 7
7fe680ba1000 56 3 4549 7
7fe680ba0000 52 4 4606 7
7fe680b9f000 35 3 4645 7
7fe680b9e000 48 3 4696 7
7fe680b9d000 42 3 4742 7
7fe680b9c000 46 3 4791 7
7fe680bd6000 56 4 4852 7
7fe680bb8000 70 13 4935 7
7fe680b25000 62 4 5001 7
7fe680bb0000 63 8 5072 7
7fe680bac000 83 10 5165 7
7fe680baf000 50 6 5221 7
7fe680b29000 104 7 5332 7
7fe680bae000 101 6 5439 7
7fe680bad000 65 9 5514 7
7fe680afa000 35 3 5553 7
7fe680b23000 68 4 5626 7
7fe680b7b000 48 4 5679 7
7fe680b7a000 56 7 5743 7
7fe680bdc000 45 3 5792 7
7fe680bdb000 58 4 5855 7
7fe680bda000 48 4 5908 7
7fe680bd9000 63 4 5976 8
5981 8
0x40c000
40c000 67 31 98 2
40b000 55 15 169 2
7fe680b53000 62 66 298 3
7fe680b52000 97 34 430 3
404000 17 8 456 3
405000 45 17 519 5
420000 220 14 754 5
7fe680bc6000 109 11 875 6
7fe680bc5000 68 18 961 6
7fe680bc3000 74 7 1043 6
410000 54 5 1102 6
40f000 54 7 1164 6
40e000 143 18 1326 6
40d000 61 6 1394 6
412000 51 8 1454 7
7fe680b7d000 42 3 1500 7
7fe680b49000 57 4 1562 7
7fe680b48000 50 2 1614 7
7fe680b47000 45 3 1663 7
7fe680ff9000 62 12 1738 7
7fe680c25000 80 5 1824 7
7fe680bb7000 86 16 1926 7
7fe680bb5000 47 3 1977 7
7fe680abc000 70 5 2053 7
7fe680bf8000 98 6 2157 7
7fe680bf7000 98 6 2262 7
7fe680aba000 120 3 2385 7
7fe680bc7000 89 5 2480 7
7fe680acc000 56 7 2543 7
7fe680acb000 73 5 2622 7
7fe680aca000 36 3 2662 7
7fe680ac9000 52 3 2718 7
7fe680ac8000 83 4 2806 7
7fe680ac7000 33 3 2843 7
7fe680abf000 45 4 2892 7
7fe680abe000 42 4 2938 7
7fe680abd000 61 3 3002 7
7fe680b1a000 72 5 3080 7
7fe680b27000 84 5 3170 7
7fe680b26000 76 6 3252 7
7fe680bab000 56 11 3320 7
7fe680ba6000 54 7 3381 7
7fe680ba5000 76 12 3470 7
7fe680ba4000 61 7 3539 7
7fe680ba3000 45 2 3587 7
7fe680ba2000 43 2 3633 7
7fe680b37000 82 9 3725 7
7fe680b36000 84 6 3816 7
7fe680b35000 60 4 3881 7
7fe680b34000 80 5 3967 7
7fe680b2c000 149 7 4123 7
7fe680b33000 93 4 4220 7
7fe680b32000 67 6 4293 7
7fe680b2d000 60 7 4360 7
7fe680af9000 56 3 4419 7
7fe680ba1000 52 3 4475 7
7fe680ba0000 48 3 4527 7
7fe680b9f000 34 3 4565 7
7fe680b9e000 46 3 4614 7
7fe680b9d000 39 3 4656 7
7fe680b9c000 43 3 4702 7
7fe680bd6000 52 3 4758 7
7fe680bb8000 68 13 4839 7
7fe680b25000 60 4 4904 7
7fe680bb0000 60 7 4971 7
7fe680bac000 78 10 5059 7
7fe680baf000 48 5 5112 7
7fe680b29000 101 6 5220 7
7fe680bae000 92 7 5320 7
7fe680bad000 60 9 5389 7
7fe680afa000 32 4 5425 7
7fe680b23000 46 4 5475 7
7fe680b7b000 49 3 5527 7
7fe680b7a000 56 7 5591 7
7fe680bdc000 45 4 5640 7
7fe680bdb000 57 5 5702 7
7fe680bda000 48 4 5754 7
7fe680bd9000 63 4 5822 8
5826 8
0x40b000
40b000 55 19 75 0
7fe680b53000 61 88 225 3
7fe680b52000 97 33 355 3
404000 17 8 381 3
405000 45 17 444 5
420000 219 13 676 5
7fe680bc6000 107 11 795 6
7fe680bc5000 68 18 881 6
7fe680bc3000 74 7 962 6
410000 53 5 1021 6
40f000 54 7 1083 6
40e000 141 18 1243 6
40d000 62 5 1311 6
40c000 67 8 1387 6
40a000 44 6 1438 6
7fe680b54000 65 16 1520 6
409000 64 10 1594 6
408000 81 10 1686 7
407000 50 3 1740 7
406000 60 6 1807 7
7fe680b49000 57 4 1870 7
7fe680b48000 50 2 1922 7
7fe680b47000 45 2 1970 7
7fe680b4f000 82 10 2065 7
7fe680c1d000 55 5 2126 7
7fe680ade000 62 6 2195 7
7fe680aba000 124 3 2322 7
7fe680add000 59 3 2384 7
7fe680adc000 47 5 2437 7
7fe680bc7000 90 5 2532 7
7fe680b7d000 42 3 2577 7
7fe680ff6000 65 7 2650 7
7fe680ff4000 75 6 2731 7
7fe680ff5000 59 4 2795 7
7fe680ff2000 61 5 2861 7
7fe680fec000 203 4 3068 7
41f000 63 5 3137 7
7fe680ff1000 44 3 3185 7
41c000 44 4 3233 7
41a000 46 3 3283 7
419000 57 3 3344 7
417000 57 4 3407 7
416000 44 3 3455 7
415000 47 3 3506 7
412000 51 4 3562 7
414000 56 4 3624 7
413000 60 5 3690 7
7fe680d24000 86 6 3783 7
7fe680d55000 60 4 3848 7
7fe680d54000 67 3 3919 7
7fe680d53000 74 2 3996 7
7fe680d52000 69 3 4069 7
7fe680d51000 59 4 4133 7
7fe680d50000 58 3 4194 7
7fe680cb1000 130 4 4329 7
7fe680d1c000 83 4 4416 7
7fe680d1b000 37 2 4455 7
7fe680d1a000 39 2 4497 7
7fe680d19000 94 4 4596 7
7fe680d0b000 71 4 4671 7
7fe680d57000 86 3 4761 7
7fe680d56000 84 4 4849 7
7fe680d23000 63 4 4916 7
7fe680d22000 70 4 4990 7
7fe680d21000 69 4 5063 7
7fe680d20000 62 3 5128 7
7fe680d1f000 41 3 5173 7
7fe680d1d000 39 2 5214 7
7fe680d1e000 34 2 5251 7
7fe680cde000 70 7 5329 7
7fe680cdd000 57 3 5390 7
7fe680cdc000 69 5 5464 7
7fe680cd8000 54 3 5521 7
7fe680cd9000 27 2 5550 7
7fe680cdb000 50 3 5604 7
7fe680cd7000 40 3 5647 7
7fe680cd6000 60 2 5709 7
7fe680cd5000 58 10 5778 7
7fe680cda000 42 2 5822 7
418000 69 4 5897 7
7fe680ff3000 63 6 5967 7
41b000 36 3 6007 7
41d000 57 3 6070 7
41e000 86 3 6160 7
7fe680ff9000 61 13 6239 7
7fe680c25000 80 4 6324 7
7fe680bb7000 85 17 6427 7
7fe680bb5000 48 3 6478 7
7fe680abc000 69 6 6554 7
7fe680bf8000 98 6 6658 7
7fe680bf7000 100 5 6763 7
7fe680acc000 57 7 6827 7
7fe680acb000 74 4 6906 7
7fe680aca000 37 3 6947 7
7fe680ac9000 53 3 7003 7
7fe680ac8000 83 4 7091 7
7fe680ac7000 33 3 7128 7
7fe680abf000 46 3 7177 7
7fe680abe000 42 4 7224 7
7fe680abd000 62 3 7289 7
7fe680b1a000 74 5 7368 7
7fe680b27000 85 4 7458 7
7fe680b26000 77 6 7542 7
7fe680bab000 56 11 7610 7
7fe680ba6000 54 8 7673 7
7fe680ba5000 78 12 7763 7
7fe680ba4000 61 8 7833 7
7fe680ba3000 46 2 7881 7
7fe680ba2000 44 2 7928 7
7fe680b37000 83 9 8021 7
7fe680b36000 85 6 8113 7
7fe680b35000 60 5 8179 7
7fe680b34000 82 5 8266 7
7fe680b2c000 150 7 8423 7
7fe680b33000 94 4 8522 7
7fe680b32000 68 5 8595 7
7fe680b2d000 60 7 8663 7
7fe680af9000 57 3 8723 7
7fe680ba1000 53 2 8779 7
7fe680ba0000 49 3 8832 7
7fe680b9f000 35 2 8870 7
7fe680b9e000 46 3 8920 7
7fe680b9d000 39 3 8962 7
7fe680b9c000 44 3 9009 7
7fe680bd6000 52 4 9066 7
7fe680bb8000 68 14 9148 7
7fe680b25000 61 4 9213 7
7fe680bb0000 60 8 9281 7
7fe680bac000 79 9 9369 7
7fe680baf000 48 5 9423 7
7fe680b29000 103 6 9533 7
7fe680bae000 94 6 9633 7
7fe680bad000 61 8 9703 7
7fe680afa000 32 4 9740 7
7fe680b23000 47 4 9791 7
7fe680b7b000 49 4 9844 7
7fe680b7a000 56 8 9908 7
7fe680bdc000 45 4 9957 7
7fe680bdb000 58 5 10020 7
7fe680bda000 49 4 10073 7
7fe680bd9000 63 4 10141 8
10145 8
0x40a000
40a000 44 25 69 1
7fe680b54000 65 53 188 3
7fe680b53000 63 57 308 4
7fe680b52000 98 28 434 4
404000 16 8 459 4
409000 65 18 542 4
408000 82 19 644 6
407000 50 6 701 6
420000 223 11 936 6
405000 46 8 991 7
7fe680b4f000 83 10 1085 7
7fe680b49000 57 4 1147 7
7fe680b48000 50 2 1200 7
7fe680b47000 46 2 1249 7
7fe680bc6000 108 5 1363 7
7fe680bc5000 69 10 1442 7
7fe680bc3000 74 4 1520 7
7fe680ba5000 78 12 1610 7
7fe680ba6000 54 8 1672 7
7fe680b2c000 150 7 1829 7
7fe680bc7000 91 5 1925 7
7fe680ba4000 62 7 1994 7
7fe680aba000 122 3 2120 7
7fe680ba3000 46 2 2168 7
7fe680ba2000 44 2 2215 7
7fe680b37000 83 9 2308 7
7fe680b36000 85 7 2401 7
7fe680bf7000 100 5 2506 7
7fe680b35000 61 4 2572 7
7fe680b34000 80 5 2658 7
7fe680b33000 93 4 2756 7
7fe680b32000 67 6 2829 7
7fe680b2d000 61 6 2896 7
7fe680af9000 55 4 2956 7
7fe680ba1000 53 3 3012 7
7fe680ba0000 49 2 3064 7
7fe680b9f000 35 3 3103 7
7fe680b9e000 46 3 3152 7
7fe680b9d000 39 3 3194 7
7fe680b9c000 43 3 3240 7
7fe680bd6000 53 3 3297 7
7fe680bb8000 68 14 3379 7
7fe680b25000 60 4 3443 7
7fe680bb0000 60 7 3511 7
7fe680bac000 78 9 3599 7
7fe680bab000 56 11 3667 7
7fe680bae000 93 6 3767 7
7fe680bad000 61 8 3837 7
7fe680baf000 48 5 3891 7
7fe680b26000 76 7 3975 7
7fe680b29000 102 7 4084 7
7fe680afa000 32 4 4120 7
7fe680b23000 47 3 4170 7
7fe680b7b000 48 4 4223 7
7fe680b7a000 56 7 4287 7
7fe680bdc000 44 4 4336 7
7fe680bdb000 58 4 4398 7
7fe680bda000 48 4 4451 7
7fe680bd9000 63 4 4519 8
4525 8
0x409000
409000 65 37 102 1
408000 81 38 222 3
407000 50 20 293 3
420000 222 30 546 4
405000 45 15 607 5
404000 17 5 630 5
7fe680b4f000 81 28 740 6
7fe680b49000 57 7 804 6
7fe680b48000 50 4 858 6
7fe680b47000 45 4 908 6
7fe680bc6000 106 8 1023 7
7fe680bc5000 67 10 1101 7
7fe680bc3000 73 4 1179 7
7fe680ba5000 76 13 1268 7
7fe680ba6000 54 8 1330 7
7fe680b2c000 149 7 1486 7
7fe680bc7000 90 5 1581 7
7fe680ba4000 61 8 1651 7
7fe680aba000 122 3 1776 7
7fe680ba3000 46 2 1824 7
7fe680ba2000 44 2 1870 7
7fe680b37000 83 9 1963 7
7fe680b36000 85 6 2055 7
7fe680bf7000 100 5 2160 7
7fe680b35000 60 5 2226 7
7fe680b34000 81 5 2312 7
7fe680b33000 93 4 2409 7
7fe680b32000 68 5 2482 7
7fe680b2d000 60 7 2550 7
7fe680af9000 56 3 2609 7
7fe680ba1000 53 2 2665 7
7fe680ba0000 49 3 2718 7
7fe680b9f000 35 3 2756 7
7fe680b9e000 46 3 2805 7
7fe680b9d000 39 3 2847 7
7fe680b9c000 43 3 2893 7
7fe680bd6000 53 3 2950 7
7fe680bb8000 68 14 3032 7
7fe680b25000 60 5 3097 7
7fe680bb0000 60 7 3164 7
7fe680bac000 79 9 3253 7
7fe680bab000 57 11 3321 7
7fe680bae000 94 6 3421 7
7fe680bad000 60 9 3491 7
7fe680baf000 48 5 3545 7
7fe680b26000 77 6 3629 7
7fe680b29000 103 6 3738 7
7fe680afa000 32 4 3774 7
7fe680b23000 47 4 3825 7
7fe680b7b000 49 3 3877 7
7fe680b7a000 56 7 3941 7
7fe680bdc000 44 4 3990 7
7fe680bdb000 57 5 4053 7
7fe680bda000 48 5 4106 7
7fe680bd9000 63 5 4174 8
4179 8
0x408000
408000 82 38 120 2
407000 50 20 191 2
420000 222 31 445 3
405000 45 18 509 5
404000 17 6 533 5
7fe680b4f000 82 28 643 6
7fe680b49000 56 7 707 6
7fe680b48000 51 4 763 6
7fe680b47000 45 4 813 6
7fe680bc6000 107 8 929 7
7fe680bc5000 68 10 1008 7
7fe680bc3000 74 4 1086 7
7fe680ba5000 77 12 1175 7
7fe680ba6000 53 8 1237 7
7fe680b2c000 150 7 1394 7
7fe680bc7000 90 5 1489 7
7fe680ba4000 61 7 1558 7
7fe680aba000 122 3 1684 7
7fe680ba3000 46 2 1732 7
7fe680ba2000 43 2 1778 7
7fe680b37000 84 9 1872 7
7fe680b36000 85 6 1964 7
7fe680bf7000 101 5 2070 7
7fe680b35000 62 5 2138 7
7fe680b34000 83 5 2226 7
7fe680b33000 95 4 2325 7
7fe680b32000 69 5 2399 7
7fe680b2d000 61 6 2466 7
7fe680af9000 56 3 2526 7
7fe680ba1000 54 2 2582 7
7fe680ba0000 48 3 2634 7
7fe680b9f000 35 2 2672 7
7fe680b9e000 45 3 2721 7
7fe680b9d000 39 3 2763 7
7fe680b9c000 43 3 2809 7
7fe680bd6000 52 3 2865 7
7fe680bb8000 68 13 2946 7
7fe680b25000 60 4 3011 7
7fe680bb0000 60 7 3078 7
7fe680bac000 78 9 3166 7
7fe680bab000 56 11 3234 7
7fe680bae000 93 6 3334 7
7fe680bad000 60 9 3404 7
7fe680baf000 49 5 3458 7
7fe680b26000 76 7 3542 7
7fe680b29000 102 7 3651 7
7fe680afa000 32 3 3686 7
7fe680b23000 47 3 3737 7
7fe680b7b000 48 4 3790 7
7fe680b7a000 57 7 3854 7
7fe680bdc000 44 4 3903 7
7fe680bdb000 57 5 3966 7
7fe680bda000 49 4 4019 7
7fe680bd9000 63 5 4087 8
4092 8
0x407000
407000 50 20 70 0
420000 221 38 330 1
405000 46 23 400 3
404000 17 8 426 3
7fe680b4f000 82 43 552 4
7fe680b49000 57 12 622 4
7fe680b48000 50 7 680 4
7fe680b47000 46 6 732 4
7fe680bc6000 108 15 856 6
7fe680bc5000 68 18 942 6
7fe680bc3000 74 7 1024 6
7fe680ba5000 77 22 1123 6
7fe680ba6000 53 15 1192 6
7fe680b2c000 149 12 1353 6
7fe680bc7000 90 10 1453 6
7fe680ba4000 61 15 1529 6
7fe680aba000 121 6 1656 6
7fe680ba3000 46 5 1707 6
7fe680ba2000 44 4 1755 6
7fe680b37000 83 17 1856 6
7fe680b36000 85 12 1953 6
7fe680bf7000 100 10 2063 6
7fe680b35000 60 9 2133 6
7fe680b34000 81 9 2223 6
7fe680b33000 93 7 2324 6
7fe680b32000 67 10 2402 6
7fe680b2d000 60 13 2476 6
7fe680af9000 56 7 2539 6
7fe680ba1000 53 6 2598 6
7fe680ba0000 48 6 2653 6
7fe680b9f000 34 5 2693 6
7fe680b9e000 45 6 2745 6
7fe680b9d000 39 5 2790 6
7fe680b9c000 43 6 2839 6
7fe680bd6000 52 6 2898 6
7fe680bb8000 68 24 2991 6
7fe680b25000 60 8 3059 6
7fe680bb0000 60 13 3133 6
7fe680bac000 78 17 3229 6
7fe680bab000 56 20 3306 6
7fe680bae000 93 12 3412 6
7fe680bad000 61 16 3489 6
7fe680baf000 49 10 3548 6
7fe680b26000 76 12 3637 6
7fe680b29000 101 12 3751 6
7fe680afa000 32 7 3790 6
7fe680b23000 47 6 3843 6
7fe680b7b000 48 7 3899 6
7fe680b7a000 55 14 3969 6
7fe680bdc000 45 8 4022 6
7fe680bdb000 57 9 4088 6
7fe680bda000 48 9 4145 6
7fe680bd9000 63 8 4216 7
7fe680bd8000 86 4 4307 7
7fe680bd7000 55 4 4367 8
4371 8
0x406000
406000 61 42 103 2
405000 45 21 170 3
404000 16 8 195 3
420000 219 23 438 3
7fe680bc6000 106 19 564 5
7fe680bc5000 68 26 658 5
7fe680bc3000 73 10 742 5
410000 53 8 804 5
40f000 53 10 868 5
40e000 143 26 1038 6
40d000 61 6 1106 6
40c000 66 8 1181 6
40b000 55 5 1242 6
7fe680b53000 62 24 1329 6
7fe680b52000 97 15 1442 6
40a000 43 7 1493 6
7fe680b54000 64 16 1574 6
409000 64 10 1649 6
408000 80 11 1741 7
407000 47 3 1792 7
7fe680b49000 55 3 1851 7
7fe680b48000 47 2 1901 7
7fe680b47000 43 3 1948 7
7fe680b4f000 79 10 2039 7
7fe680c1d000 53 4 2097 7
7fe680ade000 60 5 2163 7
7fe680aba000 115 3 2282 7
7fe680add000 56 3 2342 7
7fe680adc000 46 5 2393 7
7fe680bc7000 85 5 2483 7
7fe680b7d000 39 3 2526 7
7fe680ff6000 63 7 2597 7
7fe680ff4000 71 7 2675 7
7fe680ff5000 56 4 2735 7
7fe680ff2000 58 5 2799 7
7fe680fec000 194 5 2998 7
41f000 61 4 3063 7
7fe680ff1000 42 3 3109 7
41c000 42 3 3155 7
41a000 44 3 3203 7
419000 54 3 3261 7
417000 56 3 3321 7
416000 42 3 3367 7
415000 45 3 3416 7
412000 50 4 3470 7
414000 54 4 3529 7
413000 57 4 3591 7
7fe680d24000 82 5 3680 7
7fe680d55000 57 4 3742 7
7fe680d54000 64 3 3810 7
7fe680d53000 70 3 3883 7
7fe680d52000 68 3 3954 7
7fe680d51000 56 4 4015 7
7fe680d50000 55 3 4073 7
7fe680cb1000 123 3 4200 7
7fe680d1c000 79 4 4284 7
7fe680d1b000 35 2 4321 7
7fe680d1a000 37 2 4361 7
7fe680d19000 88 4 4454 7
7fe680d0b000 68 3 4526 7
7fe680d57000 81 3 4611 7
7fe680d56000 80 3 4695 7
7fe680d23000 60 3 4759 7
7fe680d22000 74 4 4837 7
7fe680d21000 71 4 4912 7
7fe680d20000 61 3 4976 7
7fe680d1f000 39 3 5019 7
7fe680d1d000 37 3 5059 7
7fe680d1e000 33 2 5094 7
7fe680cde000 67 7 5169 7
7fe680cdd000 54 3 5227 7
7fe680cdc000 66 4 5298 7
7fe680cd8000 51 2 5352 7
7fe680cd9000 26 2 5381 7
7fe680cdb000 48 2 5432 7
7fe680cd7000 37 2 5472 7
7fe680cd6000 57 2 5532 7
7fe680cd5000 56 8 5597 7
7fe680cda000 40 2 5640 7
418000 66 4 5712 7
7fe680ff3000 60 6 5779 7
41b000 35 2 5817 7
41d000 55 2 5877 7
41e000 83 4 5965 7
7fe680ff9000 59 12 6040 7
7fe680c25000 77 4 6121 7
7fe680bb7000 82 16 6219 7
7fe680bb5000 45 3 6267 7
7fe680abc000 66 5 6339 7
7fe680bf8000 93 6 6438 7
7fe680bf7000 95 5 6538 7
7fe680acc000 53 7 6599 7
7fe680acb000 70 5 6675 7
7fe680aca000 35 4 6714 7
7fe680ac9000 50 3 6767 7
7fe680ac8000 80 4 6851 7
7fe680ac7000 32 2 6885 7
7fe680abf000 43 3 6932 7
7fe680abe000 40 3 6976 7
7fe680abd000 59 3 7039 7
7fe680b1a000 69 5 7113 7
7fe680b27000 80 5 7199 7
7fe680b26000 72 7 7278 7
7fe680bab000 53 11 7342 7
7fe680ba6000 52 7 7401 7
7fe680ba5000 73 12 7486 7
7fe680ba4000 58 8 7552 7
7fe680ba3000 44 2 7598 7
7fe680ba2000 41 2 7642 7
7fe680b37000 79 9 7731 7
7fe680b36000 81 6 7818 7
7fe680b35000 57 5 7880 7
7fe680b34000 77 5 7962 7
7fe680b2c000 142 6 8110 7
7fe680b33000 88 4 8203 7
7fe680b32000 64 6 8273 7
7fe680b2d000 57 7 8337 7
7fe680af9000 53 3 8393 7
7fe680ba1000 50 3 8447 7
7fe680ba0000 47 2 8496 7
7fe680b9f000 34 2 8533 7
7fe680b9e000 44 3 8580 7
7fe680b9d000 37 3 8620 7
7fe680b9c000 41 3 8664 7
7fe680bd6000 49 3 8717 7
7fe680bb8000 64 13 8795 7
7fe680b25000 57 4 8856 7
7fe680bb0000 57 7 8921 7
7fe680bac000 74 9 9005 7
7fe680baf000 46 5 9057 7
7fe680b29000 96 6 9160 7
7fe680bae000 88 6 9255 7
7fe680bad000 57 8 9321 7
7fe680afa000 30 3 9355 7
7fe680b23000 44 4 9404 7
7fe680b7b000 46 4 9454 7
7fe680b7a000 54 7 9515 7
7fe680bdc000 43 3 9561 7
7fe680bdb000 54 5 9621 7
7fe680bda000 46 4 9671 7
7fe680bd9000 59 5 9736 8
9740 8
0x41f000
41f000 61 30 91 2
7fe680ff1000 41 17 150 3
405000 43 17 211 4
404000 16 8 236 4
420000 209 20 466 5
7fe680bc6000 102 11 580 5
7fe680bc5000 65 25 671 5
7fe680bc3000 71 9 751 5
410000 51 8 810 5
40f000 51 10 872 5
40e000 135 25 1033 6
40d000 59 6 1099 6
40c000 66 8 1174 6
40b000 55 6 1236 6
7fe680b53000 62 24 1323 6
7fe680b52000 104 16 1444 6
40a000 43 7 1496 6
7fe680b54000 64 16 1577 6
409000 63 9 1649 6
408000 79 11 1740 7
407000 48 3 1792 7
406000 58 6 1857 7
7fe680b49000 55 4 1918 7
7fe680b48000 48 2 1969 7
7fe680b47000 43 2 2015 7
7fe680b4f000 79 10 2107 7
7fe680c1d000 54 5 2167 7
7fe680ade000 61 5 2233 7
7fe680aba000 118 3 2355 7
7fe680add000 57 3 2415 7
7fe680adc000 46 5 2467 7
7fe680bc7000 87 5 2560 7
7fe680b7d000 40 3 2603 7
7fe680ff6000 62 7 2674 7
7fe680ff4000 72 6 2753 7
7fe680ff5000 58 4 2816 7
7fe680ff2000 59 5 2880 7
7fe680fec000 198 4 3082 7
413000 58 5 3146 7
412000 50 4 3201 7
414000 54 4 3261 7
415000 46 4 3312 7
7fe680d24000 83 6 3401 7
7fe680d55000 59 4 3464 7
7fe680d54000 66 3 3534 7
7fe680d53000 71 3 3608 7
7fe680d52000 66 3 3677 7
7fe680d51000 57 4 3739 7
7fe680d50000 56 3 3798 7
7fe680cb1000 125 4 3928 7
7fe680d1c000 80 4 4012 7
7fe680d1b000 35 3 4050 7
7fe680d1a000 38 2 4090 7
7fe680d19000 91 4 4186 7
7fe680d0b000 69 4 4259 7
7fe680d57000 83 3 4345 7
7fe680d56000 81 3 4430 7
7fe680d23000 62 3 4495 7
7fe680d22000 69 3 4567 7
7fe680d21000 66 3 4637 7
7fe680d20000 59 4 4701 7
7fe680d1f000 40 3 4744 7
7fe680d1d000 38 2 4784 7
7fe680d1e000 34 2 4820 7
7fe680cde000 67 7 4895 7
7fe680cdd000 55 3 4954 7
7fe680cdc000 67 5 5026 7
7fe680cd8000 52 2 5080 7
7fe680cd9000 26 2 5109 7
7fe680cdb000 49 2 5161 7
7fe680cd7000 38 2 5201 7
7fe680cd6000 58 3 5263 7
7fe680cd5000 57 9 5329 7
7fe680cda000 41 2 5372 7
7fe680ff9000 59 12 5445 7
7fe680c25000 77 4 5527 7
7fe680bb7000 82 16 5626 7
7fe680bb5000 46 3 5675 7
7fe680abc000 66 5 5747 7
7fe680bf8000 94 6 5848 7
7fe680bf7000 96 5 5949 7
7fe680acc000 54 7 6011 7
7fe680acb000 72 4 6087 7
7fe680aca000 35 3 6126 7
7fe680ac9000 51 3 6181 7
7fe680ac8000 81 4 6266 7
7fe680ac7000 33 2 6301 7
7fe680abf000 44 3 6348 7
7fe680abe000 40 4 6393 7
7fe680abd000 60 3 6456 7
7fe680b1a000 71 5 6532 7
7fe680b27000 82 4 6618 7
7fe680b26000 74 6 6698 7
7fe680bab000 55 11 6764 7
7fe680ba6000 52 7 6823 7
7fe680ba5000 74 11 6909 7
7fe680ba4000 59 7 6976 7
7fe680ba3000 44 2 7023 7
7fe680ba2000 42 2 7068 7
7fe680b37000 79 9 7157 7
7fe680b36000 82 6 7246 7
7fe680b35000 59 4 7309 7
7fe680b34000 78 4 7392 7
7fe680b2c000 143 6 7542 7
7fe680b33000 89 4 7636 7
7fe680b32000 64 6 7707 7
7fe680b2d000 58 7 7772 7
7fe680af9000 54 3 7829 7
7fe680ba1000 51 2 7883 7
7fe680ba0000 48 3 7935 7
7fe680b9f000 34 2 7972 7
7fe680b9e000 44 3 8020 7
7fe680b9d000 38 3 8061 7
7fe680b9c000 42 3 8106 7
7fe680bd6000 51 3 8160 7
7fe680bb8000 66 13 8239 7
7fe680b25000 58 4 8302 7
7fe680bb0000 58 7 8367 7
7fe680bac000 76 9 8452 7
7fe680baf000 47 5 8504 7
7fe680b29000 98 6 8609 7
7fe680bae000 91 6 8706 7
7fe680bad000 59 8 8774 7
7fe680afa000 31 3 8809 7
7fe680b23000 45 4 8859 7
7fe680b7b000 47 4 8910 7
7fe680b7a000 55 7 8972 7
7fe680bdc000 43 4 9020 7
7fe680bdb000 55 5 9081 7
7fe680bda000 47 4 9133 7
7fe680bd9000 63 5 9201 8
9205 8
0x41c000
41c000 44 23 67 0
41a000 45 24 137 0
405000 44 27 208 2
404000 16 11 236 2
420000 215 28 479 3
7fe680bc6000 104 18 602 5
7fe680bc5000 66 26 694 5
7fe680bc3000 72 9 775 5
410000 52 8 836 5
40f000 52 10 899 5
40e000 138 26 1064 6
40d000 60 5 1130 6
40c000 65 8 1204 6
40b000 54 5 1264 6
7fe680b53000 60 24 1349 6
7fe680b52000 94 15 1459 6
40a000 43 7 1510 6
7fe680b54000 63 16 1590 6
409000 63 10 1663 6
408000 79 10 1753 7
407000 49 3 1806 7
406000 59 6 1872 7
7fe680b49000 55 4 1933 7
7fe680b48000 48 3 1985 7
7fe680b47000 45 2 2032 7
7fe680b4f000 79 10 2124 7
7fe680c1d000 54 4 2183 7
7fe680ade000 60 6 2250 7
7fe680aba000 117 3 2370 7
7fe680add000 57 4 2431 7
7fe680adc000 46 5 2482 7
7fe680bc7000 87 5 2574 7
7fe680b7d000 40 3 2618 7
7fe680ff6000 63 8 2690 7
7fe680ff4000 73 6 2769 7
7fe680ff5000 57 4 2831 7
7fe680ff2000 59 4 2895 7
7fe680fec000 199 4 3099 7
41f000 62 4 3166 7
7fe680ff1000 43 3 3213 7
418000 67 4 3285 7
417000 56 4 3346 7
416000 43 2 3392 7
415000 46 3 3442 7
412000 50 4 3497 7
414000 55 3 3556 7
413000 59 5 3621 7
7fe680d24000 83 6 3711 7
7fe680d55000 59 4 3774 7
7fe680d54000 66 3 3843 7
7fe680d53000 71 3 3917 7
7fe680d52000 67 3 3987 7
7fe680d51000 58 3 4049 7
7fe680d50000 56 4 4110 7
7fe680cb1000 126 3 4239 7
7fe680d1c000 80 3 4323 7
7fe680d1b000 35 3 4362 7
7fe680d1a000 39 2 4403 7
7fe680d19000 91 4 4498 7
7fe680d0b000 68 4 4571 7
7fe680d57000 83 3 4657 7
7fe680d56000 82 3 4742 7
7fe680d23000 61 4 4807 7
7fe680d22000 68 4 4879 7
7fe680d21000 67 4 4950 7
7fe680d20000 62 3 5015 7
7fe680d1f000 40 3 5059 7
7fe680d1d000 38 2 5099 7
7fe680d1e000 34 2 5135 7
7fe680cde000 68 7 5211 7
7fe680cdd000 56 3 5270 7
7fe680cdc000 67 5 5343 7
7fe680cd8000 52 2 5397 7
7fe680cd9000 26 2 5426 7
7fe680cdb000 49 2 5478 7
7fe680cd7000 37 3 5519 7
7fe680cd6000 58 3 5580 7
7fe680cd5000 57 9 5646 7
7fe680cda000 40 2 5689 7
419000 55 4 5750 7
7fe680ff3000 61 5 5817 7
7fe680ff9000 59 13 5892 7
7fe680c25000 77 5 5974 7
7fe680bb7000 83 16 6073 7
7fe680bb5000 46 3 6122 7
7fe680abc000 67 5 6195 7
7fe680bf8000 95 6 6296 7
7fe680bf7000 96 5 6398 7
7fe680acc000 55 7 6460 7
7fe680acb000 71 5 6537 7
7fe680aca000 36 3 6576 7
7fe680ac9000 50 3 6630 7
7fe680ac8000 80 4 6715 7
7fe680ac7000 32 3 6751 7
7fe680abf000 44 3 6798 7
7fe680abe000 41 3 6843 7
7fe680abd000 59 3 6906 7
7fe680b1a000 71 5 6982 7
7fe680b27000 83 4 7070 7
7fe680b26000 75 6 7151 7
7fe680bab000 55 11 7217 7
7fe680ba6000 53 7 7277 7
7fe680ba5000 75 12 7364 7
7fe680ba4000 59 8 7431 7
7fe680ba3000 44 3 7478 7
7fe680ba2000 42 2 7522 7
7fe680b37000 80 9 7612 7
7fe680b36000 82 6 7701 7
7fe680b35000 58 5 7765 7
7fe680b34000 79 4 7848 7
7fe680b2c000 145 6 8000 7
7fe680b33000 91 4 8096 7
7fe680b32000 65 6 8167 7
7fe680b2d000 59 6 8232 7
7fe680af9000 54 3 8290 7
7fe680ba1000 51 3 8345 7
7fe680ba0000 47 3 8395 7
7fe680b9f000 34 2 8432 7
7fe680b9e000 44 3 8480 7
7fe680b9d000 38 3 8521 7
7fe680b9c000 42 3 8566 7
7fe680bd6000 51 3 8621 7
7fe680bb8000 66 13 8701 7
7fe680b25000 59 4 8764 7
7fe680bb0000 58 7 8829 7
7fe680bac000 76 10 8915 7
7fe680baf000 47 5 8967 7
7fe680b29000 100 6 9073 7
7fe680bae000 91 6 9171 7
7fe680bad000 59 8 9238 7
7fe680afa000 31 3 9273 7
7fe680b23000 45 3 9322 7
7fe680b7b000 47 4 9374 7
7fe680b7a000 54 8 9436 7
7fe680bdc000 43 4 9483 7
7fe680bdb000 56 5 9544 7
7fe680bda000 47 4 9595 7
7fe680bd9000 61 5 9661 8
9666 8
0x41a000
41a000 45 23 68 0
405000 44 27 140 2
404000 17 10 168 2
420000 217 28 413 3
7fe680bc6000 104 18 536 5
7fe680bc5000 66 26 628 5
7fe680bc3000 73 9 710 5
410000 52 8 771 5
40f000 53 9 834 5
40e000 139 25 999 6
40d000 60 6 1066 6
40c000 65 8 1140 6
40b000 55 5 1201 6
7fe680b53000 60 24 1286 6
7fe680b52000 95 15 1396 6
40a000 43 7 1447 6
7fe680b54000 62 16 1526 6
409000 62 10 1599 6
408000 80 10 1690 7
407000 48 3 1742 7
406000 60 6 1809 7
7fe680b49000 55 4 1870 7
7fe680b48000 49 3 1922 7
7fe680b47000 44 2 1968 7
7fe680b4f000 80 11 2062 7
7fe680c1d000 54 5 2121 7
7fe680ade000 60 6 2188 7
7fe680aba000 118 3 2310 7
7fe680add000 58 3 2371 7
7fe680adc000 46 5 2423 7
7fe680bc7000 87 5 2516 7
7fe680b7d000 40 3 2560 7
7fe680ff6000 75 12 2649 7
7fe680ff4000 82 7 2738 7
7fe680ff5000 58 4 2801 7
7fe680ff2000 60 5 2867 7
7fe680fec000 200 4 3071 7
41f000 62 4 3138 7
7fe680ff1000 43 3 3185 7
41c000 43 3 3231 7
41b000 36 2 3270 7
417000 56 5 3332 7
416000 43 3 3379 7
415000 46 3 3429 7
412000 50 4 3484 7
414000 55 4 3544 7
413000 58 5 3608 7
7fe680d24000 84 6 3699 7
7fe680d55000 59 4 3762 7
7fe680d54000 66 3 3831 7
7fe680d53000 72 3 3906 7
7fe680d52000 66 3 3976 7
7fe680d51000 58 3 4038 7
7fe680d50000 55 4 4098 7
7fe680cb1000 126 4 4228 7
7fe680d1c000 81 3 4312 7
7fe680d1b000 35 3 4351 7
7fe680d1a000 38 2 4391 7
7fe680d19000 90 4 4486 7
7fe680d0b000 69 4 4560 7
7fe680d57000 84 2 4646 7
7fe680d56000 81 4 4732 7
7fe680d23000 61 3 4796 7
7fe680d22000 68 4 4869 7
7fe680d21000 67 4 4940 7
7fe680d20000 60 4 5004 7
7fe680d1f000 40 3 5047 7
7fe680d1d000 38 2 5087 7
7fe680d1e000 33 3 5124 7
7fe680cde000 69 7 5200 7
7fe680cdd000 56 3 5260 7
7fe680cdc000 68 4 5332 7
7fe680cd8000 52 3 5388 7
7fe680cd9000 27 2 5417 7
7fe680cdb000 50 2 5469 7
7fe680cd7000 37 3 5510 7
7fe680cd6000 59 2 5571 7
7fe680cd5000 57 9 5638 7
7fe680cda000 41 2 5682 7
418000 68 4 5755 7
419000 55 4 5815 7
7fe680ff3000 61 6 5883 7
41d000 56 2 5944 7
41e000 83 3 6032 7
7fe680ff9000 60 12 6109 7
7fe680c25000 79 4 6192 7
7fe680bb7000 84 16 6292 7
7fe680bb5000 46 3 6341 7
7fe680abc000 68 5 6415 7
7fe680bf8000 95 6 6516 7
7fe680bf7000 96 6 6619 7
7fe680acc000 55 7 6681 7
7fe680acb000 72 5 6759 7
7fe680aca000 36 3 6798 7
7fe680ac9000 52 3 6853 7
7fe680ac8000 81 4 6939 7
7fe680ac7000 33 2 6974 7
7fe680abf000 44 3 7022 7
7fe680abe000 40 4 7067 7
7fe680abd000 61 3 7131 7
7fe680b1a000 71 5 7207 7
7fe680b27000 83 4 7294 7
7fe680b26000 75 6 7376 7
7fe680bab000 55 11 7442 7
7fe680ba6000 52 8 7502 7
7fe680ba5000 74 12 7588 7
7fe680ba4000 59 8 7656 7
7fe680ba3000 44 3 7703 7
7fe680ba2000 42 2 7747 7
7fe680b37000 80 9 7837 7
7fe680b36000 83 6 7927 7
7fe680b35000 59 4 7990 7
7fe680b34000 78 5 8074 7
7fe680b2c000 144 6 8225 7
7fe680b33000 90 4 8320 7
7fe680b32000 65 6 8391 7
7fe680b2d000 58 7 8456 7
7fe680af9000 54 3 8513 7
7fe680ba1000 51 3 8568 7
7fe680ba0000 47 3 8619 7
7fe680b9f000 34 2 8656 7
7fe680b9e000 44 3 8704 7
7fe680b9d000 38 2 8744 7
7fe680b9c000 42 2 8789 7
7fe680bd6000 51 3 8844 7
7fe680bb8000 66 13 8923 7
7fe680b25000 58 4 8986 7
7fe680bb0000 58 7 9051 7
7fe680bac000 76 9 9137 7
7fe680baf000 47 5 9190 7
7fe680b29000 99 6 9296 7
7fe680bae000 90 6 9393 7
7fe680bad000 60 8 9461 7
7fe680afa000 31 4 9496 7
7fe680b23000 46 3 9545 7
7fe680b7b000 47 3 9596 7
7fe680b7a000 54 8 9659 7
7fe680bdc000 43 4 9706 7
7fe680bdb000 56 5 9767 7
7fe680bda000 47 4 9818 7
7fe680bd9000 62 4 9884 8
9888 8
0x419000
419000 55 25 80 0
405000 44 27 152 2
404000 16 11 180 2
420000 214 28 422 3
7fe680bc6000 105 18 546 5
7fe680bc5000 66 25 638 5
7fe680bc3000 72 9 720 5
410000 52 8 781 5
40f000 53 10 845 5
40e000 138 26 1010 6
40d000 60 5 1076 6
40c000 65 8 1150 6
40b000 55 5 1211 6
7fe680b53000 60 24 1296 6
7fe680b52000 95 14 1406 6
40a000 43 7 1457 6
7fe680b54000 64 16 1538 6
409000 63 10 1611 6
408000 79 10 1701 7
407000 48 3 1753 7
406000 59 6 1819 7
7fe680b49000 55 4 1880 7
7fe680b48000 48 3 1931 7
7fe680b47000 44 2 1977 7
7fe680b4f000 80 10 2070 7
7fe680c1d000 54 5 2130 7
7fe680ade000 60 6 2197 7
7fe680aba000 118 3 2318 7
7fe680add000 57 3 2379 7
7fe680adc000 46 5 2431 7
7fe680bc7000 88 5 2525 7
7fe680b7d000 40 3 2569 7
7fe680ff6000 64 7 2642 7
7fe680ff4000 73 7 2722 7
7fe680ff5000 58 4 2785 7
7fe680ff2000 61 4 2850 7
7fe680fec000 200 5 3055 7
41f000 62 5 3122 7
7fe680ff1000 43 3 3169 7
41c000 43 3 3216 7
41a000 46 3 3266 7
41b000 34 3 3305 7
417000 57 4 3367 7
416000 43 3 3414 7
415000 45 4 3464 7
412000 51 4 3519 7
414000 56 3 3579 7
413000 60 4 3644 7
7fe680d24000 85 6 3737 7
7fe680d55000 60 4 3801 7
7fe680d54000 67 3 3871 7
7fe680d53000 73 2 3946 7
7fe680d52000 68 3 4018 7
7fe680d51000 59 3 4080 7
7fe680d50000 57 3 4141 7
7fe680cb1000 129 3 4274 7
7fe680d1c000 82 4 4361 7
7fe680d1b000 36 3 4400 7
7fe680d1a000 38 3 4441 7
7fe680d19000 93 4 4538 7
7fe680d0b000 71 3 4612 7
7fe680d57000 84 3 4700 7
7fe680d56000 82 3 4786 7
7fe680d23000 62 3 4852 7
7fe680d22000 69 4 4926 7
7fe680d21000 69 3 4998 7
7fe680d20000 61 4 5063 7
7fe680d1f000 42 2 5107 7
7fe680d1d000 38 3 5149 7
7fe680d1e000 34 2 5185 7
7fe680cde000 70 7 5263 7
7fe680cdd000 56 3 5323 7
7fe680cdc000 67 5 5396 7
7fe680cd8000 54 2 5452 7
7fe680cd9000 26 2 5481 7
7fe680cdb000 50 2 5534 7
7fe680cd7000 38 3 5576 7
7fe680cd6000 59 3 5638 7
7fe680cd5000 59 8 5705 7
7fe680cda000 42 2 5750 7
418000 69 4 5825 7
41d000 57 3 5888 7
41e000 85 4 5978 7
7fe680ff3000 63 6 6049 7
7fe680ff9000 60 13 6124 7
7fe680c25000 78 5 6207 7
7fe680bb7000 83 16 6306 7
7fe680bb5000 46 3 6355 7
7fe680abc000 68 5 6429 7
7fe680bf8000 96 6 6531 7
7fe680bf7000 96 6 6634 7
7fe680acc000 55 7 6696 7
7fe680acb000 73 4 6773 7
7fe680aca000 36 3 6813 7
7fe680ac9000 52 3 6868 7
7fe680ac8000 82 4 6954 7
7fe680ac7000 33 2 6989 7
7fe680abf000 44 3 7037 7
7fe680abe000 41 3 7082 7
7fe680abd000 60 3 7146 7
7fe680b1a000 72 5 7223 7
7fe680b27000 83 4 7311 7
7fe680b26000 76 7 7394 7
7fe680bab000 56 11 7461 7
7fe680ba6000 52 8 7521 7
7fe680ba5000 75 12 7608 7
7fe680ba4000 60 7 7676 7
7fe680ba3000 45 2 7724 7
7fe680ba2000 43 2 7769 7
7fe680b37000 81 9 7860 7
7fe680b36000 83 6 7950 7
7fe680b35000 60 4 8014 7
7fe680b34000 79 5 8099 7
7fe680b2c000 146 7 8252 7
7fe680b33000 91 4 8347 7
7fe680b32000 65 6 8419 7
7fe680b2d000 59 6 8484 7
7fe680af9000 54 4 8543 7
7fe680ba1000 51 3 8597 7
7fe680ba0000 47 3 8648 7
7fe680b9f000 34 2 8685 7
7fe680b9e000 44 3 8733 7
7fe680b9d000 38 2 8774 7
7fe680b9c000 42 3 8820 7
7fe680bd6000 51 3 8875 7
7fe680bb8000 66 13 8954 7
7fe680b25000 59 4 9017 7
7fe680bb0000 58 7 9082 7
7fe680bac000 76 9 9167 7
7fe680baf000 47 5 9219 7
7fe680b29000 98 6 9324 7
7fe680bae000 90 6 9421 7
7fe680bad000 59 8 9489 7
7fe680afa000 31 3 9524 7
7fe680b23000 45 4 9574 7
7fe680b7b000 47 4 9625 7
7fe680b7a000 55 8 9688 7
7fe680bdc000 44 4 9736 7
7fe680bdb000 56 5 9797 7
7fe680bda000 47 4 9848 7
7fe680bd9000 62 4 9915 8
9919 8
0x417000
417000 56 29 85 0
420000 215 37 338 1
405000 45 23 407 3
404000 16 8 432 3
7fe680b4f000 80 42 555 4
7fe680b49000 55 12 623 4
7fe680b48000 48 7 679 4
7fe680b47000 43 7 730 4
7fe680bc6000 103 14 848 6
7fe680bc5000 66 17 932 6
7fe680bc3000 72 6 1011 6
7fe680ba5000 73 21 1106 6
7fe680ba6000 52 13 1171 6
7fe680b2c000 141 12 1325 6
7fe680bc7000 85 9 1419 6
7fe680ba4000 59 14 1492 6
7fe680aba000 115 5 1613 6
7fe680ba3000 44 4 1661 6
7fe680ba2000 41 4 1707 6
7fe680b37000 79 16 1803 6
7fe680b36000 80 11 1895 6
7fe680bf7000 94 10 2000 6
7fe680b35000 58 8 2066 6
7fe680b34000 77 9 2153 6
7fe680b33000 89 7 2249 6
7fe680b32000 64 10 2323 6
7fe680b2d000 58 12 2393 6
7fe680af9000 53 7 2453 6
7fe680ba1000 50 5 2508 6
7fe680ba0000 46 6 2561 6
7fe680b9f000 33 4 2599 6
7fe680b9e000 44 5 2649 6
7fe680b9d000 37 5 2692 6
7fe680b9c000 41 6 2739 6
7fe680bd6000 49 6 2795 6
7fe680bb8000 64 23 2883 6
7fe680b25000 57 8 2948 6
7fe680bb0000 57 13 3018 6
7fe680bac000 74 16 3109 6
7fe680bab000 53 19 3182 6
7fe680bae000 89 11 3283 6
7fe680bad000 58 15 3356 6
7fe680baf000 46 10 3412 6
7fe680b26000 73 12 3497 6
7fe680b29000 97 11 3605 6
7fe680afa000 30 7 3643 6
7fe680b23000 44 6 3694 6
7fe680b7b000 46 7 3748 6
7fe680b7a000 53 13 3814 6
7fe680bdc000 42 7 3864 6
7fe680bdb000 55 9 3928 6
7fe680bda000 46 8 3982 6
7fe680bd9000 60 8 4050 7
7fe680bd8000 83 4 4137 7
7fe680bd7000 53 4 4194 8
4197 8
0x416000
416000 42 20 62 1
415000 45 24 132 2
412000 49 20 201 3
7fe680b7d000 39 15 256 3
404000 16 9 281 3
405000 43 16 341 4
420000 210 18 570 5
7fe680bc6000 101 10 682 7
7fe680bc5000 64 10 757 7
7fe680bc3000 71 3 831 7
410000 51 3 885 7
40f000 51 4 941 7
40e000 135 9 1086 7
40d000 59 3 1149 7
40c000 67 4 1221 7
40b000 54 2 1278 7
7fe680b53000 59 13 1351 7
7fe680b52000 93 8 1453 7
40a000 42 3 1499 7
7fe680b54000 63 8 1571 7
409000 61 5 1637 7
408000 77 6 1721 7
407000 47 3 1772 7
406000 58 5 1836 7
7fe680b49000 53 4 1896 7
7fe680b48000 47 3 1947 7
7fe680b47000 43 3 1993 7
7fe680b4f000 78 11 2084 7
7fe680c1d000 53 5 2142 7
7fe680ade000 59 6 2208 7
7fe680aba000 115 3 2326 7
7fe680add000 56 3 2385 7
7fe680adc000 45 5 2436 7
7fe680bc7000 86 5 2527 7
7fe680ff6000 61 7 2596 7
7fe680ff4000 71 6 2674 7
7fe680ff5000 56 4 2735 7
7fe680ff2000 58 5 2798 7
7fe680fec000 194 4 2996 7
41f000 61 4 3061 7
7fe680ff1000 42 3 3107 7
41c000 42 4 3153 7
41a000 44 3 3201 7
419000 54 4 3260 7
417000 55 4 3320 7
418000 67 4 3392 7
7fe680ff3000 60 6 3459 7
41b000 35 2 3497 7
41d000 55 2 3557 7
41e000 81 3 3643 7
413000 57 4 3708 7
414000 53 3 3766 7
7fe680d24000 81 6 3855 7
7fe680d55000 58 4 3917 7
7fe680d54000 64 3 3984 7
7fe680d53000 69 3 4057 7
7fe680d52000 65 3 4126 7
7fe680d51000 58 3 4187 7
7fe680d50000 55 3 4245 7
7fe680cb1000 123 3 4372 7
7fe680d1c000 80 3 4455 7
7fe680d1b000 35 2 4493 7
7fe680d1a000 38 2 4533 7
7fe680d19000 89 4 4627 7
7fe680d0b000 68 4 4699 7
7fe680d57000 81 3 4783 7
7fe680d56000 79 4 4867 7
7fe680d23000 61 3 4931 7
7fe680d22000 67 4 5002 7
7fe680d21000 66 3 5071 7
7fe680d20000 59 3 5134 7
7fe680d1f000 39 3 5177 7
7fe680d1d000 37 2 5216 7
7fe680d1e000 33 2 5252 7
7fe680cde000 66 8 5327 7
7fe680cdd000 55 3 5385 7
7fe680cdc000 66 5 5456 7
7fe680cd8000 52 2 5510 7
7fe680cd9000 25 2 5538 7
7fe680cdb000 48 2 5589 7
7fe680cd7000 37 2 5629 7
7fe680cd6000 57 2 5689 7
7fe680cd5000 56 9 5755 7
7fe680cda000 41 2 5798 7
7fe680ff9000 58 12 5870 7
7fe680c25000 77 4 5952 7
7fe680bb7000 81 16 6049 7
7fe680bb5000 45 3 6098 7
7fe680abc000 66 5 6170 7
7fe680bf8000 94 6 6270 7
7fe680bf7000 95 5 6370 7
7fe680acc000 54 7 6432 7
7fe680acb000 72 4 6508 7
7fe680aca000 35 3 6547 7
7fe680ac9000 50 3 6600 7
7fe680ac8000 80 4 6685 7
7fe680ac7000 32 3 6720 7
7fe680abf000 43 3 6766 7
7fe680abe000 40 4 6811 7
7fe680abd000 59 3 6873 7
7fe680b1a000 70 5 6948 7
7fe680b27000 81 4 7033 7
7fe680b26000 73 6 7113 7
7fe680bab000 54 11 7178 7
7fe680ba6000 51 8 7237 7
7fe680ba5000 73 12 7322 7
7fe680ba4000 58 8 7389 7
7fe680ba3000 44 2 7435 7
7fe680ba2000 41 2 7479 7
7fe680b37000 79 9 7568 7
7fe680b36000 81 6 7655 7
7fe680b35000 58 5 7718 7
7fe680b34000 78 4 7800 7
7fe680b2c000 142 6 7949 7
7fe680b33000 89 4 8043 7
7fe680b32000 64 6 8113 7
7fe680b2d000 58 6 8177 7
7fe680af9000 54 3 8234 7
7fe680ba1000 51 3 8288 7
7fe680ba0000 47 3 8338 7
7fe680b9f000 33 2 8374 7
7fe680b9e000 43 3 8421 7
7fe680b9d000 37 3 8462 7
7fe680b9c000 41 3 8506 7
7fe680bd6000 51 3 8561 7
7fe680bb8000 65 13 8639 7
7fe680b25000 58 4 8701 7
7fe680bb0000 57 7 8765 7
7fe680bac000 74 10 8850 7
7fe680baf000 47 5 8902 7
7fe680b29000 98 6 9006 7
7fe680bae000 90 6 9103 7
7fe680bad000 58 8 9169 7
7fe680afa000 30 3 9203 7
7fe680b23000 44 4 9252 7
7fe680b7b000 47 3 9302 7
7fe680b7a000 53 7 9363 7
7fe680bdc000 42 4 9410 7
7fe680bdb000 55 5 9470 7
7fe680bda000 47 4 9521 7
7fe680bd9000 60 4 9585 8
9589 8
0x415000
415000 45 24 69 1
69 1
0x412000
412000 49 28 77 3
7fe680b7d000 39 15 132 3
404000 17 8 157 3
158 3
0x414000
414000 53 26 79 0
413000 57 32 169 1
410000 51 20 241 1
40f000 52 24 318 1
40e000 137 54 510 3
40d000 59 11 581 3
40c000 65 17 664 4
40b000 54 8 727 4
7fe680b53000 59 43 830 4
7fe680b52000 92 27 950 4
404000 16 7 973 4
405000 43 13 1030 5
420000 211 13 1255 5
7fe680bc6000 103 11 1370 6
7fe680bc5000 64 18 1452 6
7fe680bc3000 71 6 1530 6
41f000 61 8 1600 6
7fe680ff1000 42 7 1650 6
41c000 42 6 1698 6
41a000 44 6 1749 6
419000 55 6 1811 6
417000 55 8 1875 6
416000 42 5 1923 6
415000 45 7 1976 6
412000 49 7 2032 7
7fe680b7d000 39 3 2076 7
418000 66 4 2148 7
7fe680ff3000 61 5 2215 7
7fe680ff2000 59 4 2279 7
7fe680b49000 53 4 2337 7
7fe680b48000 47 3 2388 7
7fe680b47000 43 2 2433 7
41b000 34 3 2472 7
7fe680b54000 62 8 2544 7
7fe680ade000 60 5 2610 7
7fe680aba000 116 3 2730 7
7fe680add000 56 4 2790 7
7fe680adc000 45 5 2840 7
7fe680bc7000 85 5 2931 7
41d000 55 2 2989 7
41e000 82 3 3076 7
408000 78 5 3162 7
407000 47 3 3213 7
406000 58 6 3278 7
409000 61 5 3348 7
7fe680c1d000 53 5 3407 7
7fe680b4f000 78 10 3496 7
7fe680886000 41 3 3541 7
7fe680885000 55 3 3600 7
7fe680884000 65 3 3669 7
7fe68088d000 54 6 3730 8
3736 8
0x413000
413000 57 32 89 1
410000 51 19 160 1
40f000 52 24 237 1
40e000 135 55 428 3
40d000 59 11 499 3
40c000 64 17 581 4
40b000 53 9 644 4
7fe680b53000 59 43 747 4
7fe680b52000 93 26 866 4
404000 16 7 890 4
405000 43 13 946 5
420000 210 13 1170 5
7fe680bc6000 102 10 1283 6
7fe680bc5000 64 18 1366 6
7fe680bc3000 71 6 1443 6
41f000 61 8 1512 6
7fe680ff1000 42 6 1561 6
41c000 42 7 1610 6
41a000 44 6 1661 6
419000 54 7 1723 6
417000 54 8 1786 6
416000 42 5 1834 6
415000 45 7 1887 6
412000 49 7 1943 7
7fe680b7d000 39 3 1987 7
414000 53 4 2045 7
7fe680d24000 82 5 2133 7
7fe680d55000 58 3 2195 7
7fe680d54000 64 3 2263 7
7fe680d53000 70 3 2336 7
7fe680d52000 65 3 2405 7
7fe680d51000 56 4 2466 7
7fe680d50000 55 3 2524 7
7fe680cb1000 124 3 2651 7
7fe680d1c000 80 3 2735 7
7fe680d1b000 35 2 2773 7
7fe680d1a000 39 2 2814 7
7fe680d19000 90 4 2909 7
7fe680d0b000 68 4 2981 7
7fe680d57000 82 2 3065 7
7fe680d56000 80 3 3149 7
7fe680d23000 60 3 3213 7
7fe680d22000 68 3 3284 7
7fe680d21000 66 3 3354 7
7fe680d20000 59 4 3417 7
7fe680d1f000 40 2 3459 7
7fe680d1d000 37 2 3499 7
7fe680d1e000 33 3 3535 7
7fe680cde000 68 7 3610 7
7fe680cdd000 55 3 3668 7
7fe680cdc000 66 4 3739 7
7fe680cd8000 52 2 3793 7
7fe680cd9000 25 2 3821 7
7fe680cdb000 49 2 3873 7
7fe680cd7000 37 2 3913 7
7fe680cd6000 57 2 3973 7
7fe680cd5000 56 8 4038 7
7fe680cda000 40 2 4081 7
418000 66 4 4153 7
7fe680ff3000 60 6 4220 7
7fe680ff2000 58 5 4283 7
7fe680b49000 54 4 4341 7
7fe680b48000 48 2 4391 7
7fe680b47000 43 2 4437 7
41b000 34 3 4476 7
7fe680b54000 62 8 4547 7
7fe680ade000 60 5 4613 7
7fe680aba000 115 3 4732 7
7fe680add000 57 3 4792 7
7fe680adc000 44 5 4842 7
7fe680bc7000 85 5 4933 7
41d000 55 3 4992 7
41e000 82 3 5078 7
408000 78 5 5164 7
407000 47 3 5215 7
406000 58 6 5280 7
409000 61 5 5349 7
7fe680c1d000 54 5 5409 7
7fe680b4f000 78 10 5498 7
7fe680886000 41 4 5543 7
7fe680885000 56 3 5602 7
7fe680884000 65 3 5671 7
7fe68088d000 53 6 5731 8
5737 8
0x418000
418000 67 27 94 0
417000 55 28 178 0
420000 209 37 425 1
405000 42 23 491 3
404000 16 8 516 3
7fe680b4f000 78 42 636 4
7fe680b49000 54 12 702 4
7fe680b48000 47 7 757 4
7fe680b47000 43 6 807 4
7fe680bc6000 102 14 924 6
7fe680bc5000 65 17 1006 6
7fe680bc3000 70 7 1084 6
7fe680ba5000 73 22 1179 6
7fe680ba6000 51 14 1244 6
7fe680b2c000 142 12 1398 6
7fe680bc7000 85 10 1493 6
7fe680ba4000 58 14 1565 6
7fe680aba000 116 5 1686 6
7fe680ba3000 43 5 1735 6
7fe680ba2000 41 5 1781 6
7fe680b37000 78 16 1876 6
7fe680b36000 80 12 1969 6
7fe680bf7000 95 10 2074 6
7fe680b35000 57 9 2141 6
7fe680b34000 77 9 2227 6
7fe680b33000 87 8 2323 6
7fe680b32000 64 10 2397 6
7fe680b2d000 57 12 2466 6
7fe680af9000 53 7 2526 6
7fe680ba1000 50 5 2581 6
7fe680ba0000 46 6 2634 6
7fe680b9f000 33 4 2672 6
7fe680b9e000 43 6 2722 6
7fe680b9d000 37 5 2764 6
7fe680b9c000 40 6 2811 6
7fe680bd6000 50 6 2868 6
7fe680bb8000 65 22 2955 6
7fe680b25000 57 8 3021 6
7fe680bb0000 57 13 3091 6
7fe680bac000 75 16 3182 6
7fe680bab000 54 19 3255 6
7fe680bae000 88 12 3356 6
7fe680bad000 58 15 3429 6
7fe680baf000 46 9 3484 6
7fe680b26000 73 11 3569 6
7fe680b29000 98 11 3678 6
7fe680afa000 31 6 3715 6
7fe680b23000 44 7 3767 6
7fe680b7b000 46 7 3820 6
7fe680b7a000 54 13 3887 6
7fe680bdc000 43 7 3937 6
7fe680bdb000 54 9 4000 6
7fe680bda000 47 8 4056 6
7fe680bd9000 60 8 4124 7
7fe680bd8000 83 4 4211 7
7fe680bd7000 54 3 4268 8
4272 8
0x41b000
41b000 35 19 54 0
405000 42 27 124 2
404000 16 10 151 2
420000 209 28 388 3
7fe680bc6000 101 18 508 5
7fe680bc5000 65 25 598 5
7fe680bc3000 70 9 678 5
410000 51 7 737 5
40f000 52 9 799 5
40e000 136 25 961 6
40d000 58 6 1026 6
40c000 63 8 1098 6
40b000 53 5 1157 6
7fe680b53000 59 23 1240 6
7fe680b52000 92 15 1348 6
40a000 42 6 1397 6
7fe680b54000 61 16 1475 6
409000 61 10 1547 6
408000 77 10 1635 7
407000 47 3 1686 7
406000 58 5 1750 7
7fe680b49000 54 4 1810 7
7fe680b48000 48 2 1860 7
7fe680b47000 43 2 1906 7
7fe680b4f000 79 10 1997 7
7fe680c1d000 52 5 2055 7
7fe680ade000 59 5 2120 7
7fe680aba000 115 3 2239 7
7fe680add000 56 3 2298 7
7fe680adc000 45 5 2349 7
7fe680bc7000 85 5 2439 7
7fe680b7d000 39 3 2482 7
7fe680ff6000 62 7 2552 7
7fe680ff4000 72 6 2630 7
7fe680ff5000 57 3 2690 7
7fe680ff2000 59 4 2754 7
7fe680fec000 195 5 2954 7
41f000 60 4 3018 7
7fe680ff1000 42 3 3064 7
41c000 42 3 3110 7
41a000 44 3 3158 7
419000 55 3 3217 7
417000 55 4 3277 7
416000 42 3 3323 7
415000 45 3 3372 7
412000 48 4 3425 7
414000 54 3 3484 7
413000 58 5 3548 7
7fe680d24000 82 6 3637 7
7fe680d55000 58 4 3699 7
7fe680d54000 65 3 3767 7
7fe680d53000 70 3 3840 7
7fe680d52000 65 3 3909 7
7fe680d51000 57 3 3970 7
7fe680d50000 56 3 4029 7
7fe680cb1000 124 4 4157 7
7fe680d1c000 79 4 4240 7
7fe680d1b000 35 3 4278 7
7fe680d1a000 37 3 4318 7
7fe680d19000 90 4 4412 7
7fe680d0b000 68 4 4484 7
7fe680d57000 82 3 4569 7
7fe680d56000 80 3 4653 7
7fe680d23000 61 3 4717 7
7fe680d22000 68 4 4789 7
7fe680d21000 66 3 4858 7
7fe680d20000 59 4 4921 7
7fe680d1f000 41 2 4964 7
7fe680d1d000 37 2 5004 7
7fe680d1e000 33 2 5040 7
7fe680cde000 67 7 5115 7
7fe680cdd000 55 2 5173 7
7fe680cdc000 66 5 5245 7
7fe680cd8000 51 3 5299 7
7fe680cd9000 26 2 5327 7
7fe680cdb000 49 2 5379 7
7fe680cd7000 36 3 5419 7
7fe680cd6000 59 2 5480 7
7fe680cd5000 57 9 5546 7
7fe680cda000 40 2 5588 7
418000 67 4 5661 7
7fe680ff3000 60 6 5728 7
41d000 55 3 5788 7
41e000 82 4 5875 7
7fe680ff9000 58 13 5950 7
7fe680c25000 77 4 6031 7
7fe680bb7000 82 16 6129 7
7fe680bb5000 46 3 6178 7
7fe680abc000 66 5 6250 7
7fe680bf8000 94 5 6349 7
7fe680bf7000 95 5 6450 7
7fe680acc000 55 7 6512 7
7fe680acb000 70 5 6588 7
7fe680aca000 36 3 6627 7
7fe680ac9000 50 3 6680 7
7fe680ac8000 80 4 6765 7
7fe680ac7000 32 2 6800 7
7fe680abf000 43 3 6847 7
7fe680abe000 40 4 6892 7
7fe680abd000 59 3 6954 7
7fe680b1a000 69 5 7029 7
7fe680b27000 81 4 7115 7
7fe680b26000 73 6 7195 7
7fe680bab000 53 11 7260 7
7fe680ba6000 51 8 7320 7
7fe680ba5000 73 12 7405 7
7fe680ba4000 58 8 7472 7
7fe680ba3000 44 2 7518 7
7fe680ba2000 42 2 7562 7
7fe680b37000 79 9 7651 7
7fe680b36000 81 6 7738 7
7fe680b35000 58 5 7802 7
7fe680b34000 79 5 7886 7
7fe680b2c000 142 7 8035 7
7fe680b33000 89 4 8128 7
7fe680b32000 65 5 8198 7
7fe680b2d000 58 6 8262 7
7fe680af9000 53 3 8319 7
7fe680ba1000 50 3 8373 7
7fe680ba0000 46 2 8422 7
7fe680b9f000 34 2 8459 7
7fe680b9e000 44 2 8506 7
7fe680b9d000 37 3 8547 7
7fe680b9c000 41 3 8591 7
7fe680bd6000 50 3 8645 7
7fe680bb8000 66 12 8723 7
7fe680b25000 57 4 8785 7
7fe680bb0000 56 7 8849 7
7fe680bac000 75 9 8934 7
7fe680baf000 46 6 8986 7
7fe680b29000 98 6 9090 7
7fe680bae000 90 6 9186 7
7fe680bad000 58 8 9252 7
7fe680afa000 30 3 9286 7
7fe680b23000 45 3 9335 7
7fe680b7b000 46 3 9385 7
7fe680b7a000 53 7 9446 7
7fe680bdc000 42 4 9493 7
7fe680bdb000 54 5 9553 7
7fe680bda000 46 4 9603 7
7fe680bd9000 61 4 9668 8
9672 8
0x41d000
41d000 56 17 73 0
41c000 42 23 139 0
41a000 45 23 208 0
405000 43 27 279 2
404000 16 10 306 2
420000 210 27 543 3
7fe680bc6000 101 18 663 5
7fe680bc5000 64 26 754 5
7fe680bc3000 71 9 834 5
410000 51 8 893 5
40f000 51 10 955 5
40e000 136 25 1117 6
40d000 59 5 1182 6
40c000 63 8 1254 6
40b000 53 5 1313 6
7fe680b53000 59 23 1396 6
7fe680b52000 92 15 1504 6
40a000 42 6 1553 6
7fe680b54000 61 16 1631 6
409000 62 9 1702 6
408000 78 9 1790 7
407000 48 3 1842 7
406000 58 6 1907 7
7fe680b49000 54 4 1967 7
7fe680b48000 48 2 2017 7
7fe680b47000 43 2 2063 7
7fe680b4f000 78 11 2154 7
7fe680c1d000 53 5 2212 7
7fe680ade000 60 6 2278 7
7fe680aba000 115 3 2396 7
7fe680add000 56 3 2456 7
7fe680adc000 45 5 2507 7
7fe680bc7000 86 4 2597 7
7fe680b7d000 39 3 2640 7
7fe680ff6000 63 7 2711 7
7fe680ff4000 71 6 2788 7
7fe680ff5000 56 4 2849 7
7fe680ff2000 58 5 2912 7
7fe680fec000 194 4 3110 7
41f000 61 4 3175 7
7fe680ff1000 42 3 3221 7
418000 66 4 3292 7
417000 55 3 3351 7
416000 42 3 3397 7
415000 45 3 3446 7
412000 49 4 3500 7
414000 54 3 3558 7
413000 57 5 3621 7
7fe680d24000 82 6 3710 7
7fe680d55000 58 3 3771 7
7fe680d54000 65 2 3839 7
7fe680d53000 70 3 3913 7
7fe680d52000 65 3 3981 7
7fe680d51000 57 3 4042 7
7fe680d50000 55 3 4101 7
7fe680cb1000 124 4 4229 7
7fe680d1c000 79 4 4312 7
7fe680d1b000 35 2 4349 7
7fe680d1a000 37 3 4390 7
7fe680d19000 89 4 4483 7
7fe680d0b000 68 4 4555 7
7fe680d57000 81 3 4639 7
7fe680d56000 80 3 4723 7
7fe680d23000 60 3 4787 7
7fe680d22000 68 3 4858 7
7fe680d21000 66 3 4928 7
7fe680d20000 59 3 4990 7
7fe680d1f000 39 3 5033 7
7fe680d1d000 37 2 5072 7
7fe680d1e000 34 2 5109 7
7fe680cde000 67 7 5184 7
7fe680cdd000 55 3 5242 7
7fe680cdc000 67 4 5313 7
7fe680cd8000 53 2 5368 7
7fe680cd9000 26 2 5397 7
7fe680cdb000 49 2 5449 7
7fe680cd7000 36 3 5489 7
7fe680cd6000 58 3 5550 7
7fe680cd5000 56 9 5615 7
7fe680cda000 40 2 5657 7
419000 55 3 5717 7
7fe680ff3000 60 6 5784 7
7fe680ff9000 58 13 5858 7
7fe680c25000 76 4 5938 7
7fe680bb7000 80 16 6035 7
7fe680bb5000 45 3 6084 7
7fe680abc000 66 5 6156 7
7fe680bf8000 93 6 6255 7
7fe680bf7000 96 5 6356 7
7fe680acc000 53 7 6417 7
7fe680acb000 71 5 6494 7
7fe680aca000 35 3 6532 7
7fe680ac9000 50 3 6586 7
7fe680ac8000 79 4 6669 7
7fe680ac7000 32 2 6704 7
7fe680abf000 43 3 6751 7
7fe680abe000 40 4 6796 7
7fe680abd000 59 3 6858 7
7fe680b1a000 70 4 6932 7
7fe680b27000 80 5 7018 7
7fe680b26000 73 6 7097 7
7fe680bab000 54 10 7161 7
7fe680ba6000 51 7 7220 7
7fe680ba5000 73 12 7306 7
7fe680ba4000 58 7 7371 7
7fe680ba3000 43 2 7417 7
7fe680ba2000 41 2 7461 7
7fe680b37000 79 9 7550 7
7fe680b36000 81 6 7637 7
7fe680b35000 58 4 7699 7
7fe680b34000 76 5 7781 7
7fe680b2c000 141 7 7930 7
7fe680b33000 89 3 8022 7
7fe680b32000 65 5 8093 7
7fe680b2d000 58 7 8159 7
7fe680af9000 53 4 8216 7
7fe680ba1000 50 3 8269 7
7fe680ba0000 46 2 8318 7
7fe680b9f000 34 2 8355 7
7fe680b9e000 44 3 8402 7
7fe680b9d000 37 3 8442 7
7fe680b9c000 41 3 8486 7
7fe680bd6000 50 2 8539 7
7fe680bb8000 64 13 8617 7
7fe680b25000 58 4 8679 7
7fe680bb0000 57 7 8743 7
7fe680bac000 75 9 8827 7
7fe680baf000 46 5 8878 7
7fe680b29000 97 6 8982 7
7fe680bae000 89 6 9077 7
7fe680bad000 58 8 9143 7
7fe680afa000 30 4 9177 7
7fe680b23000 45 3 9225 7
7fe680b7b000 47 3 9275 7
7fe680b7a000 53 7 9336 7
7fe680bdc000 42 4 9383 7
7fe680bdb000 55 5 9443 7
7fe680bda000 46 4 9493 7
7fe680bd9000 60 4 9558 8
9564 8
0x41e000
41e000 81 26 107 4
41d000 56 8 171 4
41c000 42 11 225 4
41a000 44 11 281 4
405000 43 13 338 5
404000 16 4 359 5
420000 209 13 582 5
7fe680bc6000 101 11 696 6
7fe680bc5000 65 18 779 6
7fe680bc3000 70 7 856 6
410000 51 5 912 6
40f000 52 6 971 6
40e000 136 17 1125 6
40d000 59 5 1190 6
40c000 63 8 1262 6
40b000 53 5 1321 6
7fe680b53000 61 24 1407 6
7fe680b52000 100 15 1522 6
40a000 42 6 1571 6
7fe680b54000 62 16 1650 6
409000 62 9 1721 6
408000 78 10 1810 7
407000 47 3 1861 7
406000 58 6 1926 7
7fe680b49000 54 4 1986 7
7fe680b48000 48 2 2036 7
7fe680b47000 42 3 2082 7
7fe680b4f000 79 10 2173 7
7fe680c1d000 53 5 2232 7
7fe680ade000 60 5 2297 7
7fe680aba000 115 3 2416 7
7fe680add000 56 3 2475 7
7fe680adc000 45 5 2526 7
7fe680bc7000 86 4 2616 7
7fe680b7d000 39 4 2660 7
7fe680ff6000 62 6 2729 7
7fe680ff4000 71 6 2807 7
7fe680ff5000 56 4 2868 7
7fe680ff2000 59 4 2931 7
7fe680fec000 195 5 3131 7
41f000 61 4 3196 7
7fe680ff1000 42 3 3242 7
418000 67 4 3313 7
417000 54 4 3372 7
416000 42 3 3418 7
415000 45 4 3468 7
412000 49 4 3521 7
414000 54 4 3581 7
413000 57 4 3643 7
7fe680d24000 82 5 3732 7
7fe680d55000 57 4 3794 7
7fe680d54000 64 3 3861 7
7fe680d53000 70 2 3934 7
7fe680d52000 66 2 4003 7
7fe680d51000 57 4 4065 7
7fe680d50000 56 3 4124 7
7fe680cb1000 124 3 4251 7
7fe680d1c000 79 3 4334 7
7fe680d1b000 35 2 4372 7
7fe680d1a000 37 2 4412 7
7fe680d19000 88 4 4505 7
7fe680d0b000 67 4 4577 7
7fe680d57000 81 3 4661 7
7fe680d56000 80 3 4745 7
7fe680d23000 60 3 4809 7
7fe680d22000 68 3 4880 7
7fe680d21000 66 3 4950 7
7fe680d20000 59 3 5012 7
7fe680d1f000 40 2 5055 7
7fe680d1d000 37 2 5095 7
7fe680d1e000 34 2 5131 7
7fe680cde000 66 7 5205 7
7fe680cdd000 55 3 5264 7
7fe680cdc000 66 5 5335 7
7fe680cd8000 52 2 5389 7
7fe680cd9000 26 2 5418 7
7fe680cdb000 49 2 5469 7
7fe680cd7000 36 3 5509 7
7fe680cd6000 59 2 5570 7
7fe680cd5000 56 9 5636 7
7fe680cda000 41 2 5679 7
419000 54 4 5739 7
7fe680ff3000 60 5 5805 7
7fe680ff9000 59 13 5880 7
7fe680c25000 77 4 5961 7
7fe680bb7000 82 16 6059 7
7fe680bb5000 45 4 6108 7
7fe680abc000 67 5 6180 7
7fe680bf8000 93 6 6280 7
7fe680bf7000 95 5 6380 7
7fe680acc000 54 7 6442 7
7fe680acb000 71 4 6517 7
7fe680aca000 36 3 6557 7
7fe680ac9000 50 3 6610 7
7fe680ac8000 79 4 6694 7
7fe680ac7000 32 3 6730 7
7fe680abf000 43 3 6776 7
7fe680abe000 40 3 6820 7
7fe680abd000 59 3 6883 7
7fe680b1a000 70 5 6958 7
7fe680b27000 82 4 7044 7
7fe680b26000 74 6 7124 7
7fe680bab000 54 11 7189 7
7fe680ba6000 51 8 7248 7
7fe680ba5000 73 12 7333 7
7fe680ba4000 58 7 7399 7
7fe680ba3000 43 3 7446 7
7fe680ba2000 42 2 7490 7
7fe680b37000 79 9 7579 7
7fe680b36000 81 6 7667 7
7fe680b35000 58 5 7730 7
7fe680b34000 77 5 7812 7
7fe680b2c000 142 7 7961 7
7fe680b33000 89 4 8054 7
7fe680b32000 64 5 8123 7
7fe680b2d000 58 6 8188 7
7fe680af9000 53 4 8246 7
7fe680ba1000 51 3 8300 7
7fe680ba0000 46 3 8349 7
7fe680b9f000 33 3 8386 7
7fe680b9e000 44 2 8432 7
7fe680b9d000 38 2 8473 7
7fe680b9c000 41 2 8517 7
7fe680bd6000 51 3 8572 7
7fe680bb8000 65 13 8651 7
7fe680b25000 58 4 8713 7
7fe680bb0000 57 7 8777 7
7fe680bac000 74 9 8861 7
7fe680baf000 46 5 8913 7
7fe680b29000 98 6 9018 7
7fe680bae000 89 7 9114 7
7fe680bad000 58 8 9180 7
7fe680afa000 30 4 9215 7
7fe680b23000 45 3 9263 7
7fe680b7b000 47 3 9313 7
7fe680b7a000 53 7 9374 7
7fe680bdc000 42 4 9421 7
7fe680bdb000 55 4 9480 7
7fe680bda000 46 4 9531 7
7fe680bd9000 59 5 9596 8
9602 8
