0x408000
408000 45 23 69 1
407000 18 16 104 1
7f96a24e3000 54 45 204 2
7f96a2426000 127 21 352 2
7f96a24e2000 55 31 439 4
7f96a24e1000 72 38 550 4
7f96a24e0000 29 18 597 4
7f96a24df000 37 21 656 4
7f96a24de000 27 18 702 4
7f96a24dc000 46 20 769 4
7f96a24db000 41 22 832 4
7f96a24d8000 55 27 915 4
7f96a24d5000 54 28 998 4
7f96a2564000 103 44 1145 4
7f96a2563000 105 39 1289 4
7f96a2533000 94 19 1403 5
7f96a2532000 113 14 1531 5
7f96a2531000 71 28 1630 5
7f96a252f000 78 11 1719 5
7f96a2437000 78 14 1812 6
7f96a2436000 39 7 1858 6
7f96a2435000 56 6 1920 6
7f96a2434000 88 9 2018 6
7f96a2433000 34 6 2059 6
7f96a242b000 47 7 2114 6
7f96a242a000 44 8 2167 6
7f96a2429000 65 7 2239 6
7f96a2486000 77 11 2327 8
2328 8
0x407000
407000 19 16 35 0
35 0
0x424000
424000 53 27 80 1
7f96a2486000 76 37 194 5
7f96a2493000 89 13 297 5
7f96a2492000 80 19 397 5
7f96a2517000 59 31 487 5
7f96a2512000 56 23 566 5
7f96a2511000 81 33 680 5
7f96a2510000 63 23 767 5
7f96a2426000 128 9 905 5
7f96a250f000 48 8 961 5
7f96a250e000 45 8 1015 5
7f96a24a3000 86 26 1128 6
7f96a24a2000 89 13 1231 6
7f96a2563000 105 11 1348 6
7f96a24a1000 64 10 1422 6
7f96a24a0000 85 11 1518 6
7f96a2498000 158 13 1689 6
7f96a249f000 98 8 1795 6
7f96a249e000 71 11 1877 6
7f96a2499000 63 14 1954 6
7f96a2465000 58 8 2020 6
7f96a2533000 94 11 2125 6
7f96a2532000 113 9 2247 6
7f96a2531000 70 19 2337 6
7f96a252f000 77 8 2423 6
7f96a250d000 55 6 2484 6
7f96a250c000 50 7 2542 6
7f96a250b000 36 5 2584 6
7f96a250a000 47 7 2639 6
7f96a2509000 40 6 2685 6
7f96a2508000 44 7 2737 6
7f96a2542000 55 6 2799 6
7f96a2524000 71 25 2896 6
7f96a2491000 63 9 2968 6
7f96a251c000 62 14 3045 6
7f96a2518000 82 18 3146 6
7f96a251b000 50 10 3207 6
7f96a2495000 108 13 3329 6
7f96a251a000 97 12 3438 6
7f96a2519000 63 17 3519 6
7f96a2466000 33 8 3560 6
7f96a248f000 48 8 3617 6
7f96a24e7000 50 8 3675 6
7f96a24e6000 59 15 3749 6
7f96a2548000 46 9 3804 6
7f96a2547000 60 10 3874 6
7f96a2546000 50 9 3933 6
7f96a2545000 65 9 4008 7
7f96a2544000 90 5 4104 7
7f96a2543000 58 4 4167 7
7f96a2485000 59 5 4232 7
7f96a2484000 59 4 4296 7
7f96a248b000 89 6 4391 7
7f96a24c0000 67 10 4469 7
7f96a24bf000 65 14 4548 7
7f96a24be000 103 9 4660 7
7f96a248a000 31 4 4696 7
7f96a2481000 91 5 4793 7
7f96a2437000 77 6 4877 7
7f96a2436000 38 4 4919 8
4923 8
0x42d000
42d000 443 61 505 0
506 0
0x409000
409000 47 19 67 0
7f96a2ec7000 64 81 213 2
408000 37 23 273 2
407000 19 16 308 2
7f96a24e3000 55 45 408 2
7f96a2426000 127 21 556 2
7f96a24e2000 55 31 642 4
7f96a24e1000 72 38 753 4
7f96a24e0000 29 17 799 4
7f96a24df000 37 21 858 4
7f96a24de000 27 18 904 4
7f96a24dc000 46 19 970 4
7f96a24db000 40 22 1033 4
7f96a24d8000 55 28 1116 4
7f96a24d5000 54 27 1197 4
7f96a2564000 102 44 1344 4
7f96a2563000 104 39 1487 4
7f96a2533000 93 20 1601 5
7f96a2532000 112 14 1727 5
7f96a2531000 71 28 1826 5
7f96a252f000 78 11 1915 5
7f96a2437000 77 15 2007 6
7f96a2436000 38 7 2052 6
7f96a2435000 54 7 2114 6
7f96a2434000 88 9 2211 6
7f96a2433000 34 6 2252 6
7f96a242b000 47 8 2307 6
7f96a242a000 44 8 2359 6
7f96a2429000 64 7 2431 6
7f96a2486000 77 11 2519 8
2521 8
0x425000
425000 57 20 78 1
79 1
0x42a000
42a000 49 22 71 1
71 1
0x417000
417000 39 23 63 1
407000 18 16 98 1
416000 49 26 174 1
42d000 445 61 681 1
408000 37 23 742 1
7f96a24e3000 54 44 841 2
7f96a2426000 128 21 991 2
7f96a24e2000 55 31 1077 4
7f96a24e1000 72 38 1188 4
7f96a24e0000 29 17 1234 4
7f96a24df000 37 21 1293 4
7f96a24de000 27 18 1339 4
7f96a24dc000 46 19 1405 4
7f96a24db000 40 21 1467 4
7f96a24d8000 55 28 1551 4
7f96a24d5000 54 27 1632 4
7f96a2564000 103 43 1779 4
7f96a2563000 103 40 1923 4
7f96a2533000 94 19 2036 5
7f96a2532000 113 14 2163 5
7f96a2531000 71 27 2261 5
7f96a252f000 77 11 2350 5
7f96a2437000 77 14 2442 6
7f96a2436000 38 7 2488 6
7f96a2435000 54 7 2550 6
7f96a2434000 88 9 2647 6
7f96a2433000 34 6 2688 6
7f96a242b000 46 8 2743 6
7f96a242a000 44 8 2795 6
7f96a2429000 65 7 2867 6
7f96a2486000 76 11 2954 8
2958 8
0x416000
416000 49 27 76 1
407000 19 16 111 1
42d000 445 61 617 1
408000 37 23 678 1
7f96a24e3000 55 44 777 2
7f96a2426000 128 21 926 2
7f96a24e2000 54 32 1013 4
7f96a24e1000 72 37 1122 4
7f96a24e0000 28 18 1169 4
7f96a24df000 36 22 1228 4
7f96a24de000 26 19 1274 4
7f96a24dc000 46 20 1340 4
7f96a24db000 41 21 1402 4
7f96a24d8000 55 28 1486 4
7f96a24d5000 54 27 1567 4
7f96a2564000 103 43 1713 4
7f96a2563000 103 39 1856 4
7f96a2533000 93 20 1970 5
7f96a2532000 112 14 2096 5
7f96a2531000 70 28 2195 5
7f96a252f000 77 11 2283 5
7f96a2437000 77 14 2375 6
7f96a2436000 38 7 2421 6
7f96a2435000 54 7 2483 6
7f96a2434000 87 9 2580 6
7f96a2433000 34 6 2621 6
7f96a242b000 46 8 2676 6
7f96a242a000 43 8 2728 6
7f96a2429000 64 7 2800 6
7f96a2486000 77 10 2887 8
2890 8
0x42b000
42b000 55 26 81 0
7f96a2503000 61 26 168 2
408000 37 23 228 2
407000 18 16 263 2
7f96a24e3000 54 44 362 2
7f96a2426000 126 22 511 2
7f96a24e2000 54 32 597 4
7f96a24e1000 71 38 707 4
7f96a24e0000 28 18 754 4
7f96a24df000 37 21 812 4
7f96a24de000 27 18 858 4
7f96a24dc000 46 19 924 4
7f96a24db000 40 22 987 4
7f96a24d8000 54 28 1070 4
7f96a24d5000 55 27 1152 4
7f96a2564000 103 44 1299 4
7f96a2563000 104 40 1443 4
7f96a2533000 95 19 1557 5
7f96a2532000 113 14 1684 5
7f96a2531000 71 28 1783 5
7f96a252f000 77 11 1872 5
7f96a2437000 78 14 1964 6
7f96a2436000 38 8 2010 6
7f96a2435000 55 6 2071 6
7f96a2434000 87 9 2168 6
7f96a2433000 34 6 2209 6
7f96a242b000 46 8 2264 6
7f96a242a000 44 8 2316 6
7f96a2429000 65 7 2388 6
7f96a2486000 76 11 2475 8
2477 8
0x40c000
40c000 60 28 89 1
42d000 443 61 594 1
40b000 46 29 670 1
40a000 32 22 725 1
42a000 49 22 797 1
7f96a2486000 77 36 910 5
7f96a2493000 88 14 1013 5
7f96a2492000 80 18 1111 5
7f96a2517000 58 30 1200 5
7f96a2512000 56 22 1279 5
7f96a2511000 80 33 1392 5
7f96a2510000 63 23 1479 5
7f96a2426000 127 9 1615 5
7f96a250f000 47 8 1671 5
7f96a250e000 45 8 1725 5
7f96a24a3000 87 26 1838 6
7f96a24a2000 89 13 1940 6
7f96a2563000 103 12 2056 6
7f96a24a1000 63 10 2129 6
7f96a24a0000 85 10 2224 6
7f96a2498000 157 14 2395 6
7f96a249f000 97 9 2501 6
7f96a249e000 71 11 2583 6
7f96a2499000 63 14 2660 6
7f96a2465000 58 7 2725 6
7f96a2533000 93 11 2830 6
7f96a2532000 112 10 2952 6
7f96a2531000 71 19 3042 6
7f96a252f000 77 8 3128 6
7f96a250d000 55 6 3189 6
7f96a250c000 50 7 3247 6
7f96a250b000 36 6 3290 6
7f96a250a000 47 7 3344 6
7f96a2509000 40 6 3391 6
7f96a2508000 45 6 3442 6
7f96a2542000 55 7 3505 6
7f96a2524000 71 25 3601 6
7f96a2491000 62 9 3673 6
7f96a251c000 63 14 3750 6
7f96a2518000 82 18 3851 6
7f96a251b000 49 11 3912 6
7f96a2495000 107 13 4033 6
7f96a251a000 97 13 4143 6
7f96a2519000 63 17 4223 6
7f96a2466000 32 8 4264 6
7f96a248f000 48 8 4321 6
7f96a24e7000 50 8 4379 6
7f96a24e6000 58 15 4453 6
7f96a2548000 46 9 4508 6
7f96a2547000 60 10 4578 6
7f96a2546000 50 9 4638 6
7f96a2545000 66 9 4713 7
7f96a2544000 90 5 4808 7
7f96a2543000 58 4 4871 7
7f96a2485000 60 4 4936 7
7f96a2484000 59 4 5000 7
7f96a248b000 88 7 5096 7
7f96a24c0000 67 10 5173 7
7f96a24bf000 64 14 5252 7
7f96a24be000 102 9 5364 7
7f96a248a000 31 5 5401 7
7f96a2481000 92 5 5498 7
7f96a2437000 79 5 5582 7
7f96a2436000 38 4 5625 8
5630 8
0x40b000
40b000 46 29 75 1
42d000 442 62 580 1
40a000 32 22 635 1
42a000 48 22 706 1
7f96a2486000 76 36 819 5
7f96a2493000 88 14 922 5
7f96a2492000 80 19 1021 5
7f96a2517000 59 30 1110 5
7f96a2512000 55 23 1189 5
7f96a2511000 80 34 1303 5
7f96a2510000 63 23 1389 5
7f96a2426000 128 9 1526 5
7f96a250f000 48 9 1583 5
7f96a250e000 45 8 1636 5
7f96a24a3000 87 26 1749 6
7f96a24a2000 89 13 1851 6
7f96a2563000 104 11 1966 6
7f96a24a1000 63 10 2040 6
7f96a24a0000 84 11 2135 6
7f96a2498000 160 13 2308 6
7f96a249f000 99 8 2415 6
7f96a249e000 71 11 2498 6
7f96a2499000 63 13 2575 6
7f96a2465000 58 7 2641 6
7f96a2533000 94 11 2747 6
7f96a2532000 113 10 2870 6
7f96a2531000 72 19 2961 6
7f96a252f000 79 7 3047 6
7f96a250d000 55 6 3109 6
7f96a250c000 51 6 3167 6
7f96a250b000 36 6 3210 6
7f96a250a000 47 7 3265 6
7f96a2509000 41 6 3312 6
7f96a2508000 45 7 3364 6
7f96a2542000 55 7 3427 6
7f96a2524000 71 26 3525 6
7f96a2491000 63 9 3597 6
7f96a251c000 62 15 3675 6
7f96a2518000 83 19 3777 6
7f96a251b000 50 11 3838 6
7f96a2495000 108 13 3960 6
7f96a251a000 98 12 4070 6
7f96a2519000 63 17 4151 6
7f96a2466000 33 8 4192 6
7f96a248f000 49 8 4249 6
7f96a24e7000 50 8 4307 6
7f96a24e6000 58 15 4381 6
7f96a2548000 46 9 4436 6
7f96a2547000 60 10 4506 6
7f96a2546000 50 9 4565 6
7f96a2545000 65 10 4641 7
7f96a2544000 90 5 4736 7
7f96a2543000 57 5 4799 7
7f96a2485000 60 5 4864 7
7f96a2484000 59 4 4928 7
7f96a248b000 89 6 5023 7
7f96a24c0000 67 10 5101 7
7f96a24bf000 65 14 5180 7
7f96a24be000 103 9 5293 7
7f96a248a000 31 5 5329 7
7f96a2481000 91 5 5426 7
7f96a2437000 78 5 5509 7
7f96a2436000 38 4 5552 8
5556 8
0x40a000
40a000 32 22 54 0
42d000 447 61 563 0
42a000 49 22 635 1
7f96a2486000 77 36 748 5
7f96a2493000 88 14 851 5
7f96a2492000 79 19 950 5
7f96a2517000 59 31 1040 5
7f96a2512000 56 22 1118 5
7f96a2511000 80 34 1232 5
7f96a2510000 63 22 1318 5
7f96a2426000 127 9 1455 5
7f96a250f000 47 9 1511 5
7f96a250e000 45 8 1564 5
7f96a24a3000 86 26 1677 6
7f96a24a2000 89 12 1779 6
7f96a2563000 104 11 1895 6
7f96a24a1000 63 10 1968 6
7f96a24a0000 85 10 2063 6
7f96a2498000 157 13 2234 6
7f96a249f000 98 8 2340 6
7f96a249e000 70 12 2423 6
7f96a2499000 63 14 2500 6
7f96a2465000 57 8 2565 6
7f96a2533000 93 11 2670 6
7f96a2532000 112 10 2792 6
7f96a2531000 71 19 2882 6
7f96a252f000 77 8 2968 6
7f96a250d000 55 6 3029 6
7f96a250c000 50 7 3087 6
7f96a250b000 36 5 3129 6
7f96a250a000 47 7 3184 6
7f96a2509000 40 6 3230 6
7f96a2508000 44 7 3282 6
7f96a2542000 54 7 3344 6
7f96a2524000 71 25 3441 6
7f96a2491000 62 10 3513 6
7f96a251c000 62 15 3590 6
7f96a2518000 82 18 3690 6
7f96a251b000 50 11 3752 6
7f96a2495000 107 13 3872 6
7f96a251a000 97 13 3982 6
7f96a2519000 63 17 4062 6
7f96a2466000 33 8 4103 6
7f96a248f000 49 8 4160 6
7f96a24e7000 50 8 4218 6
7f96a24e6000 58 15 4292 6
7f96a2548000 46 9 4347 6
7f96a2547000 60 10 4417 6
7f96a2546000 50 9 4476 6
7f96a2545000 65 10 4552 7
7f96a2544000 90 5 4647 7
7f96a2543000 57 5 4710 7
7f96a2485000 59 5 4775 7
7f96a2484000 59 4 4839 7
7f96a248b000 89 6 4935 7
7f96a24c0000 67 10 5013 7
7f96a24bf000 65 14 5092 7
7f96a24be000 102 9 5204 7
7f96a248a000 31 5 5241 7
7f96a2481000 92 5 5338 7
7f96a2437000 78 5 5422 7
7f96a2436000 38 4 5465 8
5468 8
0x420000
420000 35 27 62 1
408000 37 23 123 1
407000 18 16 158 1
7f96a24e3000 54 44 257 2
7f96a2426000 127 21 405 2
7f96a24e2000 54 32 492 4
7f96a24e1000 72 38 602 4
7f96a24e0000 29 17 648 4
7f96a24df000 36 22 707 4
7f96a24de000 26 19 753 4
7f96a24dc000 46 19 818 4
7f96a24db000 41 21 881 4
7f96a24d8000 55 27 964 4
7f96a24d5000 54 27 1045 4
7f96a2564000 102 44 1192 4
7f96a2563000 104 39 1335 4
7f96a2533000 93 20 1449 5
7f96a2532000 113 14 1576 5
7f96a2531000 71 27 1674 5
7f96a252f000 77 11 1763 5
7f96a2437000 78 14 1855 6
7f96a2436000 38 7 1901 6
7f96a2435000 55 7 1963 6
7f96a2434000 87 9 2060 6
7f96a2433000 34 6 2101 6
7f96a242b000 46 8 2156 6
7f96a242a000 44 8 2208 6
7f96a2429000 65 7 2280 6
7f96a2486000 76 11 2367 8
2369 8
0x41f000
41f000 47 24 71 1
41e000 34 22 128 1
41d000 52 27 207 2
41c000 40 23 271 2
7f96a24b5000 58 29 359 2
7f96a24b4000 51 18 429 2
7f96a24b3000 47 17 493 2
407000 19 16 529 2
7f96a249e000 70 35 634 4
408000 37 13 684 4
7f96a24e3000 54 24 763 4
7f96a2426000 126 12 902 4
7f96a24e2000 54 18 975 6
7f96a24e1000 71 11 1057 6
7f96a24e0000 29 5 1091 6
7f96a24df000 36 6 1134 6
7f96a24de000 27 5 1167 6
7f96a24dc000 46 5 1219 6
7f96a24db000 40 6 1266 6
7f96a24d8000 55 8 1330 6
7f96a24d5000 55 7 1392 6
7f96a2564000 102 12 1507 6
7f96a2563000 103 11 1622 6
7f96a2533000 94 10 1726 7
7f96a2532000 112 5 1844 7
7f96a2531000 70 11 1926 7
7f96a252f000 77 4 2008 7
7f96a2437000 78 5 2091 7
7f96a2436000 38 4 2134 7
7f96a2435000 54 4 2193 7
7f96a2434000 88 5 2286 7
7f96a2433000 34 3 2324 7
7f96a242b000 46 5 2376 7
7f96a242a000 44 4 2424 7
7f96a2429000 64 4 2493 7
7f96a2486000 77 6 2576 8
2583 8
0x41e000
41e000 34 22 57 0
41d000 53 26 136 2
41c000 40 23 200 2
7f96a24b5000 58 29 288 2
7f96a24b4000 52 17 357 2
7f96a24b3000 46 18 422 2
407000 18 16 457 2
7f96a249e000 70 34 562 4
408000 37 13 612 4
7f96a24e3000 54 24 691 4
7f96a2426000 126 12 830 4
7f96a24e2000 54 17 902 6
7f96a24e1000 71 11 985 6
7f96a24e0000 29 5 1019 6
7f96a24df000 36 6 1062 6
7f96a24de000 27 5 1095 6
7f96a24dc000 46 5 1147 6
7f96a24db000 41 6 1195 6
7f96a24d8000 56 7 1258 6
7f96a24d5000 54 7 1320 6
7f96a2564000 102 12 1435 6
7f96a2563000 103 11 1550 6
7f96a2533000 94 10 1655 7
7f96a2532000 112 6 1773 7
7f96a2531000 71 11 1855 7
7f96a252f000 77 5 1937 7
7f96a2437000 78 5 2020 7
7f96a2436000 38 4 2063 7
7f96a2435000 55 3 2121 7
7f96a2434000 88 5 2215 7
7f96a2433000 35 3 2253 7
7f96a242b000 46 4 2304 7
7f96a242a000 44 4 2353 7
7f96a2429000 64 4 2422 7
7f96a2486000 77 6 2505 8
2510 8
0x41d000
41d000 52 26 79 2
41c000 41 22 143 2
7f96a24b5000 58 29 231 2
7f96a24b4000 51 18 301 2
7f96a24b3000 46 17 365 2
407000 19 16 401 2
7f96a249e000 72 34 507 4
408000 38 13 558 4
7f96a24e3000 55 24 637 4
7f96a2426000 127 12 776 4
7f96a24e2000 55 18 849 6
7f96a24e1000 72 10 931 6
7f96a24e0000 28 5 965 6
7f96a24df000 37 6 1009 6
7f96a24de000 26 6 1042 6
7f96a24dc000 46 6 1094 6
7f96a24db000 41 6 1141 6
7f96a24d8000 55 7 1204 6
7f96a24d5000 54 8 1267 6
7f96a2564000 103 12 1382 6
7f96a2563000 104 11 1497 6
7f96a2533000 94 10 1602 7
7f96a2532000 113 5 1720 7
7f96a2531000 70 11 1802 7
7f96a252f000 77 5 1884 7
7f96a2437000 78 6 1968 7
7f96a2436000 38 4 2010 7
7f96a2435000 54 4 2069 7
7f96a2434000 87 5 2162 7
7f96a2433000 34 3 2200 7
7f96a242b000 47 4 2252 7
7f96a242a000 44 4 2300 7
7f96a2429000 64 4 2369 7
7f96a2486000 77 6 2452 8
2456 8
0x41c000
41c000 41 22 63 0
7f96a24b5000 59 29 152 1
7f96a24b4000 51 18 221 1
7f96a24b3000 46 18 286 1
407000 19 16 321 1
7f96a249e000 70 39 431 3
408000 37 15 484 3
7f96a24e3000 54 30 569 3
7f96a2426000 126 15 711 3
7f96a24e2000 54 22 787 5
7f96a24e1000 71 15 874 5
7f96a24e0000 28 8 911 5
7f96a24df000 37 9 957 5
7f96a24de000 26 8 992 5
7f96a24dc000 45 9 1047 5
7f96a24db000 41 8 1096 5
7f96a24d8000 55 11 1163 5
7f96a24d5000 54 11 1229 5
7f96a2564000 103 17 1349 5
7f96a2563000 104 16 1469 5
7f96a2533000 94 15 1578 6
7f96a2532000 112 10 1700 6
7f96a2531000 71 19 1790 6
7f96a252f000 77 8 1875 6
7f96a2437000 77 10 1963 6
7f96a2436000 38 8 2009 6
7f96a2435000 55 6 2070 6
7f96a2434000 88 9 2168 6
7f96a2433000 34 6 2209 6
7f96a242b000 47 7 2264 6
7f96a242a000 43 8 2316 6
7f96a2429000 65 6 2388 6
7f96a2486000 76 11 2476 8
2478 8
0x429000
429000 38 19 57 0
7f96a24b5000 58 29 145 1
7f96a24b4000 51 17 214 1
7f96a24b3000 47 17 279 1
407000 18 16 314 1
428000 42 22 379 1
408000 38 23 440 1
7f96a24e3000 54 44 539 2
7f96a2426000 127 21 687 2
7f96a24e2000 54 29 771 4
7f96a24e1000 72 20 864 4
7f96a24e0000 29 10 903 4
7f96a24df000 37 11 951 4
7f96a24de000 27 10 989 4
7f96a24dc000 46 10 1046 4
7f96a24db000 40 12 1099 4
7f96a24d8000 55 14 1169 4
7f96a24d5000 54 15 1239 4
7f96a2564000 103 23 1365 4
7f96a2563000 103 21 1490 4
7f96a2533000 94 19 1603 5
7f96a2532000 112 14 1730 5
7f96a2531000 71 28 1829 5
7f96a252f000 78 11 1918 5
7f96a2437000 78 15 2011 6
7f96a2436000 38 7 2056 6
7f96a2435000 54 7 2118 6
7f96a2434000 88 9 2216 6
7f96a2433000 35 6 2257 6
7f96a242b000 47 7 2311 6
7f96a242a000 43 8 2363 6
7f96a2429000 64 7 2435 6
7f96a2486000 76 10 2522 8
2525 8
0x428000
428000 42 22 64 1
64 1
0x412000
412000 37 21 59 1
7f96a24ae000 78 24 162 1
408000 37 23 223 1
407000 18 16 258 1
7f96a24e3000 54 44 357 2
7f96a2426000 127 21 505 2
7f96a24e2000 54 32 592 4
7f96a24e1000 72 38 702 4
7f96a24e0000 29 17 748 4
7f96a24df000 36 22 807 4
7f96a24de000 27 18 852 4
7f96a24dc000 46 20 919 4
7f96a24db000 41 21 981 4
7f96a24d8000 55 27 1064 4
7f96a24d5000 54 27 1146 4
7f96a2564000 103 43 1292 4
7f96a2563000 103 40 1436 4
7f96a2533000 94 19 1549 5
7f96a2532000 112 19 1681 5
7f96a2531000 74 27 1782 5
7f96a252f000 77 11 1871 5
7f96a2437000 78 14 1963 6
7f96a2436000 38 7 2009 6
7f96a2435000 55 7 2071 6
7f96a2434000 88 9 2168 6
7f96a2433000 35 6 2209 6
7f96a242b000 47 7 2263 6
7f96a242a000 44 8 2316 6
7f96a2429000 65 6 2387 6
7f96a2486000 76 11 2475 8
2478 8
0x411000
411000 27 19 46 0
407000 18 16 81 0
7f96a24b5000 58 29 169 1
7f96a24b4000 51 17 238 1
7f96a24b3000 47 17 303 1
7f96a249e000 71 39 414 3
408000 37 16 467 3
7f96a24e3000 54 30 552 3
7f96a2426000 128 15 695 3
7f96a24e2000 55 21 771 5
7f96a24e1000 71 16 859 5
7f96a24e0000 29 7 895 5
7f96a24df000 36 9 941 5
7f96a24de000 27 7 976 5
7f96a24dc000 46 8 1031 5
7f96a24db000 41 9 1081 5
7f96a24d8000 55 11 1148 5
7f96a24d5000 54 11 1214 5
7f96a2564000 102 17 1334 5
7f96a2563000 104 15 1454 5
7f96a2533000 94 14 1563 6
7f96a2532000 112 10 1686 6
7f96a2531000 71 19 1776 6
7f96a252f000 77 7 1861 6
7f96a2437000 77 10 1949 6
7f96a2436000 38 7 1995 6
7f96a2435000 55 7 2057 6
7f96a2434000 88 9 2154 6
7f96a2433000 34 6 2195 6
7f96a242b000 46 8 2250 6
7f96a242a000 44 8 2302 6
7f96a2429000 65 7 2374 6
7f96a2486000 76 11 2461 8
2463 8
0x427000
427000 49 31 81 1
81 1
0x426000
426000 36 22 59 1
7f96a2524000 71 84 215 2
407000 19 16 250 2
408000 37 23 310 2
7f96a24e3000 54 45 410 2
7f96a2426000 128 21 559 2
7f96a24e2000 55 31 645 4
7f96a24e1000 71 38 755 4
7f96a24e0000 29 17 801 4
7f96a24df000 37 21 860 4
7f96a24de000 27 18 906 4
7f96a24dc000 46 19 972 4
7f96a24db000 40 21 1034 4
7f96a24d8000 56 27 1118 4
7f96a24d5000 55 27 1200 4
7f96a2564000 102 44 1346 4
7f96a2563000 104 40 1490 4
7f96a2533000 94 20 1604 5
7f96a2532000 113 13 1730 5
7f96a2531000 70 28 1829 5
7f96a252f000 77 11 1917 5
7f96a2437000 77 14 2009 6
7f96a2436000 38 7 2055 6
7f96a2435000 54 7 2117 6
7f96a2434000 87 10 2215 6
7f96a2433000 34 6 2255 6
7f96a242b000 47 7 2310 6
7f96a242a000 43 8 2362 6
7f96a2429000 64 7 2434 6
7f96a2486000 77 10 2521 8
2524 8
0x41b000
41b000 56 25 81 1
81 1
0x42c000
42c000 51 24 75 2
414000 34 22 132 2
408000 37 22 192 3
407000 19 16 228 3
7f96a24e3000 54 44 326 4
7f96a2426000 127 21 475 4
7f96a24e2000 54 30 560 5
7f96a24e1000 71 15 646 5
7f96a24e0000 28 7 682 5
7f96a24df000 36 8 727 5
7f96a24de000 27 7 762 5
7f96a24dc000 46 8 816 5
7f96a24db000 41 8 865 5
7f96a24d8000 55 10 931 5
7f96a24d5000 54 10 996 5
7f96a2564000 102 17 1116 5
7f96a2563000 104 16 1236 5
7f96a2533000 94 14 1344 6
7f96a2532000 112 9 1465 6
7f96a2531000 70 19 1555 6
7f96a252f000 77 7 1639 6
7f96a2437000 77 9 1726 7
7f96a2436000 38 4 1769 7
7f96a2435000 54 4 1827 7
7f96a2434000 87 5 1919 7
7f96a2433000 35 2 1956 7
7f96a242b000 47 3 2007 7
7f96a242a000 43 4 2055 7
7f96a2429000 65 3 2123 7
7f96a2486000 76 5 2205 8
2210 8
0x414000
414000 34 22 56 0
408000 37 23 117 1
407000 19 16 152 1
7f96a24e3000 55 44 251 2
7f96a2426000 127 21 399 2
7f96a24e2000 54 32 486 4
7f96a24e1000 72 38 596 4
7f96a24e0000 29 17 642 4
7f96a24df000 37 21 701 4
7f96a24de000 27 19 748 4
7f96a24dc000 46 20 814 4
7f96a24db000 41 21 876 4
7f96a24d8000 56 27 960 4
7f96a24d5000 55 26 1041 4
7f96a2564000 103 43 1188 4
7f96a2563000 104 39 1331 4
7f96a2533000 93 20 1445 5
7f96a2532000 112 14 1571 5
7f96a2531000 70 28 1670 5
7f96a252f000 78 11 1759 5
7f96a2437000 78 14 1851 6
7f96a2436000 38 8 1897 6
7f96a2435000 55 7 1959 6
7f96a2434000 87 10 2056 6
7f96a2433000 35 6 2097 6
7f96a242b000 47 8 2152 6
7f96a242a000 43 9 2205 6
7f96a2429000 65 7 2277 6
7f96a2486000 77 11 2365 8
2368 8
0x413000
413000 44 21 65 0
7f96a2ebe000 60 47 172 4
7f96a2ebd000 57 27 256 6
7f96a2ec7000 65 23 345 6
7f96a2eba000 217 9 571 6
408000 37 6 614 6
407000 18 5 638 6
7f96a24e3000 55 12 705 6
7f96a2426000 128 6 839 6
7f96a24e2000 55 9 903 7
7f96a24e1000 72 5 980 7
7f96a24e0000 29 2 1012 7
7f96a24df000 36 3 1052 7
7f96a24de000 27 2 1082 7
7f96a24dc000 46 3 1132 7
7f96a24db000 41 3 1176 7
7f96a24d8000 56 3 1236 7
7f96a24d5000 55 3 1295 7
7f96a2564000 103 6 1405 7
7f96a2563000 104 6 1516 7
7f96a2533000 94 6 1616 7
7f96a2532000 113 5 1734 7
7f96a2531000 72 10 1816 7
7f96a252f000 78 3 1897 7
7f96a2437000 78 4 1980 7
7f96a2436000 38 4 2023 7
7f96a2435000 55 3 2081 7
7f96a2434000 88 4 2174 7
7f96a2433000 34 3 2212 7
7f96a242b000 48 3 2263 7
7f96a242a000 43 4 2311 7
7f96a2429000 65 3 2380 7
7f96a2486000 77 5 2462 8
2465 8
0x415000
415000 36 21 57 0
57 0
0x410000
410000 36 20 56 0
56 0
0x40d000
40d000 41 25 66 1
42d000 445 62 574 1
7f96a2ebe000 59 47 681 4
7f96a2ebd000 56 28 766 6
7f96a2ec7000 65 22 853 6
7f96a2eba000 215 9 1078 6
408000 37 6 1122 6
407000 18 5 1146 6
7f96a24e3000 55 12 1213 6
7f96a2426000 128 5 1346 6
7f96a24e2000 55 8 1410 7
7f96a24e1000 71 6 1488 7
7f96a24e0000 29 3 1520 7
7f96a24df000 37 3 1560 7
7f96a24de000 27 2 1590 7
7f96a24dc000 46 3 1640 7
7f96a24db000 41 3 1684 7
7f96a24d8000 55 4 1744 7
7f96a24d5000 55 4 1803 7
7f96a2564000 103 7 1913 7
7f96a2563000 105 5 2023 7
7f96a2533000 95 5 2123 7
7f96a2532000 114 4 2241 7
7f96a2531000 71 10 2323 7
7f96a252f000 77 4 2405 7
7f96a2437000 79 4 2488 7
7f96a2436000 38 4 2531 7
7f96a2435000 55 3 2589 7
7f96a2434000 88 4 2682 7
7f96a2433000 34 3 2720 7
7f96a242b000 47 4 2771 7
7f96a242a000 43 4 2819 7
7f96a2429000 65 3 2887 7
7f96a2486000 76 6 2970 8
2972 8
0x421000
421000 46 25 71 0
42d000 446 61 579 0
7f96a2503000 61 26 667 2
408000 37 23 728 2
407000 19 16 763 2
7f96a24e3000 54 45 863 2
7f96a2426000 128 21 1012 2
7f96a24e2000 55 32 1099 4
7f96a24e1000 72 38 1209 4
7f96a24e0000 28 18 1256 4
7f96a24df000 37 21 1315 4
7f96a24de000 27 18 1361 4
7f96a24dc000 46 20 1428 4
7f96a24db000 41 22 1491 4
7f96a24d8000 55 27 1574 4
7f96a24d5000 54 28 1657 4
7f96a2564000 103 44 1804 4
7f96a2563000 105 40 1949 4
7f96a2533000 95 19 2063 5
7f96a2532000 113 14 2191 5
7f96a2531000 71 28 2290 5
7f96a252f000 78 11 2379 5
7f96a2437000 78 14 2471 6
7f96a2436000 38 8 2518 6
7f96a2435000 55 7 2580 6
7f96a2434000 87 10 2678 6
7f96a2433000 35 6 2719 6
7f96a242b000 46 8 2774 6
7f96a242a000 43 8 2826 6
7f96a2429000 65 7 2899 6
7f96a2486000 77 10 2986 8
2989 8
0x423000
423000 54 27 81 2
422000 49 16 147 2
42d000 446 48 641 2
7f96a2589000 57 28 727 2
408000 37 18 782 2
407000 18 13 814 2
7f96a24e3000 55 34 903 3
7f96a2426000 128 16 1048 3
7f96a24e2000 55 22 1125 5
7f96a24e1000 72 16 1214 5
7f96a24e0000 29 8 1251 5
7f96a24df000 36 9 1297 5
7f96a24de000 27 8 1333 5
7f96a24dc000 46 9 1389 5
7f96a24db000 41 9 1439 5
7f96a24d8000 55 12 1507 5
7f96a24d5000 54 12 1574 5
7f96a2564000 103 18 1695 5
7f96a2563000 104 17 1817 5
7f96a2533000 94 16 1927 5
7f96a2532000 113 14 2054 5
7f96a2531000 71 28 2153 5
7f96a252f000 78 11 2242 5
7f96a2437000 78 14 2335 6
7f96a2436000 38 7 2381 6
7f96a2435000 55 6 2443 6
7f96a2434000 88 10 2542 6
7f96a2433000 35 6 2583 6
7f96a242b000 47 8 2638 6
7f96a242a000 44 8 2690 6
7f96a2429000 65 6 2762 6
7f96a2486000 77 11 2851 8
2855 8
0x422000
422000 49 21 70 0
42d000 446 61 578 0
7f96a2589000 58 35 672 0
408000 37 23 733 1
407000 19 16 768 1
7f96a24e3000 54 45 868 2
7f96a2426000 127 21 1016 2
7f96a24e2000 54 32 1103 4
7f96a24e1000 72 38 1214 4
7f96a24e0000 29 18 1261 4
7f96a24df000 36 22 1320 4
7f96a24de000 27 18 1366 4
7f96a24dc000 46 20 1433 4
7f96a24db000 41 21 1495 4
7f96a24d8000 56 27 1579 4
7f96a24d5000 55 27 1662 4
7f96a2564000 104 44 1810 4
7f96a2563000 105 39 1954 4
7f96a2533000 94 20 2069 5
7f96a2532000 113 14 2196 5
7f96a2531000 72 28 2296 5
7f96a252f000 78 11 2385 5
7f96a2437000 79 14 2478 6
7f96a2436000 38 8 2525 6
7f96a2435000 55 7 2587 6
7f96a2434000 89 9 2685 6
7f96a2433000 35 6 2726 6
7f96a242b000 47 7 2780 6
7f96a242a000 44 8 2833 6
7f96a2429000 65 7 2905 6
7f96a2486000 76 11 2992 8
2995 8
0x40e000
40e000 31 16 47 0
7f96a24a3000 86 63 197 3
7f96a24a2000 90 26 313 4
7f96a2563000 103 21 438 4
7f96a24a1000 62 18 519 4
7f96a24a0000 84 19 623 4
7f96a2498000 157 24 804 5
7f96a249f000 98 12 914 5
7f96a249e000 70 17 1002 5
7f96a2499000 63 20 1085 5
7f96a2426000 126 9 1220 5
7f96a2465000 57 11 1289 5
7f96a2533000 94 15 1399 5
7f96a2532000 112 14 1525 5
7f96a2531000 71 28 1624 5
7f96a252f000 78 11 1713 5
407000 19 7 1739 5
40d000 41 10 1790 5
42d000 445 27 2263 5
7f96a2ebe000 60 19 2343 5
7f96a2ebd000 56 21 2421 6
7f96a2ec7000 65 22 2508 6
7f96a2eba000 214 8 2731 6
408000 37 6 2775 6
7f96a24e3000 54 12 2842 6
7f96a24e2000 55 8 2905 7
7f96a24e1000 72 5 2983 7
7f96a24e0000 29 2 3014 7
7f96a24df000 37 3 3055 7
7f96a24de000 27 3 3085 7
7f96a24dc000 46 3 3134 7
7f96a24db000 41 3 3178 7
7f96a24d8000 55 4 3238 7
7f96a24d5000 54 4 3296 7
7f96a2564000 103 6 3406 7
7f96a2437000 79 4 3489 7
7f96a2436000 38 3 3531 7
7f96a2435000 55 3 3590 7
7f96a2434000 88 4 3682 7
7f96a2433000 34 3 3720 7
7f96a242b000 47 3 3770 7
7f96a242a000 43 4 3818 7
7f96a2429000 64 3 3886 7
7f96a2486000 76 5 3968 8
3972 8
0x40f000
40f000 25 18 44 0
7f96a24a3000 86 63 194 3
7f96a24a2000 89 26 310 4
7f96a2563000 103 21 435 4
7f96a24a1000 62 18 516 4
7f96a24a0000 84 19 620 4
7f96a2498000 157 24 801 5
7f96a249f000 97 12 910 5
7f96a249e000 70 17 998 5
7f96a2499000 63 19 1080 5
7f96a2426000 126 10 1217 5
7f96a2465000 58 11 1286 5
7f96a2533000 94 15 1395 5
7f96a2532000 113 13 1521 5
7f96a2531000 70 28 1620 5
7f96a252f000 78 11 1709 5
407000 19 7 1735 5
40e000 31 7 1773 5
40d000 40 10 1824 5
42d000 442 28 2295 5
7f96a2ebe000 59 19 2374 5
7f96a2ebd000 56 21 2452 6
7f96a2ec7000 65 22 2540 6
7f96a2eba000 216 9 2766 6
408000 37 6 2810 6
7f96a24e3000 55 12 2878 6
7f96a24e2000 55 9 2942 7
7f96a24e1000 72 6 3020 7
7f96a24e0000 29 2 3051 7
7f96a24df000 37 3 3092 7
7f96a24de000 27 2 3122 7
7f96a24dc000 46 3 3172 7
7f96a24db000 41 3 3216 7
7f96a24d8000 56 3 3276 7
7f96a24d5000 55 3 3335 7
7f96a2564000 103 6 3445 7
7f96a2437000 78 4 3528 7
7f96a2436000 38 4 3571 7
7f96a2435000 55 3 3629 7
7f96a2434000 88 5 3723 7
7f96a2433000 35 3 3761 7
7f96a242b000 47 4 3812 7
7f96a242a000 43 4 3860 7
7f96a2429000 65 3 3928 7
7f96a2486000 77 5 4011 8
4016 8
0x41a000
41a000 42 26 69 2
42d000 449 62 581 2
408000 37 23 642 2
407000 19 16 678 2
7f96a24e3000 55 44 777 3
7f96a2426000 127 21 926 3
7f96a24e2000 54 30 1011 5
7f96a24e1000 73 16 1100 5
7f96a24e0000 29 8 1137 5
7f96a24df000 37 9 1183 5
7f96a24de000 27 8 1219 5
7f96a24dc000 46 9 1275 5
7f96a24db000 41 10 1326 5
7f96a24d8000 56 12 1394 5
7f96a24d5000 55 11 1460 5
7f96a2564000 103 18 1582 5
7f96a2563000 104 16 1703 5
7f96a2533000 94 15 1813 5
7f96a2532000 112 14 1939 5
7f96a2531000 70 28 2038 5
7f96a252f000 77 11 2126 5
7f96a2437000 77 14 2218 6
7f96a2436000 38 7 2264 6
7f96a2435000 54 7 2326 6
7f96a2434000 88 9 2423 6
7f96a2433000 35 6 2464 6
7f96a242b000 47 7 2518 6
7f96a242a000 43 9 2571 6
7f96a2429000 65 6 2642 6
7f96a2486000 76 11 2730 8
2733 8
0x419000
419000 44 17 62 0
408000 37 22 122 1
407000 19 16 158 1
7f96a24e3000 55 44 257 2
7f96a2426000 127 21 405 2
7f96a24e2000 54 32 492 4
7f96a24e1000 72 38 602 4
7f96a24e0000 29 17 648 4
7f96a24df000 37 21 707 4
7f96a24de000 27 18 753 4
7f96a24dc000 46 19 819 4
7f96a24db000 41 21 882 4
7f96a24d8000 55 27 965 4
7f96a24d5000 54 27 1047 4
7f96a2564000 103 43 1194 4
7f96a2563000 104 39 1338 4
7f96a2533000 94 19 1451 5
7f96a2532000 112 14 1578 5
7f96a2531000 71 27 1676 5
7f96a252f000 77 11 1765 5
7f96a2437000 78 14 1858 6
7f96a2436000 38 7 1904 6
7f96a2435000 55 7 1966 6
7f96a2434000 88 9 2063 6
7f96a2433000 34 6 2104 6
7f96a242b000 47 7 2159 6
7f96a242a000 43 8 2211 6
7f96a2429000 64 7 2283 6
7f96a2486000 77 10 2370 8
2373 8
0x418000
418000 53 20 73 0
7f96a2ec7000 64 81 219 2
408000 37 23 279 2
407000 18 16 314 2
7f96a24e3000 54 44 413 2
7f96a2426000 127 21 562 2
7f96a24e2000 54 32 648 4
7f96a24e1000 72 38 758 4
7f96a24e0000 29 17 804 4
7f96a24df000 36 22 863 4
7f96a24de000 26 19 909 4
7f96a24dc000 46 20 975 4
7f96a24db000 41 21 1037 4
7f96a24d8000 55 27 1120 4
7f96a24d5000 54 27 1202 4
7f96a2564000 103 43 1348 4
7f96a2563000 104 39 1492 4
7f96a2533000 94 19 1605 5
7f96a2532000 112 14 1732 5
7f96a2531000 71 28 1831 5
7f96a252f000 77 11 1919 5
7f96a2437000 77 14 2011 6
7f96a2436000 38 7 2057 6
7f96a2435000 54 7 2119 6
7f96a2434000 88 9 2217 6
7f96a2433000 34 6 2258 6
7f96a242b000 47 8 2313 6
7f96a242a000 44 8 2365 6
7f96a2429000 65 7 2437 6
7f96a2486000 77 11 2525 8
2527 8
