0x404000
404000 82 39 122 0
632000 1082 162 1367 0
403000 33 23 1423 1
402000 17 16 1457 1
634000 1073 159 2689 1
5f8000 56 29 2775 1
5c7000 56 26 2858 1
5c6000 52 33 2944 3
59f000 53 16 3014 3
633000 1074 111 4200 3
505000 72 17 4290 3
504000 54 14 4359 4
549000 90 17 4466 4
7f736669f000 75 35 4577 4
599000 80 16 4673 4
4df000 33 9 4716 5
58a000 50 7 4774 6
589000 91 11 4877 6
50f000 68 8 4954 6
412000 56 7 5018 6
5b3000 46 6 5070 6
617000 68 8 5147 7
5b2000 29 3 5179 7
635000 130 5 5315 7
631000 250 7 5572 7
7f736644b000 44 4 5621 7
7f736644a000 59 3 5684 7
7f7366449000 71 3 5759 7
7f7366452000 58 5 5823 8
5836 8
0x632000
632000 1072 161 1234 0
1234 0
0x403000
403000 32 24 56 1
402000 16 16 89 1
634000 1072 160 1322 1
5f8000 56 30 1409 1
5c7000 56 26 1492 1
5c6000 53 32 1578 3
59f000 54 16 1649 3
633000 1085 112 2847 3
505000 73 16 2937 3
504000 55 13 3006 4
549000 90 17 3114 4
632000 1082 90 4287 4
7f736669f000 77 34 4398 4
599000 80 16 4495 4
4df000 33 10 4539 5
58a000 50 7 4597 6
589000 91 12 4701 6
50f000 69 7 4778 6
412000 57 7 4843 6
5b3000 47 6 4896 6
617000 68 8 4973 7
5b2000 30 2 5005 7
635000 132 4 5142 7
631000 251 7 5400 7
7f736644b000 44 4 5450 7
7f736644a000 61 2 5513 7
7f7366449000 72 3 5589 7
7f7366452000 58 6 5654 8
5665 8
0x402000
402000 17 16 33 0
33 0
0x634000
634000 1081 160 1241 0
1241 0
0x5f8000
5f8000 56 30 86 1
5c7000 56 26 169 1
634000 1084 159 1413 1
5c6000 52 33 1499 3
59f000 54 16 1570 3
633000 1085 112 2768 3
505000 72 17 2858 3
504000 55 13 2927 4
403000 32 10 2970 4
402000 17 7 2995 4
45c000 52 12 3059 4
45b000 48 11 3119 4
7f73666a5000 32 14 3166 5
7f73666a4000 55 20 3242 6
7f73666a3000 65 11 3318 6
7f736667f000 126 6 3451 6
7f73666a2000 61 6 3519 6
7f73666a1000 48 11 3579 6
7f736678c000 94 10 3683 6
7f736678b000 112 8 3803 6
7f736678a000 69 19 3892 6
7f7366788000 77 7 3976 6
7f7366742000 42 7 4026 6
7f73666f1000 157 13 4196 6
7f7366690000 79 9 4284 6
7f736668f000 38 7 4329 6
7f736668e000 55 6 4390 6
7f736668d000 88 8 4486 6
7f736668c000 34 5 4526 6
7f7366684000 46 7 4580 6
7f7366683000 43 7 4631 6
7f7366682000 64 6 4702 6
7f73667bc000 104 10 4817 6
7f73666df000 76 10 4904 7
7f73666ec000 88 5 4997 7
7f73666eb000 80 6 5083 7
7f7366770000 57 12 5152 7
7f736676b000 55 7 5214 7
7f736676a000 78 13 5306 7
7f7366769000 63 7 5376 7
7f7366768000 47 3 5427 7
7f7366767000 45 3 5475 7
7f73666fc000 86 9 5570 7
7f73666fb000 88 7 5666 7
7f73666fa000 63 4 5733 7
7f73666f9000 84 5 5823 7
7f73666f8000 98 4 5925 7
7f73666f7000 70 6 6001 7
7f73666f2000 62 7 6070 7
7f73666be000 58 3 6131 7
7f7366766000 54 3 6189 7
7f7366765000 50 3 6243 7
7f7366764000 36 2 6282 7
7f7366763000 47 3 6333 7
7f7366762000 40 3 6377 7
7f7366761000 44 4 6425 7
7f736679b000 55 3 6483 7
7f736677d000 69 13 6565 7
7f73666ea000 62 4 6632 7
7f7366775000 61 7 6701 7
7f7366771000 80 10 6792 7
7f7366774000 50 5 6847 7
7f73666ee000 106 7 6961 7
7f7366773000 96 6 7063 7
7f7366772000 62 8 7134 7
7f73666bf000 32 4 7171 7
7f73666e8000 49 3 7223 7
7f7366740000 49 4 7277 7
7f736673f000 58 7 7342 7
7f73667a1000 45 4 7392 7
7f73667a0000 59 5 7457 7
7f736679f000 50 5 7512 7
7f736679e000 65 5 7582 8
7589 8
0x5c7000
5c7000 57 26 83 1
634000 1084 160 1328 1
5c6000 52 33 1414 3
59f000 53 17 1485 3
633000 1085 112 2683 3
505000 73 17 2773 3
504000 55 13 2842 4
403000 32 10 2885 4
402000 17 7 2910 4
5f8000 56 13 2979 4
538000 67 14 3061 4
537000 41 11 3114 4
575000 43 9 3167 4
536000 45 12 3225 5
535000 47 8 3281 5
424000 52 9 3343 5
5ab000 53 8 3404 5
5aa000 46 9 3460 5
5a9000 52 7 3520 5
44c000 61 11 3593 6
632000 1084 55 4733 6
4d1000 67 7 4808 6
482000 59 6 4873 6
49f000 65 7 4946 6
49e000 48 4 4999 6
49d000 63 4 5067 6
49c000 49 6 5123 6
49b000 44 5 5173 6
5c1000 62 5 5241 6
7f73667ea000 82 6 5330 6
528000 46 4 5381 6
7f736669f000 76 18 5476 6
530000 40 4 5520 6
52f000 56 5 5582 6
7f736670e000 58 6 5647 6
7f736670d000 51 3 5701 6
7f736670c000 46 3 5751 6
564000 112 10 5874 7
563000 39 2 5916 7
7f7366707000 77 2 5996 7
631000 250 6 6253 7
47a000 70 3 6327 7
51e000 55 3 6387 7
51d000 66 2 6456 7
51c000 61 2 6520 7
51b000 74 2 6596 7
472000 63 2 6662 7
471000 37 2 6702 7
470000 48 1 6752 7
568000 75 3 6830 7
4b8000 57 2 6890 7
4b7000 72 4 6967 7
4b6000 43 1 7012 7
515000 38 1 7052 7
525000 90 4 7147 7
509000 55 2 7205 7
508000 59 2 7267 7
507000 40 1 7309 7
475000 51 3 7364 7
474000 67 2 7434 7
473000 71 3 7509 7
543000 65 1 7576 7
542000 54 1 7632 7
541000 66 2 7701 7
5be000 83 2 7787 7
540000 31 1 7819 7
53f000 22 0 7842 7
53e000 35 0 7878 7
53d000 61 2 7942 7
7f7366718000 64 10 8017 7
7f7366717000 102 6 8126 7
4f1000 68 2 8197 7
5d1000 49 2 8249 7
4f6000 57 2 8309 7
4df000 33 2 8345 7
58a000 50 2 8398 7
589000 91 5 8495 7
50f000 69 3 8568 7
412000 57 3 8629 7
5b3000 47 2 8678 7
617000 68 3 8750 8
8784 8
0x5c6000
5c6000 53 33 86 2
59f000 54 20 160 2
633000 1087 130 1378 2
505000 72 20 1471 2
634000 1082 122 2676 2
504000 55 16 2748 3
403000 32 13 2794 4
402000 17 6 2818 4
5f8000 56 13 2888 4
5c7000 57 11 2957 4
7f736670e000 58 13 3029 4
7f736670d000 51 7 3087 4
7f736670c000 46 8 3142 4
7f7366718000 63 43 3249 5
7f7366717000 101 20 3371 5
4f0000 46 8 3426 5
632000 1085 74 4585 5
7f736669f000 77 26 4688 5
532000 56 9 4754 5
552000 108 16 4879 5
631000 253 17 5150 5
551000 75 30 5257 5
584000 80 10 5347 5
44b000 46 9 5403 5
4a8000 71 12 5488 5
4a7000 77 14 5580 5
61f000 65 9 5654 5
61e000 42 6 5703 5
5a8000 60 9 5773 5
507000 39 7 5820 5
475000 51 12 5884 5
474000 67 11 5963 5
473000 71 11 6046 5
472000 63 10 6120 5
471000 37 8 6166 5
470000 48 8 6222 5
568000 75 12 6309 5
4b8000 58 6 6374 5
4b7000 72 16 6463 5
4b6000 43 7 6514 5
515000 37 8 6560 5
525000 89 15 6665 5
509000 55 10 6730 5
508000 58 11 6800 5
5d0000 65 13 6879 5
7f7366707000 78 8 6966 5
4e9000 37 6 7010 5
5e0000 64 10 7085 5
5df000 50 7 7143 5
45f000 31 7 7182 6
51a000 39 6 7229 6
7f7366719000 66 17 7313 6
519000 36 5 7354 6
527000 49 8 7412 6
526000 78 8 7499 6
5c9000 68 9 7577 6
553000 53 10 7641 6
5c8000 69 11 7721 6
514000 37 6 7765 6
60e000 95 6 7867 6
60d000 56 5 7929 6
60c000 41 6 7977 6
443000 51 7 8036 6
50e000 51 6 8094 6
50d000 68 11 8174 6
7f73666f1000 156 13 8345 6
4d8000 59 8 8412 6
4d7000 69 9 8491 6
4d6000 65 9 8566 6
5f7000 57 8 8631 6
5f6000 44 7 8683 6
48c000 48 8 8740 6
48b000 63 9 8813 6
48a000 57 8 8879 6
489000 53 6 8939 6
4bb000 42 6 8989 6
4ba000 63 8 9061 6
7f73666a5000 31 9 9102 6
7f73666a4000 55 14 9172 6
7f73666a3000 65 11 9248 6
7f736667f000 127 6 9382 6
7f73666a2000 61 7 9450 6
7f73666a1000 48 11 9510 6
7f736678c000 93 10 9613 6
7f736678b000 112 9 9735 6
7f736678a000 69 19 9823 6
7f7366788000 77 7 9907 6
7f7366742000 42 7 9957 6
7f7366690000 77 9 10044 6
7f736668f000 38 6 10089 6
7f736668e000 54 7 10151 6
7f736668d000 88 8 10247 6
7f736668c000 34 5 10287 6
7f7366684000 47 6 10341 6
7f7366683000 43 8 10393 6
7f7366682000 65 6 10464 6
7f73667bc000 104 11 10579 6
7f73666df000 76 10 10665 7
7f73666ec000 89 5 10759 7
7f73666eb000 80 6 10845 7
7f7366770000 57 12 10914 7
7f736676b000 55 8 10977 7
7f736676a000 79 12 11068 7
7f7366769000 62 8 11139 7
7f7366768000 47 2 11189 7
7f7366767000 45 2 11237 7
7f73666fc000 86 9 11333 7
7f73666fb000 89 7 11429 7
7f73666fa000 63 4 11496 7
7f73666f9000 83 5 11585 7
7f73666f8000 97 4 11687 7
7f73666f7000 69 6 11763 7
7f73666f2000 62 7 11832 7
7f73666be000 57 4 11893 7
7f7366766000 55 3 11951 7
7f7366765000 49 3 12004 7
7f7366764000 36 2 12043 7
7f7366763000 47 3 12094 7
7f7366762000 40 3 12137 7
7f7366761000 44 3 12184 7
7f736679b000 54 3 12242 7
7f736677d000 68 13 12324 7
7f73666ea000 61 5 12391 7
7f7366775000 61 7 12459 7
7f7366771000 80 9 12549 7
7f7366774000 49 5 12604 7
7f73666ee000 106 6 12717 7
7f7366773000 94 7 12819 7
7f7366772000 62 9 12890 7
7f73666bf000 32 4 12926 7
7f73666e8000 48 4 12978 7
7f7366740000 49 4 13031 7
7f736673f000 57 8 13096 7
7f73667a1000 46 4 13146 7
7f73667a0000 59 5 13210 7
7f736679f000 49 4 13264 7
7f736679e000 64 5 13334 8
13369 8
0x59f000
59f000 53 28 82 1
633000 1078 167 1328 1
505000 72 29 1430 1
634000 1075 159 2665 1
504000 54 24 2744 2
403000 33 23 2800 3
402000 17 16 2834 3
5f8000 56 29 2919 3
5c7000 56 26 3002 3
5c6000 52 33 3088 4
45d000 57 13 3159 5
503000 64 11 3235 5
4d8000 57 11 3304 5
632000 1076 73 4454 5
4d7000 67 12 4534 5
4d6000 64 12 4611 5
631000 249 17 4877 5
5f7000 56 10 4945 5
5f6000 43 9 4998 5
4a8000 72 11 5082 5
4a7000 77 13 5173 5
61f000 64 9 5247 5
61e000 42 6 5296 5
5a8000 60 9 5366 5
7f7366718000 63 33 5462 5
7f7366717000 100 20 5583 5
507000 39 6 5629 5
475000 51 12 5693 5
474000 66 12 5772 5
473000 71 11 5854 5
472000 63 10 5928 5
471000 37 7 5973 5
470000 47 8 6029 5
568000 74 12 6115 5
4b8000 57 7 6180 5
4b7000 72 15 6268 5
4b6000 43 7 6319 5
515000 38 7 6364 5
525000 89 14 6468 5
509000 55 9 6533 5
7f736669f000 76 27 6637 5
508000 59 10 6706 5
5d0000 65 13 6785 5
7f7366707000 77 8 6871 5
4e9000 36 7 6915 5
5e0000 63 10 6989 5
5df000 49 7 7046 5
45f000 31 8 7086 6
51a000 39 6 7132 6
7f7366719000 65 17 7215 6
519000 36 5 7256 6
527000 49 8 7314 6
526000 78 8 7401 6
5c9000 66 9 7477 6
553000 53 9 7540 6
5c8000 67 12 7620 6
514000 36 6 7663 6
60e000 94 7 7765 6
60d000 56 5 7827 6
60c000 40 6 7874 6
443000 51 8 7934 6
50e000 50 6 7991 6
50d000 67 11 8070 6
7f73666f1000 156 12 8240 6
586000 49 7 8297 6
585000 43 9 8350 7
7f73666a5000 32 4 8387 7
7f73666a4000 55 8 8450 7
7f73666a3000 65 6 8521 7
7f736667f000 126 3 8650 7
7f73666a2000 61 3 8714 7
7f73666a1000 48 6 8769 7
7f736678c000 93 5 8867 7
7f736678b000 111 5 8984 7
7f736678a000 69 10 9063 7
7f7366788000 77 3 9143 7
7f7366742000 42 3 9189 7
7f7366690000 77 5 9272 7
7f736668f000 38 3 9313 7
7f736668e000 54 3 9371 7
7f736668d000 87 5 9463 7
7f736668c000 34 3 9500 7
7f7366684000 47 3 9550 7
7f7366683000 43 4 9598 7
7f7366682000 64 3 9665 7
7f73667bc000 102 6 9774 7
7f73666df000 76 5 9855 7
7f73666ec000 88 5 9948 7
7f73666eb000 79 6 10033 7
7f7366770000 56 11 10101 7
7f736676b000 54 8 10164 7
7f736676a000 78 13 10255 7
7f7366769000 62 8 10325 7
7f7366768000 47 2 10375 7
7f7366767000 45 2 10423 7
7f73666fc000 85 9 10518 7
7f73666fb000 88 7 10613 7
7f73666fa000 62 5 10680 7
7f73666f9000 83 5 10769 7
7f73666f8000 97 4 10870 7
7f73666f7000 70 5 10946 7
7f73666f2000 61 7 11015 7
7f73666be000 57 4 11076 7
7f7366766000 55 3 11134 7
7f7366765000 49 3 11187 7
7f7366764000 36 2 11226 7
7f7366763000 47 3 11277 7
7f7366762000 40 3 11320 7
7f7366761000 45 3 11368 7
7f736679b000 54 3 11426 7
7f736677d000 68 14 11508 7
7f73666ea000 62 4 11574 7
7f7366775000 61 7 11643 7
7f7366771000 80 9 11733 7
7f7366774000 49 5 11788 7
7f73666ee000 105 7 11901 7
7f7366773000 95 6 12002 7
7f7366772000 61 9 12073 7
7f73666bf000 32 4 12109 7
7f73666e8000 47 4 12161 7
7f7366740000 49 4 12215 7
7f736673f000 57 7 12279 7
7f73667a1000 45 4 12329 7
7f73667a0000 59 5 12394 7
7f736679f000 49 5 12448 7
7f736679e000 65 5 12518 8
12550 8
0x633000
633000 1082 168 1250 0
505000 73 28 1351 0
634000 1074 161 2587 0
504000 55 23 2665 1
403000 32 24 2722 2
402000 17 16 2755 2
5f8000 55 30 2841 2
5c7000 56 26 2924 2
5c6000 52 32 3009 4
59f000 53 13 3076 4
59e000 52 11 3140 4
511000 69 15 3225 4
510000 46 10 3282 4
50f000 69 15 3366 4
412000 57 15 3439 4
5b3000 46 13 3498 4
632000 1072 89 4660 4
617000 68 15 4744 5
5b2000 29 7 4781 5
635000 131 11 4924 5
631000 249 18 5192 5
7f736644b000 44 10 5247 5
7f736644a000 60 8 5315 5
7f7366449000 71 10 5397 5
7f7366452000 58 15 5470 6
7f7366451000 55 5 5531 6
7f7366450000 60 7 5599 6
7f736644e000 61 6 5667 6
7f7366455000 246 17 5931 6
7f736644d000 95 7 6034 6
7f736644c000 36 5 6076 6
7f7366453000 36 6 6119 6
7f7366454000 122 11 6253 6
7f7366448000 52 5 6311 6
7f736644f000 35 5 6353 6
408000 60 6 6422 6
7f736669f000 76 19 6518 6
7f7366707000 77 6 6601 6
594000 49 7 6658 6
593000 68 7 6733 6
7f7366718000 63 23 6820 7
7f7366717000 100 9 6930 7
7f736670e000 57 4 6991 7
7f736670d000 50 3 7045 7
7f736670c000 45 3 7094 7
618000 71 5 7171 7
434000 63 4 7239 7
5d4000 54 5 7298 8
7310 8
0x505000
505000 72 29 101 0
634000 1076 159 1337 0
504000 55 23 1416 1
633000 1077 168 2662 1
60f000 92 37 2791 1
5e4000 76 52 2920 2
451000 68 26 3015 2
7f7366718000 63 68 3147 4
7f7366717000 101 28 3276 4
403000 33 11 3320 4
402000 17 7 3345 4
5f8000 55 15 3416 4
5c7000 55 13 3485 4
5c6000 52 16 3554 5
59f000 53 9 3617 5
59e000 53 8 3679 5
511000 68 12 3760 5
510000 45 8 3814 5
50f000 68 12 3895 5
412000 57 11 3964 5
5b3000 47 9 4020 5
632000 1073 74 5168 5
617000 68 12 5248 6
5b2000 30 5 5283 6
635000 130 8 5422 6
631000 249 13 5685 6
7f736644b000 44 7 5737 6
7f736644a000 60 6 5803 6
7f7366449000 71 6 5881 6
7f7366452000 57 11 5950 7
7f7366451000 55 3 6009 7
7f7366450000 60 3 6073 7
7f736644e000 61 4 6139 7
7f7366455000 244 11 6394 7
7f736644d000 95 4 6494 7
7f736644c000 36 2 6533 7
7f7366453000 37 3 6574 7
7f7366454000 122 6 6703 7
7f7366448000 52 3 6759 7
7f736644f000 35 3 6799 7
408000 59 4 6865 7
7f736669f000 76 11 6953 7
7f7366707000 77 4 7034 7
594000 49 4 7087 7
593000 67 4 7159 7
7f736670e000 57 4 7221 7
7f736670d000 50 3 7275 7
7f736670c000 46 3 7324 7
618000 71 5 7401 7
434000 63 4 7469 7
5d4000 54 5 7528 8
7541 8
0x504000
504000 54 24 79 1
79 1
0x549000
549000 90 37 127 0
632000 1072 162 1362 0
633000 1075 168 2605 0
505000 72 29 2707 0
634000 1081 159 3947 0
504000 54 24 4026 1
403000 32 23 4082 2
402000 17 16 4116 2
5f8000 56 29 4201 2
5c7000 56 26 4284 2
5c6000 52 33 4370 4
59f000 53 12 4436 4
59e000 53 10 4500 4
511000 69 16 4586 4
510000 46 10 4642 4
50f000 68 16 4727 4
412000 56 15 4799 4
5b3000 47 13 4859 4
617000 68 16 4943 5
5b2000 30 7 4980 5
635000 131 11 5123 5
631000 249 18 5391 5
7f736644b000 44 10 5446 5
7f736644a000 60 8 5514 5
7f7366449000 71 9 5595 5
7f7366452000 58 15 5669 6
7f7366451000 55 5 5730 6
7f7366450000 60 7 5798 6
7f736644e000 61 6 5866 6
7f7366455000 245 17 6129 6
7f736644d000 95 7 6232 6
7f736644c000 35 6 6274 6
7f7366453000 37 6 6317 6
7f7366454000 122 11 6451 6
7f7366448000 52 5 6509 6
7f736644f000 35 5 6551 6
408000 60 6 6620 6
7f736669f000 76 19 6716 6
7f7366707000 77 6 6799 6
594000 49 7 6856 6
593000 68 7 6931 6
7f7366718000 63 23 7018 7
7f7366717000 101 8 7128 7
7f736670e000 58 4 7190 7
7f736670d000 51 2 7243 7
7f736670c000 46 2 7292 7
618000 72 5 7370 7
434000 62 4 7437 7
5d4000 54 5 7497 8
7509 8
0x599000
599000 80 35 115 0
4df000 33 22 171 1
632000 1074 161 1407 1
633000 1078 168 2654 1
505000 73 29 2757 1
634000 1083 160 4001 1
504000 55 24 4081 2
403000 33 23 4137 3
402000 17 16 4171 3
5f8000 56 30 4257 3
5c7000 57 26 4341 3
5c6000 52 29 4423 5
59f000 53 9 4486 5
59e000 53 7 4547 5
511000 70 11 4629 5
510000 45 8 4683 5
50f000 69 12 4764 5
412000 57 10 4832 5
5b3000 46 9 4888 5
617000 69 11 4969 6
5b2000 30 4 5004 6
635000 132 8 5145 6
631000 251 13 5409 6
7f736644b000 44 6 5460 6
7f736644a000 61 5 5527 6
7f7366449000 71 6 5605 6
7f7366452000 57 11 5674 7
7f7366451000 54 3 5732 7
7f7366450000 60 3 5796 7
7f736644e000 61 3 5861 7
7f7366455000 244 10 6116 7
7f736644d000 95 4 6216 7
7f736644c000 36 3 6255 7
7f7366453000 36 3 6295 7
7f7366454000 123 5 6424 7
7f7366448000 52 3 6480 7
7f736644f000 36 2 6519 7
408000 60 3 6585 7
7f736669f000 76 10 6672 7
7f7366707000 78 2 6752 7
594000 49 3 6805 7
593000 68 3 6877 7
7f7366718000 63 12 6953 8
6964 8
0x4df000
4df000 32 23 56 1
632000 1074 162 1293 1
633000 1077 167 2537 1
505000 72 29 2639 1
634000 1076 159 3875 1
504000 55 23 3954 2
403000 32 23 4010 3
402000 17 16 4044 3
5f8000 56 29 4129 3
5c7000 56 26 4212 3
5c6000 52 28 4293 5
59f000 53 9 4356 5
59e000 53 7 4417 5
511000 69 11 4498 5
510000 46 7 4552 5
50f000 68 11 4632 5
412000 57 10 4700 5
5b3000 46 9 4756 5
617000 68 12 4837 6
5b2000 30 4 4871 6
635000 131 8 5011 6
631000 249 12 5272 6
7f736644b000 43 7 5324 6
7f736644a000 59 6 5390 6
7f7366449000 71 6 5468 6
7f7366452000 57 10 5536 7
7f7366451000 55 3 5595 7
7f7366450000 60 3 5659 7
7f736644e000 61 3 5724 7
7f7366455000 244 10 5979 7
7f736644d000 96 3 6079 7
7f736644c000 36 2 6118 7
7f7366453000 36 3 6158 7
7f7366454000 122 6 6288 7
7f7366448000 52 3 6344 7
7f736644f000 36 2 6383 7
408000 60 3 6449 7
7f736669f000 75 10 6535 7
7f7366707000 77 3 6616 7
594000 49 3 6669 7
593000 68 3 6741 7
7f7366718000 63 12 6817 8
6827 8
0x58a000
58a000 50 23 73 1
634000 1076 143 1293 1
589000 91 44 1429 2
50f000 68 25 1523 3
412000 57 20 1601 3
5b3000 46 18 1665 4
632000 1074 91 2831 4
617000 68 16 2916 5
5b2000 30 7 2953 5
635000 132 12 3098 5
631000 249 19 3367 5
7f736644b000 44 10 3422 5
7f736644a000 59 9 3491 5
7f7366449000 71 9 3572 5
7f7366452000 58 16 3647 6
7f7366451000 54 6 3708 6
7f7366450000 60 7 3776 6
7f736644e000 61 7 3845 7
7f7366455000 244 11 4101 7
7f736644d000 96 3 4201 7
7f736644c000 36 3 4241 7
7f7366453000 37 3 4281 7
7f7366454000 122 6 4411 7
7f7366448000 52 3 4467 7
7f736644f000 36 2 4506 7
403000 32 4 4545 7
402000 17 2 4564 7
5f8000 55 4 4624 7
5c7000 56 4 4685 7
5c6000 52 4 4742 7
59f000 53 4 4800 7
633000 1079 43 5923 7
505000 72 4 6000 7
504000 55 3 6059 7
549000 90 5 6154 7
7f736669f000 75 12 6242 7
599000 80 5 6327 7
4df000 33 3 6364 8
6374 8
0x589000
589000 91 50 141 1
50f000 69 30 241 2
412000 58 23 322 2
5b3000 46 21 390 3
632000 1076 107 1574 3
617000 68 20 1663 4
5b2000 30 10 1703 4
635000 131 16 1850 4
631000 249 24 2123 4
7f736644b000 44 13 2181 4
7f736644a000 59 11 2252 4
7f7366449000 71 13 2337 4
7f7366452000 58 21 2416 5
7f7366451000 54 9 2480 5
7f7366450000 61 10 2551 5
7f736644e000 61 9 2622 6
7f7366455000 245 17 2885 6
7f736644d000 95 7 2988 6
7f736644c000 35 6 3030 6
7f7366453000 37 6 3073 6
7f7366454000 122 11 3207 6
7f7366448000 52 5 3265 6
7f736644f000 35 5 3307 6
403000 33 5 3348 6
402000 17 4 3370 6
634000 1074 56 4500 6
5f8000 55 8 4564 6
5c7000 56 6 4627 6
5c6000 52 8 4688 6
59f000 53 7 4749 6
633000 1081 59 5890 6
505000 72 7 5970 6
504000 55 6 6032 6
549000 89 10 6131 6
7f736669f000 76 18 6226 6
599000 80 9 6316 6
4df000 32 6 6355 7
58a000 50 3 6409 8
6419 8
0x50f000
50f000 68 35 103 1
412000 57 31 192 1
5b3000 46 29 268 3
632000 1074 108 1451 3
617000 68 20 1539 4
5b2000 29 10 1579 4
635000 130 16 1726 4
631000 250 24 2000 4
7f736644b000 43 13 2058 4
7f736644a000 60 11 2130 4
7f7366449000 71 13 2215 4
7f7366452000 58 21 2294 5
7f7366451000 54 8 2357 5
7f7366450000 60 11 2429 5
7f736644e000 60 10 2500 6
7f7366455000 245 17 2763 6
7f736644d000 96 6 2866 6
7f736644c000 36 5 2908 6
7f7366453000 36 6 2951 6
7f7366454000 122 11 3086 6
7f7366448000 52 6 3145 6
7f736644f000 36 4 3186 6
403000 32 6 3228 6
402000 16 4 3249 6
634000 1079 56 4385 6
5f8000 55 8 4449 6
5c7000 56 6 4512 6
5c6000 52 8 4573 6
59f000 53 7 4634 6
633000 1076 59 5770 6
505000 72 8 5851 6
504000 54 6 5912 6
549000 89 9 6011 6
7f736669f000 76 19 6107 6
599000 80 9 6197 6
4df000 33 5 6236 7
58a000 51 2 6290 8
6300 8
0x412000
412000 57 31 89 0
89 0
0x5b3000
5b3000 46 29 75 3
632000 1076 107 1259 3
617000 68 20 1348 4
5b2000 30 9 1387 4
635000 131 16 1535 4
631000 249 24 1808 4
7f736644b000 43 13 1866 4
7f736644a000 60 11 1938 4
7f7366449000 72 12 2022 4
7f7366452000 58 20 2101 5
7f7366451000 55 8 2165 5
7f7366450000 60 10 2236 5
7f736644e000 62 9 2308 6
7f7366455000 245 17 2571 6
7f736644d000 95 7 2674 6
7f736644c000 35 6 2716 6
7f7366453000 36 6 2759 6
7f7366454000 122 11 2893 6
7f7366448000 52 5 2951 6
7f736644f000 35 5 2993 6
403000 32 6 3034 6
402000 17 4 3056 6
634000 1073 56 4185 6
5f8000 56 7 4249 6
5c7000 56 7 4313 6
5c6000 51 9 4374 6
59f000 53 7 4435 6
633000 1077 59 5572 6
505000 73 7 5653 6
504000 55 5 5714 6
549000 89 10 5814 6
7f736669f000 76 19 5910 6
599000 80 9 5999 6
4df000 33 5 6038 7
58a000 51 2 6092 8
6101 8
0x617000
617000 68 34 102 3
103 3
0x5b2000
5b2000 30 18 48 0
635000 131 30 210 0
631000 248 47 506 0
7f736644b000 44 25 576 0
7f736644a000 60 21 658 0
7f7366449000 71 25 755 0
7f7366452000 57 40 853 2
7f7366451000 54 22 931 2
7f7366450000 60 28 1020 2
7f736644e000 61 17 1099 3
7f7366455000 244 37 1381 4
7f736644d000 95 13 1490 4
7f736644c000 36 11 1538 4
7f7366453000 37 12 1588 4
7f7366454000 122 21 1733 4
7f7366448000 52 11 1797 4
7f736644f000 36 10 1844 4
403000 32 13 1892 5
402000 17 7 1916 5
634000 1076 74 3066 5
5f8000 56 12 3135 5
5c7000 56 10 3202 5
5c6000 52 13 3268 6
59f000 58 8 3335 6
633000 1088 60 4483 6
505000 72 8 4564 6
504000 55 6 4626 6
549000 90 9 4725 6
632000 1086 57 5869 6
7f736669f000 76 19 5965 6
599000 81 9 6056 6
4df000 33 5 6095 7
58a000 51 3 6150 8
6157 8
0x635000
635000 132 30 163 0
631000 252 47 463 0
7f736644b000 45 25 534 0
7f736644a000 61 21 617 0
7f7366449000 72 25 715 0
7f7366452000 58 41 815 2
7f7366451000 55 23 894 2
7f7366450000 60 28 983 2
7f736644e000 62 18 1064 3
7f7366455000 248 37 1350 4
7f736644d000 97 14 1462 4
7f736644c000 36 11 1510 4
7f7366453000 37 13 1561 4
7f7366454000 123 22 1707 4
7f7366448000 52 12 1772 4
7f736644f000 36 11 1820 4
403000 32 13 1868 5
402000 17 7 1892 5
634000 1098 75 3066 5
5f8000 57 12 3136 5
5c7000 56 11 3204 5
5c6000 52 14 3271 6
59f000 53 8 3333 6
633000 1092 60 4486 6
505000 73 7 4567 6
504000 56 5 4629 6
549000 91 9 4730 6
632000 1091 58 5880 6
7f736669f000 77 19 5976 6
599000 81 9 6067 6
4df000 33 5 6106 7
58a000 51 3 6161 8
6168 8
0x631000
631000 252 47 300 0
301 0
0x408000
408000 60 25 85 1
632000 1089 163 1338 1
7f736669f000 77 72 1487 1
403000 33 20 1540 2
402000 17 12 1570 2
634000 1094 127 2792 2
5f8000 57 22 2871 2
5c7000 57 20 2949 2
5c6000 52 25 3027 4
59f000 54 12 3094 4
633000 1087 94 4276 4
505000 73 13 4362 4
504000 55 11 4429 4
549000 90 17 4536 4
599000 80 16 4634 4
4df000 33 10 4678 5
58a000 51 7 4737 6
589000 91 12 4841 6
50f000 69 7 4918 6
412000 58 6 4983 6
5b3000 46 6 5036 6
617000 69 7 5113 7
5b2000 29 3 5146 7
635000 132 4 5283 7
631000 251 7 5541 7
7f736644b000 44 4 5591 7
7f736644a000 61 3 5655 7
7f7366449000 72 3 5730 7
7f7366452000 58 6 5795 8
5807 8
0x594000
594000 49 27 76 0
5b3000 47 29 153 3
632000 1086 108 1348 3
617000 69 20 1437 4
5b2000 30 10 1477 4
635000 131 16 1625 4
631000 251 24 1901 4
7f736644b000 44 13 1959 4
7f736644a000 60 11 2031 4
7f7366449000 71 13 2116 4
7f7366452000 58 21 2196 5
7f7366451000 55 8 2260 5
7f7366450000 60 11 2332 5
7f736644e000 61 10 2404 6
7f7366455000 246 17 2668 6
7f736644d000 96 7 2772 6
7f736644c000 36 5 2814 6
7f7366453000 37 6 2858 6
7f7366454000 123 11 2993 6
7f7366448000 52 6 3052 6
7f736644f000 36 5 3094 6
403000 32 6 3135 6
402000 17 4 3157 6
634000 1086 56 4299 6
5f8000 56 7 4363 6
5c7000 57 6 4427 6
5c6000 52 9 4489 6
59f000 53 7 4550 6
633000 1087 60 5698 6
505000 72 8 5779 6
504000 55 6 5841 6
549000 90 10 5941 6
7f736669f000 77 19 6037 6
599000 80 9 6127 6
4df000 33 6 6167 7
58a000 50 3 6221 8
6230 8
0x593000
593000 68 27 95 0
634000 1089 160 1345 0
403000 32 24 1402 1
402000 16 17 1436 1
5f8000 56 30 1522 1
5c7000 56 26 1605 1
5c6000 52 33 1691 3
59f000 54 16 1762 3
633000 1088 112 2963 3
505000 73 17 3053 3
504000 55 13 3122 4
549000 90 18 3230 4
632000 1083 90 4403 4
7f736669f000 77 35 4515 4
599000 81 16 4612 4
4df000 33 9 4655 5
58a000 51 7 4714 6
589000 92 11 4818 6
50f000 69 8 4896 6
412000 57 7 4961 6
5b3000 47 6 5014 6
617000 69 7 5091 7
5b2000 30 3 5124 7
635000 131 4 5260 7
631000 251 7 5519 7
7f736644b000 44 3 5568 7
7f736644a000 60 3 5632 7
7f7366449000 71 4 5708 7
7f7366452000 57 6 5772 8
5784 8
0x618000
618000 72 37 110 1
434000 62 31 204 1
5c6000 52 33 290 3
59f000 53 16 360 3
633000 1087 112 1560 3
505000 73 16 1650 3
634000 1083 106 2840 3
504000 54 14 2909 4
403000 33 10 2952 4
402000 16 7 2976 4
5f8000 56 13 3045 4
5c7000 56 12 3114 4
7f736670e000 57 13 3185 4
7f736670d000 51 7 3243 4
7f736670c000 46 7 3297 4
7f7366718000 63 43 3404 5
7f7366717000 101 20 3525 5
4f0000 46 8 3580 5
632000 1075 73 4728 5
7f736669f000 76 26 4831 5
532000 56 9 4897 5
552000 106 16 5020 5
631000 249 17 5287 5
551000 75 29 5393 5
584000 79 10 5483 5
44b000 46 9 5539 5
4a8000 71 12 5624 5
4a7000 77 13 5715 5
61f000 64 9 5788 5
61e000 43 5 5837 5
5a8000 60 9 5907 5
507000 39 6 5953 5
475000 51 12 6017 5
474000 66 11 6095 5
473000 71 11 6178 5
472000 62 11 6252 5
471000 36 7 6296 5
470000 48 7 6352 5
568000 74 12 6439 5
4b8000 57 7 6504 5
4b7000 71 16 6592 5
4b6000 42 7 6642 5
515000 38 7 6688 5
525000 89 14 6792 5
509000 55 9 6857 5
508000 59 10 6927 5
5d0000 65 13 7006 5
7f7366707000 77 8 7092 5
4e9000 36 7 7136 5
5e0000 63 10 7210 5
5df000 49 7 7267 5
45f000 32 7 7307 6
51a000 39 6 7353 6
7f7366719000 65 17 7436 6
519000 36 5 7477 6
527000 49 8 7535 6
526000 77 8 7621 6
5c9000 67 9 7698 6
553000 53 9 7761 6
5c8000 67 12 7841 6
514000 36 6 7884 6
60e000 93 7 7985 6
60d000 55 5 8046 6
60c000 40 6 8093 6
443000 50 8 8153 6
50e000 50 6 8210 6
50d000 67 11 8289 6
7f73666f1000 155 12 8458 6
4d8000 57 9 8525 6
4d7000 68 9 8603 6
4d6000 64 9 8677 6
5f7000 57 8 8743 6
5f6000 43 7 8794 6
48c000 48 7 8850 6
48b000 64 8 8923 6
48a000 57 8 8989 6
489000 53 6 9049 6
4bb000 42 6 9098 6
4ba000 63 7 9169 6
7f73666a5000 31 9 9211 6
7f73666a4000 55 14 9280 6
7f73666a3000 64 11 9356 6
7f736667f000 126 6 9489 6
7f73666a2000 61 7 9557 6
7f73666a1000 49 10 9616 6
7f736678c000 93 10 9720 6
7f736678b000 111 9 9840 6
7f736678a000 69 19 9928 6
7f7366788000 77 7 10012 6
7f7366742000 42 7 10061 6
7f7366690000 77 9 10148 6
7f736668f000 38 7 10193 6
7f736668e000 55 6 10254 6
7f736668d000 87 9 10350 6
7f736668c000 34 6 10390 6
7f7366684000 47 6 10443 6
7f7366683000 43 7 10494 6
7f7366682000 64 6 10565 6
7f73667bc000 104 10 10679 6
7f73666df000 75 10 10765 7
7f73666ec000 88 4 10858 7
7f73666eb000 79 6 10944 7
7f7366770000 56 11 11012 7
7f736676b000 54 8 11075 7
7f736676a000 78 12 11166 7
7f7366769000 62 8 11237 7
7f7366768000 47 3 11287 7
7f7366767000 45 2 11334 7
7f73666fc000 85 10 11430 7
7f73666fb000 88 7 11525 7
7f73666fa000 62 5 11592 7
7f73666f9000 84 5 11681 7
7f73666f8000 97 4 11783 7
7f73666f7000 70 6 11859 7
7f73666f2000 62 7 11928 7
7f73666be000 57 4 11989 7
7f7366766000 55 3 12047 7
7f7366765000 49 3 12100 7
7f7366764000 36 2 12139 7
7f7366763000 47 3 12190 7
7f7366762000 39 3 12233 7
7f7366761000 44 3 12281 7
7f736679b000 54 3 12339 7
7f736677d000 69 14 12422 7
7f73666ea000 62 4 12488 7
7f7366775000 61 7 12557 7
7f7366771000 81 9 12647 7
7f7366774000 49 5 12702 7
7f73666ee000 106 7 12816 7
7f7366773000 95 7 12918 7
7f7366772000 62 9 12989 7
7f73666bf000 32 4 13025 7
7f73666e8000 48 3 13077 7
7f7366740000 49 3 13130 7
7f736673f000 57 8 13196 7
7f73667a1000 46 4 13246 7
7f73667a0000 59 5 13310 7
7f736679f000 49 4 13364 7
7f736679e000 65 4 13434 8
13470 8
0x434000
434000 62 31 93 0
93 0
0x5d4000
5d4000 54 38 92 3
633000 1080 111 1284 3
505000 72 17 1374 3
634000 1078 105 2558 3
504000 54 14 2627 4
403000 32 10 2670 5
402000 17 5 2693 5
5f8000 55 11 2760 5
5c7000 56 9 2826 5
5c6000 52 11 2890 6
59f000 53 6 2950 6
59e000 52 5 3008 6
511000 69 7 3085 6
510000 45 4 3135 6
50f000 68 7 3211 6
412000 57 6 3275 6
5b3000 46 6 3328 6
632000 1079 54 4462 6
617000 69 7 4538 7
5b2000 30 2 4570 7
635000 131 4 4706 7
631000 249 7 4962 7
7f736644b000 44 3 5010 7
7f736644a000 60 2 5073 7
7f7366449000 71 3 5148 7
7f7366452000 59 5 5213 7
7f7366451000 54 3 5271 7
7f7366450000 61 3 5336 7
7f736644e000 61 3 5401 7
7f7366455000 247 10 5659 7
7f736644d000 96 4 5760 7
7f736644c000 36 2 5799 7
7f7366453000 37 3 5840 7
7f7366454000 123 6 5970 7
7f7366448000 52 3 6026 7
7f736644f000 36 3 6066 7
408000 60 3 6132 7
7f736669f000 77 10 6220 7
7f7366707000 78 3 6301 7
594000 49 3 6354 7
593000 68 3 6426 7
7f7366718000 64 12 6503 8
6514 8
0x4dc000
4dc000 42 24 66 0
633000 1077 168 1312 0
505000 72 29 1414 0
634000 1078 159 2652 0
504000 54 24 2731 1
403000 33 23 2787 2
402000 17 16 2821 2
5f8000 56 30 2907 2
5c7000 56 26 2990 2
5c6000 53 32 3076 4
59f000 54 12 3143 4
59e000 53 11 3208 4
511000 69 16 3294 4
510000 46 10 3350 4
50f000 69 16 3436 4
412000 57 15 3509 4
5b3000 46 14 3569 4
632000 1087 90 4747 4
617000 71 16 4834 5
5b2000 30 7 4871 5
635000 131 11 5014 5
631000 249 18 5282 5
7f736644b000 43 10 5337 5
7f736644a000 60 8 5406 5
7f7366449000 71 9 5487 5
7f7366452000 57 16 5561 6
7f7366451000 55 5 5622 6
7f7366450000 60 7 5690 6
7f736644e000 61 6 5758 6
7f7366455000 245 17 6021 6
7f736644d000 95 7 6124 6
7f736644c000 36 5 6166 6
7f7366453000 36 7 6210 6
7f7366454000 122 11 6344 6
7f7366448000 52 5 6402 6
7f736644f000 35 5 6444 6
408000 60 6 6513 6
7f736669f000 76 19 6609 6
7f7366707000 78 6 6693 6
594000 49 7 6749 6
593000 68 6 6824 6
7f7366718000 63 24 6912 7
7f7366717000 101 8 7021 7
7f736670e000 57 4 7083 7
7f736670d000 51 2 7137 7
7f736670c000 46 2 7186 7
618000 72 5 7264 7
434000 62 4 7331 7
5d4000 53 6 7391 8
7403 8
0x4f8000
4f8000 53 31 85 0
632000 1075 162 1323 0
4f7000 46 25 1394 0
633000 1076 168 2639 0
505000 72 28 2740 0
634000 1078 159 3978 0
504000 55 23 4057 1
403000 32 24 4114 2
402000 17 16 4147 2
5f8000 55 30 4233 2
5c7000 56 26 4316 2
5c6000 52 32 4401 4
59f000 54 12 4468 4
59e000 53 10 4532 4
511000 69 16 4618 4
510000 45 10 4674 4
50f000 68 16 4759 4
412000 57 15 4832 4
5b3000 46 13 4891 4
617000 69 15 4976 5
5b2000 29 7 5013 5
635000 131 11 5156 5
631000 249 18 5424 5
7f736644b000 43 10 5479 5
7f736644a000 60 8 5548 5
7f7366449000 71 9 5629 5
7f7366452000 58 15 5703 6
7f7366451000 55 5 5764 6
7f7366450000 60 7 5832 6
7f736644e000 61 6 5900 6
7f7366455000 245 17 6163 6
7f736644d000 96 6 6266 6
7f736644c000 36 6 6309 6
7f7366453000 37 6 6352 6
7f7366454000 123 11 6487 6
7f7366448000 51 6 6545 6
7f736644f000 36 5 6587 6
408000 59 6 6655 6
7f736669f000 76 19 6751 6
7f7366707000 77 6 6835 6
594000 49 7 6892 6
593000 67 7 6967 6
7f7366718000 63 23 7054 7
7f7366717000 101 8 7164 7
7f736670e000 57 4 7226 7
7f736670d000 50 2 7279 7
7f736670c000 46 2 7328 7
618000 72 5 7406 7
434000 63 4 7474 7
5d4000 54 5 7533 8
7546 8
0x4f7000
4f7000 46 24 71 0
633000 1078 168 1318 0
505000 72 28 1419 0
634000 1076 160 2656 0
504000 55 24 2735 1
403000 33 23 2791 2
402000 17 16 2825 2
5f8000 56 29 2910 2
5c7000 56 26 2993 2
5c6000 52 33 3079 4
59f000 53 12 3145 4
59e000 53 10 3209 4
511000 69 16 3295 4
510000 45 10 3351 4
50f000 68 16 3436 4
412000 57 14 3508 4
5b3000 46 13 3568 4
632000 1077 89 4735 4
617000 68 16 4820 5
5b2000 30 7 4857 5
635000 130 12 5000 5
631000 250 18 5268 5
7f736644b000 44 9 5322 5
7f736644a000 60 8 5391 5
7f7366449000 71 10 5473 5
7f7366452000 57 16 5547 6
7f7366451000 54 6 5608 6
7f7366450000 59 7 5675 6
7f736644e000 61 6 5743 6
7f7366455000 244 17 6005 6
7f736644d000 96 6 6108 6
7f736644c000 36 5 6150 6
7f7366453000 36 6 6193 6
7f7366454000 122 11 6328 6
7f7366448000 52 5 6386 6
7f736644f000 35 5 6428 6
408000 60 6 6497 6
7f736669f000 75 20 6593 6
7f7366707000 77 6 6676 6
594000 49 7 6733 6
593000 67 7 6808 6
7f7366718000 63 23 6895 7
7f7366717000 101 8 7005 7
7f736670e000 57 4 7067 7
7f736670d000 51 2 7120 7
7f736670c000 46 2 7169 7
618000 72 5 7247 7
434000 62 4 7314 7
5d4000 54 5 7374 8
7386 8
0x42b000
42b000 54 22 77 0
7f7366707000 77 24 179 0
403000 32 23 235 1
402000 17 16 269 1
634000 1076 160 1505 1
5f8000 55 30 1591 1
5c7000 56 26 1674 1
5c6000 52 33 1760 3
59f000 54 16 1831 3
633000 1085 111 3028 3
505000 73 17 3119 3
504000 55 13 3188 4
549000 89 18 3296 4
632000 1087 89 4472 4
7f736669f000 76 35 4584 4
599000 81 16 4681 4
4df000 33 9 4724 5
58a000 51 7 4783 6
589000 91 12 4887 6
50f000 68 8 4964 6
412000 57 7 5029 6
5b3000 47 6 5082 6
617000 69 7 5159 7
5b2000 30 3 5192 7
635000 130 4 5327 7
631000 250 7 5585 7
7f736644b000 44 3 5633 7
7f736644a000 60 3 5697 7
7f7366449000 71 3 5772 7
7f7366452000 57 6 5836 8
5848 8
0x42a000
42a000 47 25 72 1
632000 1075 161 1309 1
429000 61 29 1400 2
485000 40 26 1466 2
633000 1076 168 2710 2
505000 73 28 2812 2
634000 1076 159 4048 2
504000 54 24 4127 3
403000 33 23 4183 3
402000 17 16 4217 3
5f8000 56 21 4294 3
5c7000 56 15 4366 3
5c6000 52 20 4439 4
59f000 53 13 4506 4
59e000 52 11 4570 4
511000 69 15 4655 4
510000 45 11 4712 4
50f000 68 16 4796 4
412000 57 15 4869 4
5b3000 46 13 4928 4
617000 69 15 5013 5
5b2000 29 7 5050 5
635000 131 11 5193 5
631000 249 18 5461 5
7f736644b000 44 9 5515 5
7f736644a000 60 8 5584 5
7f7366449000 71 10 5666 5
7f7366452000 57 15 5739 6
7f7366451000 56 5 5801 6
7f7366450000 60 7 5869 6
7f736644e000 61 6 5937 6
7f7366455000 246 17 6201 6
7f736644d000 95 7 6304 6
7f736644c000 36 5 6346 6
7f7366453000 36 6 6389 6
7f7366454000 122 11 6524 6
7f7366448000 52 5 6582 6
7f736644f000 36 5 6624 6
408000 60 6 6693 6
7f736669f000 76 19 6789 6
7f7366707000 77 7 6873 6
594000 49 7 6929 6
593000 67 7 7004 6
7f7366718000 63 24 7092 7
7f7366717000 101 8 7201 7
7f736670e000 57 4 7263 7
7f736670d000 50 3 7317 7
7f736670c000 46 2 7365 7
618000 72 5 7443 7
434000 62 4 7510 7
5d4000 54 5 7570 8
7582 8
0x429000
429000 61 28 90 1
90 1
0x485000
485000 40 26 66 0
66 0
0x419000
419000 59 30 90 1
90 1
0x520000
520000 34 21 55 0
51f000 32 22 109 1
51e000 55 37 202 3
51d000 65 30 298 3
632000 1077 162 1538 3
51c000 60 22 1620 3
51b000 73 15 1709 3
633000 1078 112 2900 3
505000 72 16 2989 3
634000 1075 105 4170 3
504000 55 13 4239 4
403000 32 10 4282 4
402000 17 6 4306 4
5f8000 55 13 4375 4
5c7000 56 12 4444 4
5c6000 52 14 4511 4
59f000 53 13 4578 4
59e000 52 11 4642 4
511000 69 15 4727 4
510000 47 10 4785 4
50f000 68 16 4870 4
412000 57 15 4943 4
5b3000 46 13 5002 4
617000 69 15 5087 5
5b2000 30 7 5124 5
635000 130 12 5267 5
631000 250 18 5535 5
7f736644b000 44 10 5590 5
7f736644a000 59 8 5658 5
7f7366449000 71 10 5740 5
7f7366452000 57 16 5814 6
7f7366451000 54 6 5875 6
7f7366450000 60 7 5943 6
7f736644e000 61 6 6011 6
7f7366455000 244 17 6273 6
7f736644d000 96 6 6376 6
7f736644c000 36 5 6418 6
7f7366453000 36 6 6461 6
7f7366454000 122 11 6596 6
7f7366448000 52 5 6654 6
7f736644f000 35 5 6696 6
408000 60 6 6765 6
7f736669f000 76 19 6861 6
7f7366707000 77 6 6945 6
594000 49 6 7001 6
593000 68 7 7077 6
7f7366718000 63 23 7164 7
7f7366717000 101 8 7274 7
7f736670e000 57 4 7336 7
7f736670d000 51 2 7390 7
7f736670c000 46 2 7439 7
618000 72 5 7517 7
434000 62 4 7584 7
5d4000 54 5 7644 8
7661 8
0x51f000
51f000 31 22 54 1
51e000 55 37 147 3
51d000 65 29 242 3
632000 1077 162 1482 3
51c000 60 22 1565 3
51b000 73 15 1654 3
633000 1077 112 2844 3
505000 72 16 2933 3
634000 1075 105 4114 3
504000 55 13 4183 4
403000 33 10 4226 4
402000 17 6 4250 4
5f8000 55 13 4319 4
5c7000 57 11 4388 4
5c6000 52 15 4456 4
59f000 53 12 4522 4
59e000 53 10 4586 4
511000 69 16 4672 4
510000 45 10 4728 4
50f000 69 15 4813 4
412000 57 15 4886 4
5b3000 46 13 4945 4
617000 69 15 5030 5
5b2000 29 7 5067 5
635000 131 11 5210 5
631000 249 18 5478 5
7f736644b000 44 9 5533 5
7f736644a000 60 8 5602 5
7f7366449000 71 9 5683 5
7f7366452000 58 15 5757 6
7f7366451000 55 6 5819 6
7f7366450000 60 7 5887 6
7f736644e000 61 6 5955 6
7f7366455000 245 17 6218 6
7f736644d000 95 7 6321 6
7f736644c000 36 5 6363 6
7f7366453000 36 6 6406 6
7f7366454000 122 11 6541 6
7f7366448000 52 5 6599 6
7f736644f000 36 5 6641 6
408000 59 7 6710 6
7f736669f000 75 19 6805 6
7f7366707000 77 6 6889 6
594000 49 7 6946 6
593000 68 7 7021 6
7f7366718000 63 23 7108 7
7f7366717000 101 8 7218 7
7f736670e000 58 4 7280 7
7f736670d000 51 2 7333 7
7f736670c000 46 2 7382 7
618000 72 5 7460 7
434000 62 4 7527 7
5d4000 54 5 7586 8
7602 8
0x51e000
51e000 55 37 92 2
51d000 66 29 188 2
632000 1077 161 1427 2
51c000 60 27 1514 2
51b000 73 20 1607 2
633000 1077 131 2816 2
505000 72 21 2910 2
634000 1077 125 4113 2
504000 55 17 4185 3
403000 32 14 4232 3
402000 16 10 4259 3
5f8000 56 17 4332 3
5c7000 56 16 4405 3
5c6000 52 20 4478 4
59f000 53 12 4544 4
59e000 53 10 4608 4
511000 69 16 4694 4
510000 46 10 4750 4
50f000 68 16 4835 4
412000 57 14 4907 4
5b3000 47 13 4967 4
617000 69 15 5051 5
5b2000 29 7 5088 5
635000 130 12 5231 5
631000 249 19 5499 5
7f736644b000 44 9 5553 5
7f736644a000 60 8 5622 5
7f7366449000 72 9 5703 5
7f7366452000 57 16 5777 6
7f7366451000 54 6 5838 6
7f7366450000 60 7 5906 6
7f736644e000 61 6 5974 6
7f7366455000 245 17 6237 6
7f736644d000 96 6 6339 6
7f736644c000 36 5 6381 6
7f7366453000 37 6 6425 6
7f7366454000 123 10 6559 6
7f7366448000 52 6 6618 6
7f736644f000 35 5 6659 6
408000 60 6 6728 6
7f736669f000 76 19 6824 6
7f7366707000 77 6 6908 6
594000 49 7 6964 6
593000 68 6 7039 6
7f7366718000 63 24 7127 7
7f7366717000 101 8 7236 7
7f736670e000 57 4 7298 7
7f736670d000 50 2 7351 7
7f736670c000 46 2 7400 7
618000 72 5 7478 7
434000 62 4 7545 7
5d4000 53 6 7605 8
7619 8
0x51d000
51d000 66 29 95 1
632000 1076 161 1333 1
51c000 60 26 1420 2
51b000 73 27 1521 2
633000 1078 168 2767 2
505000 73 29 2869 2
634000 1074 160 4104 2
504000 55 24 4184 3
403000 33 23 4240 3
402000 17 16 4274 3
5f8000 56 21 4351 3
5c7000 56 15 4423 3
5c6000 52 20 4496 4
59f000 53 13 4563 4
59e000 52 11 4627 4
511000 68 16 4712 4
510000 45 10 4768 4
50f000 68 16 4853 4
412000 57 14 4925 4
5b3000 46 13 4985 4
617000 68 16 5070 5
5b2000 30 7 5107 5
635000 130 12 5250 5
631000 250 18 5518 5
7f736644b000 44 10 5573 5
7f736644a000 59 8 5641 5
7f7366449000 71 10 5723 5
7f7366452000 57 16 5797 6
7f7366451000 54 6 5858 6
7f7366450000 60 7 5926 6
7f736644e000 61 6 5994 6
7f7366455000 245 17 6257 6
7f736644d000 95 7 6360 6
7f736644c000 36 5 6402 6
7f7366453000 36 6 6445 6
7f7366454000 123 10 6579 6
7f7366448000 53 5 6638 6
7f736644f000 36 5 6680 6
408000 59 7 6749 6
7f736669f000 76 19 6845 6
7f7366707000 77 6 6928 6
594000 49 6 6984 6
593000 68 7 7060 6
7f7366718000 63 23 7147 7
7f7366717000 101 8 7257 7
7f736670e000 57 4 7319 7
7f736670d000 50 2 7372 7
7f736670c000 46 2 7421 7
618000 72 5 7499 7
434000 62 5 7567 7
5d4000 54 5 7626 8
7640 8
0x51c000
51c000 60 26 87 1
51b000 74 27 188 1
633000 1076 168 1433 1
505000 73 28 1534 1
634000 1076 160 2771 1
504000 54 24 2850 2
403000 33 23 2906 3
402000 17 16 2940 3
5f8000 56 21 3017 3
5c7000 56 16 3090 3
5c6000 52 20 3162 4
59f000 53 13 3229 4
59e000 52 11 3293 4
511000 69 15 3378 4
510000 45 10 3434 4
50f000 68 16 3519 4
412000 57 14 3591 4
5b3000 46 13 3651 4
632000 1077 89 4818 4
617000 68 15 4902 5
5b2000 30 7 4940 5
635000 130 12 5083 5
631000 249 18 5350 5
7f736644b000 43 10 5405 5
7f736644a000 60 8 5474 5
7f7366449000 72 9 5555 5
7f7366452000 57 16 5629 6
7f7366451000 55 5 5690 6
7f7366450000 60 7 5758 6
7f736644e000 61 6 5826 6
7f7366455000 245 17 6089 6
7f736644d000 96 9 6195 6
7f736644c000 41 5 6243 6
7f7366453000 36 7 6287 6
7f7366454000 122 11 6421 6
7f7366448000 52 5 6479 6
7f736644f000 35 5 6521 6
408000 60 6 6590 6
7f736669f000 76 19 6686 6
7f7366707000 77 6 6769 6
594000 49 6 6825 6
593000 68 7 6901 6
7f7366718000 62 24 6988 7
7f7366717000 101 8 7097 7
7f736670e000 57 4 7159 7
7f736670d000 50 3 7213 7
7f736670c000 45 3 7262 7
618000 72 5 7340 7
434000 63 4 7407 7
5d4000 54 6 7467 8
7479 8
0x51b000
51b000 74 27 101 0
633000 1077 167 1345 0
505000 73 28 1447 0
634000 1076 160 2684 0
504000 55 23 2763 1
403000 32 23 2819 2
402000 17 16 2853 2
5f8000 56 29 2938 2
5c7000 56 26 3021 2
5c6000 52 33 3107 4
59f000 53 12 3173 4
59e000 53 10 3237 4
511000 69 16 3323 4
510000 45 10 3379 4
50f000 68 16 3464 4
412000 57 14 3536 4
5b3000 46 13 3596 4
632000 1075 89 4761 4
617000 68 16 4846 5
5b2000 30 7 4883 5
635000 131 11 5026 5
631000 249 18 5294 5
7f736644b000 43 10 5349 5
7f736644a000 60 8 5418 5
7f7366449000 71 9 5499 5
7f7366452000 57 16 5573 6
7f7366451000 55 5 5634 6
7f7366450000 61 7 5703 6
7f736644e000 61 6 5771 6
7f7366455000 244 17 6033 6
7f736644d000 96 6 6136 6
7f736644c000 36 5 6178 6
7f7366453000 37 6 6222 6
7f7366454000 122 11 6356 6
7f7366448000 52 5 6414 6
7f736644f000 35 5 6456 6
408000 60 6 6525 6
7f736669f000 76 19 6621 6
7f7366707000 77 6 6705 6
594000 48 7 6761 6
593000 68 6 6836 6
7f7366718000 64 23 6924 7
7f7366717000 100 9 7034 7
7f736670e000 57 5 7096 7
7f736670d000 51 2 7149 7
7f736670c000 46 2 7198 7
618000 72 5 7276 7
434000 62 4 7343 7
5d4000 53 6 7403 8
7415 8
0x472000
472000 63 31 94 2
471000 36 18 149 2
470000 47 18 215 2
403000 33 18 266 2
402000 16 13 296 2
634000 1077 127 1500 2
5f8000 55 23 1579 2
5c7000 56 20 1656 2
5c6000 52 25 1734 4
59f000 53 14 1802 4
633000 1075 95 2973 4
505000 72 13 3059 4
504000 54 11 3125 5
549000 89 13 3228 5
632000 1084 73 4386 5
7f736669f000 76 27 4490 5
599000 81 12 4583 5
4df000 33 7 4624 6
58a000 51 4 4680 6
589000 92 11 4784 6
50f000 69 7 4861 6
412000 58 6 4926 6
5b3000 46 6 4979 6
617000 69 8 5057 7
5b2000 30 2 5089 7
635000 132 4 5226 7
631000 252 7 5486 7
7f736644b000 44 3 5535 7
7f736644a000 60 3 5599 7
7f7366449000 72 3 5675 7
7f7366452000 58 6 5740 8
5753 8
0x471000
471000 37 23 60 0
470000 48 23 132 0
403000 33 24 189 1
402000 17 16 222 1
634000 1088 160 1471 1
5f8000 56 30 1557 1
5c7000 56 26 1640 1
5c6000 52 33 1726 3
59f000 53 16 1796 3
633000 1077 112 2986 3
505000 72 17 3076 3
504000 54 14 3145 4
549000 89 18 3252 4
632000 1077 89 4418 4
7f736669f000 77 34 4529 4
599000 80 16 4626 4
4df000 33 10 4669 5
58a000 50 7 4727 6
589000 91 12 4831 6
50f000 68 8 4908 6
412000 56 7 4972 6
5b3000 47 6 5025 6
617000 68 7 5101 7
5b2000 29 3 5134 7
635000 130 4 5269 7
631000 249 7 5526 7
7f736644b000 44 3 5575 7
7f736644a000 60 3 5639 7
7f7366449000 71 3 5714 7
7f7366452000 58 6 5779 8
5791 8
0x470000
470000 48 23 71 0
71 0
0x568000
568000 74 35 110 1
4b8000 57 21 189 1
4b7000 72 44 306 3
4b6000 42 22 371 3
515000 37 23 432 3
525000 90 40 563 3
632000 1081 161 1806 3
402000 16 16 1839 3
633000 1079 168 3087 3
505000 72 28 3188 3
634000 1075 159 4423 3
504000 54 20 4498 4
403000 32 11 4542 4
5f8000 56 14 4613 4
5c7000 56 13 4683 4
5c6000 52 16 4752 5
59f000 53 10 4816 5
59e000 52 8 4877 5
511000 69 12 4959 5
510000 45 7 5012 5
50f000 68 12 5093 5
412000 57 11 5162 5
5b3000 47 9 5218 5
617000 69 11 5299 6
5b2000 29 5 5334 6
635000 131 8 5474 6
631000 249 14 5737 6
7f736644b000 44 7 5789 6
7f736644a000 61 5 5855 6
7f7366449000 71 7 5934 6
7f7366452000 57 11 6003 7
7f7366451000 55 3 6062 7
7f7366450000 60 4 6127 7
7f736644e000 60 4 6192 7
7f7366455000 245 11 6449 7
7f736644d000 96 4 6549 7
7f736644c000 35 3 6588 7
7f7366453000 36 4 6629 7
7f7366454000 123 6 6759 7
7f7366448000 52 3 6815 7
7f736644f000 36 2 6854 7
408000 60 3 6920 7
7f736669f000 76 11 7008 7
7f7366707000 77 3 7089 7
594000 49 3 7142 7
593000 68 4 7215 7
7f7366718000 63 13 7292 7
7f7366717000 101 8 7402 7
7f736670e000 57 4 7464 7
7f736670d000 51 2 7517 7
7f736670c000 46 2 7566 7
618000 72 5 7644 7
434000 62 5 7712 7
5d4000 54 5 7771 8
7786 8
0x4b8000
4b8000 57 21 79 0
4b7000 72 43 195 3
4b6000 43 22 261 3
515000 37 23 322 3
525000 89 41 453 3
632000 1074 161 1688 3
402000 17 16 1722 3
633000 1076 168 2966 3
505000 72 29 3068 3
634000 1073 159 4301 3
504000 55 20 4377 4
403000 32 12 4421 4
5f8000 55 15 4492 4
5c7000 56 13 4561 4
5c6000 52 16 4630 5
59f000 53 9 4693 5
59e000 53 8 4755 5
511000 69 11 4836 5
510000 46 7 4890 5
50f000 68 12 4971 5
412000 57 11 5040 5
5b3000 46 10 5096 5
617000 68 12 5177 6
5b2000 30 5 5212 6
635000 130 9 5352 6
631000 252 13 5617 6
7f736644b000 44 7 5670 6
7f736644a000 60 5 5736 6
7f7366449000 71 7 5815 6
7f7366452000 57 11 5884 7
7f7366451000 55 3 5943 7
7f7366450000 60 3 6007 7
7f736644e000 61 4 6073 7
7f7366455000 246 10 6330 7
7f736644d000 96 4 6431 7
7f736644c000 36 2 6470 7
7f7366453000 37 3 6511 7
7f7366454000 123 6 6641 7
7f7366448000 52 3 6697 7
7f736644f000 36 3 6737 7
408000 59 4 6803 7
7f736669f000 77 11 6892 7
7f7366707000 78 4 6974 7
594000 50 3 7027 7
593000 69 4 7101 7
7f7366718000 63 13 7178 7
7f7366717000 102 8 7289 7
7f736670e000 58 4 7351 7
7f736670d000 51 2 7405 7
7f736670c000 46 2 7454 7
618000 73 5 7533 7
434000 62 5 7601 7
5d4000 54 5 7660 8
7675 8
0x4b7000
4b7000 72 44 116 3
4b6000 43 22 182 3
515000 38 23 244 3
525000 89 41 375 3
632000 1081 162 1619 3
402000 16 16 1652 3
633000 1082 168 2903 3
505000 74 28 3006 3
634000 1088 160 4255 3
504000 55 20 4331 4
403000 32 12 4375 4
5f8000 55 15 4446 4
5c7000 56 12 4515 4
5c6000 52 16 4584 5
59f000 53 10 4648 5
59e000 52 8 4709 5
511000 69 12 4791 5
510000 46 7 4845 5
50f000 68 12 4926 5
412000 57 11 4995 5
5b3000 46 10 5051 5
617000 68 12 5132 6
5b2000 30 5 5167 6
635000 130 8 5306 6
631000 250 13 5570 6
7f736644b000 44 7 5622 6
7f736644a000 60 5 5688 6
7f7366449000 71 7 5767 6
7f7366452000 57 11 5836 7
7f7366451000 55 3 5895 7
7f7366450000 60 3 5959 7
7f736644e000 61 4 6025 7
7f7366455000 245 11 6282 7
7f736644d000 95 4 6382 7
7f736644c000 36 2 6421 7
7f7366453000 37 3 6462 7
7f7366454000 123 6 6592 7
7f7366448000 52 3 6648 7
7f736644f000 35 3 6687 7
408000 60 3 6753 7
7f736669f000 76 11 6841 7
7f7366707000 77 3 6922 7
594000 49 3 6975 7
593000 68 4 7048 7
7f7366718000 63 13 7125 7
7f7366717000 100 9 7235 7
7f736670e000 57 4 7296 7
7f736670d000 50 3 7350 7
7f736670c000 45 3 7399 7
618000 71 5 7476 7
434000 63 4 7544 7
5d4000 54 6 7604 8
7617 8
0x4b6000
4b6000 42 22 65 0
515000 37 23 126 1
525000 89 41 257 1
632000 1076 161 1494 1
402000 17 16 1528 1
633000 1077 167 2772 1
505000 73 28 2874 1
634000 1074 159 4108 1
504000 54 24 4187 2
403000 32 24 4243 2
5f8000 55 30 4329 2
5c7000 56 25 4411 2
5c6000 52 33 4497 4
59f000 53 12 4563 4
59e000 53 11 4628 4
511000 68 16 4713 4
510000 45 10 4769 4
50f000 68 16 4854 4
412000 57 14 4926 4
5b3000 46 13 4986 4
617000 68 16 5071 5
5b2000 30 7 5108 5
635000 131 11 5251 5
631000 248 19 5519 5
7f736644b000 44 10 5574 5
7f736644a000 60 8 5643 5
7f7366449000 72 9 5724 5
7f7366452000 58 15 5798 6
7f7366451000 55 5 5859 6
7f7366450000 60 7 5927 6
7f736644e000 61 6 5995 6
7f7366455000 245 17 6258 6
7f736644d000 95 7 6361 6
7f736644c000 35 6 6403 6
7f7366453000 37 6 6446 6
7f7366454000 123 10 6580 6
7f7366448000 52 6 6639 6
7f736644f000 36 4 6680 6
408000 60 6 6749 6
7f736669f000 76 19 6845 6
7f7366707000 78 6 6929 6
594000 49 7 6985 6
593000 68 7 7061 6
7f7366718000 63 23 7148 7
7f7366717000 101 8 7258 7
7f736670e000 57 5 7321 7
7f736670d000 50 3 7374 7
7f736670c000 46 3 7423 7
618000 72 5 7501 7
434000 62 5 7569 7
5d4000 54 5 7628 8
7641 8
0x515000
515000 38 23 61 1
525000 89 40 191 1
632000 1078 162 1432 1
402000 17 16 1465 1
633000 1076 167 2708 1
505000 72 29 2810 1
634000 1082 159 4051 1
504000 55 23 4130 2
403000 32 23 4186 2
5f8000 56 29 4272 2
5c7000 56 26 4355 2
5c6000 52 33 4441 4
59f000 53 13 4507 4
59e000 53 10 4571 4
511000 69 16 4657 4
510000 46 10 4713 4
50f000 68 16 4798 4
412000 57 15 4870 4
5b3000 46 13 4929 4
617000 68 16 5014 5
5b2000 30 7 5051 5
635000 131 11 5194 5
631000 249 18 5462 5
7f736644b000 43 10 5517 5
7f736644a000 60 8 5586 5
7f7366449000 71 10 5668 5
7f7366452000 57 16 5742 6
7f7366451000 54 6 5803 6
7f7366450000 60 7 5871 6
7f736644e000 61 6 5939 6
7f7366455000 245 17 6202 6
7f736644d000 96 6 6305 6
7f736644c000 36 5 6347 6
7f7366453000 36 7 6391 6
7f7366454000 122 11 6525 6
7f7366448000 52 5 6583 6
7f736644f000 36 5 6625 6
408000 60 6 6694 6
7f736669f000 76 19 6790 6
7f7366707000 78 6 6874 6
594000 49 7 6930 6
593000 68 6 7005 6
7f7366718000 64 23 7093 7
7f7366717000 101 8 7203 7
7f736670e000 58 4 7265 7
7f736670d000 51 2 7318 7
7f736670c000 46 2 7367 7
618000 72 5 7445 7
434000 62 5 7513 7
5d4000 54 5 7572 8
7584 8
0x525000
525000 89 41 131 0
131 0
0x509000
509000 55 28 83 0
632000 1077 161 1322 0
7f736669f000 76 71 1470 1
403000 32 21 1523 2
402000 16 12 1552 2
634000 1075 126 2754 2
5f8000 56 22 2832 2
5c7000 57 20 2910 2
5c6000 51 25 2987 4
59f000 53 13 3054 4
633000 1075 93 4223 4
505000 73 12 4309 4
504000 55 10 4375 4
549000 90 17 4483 4
599000 80 16 4580 4
4df000 33 10 4623 5
58a000 50 7 4681 6
589000 91 11 4784 6
50f000 68 8 4861 6
412000 57 6 4925 6
5b3000 46 6 4978 6
617000 68 7 5054 7
5b2000 29 3 5087 7
635000 130 4 5222 7
631000 249 7 5479 7
7f736644b000 44 3 5528 7
7f736644a000 60 3 5592 7
7f7366449000 71 4 5667 7
7f7366452000 57 6 5731 8
5743 8
0x508000
508000 58 30 89 1
507000 40 19 149 1
475000 51 30 231 2
474000 66 24 322 2
473000 70 25 418 2
472000 62 23 504 3
471000 36 14 555 3
470000 47 14 617 3
403000 32 15 665 3
402000 17 10 692 3
634000 1076 109 1877 3
5f8000 55 18 1951 3
5c7000 56 16 2024 3
5c6000 52 20 2097 4
59f000 53 14 2165 4
633000 1078 94 3338 4
505000 73 13 3425 4
504000 54 11 3491 5
549000 90 13 3594 5
632000 1082 73 4750 5
7f736669f000 76 26 4853 5
599000 80 12 4946 5
4df000 33 7 4987 6
58a000 50 4 5042 6
589000 91 12 5146 6
50f000 68 7 5222 6
412000 57 7 5287 6
5b3000 47 6 5340 6
617000 68 7 5416 7
5b2000 30 3 5449 7
635000 131 4 5585 7
631000 250 7 5842 7
7f736644b000 43 4 5891 7
7f736644a000 59 3 5954 7
7f7366449000 71 4 6030 7
7f7366452000 58 6 6094 8
6110 8
0x507000
507000 40 19 59 0
475000 51 36 147 2
474000 66 24 238 2
473000 71 24 334 2
472000 62 23 420 3
471000 36 14 471 3
470000 48 14 534 3
403000 32 15 581 3
402000 16 10 608 3
634000 1078 109 1795 3
5f8000 56 18 1869 3
5c7000 56 16 1942 3
5c6000 52 21 2016 4
59f000 53 13 2083 4
633000 1080 95 3259 4
505000 73 13 3345 4
504000 55 10 3411 5
549000 89 13 3514 5
632000 1076 73 4664 5
7f736669f000 75 27 4767 5
599000 80 12 4859 5
4df000 33 7 4900 6
58a000 50 5 4956 6
589000 90 12 5059 6
50f000 68 7 5135 6
412000 57 7 5200 6
5b3000 47 6 5253 6
617000 68 8 5330 7
5b2000 30 3 5363 7
635000 130 5 5499 7
631000 249 8 5756 7
7f736644b000 44 3 5804 7
7f736644a000 60 3 5868 7
7f7366449000 71 3 5943 7
7f7366452000 57 6 6007 8
6024 8
0x475000
475000 50 36 87 2
474000 66 25 179 2
473000 71 24 274 2
472000 62 23 360 3
471000 37 13 411 3
470000 48 14 474 3
403000 33 14 521 3
402000 16 10 548 3
634000 1079 109 1736 3
5f8000 56 18 1811 3
5c7000 56 16 1884 3
5c6000 52 20 1957 4
59f000 53 13 2024 4
633000 1078 95 3198 4
505000 72 13 3284 4
504000 55 11 3351 5
549000 90 12 3453 5
632000 1075 73 4602 5
7f736669f000 76 27 4706 5
599000 80 12 4799 5
4df000 33 7 4840 6
58a000 51 4 4896 6
589000 92 11 5000 6
50f000 69 8 5078 6
412000 57 7 5143 6
5b3000 47 6 5196 6
617000 69 7 5273 7
5b2000 30 3 5306 7
635000 132 4 5443 7
631000 253 7 5703 7
7f736644b000 44 4 5753 7
7f736644a000 60 3 5817 7
7f7366449000 71 4 5893 7
7f7366452000 58 6 5958 8
5973 8
0x474000
474000 67 34 101 0
473000 71 34 206 0
472000 64 31 301 2
471000 37 17 356 2
470000 47 18 422 2
403000 32 18 473 2
402000 17 12 503 2
634000 1076 128 1707 2
5f8000 56 23 1786 2
5c7000 56 20 1863 2
5c6000 52 25 1941 4
59f000 53 13 2008 4
633000 1076 94 3179 4
505000 72 14 3266 4
504000 54 11 3332 5
549000 89 13 3435 5
632000 1085 73 4594 5
7f736669f000 77 26 4697 5
599000 80 12 4790 5
4df000 33 8 4831 6
58a000 51 4 4886 6
589000 90 12 4989 6
50f000 68 8 5066 6
412000 57 7 5130 6
5b3000 47 6 5183 6
617000 68 7 5259 7
5b2000 30 3 5292 7
635000 131 4 5428 7
631000 250 7 5685 7
7f736644b000 44 4 5734 7
7f736644a000 60 3 5797 7
7f7366449000 71 3 5872 7
7f7366452000 57 6 5936 8
5951 8
0x473000
473000 70 33 103 0
472000 63 31 198 2
471000 36 18 253 2
470000 48 18 319 2
403000 32 19 370 2
402000 17 13 400 2
634000 1079 127 1606 2
5f8000 56 23 1686 2
5c7000 56 20 1763 2
5c6000 52 25 1841 4
59f000 53 13 1908 4
633000 1078 95 3082 4
505000 72 13 3168 4
504000 55 11 3235 5
549000 89 13 3337 5
632000 1080 73 4491 5
7f736669f000 77 26 4594 5
599000 80 12 4687 5
4df000 32 8 4728 6
58a000 50 4 4783 6
589000 92 11 4887 6
50f000 68 8 4964 6
412000 57 6 5028 6
5b3000 46 6 5081 6
617000 68 7 5157 7
5b2000 29 3 5190 7
635000 131 4 5326 7
631000 249 7 5582 7
7f736644b000 44 3 5631 7
7f736644a000 60 3 5695 7
7f7366449000 71 3 5770 7
7f7366452000 58 5 5834 8
5848 8
0x543000
543000 64 24 88 1
403000 33 23 145 1
402000 16 16 178 1
634000 1076 159 1414 1
5f8000 56 29 1500 1
5c7000 56 26 1583 1
5c6000 52 33 1669 3
59f000 53 16 1739 3
633000 1079 112 2931 3
505000 72 17 3021 3
504000 54 14 3090 4
549000 90 17 3197 4
632000 1079 90 4367 4
7f736669f000 76 35 4478 4
599000 80 16 4574 4
4df000 33 10 4618 5
58a000 50 7 4676 6
589000 91 11 4779 6
50f000 68 8 4857 6
412000 57 6 4921 6
5b3000 46 6 4974 6
617000 69 7 5051 7
5b2000 30 3 5084 7
635000 131 4 5219 7
631000 250 7 5477 7
7f736644b000 44 3 5526 7
7f736644a000 60 3 5590 7
7f7366449000 71 4 5666 7
7f7366452000 57 6 5730 8
5742 8
0x542000
542000 53 25 78 0
634000 1078 159 1316 0
541000 66 28 1410 2
5be000 82 21 1514 2
538000 65 23 1603 2
537000 41 18 1663 3
575000 43 13 1720 3
536000 45 17 1783 3
535000 47 15 1845 3
424000 51 17 1914 3
5ab000 53 15 1982 3
5aa000 46 16 2045 4
5a9000 52 10 2108 4
44c000 61 15 2185 5
633000 1079 77 3341 5
505000 73 9 3423 5
504000 55 8 3487 6
403000 32 5 3524 6
402000 17 2 3544 6
5f8000 55 6 3606 6
5c7000 56 5 3668 6
5c6000 52 7 3728 6
59f000 53 6 3788 6
59e000 53 4 3846 6
511000 68 8 3924 6
510000 45 5 3975 6
50f000 68 7 4051 6
412000 57 7 4116 6
5b3000 46 6 4168 6
632000 1077 55 5301 6
617000 68 7 5377 7
5b2000 29 3 5410 7
635000 130 5 5546 7
631000 250 7 5803 7
7f736644b000 43 4 5852 7
7f736644a000 59 3 5915 7
7f7366449000 71 4 5991 7
7f7366452000 58 6 6055 7
7f7366451000 54 3 6113 7
7f7366450000 60 4 6178 7
7f736644e000 61 3 6243 7
7f7366455000 245 11 6500 7
7f736644d000 95 4 6600 7
7f736644c000 36 2 6639 7
7f7366453000 37 3 6680 7
7f7366454000 122 6 6809 7
7f7366448000 52 3 6865 7
7f736644f000 35 3 6905 7
408000 60 3 6971 7
7f736669f000 76 11 7059 7
7f7366707000 78 3 7140 7
594000 48 4 7193 7
593000 68 3 7265 7
7f7366718000 63 14 7343 7
7f7366717000 101 8 7452 7
7f736670e000 57 4 7514 7
7f736670d000 50 3 7568 7
7f736670c000 46 2 7616 7
618000 72 5 7694 7
434000 62 5 7762 7
5d4000 54 5 7821 8
7837 8
0x541000
541000 65 29 94 2
634000 1076 125 1296 2
5be000 82 21 1400 2
538000 66 23 1489 2
537000 41 18 1549 3
575000 42 14 1606 3
536000 45 16 1668 3
535000 47 14 1730 3
424000 52 16 1799 3
5ab000 52 15 1867 3
5aa000 46 16 1930 4
5a9000 52 10 1993 4
44c000 62 14 2069 5
633000 1077 76 3223 5
505000 72 10 3306 5
504000 54 8 3369 6
403000 33 4 3406 6
402000 17 3 3427 6
5f8000 56 6 3489 6
5c7000 56 5 3551 6
5c6000 52 7 3611 6
59f000 53 6 3671 6
59e000 52 5 3729 6
511000 69 7 3806 6
510000 45 5 3857 6
50f000 68 8 3934 6
412000 57 6 3998 6
5b3000 46 6 4051 6
632000 1075 56 5183 6
617000 69 7 5259 7
5b2000 30 2 5291 7
635000 131 4 5427 7
631000 250 7 5684 7
7f736644b000 44 3 5733 7
7f736644a000 60 3 5797 7
7f7366449000 71 4 5873 7
7f7366452000 58 5 5937 7
7f7366451000 55 3 5996 7
7f7366450000 61 3 6061 7
7f736644e000 62 3 6127 7
7f7366455000 247 10 6385 7
7f736644d000 97 3 6486 7
7f736644c000 36 3 6526 7
7f7366453000 37 3 6567 7
7f7366454000 123 6 6698 7
7f7366448000 53 3 6755 7
7f736644f000 36 2 6794 7
408000 60 3 6861 7
7f736669f000 76 12 6950 7
7f7366707000 78 4 7032 7
594000 49 4 7085 7
593000 68 4 7158 7
7f7366718000 63 14 7236 7
7f7366717000 102 8 7346 7
7f736670e000 57 4 7408 7
7f736670d000 51 2 7462 7
7f736670c000 46 2 7511 7
618000 72 5 7589 7
434000 62 5 7657 7
5d4000 54 5 7716 8
7731 8
0x5be000
5be000 82 29 111 1
111 1
0x538000
538000 66 30 97 1
537000 42 20 160 2
575000 43 16 220 2
536000 45 20 285 3
535000 47 15 347 3
424000 51 17 416 3
5ab000 53 15 484 3
5aa000 46 16 547 4
5a9000 52 10 610 4
44c000 61 14 686 5
633000 1075 76 1838 5
505000 73 9 1921 5
634000 1073 72 3067 5
504000 54 8 3130 6
403000 32 4 3167 6
402000 17 3 3188 6
5f8000 56 6 3250 6
5c7000 56 5 3312 6
5c6000 52 7 3372 6
59f000 53 6 3432 6
59e000 52 5 3490 6
511000 69 7 3567 6
510000 45 4 3617 6
50f000 69 7 3694 6
412000 57 7 3759 6
5b3000 46 6 3811 6
632000 1076 55 4943 6
617000 69 7 5019 7
5b2000 30 2 5051 7
635000 131 4 5187 7
631000 250 7 5445 7
7f736644b000 44 3 5493 7
7f736644a000 60 3 5557 7
7f7366449000 71 3 5632 7
7f7366452000 58 5 5696 7
7f7366451000 55 3 5755 7
7f7366450000 60 4 5820 7
7f736644e000 61 3 5885 7
7f7366455000 245 11 6142 7
7f736644d000 95 4 6242 7
7f736644c000 36 2 6281 7
7f7366453000 37 3 6322 7
7f7366454000 123 6 6452 7
7f7366448000 52 3 6508 7
7f736644f000 36 2 6547 7
408000 59 3 6613 7
7f736669f000 76 11 6701 7
7f7366707000 77 3 6782 7
594000 49 3 6835 7
593000 68 4 6908 7
7f7366718000 63 13 6985 7
7f7366717000 100 8 7094 7
7f736670e000 57 5 7157 7
7f736670d000 50 3 7210 7
7f736670c000 46 2 7259 7
618000 72 5 7337 7
434000 62 4 7404 7
5d4000 53 6 7464 8
7478 8
0x537000
537000 41 24 65 1
575000 43 22 131 2
536000 45 19 196 3
535000 47 14 258 3
424000 52 16 327 3
5ab000 52 16 396 3
5aa000 46 16 458 4
5a9000 52 10 521 4
44c000 61 15 598 5
633000 1077 76 1751 5
505000 72 10 1834 5
634000 1075 72 2982 5
504000 55 7 3045 6
403000 32 4 3082 6
402000 17 3 3103 6
5f8000 56 6 3165 6
5c7000 56 5 3227 6
5c6000 52 7 3287 6
59f000 53 6 3347 6
59e000 52 5 3405 6
511000 69 7 3482 6
510000 45 5 3533 6
50f000 68 7 3609 6
412000 57 7 3674 6
5b3000 47 5 3726 6
632000 1078 55 4860 6
617000 69 7 4936 7
5b2000 30 2 4968 7
635000 131 4 5104 7
631000 248 8 5361 7
7f736644b000 44 3 5409 7
7f736644a000 60 3 5473 7
7f7366449000 71 3 5548 7
7f7366452000 58 5 5612 7
7f7366451000 56 3 5672 7
7f7366450000 60 4 5737 7
7f736644e000 61 3 5802 7
7f7366455000 245 10 6058 7
7f736644d000 96 3 6158 7
7f736644c000 36 3 6198 7
7f7366453000 37 3 6239 7
7f7366454000 124 6 6370 7
7f7366448000 52 3 6426 7
7f736644f000 35 3 6466 7
408000 60 4 6533 7
7f736669f000 76 11 6621 7
7f7366707000 78 3 6703 7
594000 49 4 6757 7
593000 68 4 6829 7
7f7366718000 63 13 6906 7
7f7366717000 101 8 7016 7
7f736670e000 57 4 7078 7
7f736670d000 50 2 7131 7
7f736670c000 47 2 7181 7
618000 72 5 7259 7
434000 63 4 7327 7
5d4000 54 5 7387 8
7401 8
0x575000
575000 43 23 66 1
66 1
0x536000
536000 45 27 73 2
535000 47 24 144 3
424000 52 17 214 3
5ab000 53 15 282 3
5aa000 46 16 345 4
5a9000 52 10 408 4
44c000 62 14 484 5
633000 1078 77 1640 5
505000 73 9 1722 5
634000 1083 72 2878 5
504000 55 8 2941 6
403000 33 4 2978 6
402000 17 2 2998 6
5f8000 56 6 3061 6
5c7000 56 5 3123 6
5c6000 52 7 3183 6
59f000 53 6 3243 6
59e000 52 5 3301 6
511000 69 7 3378 6
510000 45 5 3429 6
50f000 68 7 3505 6
412000 57 7 3570 6
5b3000 47 6 3623 6
632000 1076 56 4755 6
617000 69 7 4831 7
5b2000 30 2 4863 7
635000 131 4 4999 7
631000 249 7 5256 7
7f736644b000 44 3 5305 7
7f736644a000 60 3 5369 7
7f7366449000 71 3 5444 7
7f7366452000 57 6 5508 7
7f7366451000 55 3 5567 7
7f7366450000 60 4 5632 7
7f736644e000 61 3 5697 7
7f7366455000 245 10 5953 7
7f736644d000 97 3 6054 7
7f736644c000 36 3 6094 7
7f7366453000 37 3 6135 7
7f7366454000 123 6 6266 7
7f7366448000 52 3 6322 7
7f736644f000 36 3 6362 7
408000 60 3 6428 7
7f736669f000 77 11 6517 7
7f7366707000 79 3 6599 7
594000 49 3 6652 7
593000 69 3 6725 7
7f7366718000 64 13 6803 7
7f7366717000 101 9 6914 7
7f736670e000 58 4 6976 7
7f736670d000 50 2 7029 7
7f736670c000 46 2 7078 7
618000 72 5 7156 7
434000 63 4 7224 7
5d4000 54 6 7284 8
7297 8
0x535000
535000 47 23 70 2
424000 52 20 143 2
5ab000 53 18 214 2
5aa000 46 19 280 3
5a9000 52 13 346 3
44c000 61 18 425 4
633000 1077 93 1596 4
505000 72 13 1682 4
634000 1077 88 2848 4
504000 55 10 2914 5
403000 33 7 2954 5
402000 16 5 2976 5
5f8000 56 9 3041 5
5c7000 56 9 3107 5
5c6000 51 11 3170 5
59f000 53 9 3233 5
59e000 53 7 3294 5
511000 69 11 3375 5
510000 46 7 3429 5
50f000 69 11 3509 5
412000 57 10 3577 5
5b3000 47 9 3633 5
632000 1074 71 4779 5
617000 68 11 4859 6
5b2000 29 5 4894 6
635000 130 8 5033 6
631000 249 12 5295 6
7f736644b000 44 7 5347 6
7f736644a000 60 5 5412 6
7f7366449000 71 6 5490 6
7f7366452000 58 10 5559 6
7f7366451000 55 6 5621 6
7f7366450000 60 7 5689 6
7f736644e000 61 6 5757 6
7f7366455000 244 17 6019 6
7f736644d000 96 6 6122 6
7f736644c000 36 5 6164 6
7f7366453000 36 6 6207 6
7f7366454000 122 11 6342 6
7f7366448000 52 5 6400 6
7f736644f000 36 5 6442 6
408000 60 6 6511 6
7f736669f000 76 19 6607 6
7f7366707000 78 6 6691 6
594000 49 7 6747 6
593000 68 6 6822 6
7f7366718000 64 23 6910 7
7f7366717000 101 8 7020 7
7f736670e000 58 4 7082 7
7f736670d000 51 2 7135 7
7f736670c000 46 3 7185 7
618000 71 6 7263 7
434000 63 4 7330 7
5d4000 54 5 7389 8
7402 8
0x424000
424000 51 27 79 1
79 1
0x5ab000
5ab000 52 26 78 0
5aa000 46 26 150 1
5a9000 52 23 226 1
44c000 61 32 319 2
633000 1078 130 1527 2
505000 73 20 1621 2
634000 1083 123 2828 2
504000 55 17 2901 3
403000 32 14 2948 4
402000 16 8 2973 4
5f8000 56 14 3043 4
5c7000 57 12 3113 4
5c6000 52 16 3182 5
59f000 53 9 3245 5
59e000 53 8 3307 5
511000 69 12 3389 5
510000 45 7 3442 5
50f000 69 11 3523 5
412000 58 10 3592 5
5b3000 47 9 3648 5
632000 1089 72 4810 5
617000 69 11 4890 6
5b2000 30 5 4926 6
635000 132 8 5067 6
631000 251 13 5331 6
7f736644b000 44 6 5382 6
7f736644a000 61 5 5449 6
7f7366449000 71 6 5527 6
7f7366452000 58 11 5597 6
7f7366451000 55 5 5658 6
7f7366450000 60 7 5726 6
7f736644e000 62 6 5795 6
7f7366455000 246 17 6059 6
7f736644d000 96 7 6163 6
7f736644c000 36 5 6205 6
7f7366453000 36 6 6248 6
7f7366454000 123 11 6384 6
7f7366448000 52 5 6442 6
7f736644f000 36 4 6484 6
408000 59 7 6554 6
7f736669f000 76 19 6650 6
7f7366707000 78 6 6735 6
594000 49 7 6791 6
593000 68 7 6867 6
7f7366718000 64 23 6955 7
7f7366717000 101 8 7065 7
7f736670e000 58 4 7128 7
7f736670d000 51 2 7181 7
7f736670c000 47 2 7231 7
618000 72 5 7309 7
434000 63 4 7377 7
5d4000 54 5 7437 8
7450 8
0x5aa000
5aa000 46 26 72 1
5a9000 53 22 148 1
44c000 61 32 242 2
633000 1086 130 1459 2
505000 73 20 1553 2
634000 1085 124 2763 2
504000 55 17 2835 3
403000 32 14 2882 4
402000 16 8 2907 4
5f8000 56 14 2977 4
5c7000 57 12 3047 4
5c6000 52 16 3116 5
59f000 53 9 3179 5
59e000 53 7 3240 5
511000 70 11 3322 5
510000 46 7 3376 5
50f000 68 12 3457 5
412000 57 11 3526 5
5b3000 46 10 3582 5
632000 1086 71 4740 5
617000 69 11 4821 6
5b2000 30 5 4856 6
635000 131 8 4996 6
631000 251 12 5260 6
7f736644b000 44 6 5312 6
7f736644a000 60 6 5379 6
7f7366449000 72 6 5457 6
7f7366452000 58 10 5526 6
7f7366451000 55 6 5588 6
7f7366450000 60 7 5656 6
7f736644e000 62 6 5725 6
7f7366455000 246 17 5989 6
7f736644d000 96 7 6093 6
7f736644c000 36 5 6135 6
7f7366453000 36 6 6178 6
7f7366454000 123 11 6314 6
7f7366448000 52 5 6372 6
7f736644f000 36 5 6415 6
408000 60 6 6484 6
7f736669f000 77 19 6581 6
7f7366707000 78 7 6666 6
594000 49 7 6722 6
593000 68 7 6798 6
7f7366718000 64 23 6886 7
7f7366717000 101 9 6997 7
7f736670e000 58 4 7059 7
7f736670d000 51 2 7113 7
7f736670c000 46 3 7163 7
618000 72 5 7241 7
434000 63 4 7309 7
5d4000 54 6 7369 8
7381 8
0x5a9000
5a9000 52 23 75 0
75 0
0x44c000
44c000 62 32 94 1
94 1
0x4d1000
4d1000 68 33 101 1
101 1
0x482000
482000 59 28 87 0
87 0
0x49f000
49f000 65 34 99 2
49e000 47 23 170 2
49d000 62 23 256 2
49c000 49 26 332 3
49b000 44 15 392 4
5c1000 63 11 466 4
632000 1077 89 1633 4
7f73667ea000 81 14 1729 4
403000 33 10 1772 4
402000 16 7 1796 4
634000 1090 88 2974 4
5f8000 56 13 3044 4
5c7000 56 12 3113 4
5c6000 52 15 3181 4
59f000 54 12 3247 4
633000 1076 93 4417 4
505000 72 13 4503 4
504000 55 10 4569 4
549000 89 17 4676 4
7f736669f000 76 34 4787 4
599000 80 16 4884 4
4df000 33 9 4927 5
58a000 51 6 4985 6
589000 91 12 5089 6
50f000 68 7 5165 6
412000 57 7 5230 6
5b3000 46 6 5282 6
617000 69 7 5359 7
5b2000 30 3 5392 7
635000 131 4 5527 7
631000 249 7 5784 7
7f736644b000 44 4 5833 7
7f736644a000 59 3 5896 7
7f7366449000 71 3 5971 7
7f7366452000 58 5 6035 8
6051 8
0x49e000
49e000 48 23 71 0
49d000 62 23 157 0
49c000 49 26 233 2
49b000 44 24 302 3
5c1000 62 26 391 3
632000 1078 107 1576 3
7f73667ea000 82 17 1675 3
403000 32 13 1721 3
402000 17 9 1748 3
634000 1079 105 2932 3
5f8000 56 17 3006 3
5c7000 56 15 3078 3
5c6000 52 19 3150 3
59f000 53 17 3221 3
633000 1099 112 4433 3
505000 74 16 4524 3
504000 56 13 4594 4
549000 91 17 4702 4
7f736669f000 77 34 4814 4
599000 80 17 4912 4
4df000 33 9 4955 5
58a000 51 7 5014 6
589000 91 12 5118 6
50f000 69 7 5195 6
412000 58 7 5261 6
5b3000 47 6 5314 6
617000 69 7 5391 7
5b2000 30 2 5424 7
635000 132 4 5561 7
631000 252 8 5822 7
7f736644b000 44 4 5871 7
7f736644a000 60 3 5935 7
7f7366449000 71 4 6011 7
7f7366452000 57 6 6075 8
6090 8
0x49d000
49d000 63 23 86 0
49c000 50 26 163 2
49b000 44 25 233 3
5c1000 63 25 322 3
632000 1093 108 1524 3
7f73667ea000 82 18 1624 3
403000 33 14 1671 3
402000 17 9 1697 3
634000 1088 106 2891 3
5f8000 56 17 2965 3
5c7000 56 15 3037 3
5c6000 53 19 3110 3
59f000 54 16 3181 3
633000 1087 112 4381 3
505000 73 16 4471 3
504000 56 13 4541 4
549000 90 17 4649 4
7f736669f000 77 34 4761 4
599000 80 16 4858 4
4df000 34 9 4902 5
58a000 51 7 4961 6
589000 91 12 5065 6
50f000 69 8 5143 6
412000 57 7 5208 6
5b3000 46 6 5261 6
617000 69 8 5339 7
5b2000 30 2 5371 7
635000 133 4 5509 7
631000 252 8 5769 7
7f736644b000 44 4 5818 7
7f736644a000 60 3 5882 7
7f7366449000 71 4 5958 7
7f7366452000 57 6 6022 8
6037 8
0x49c000
49c000 50 26 76 2
49b000 45 25 146 3
5c1000 62 26 235 3
632000 1089 108 1433 3
7f73667ea000 82 18 1534 3
403000 33 13 1580 3
402000 17 8 1606 3
634000 1090 107 2804 3
5f8000 56 17 2877 3
5c7000 57 15 2950 3
5c6000 52 19 3022 3
59f000 54 16 3093 3
633000 1079 111 4284 3
505000 73 17 4375 3
504000 55 13 4444 4
549000 90 17 4552 4
7f736669f000 76 35 4664 4
599000 80 16 4761 4
4df000 33 10 4805 5
58a000 51 7 4864 6
589000 92 11 4967 6
50f000 69 8 5045 6
412000 58 7 5110 6
5b3000 47 6 5163 6
617000 68 8 5240 7
5b2000 30 3 5273 7
635000 130 4 5408 7
631000 249 7 5665 7
7f736644b000 44 3 5714 7
7f736644a000 60 3 5778 7
7f7366449000 71 4 5854 7
7f7366452000 58 6 5919 8
5932 8
0x49b000
49b000 44 25 70 1
5c1000 62 26 159 3
632000 1086 162 1408 3
7f73667ea000 82 30 1520 3
403000 32 24 1577 3
402000 17 16 1611 3
634000 1086 160 2857 3
5f8000 56 20 2934 3
5c7000 57 14 3006 3
5c6000 53 19 3079 3
59f000 54 16 3150 3
633000 1087 112 4350 3
505000 73 17 4440 3
504000 55 13 4509 4
549000 90 17 4617 4
7f736669f000 76 35 4729 4
599000 80 16 4826 4
4df000 33 10 4870 5
58a000 50 7 4928 6
589000 91 12 5032 6
50f000 69 7 5109 6
412000 58 6 5174 6
5b3000 46 6 5227 6
617000 69 8 5305 7
5b2000 30 2 5337 7
635000 132 5 5475 7
631000 252 8 5735 7
7f736644b000 44 4 5784 7
7f736644a000 60 3 5848 7
7f7366449000 72 3 5924 7
7f7366452000 58 6 5989 8
6002 8
0x5c1000
5c1000 62 26 89 2
632000 1089 162 1340 2
7f73667ea000 82 30 1452 2
403000 32 24 1509 2
402000 16 17 1543 2
634000 1090 159 2792 2
5f8000 56 25 2874 2
5c7000 57 19 2951 2
5c6000 52 24 3028 3
59f000 54 17 3100 3
633000 1087 112 4299 3
505000 73 17 4390 3
504000 55 13 4459 4
549000 90 17 4567 4
7f736669f000 77 34 4679 4
599000 80 16 4776 4
4df000 33 10 4820 5
58a000 51 7 4879 6
589000 91 12 4983 6
50f000 68 8 5060 6
412000 57 7 5125 6
5b3000 47 6 5178 6
617000 68 7 5254 7
5b2000 30 2 5287 7
635000 131 4 5423 7
631000 249 7 5680 7
7f736644b000 44 3 5729 7
7f736644a000 60 3 5793 7
7f7366449000 72 4 5869 7
7f7366452000 58 6 5933 8
5946 8
0x528000
528000 46 22 69 0
403000 33 24 127 1
402000 18 16 161 1
634000 1083 160 1404 1
5f8000 56 30 1491 1
5c7000 56 26 1574 1
5c6000 53 33 1661 3
59f000 53 17 1732 3
633000 1088 112 2932 3
505000 73 17 3022 3
504000 54 14 3091 4
549000 90 17 3198 4
632000 1079 89 4367 4
7f736669f000 76 35 4479 4
599000 80 16 4576 4
4df000 34 9 4620 5
58a000 51 7 4679 6
589000 91 12 4783 6
50f000 69 7 4860 6
412000 58 6 4925 6
5b3000 46 6 4978 6
617000 68 8 5056 7
5b2000 30 3 5089 7
635000 132 4 5226 7
631000 255 7 5488 7
7f736644b000 44 4 5538 7
7f736644a000 60 3 5602 7
7f7366449000 71 4 5678 7
7f7366452000 58 6 5743 8
5755 8
0x530000
530000 39 23 63 0
634000 1088 160 1312 0
52f000 56 26 1395 0
7f736670e000 58 29 1483 1
7f736670d000 51 18 1553 1
7f736670c000 46 18 1618 1
403000 32 24 1675 1
402000 16 17 1709 1
5f8000 57 29 1795 1
5c7000 56 26 1878 1
5c6000 52 33 1964 3
59f000 53 16 2034 3
633000 1078 111 3224 3
505000 72 17 3314 3
504000 54 14 3383 4
549000 90 17 3490 4
632000 1080 89 4660 4
7f736669f000 76 34 4771 4
599000 80 16 4868 4
4df000 33 10 4912 5
58a000 50 7 4970 6
589000 90 12 5073 6
50f000 68 8 5150 6
412000 57 6 5214 6
5b3000 46 6 5267 6
617000 68 8 5344 7
5b2000 30 2 5376 7
635000 131 4 5512 7
631000 250 7 5769 7
7f736644b000 44 3 5818 7
7f736644a000 60 3 5882 7
7f7366449000 71 3 5957 7
7f7366452000 57 6 6021 8
6034 8
0x52f000
52f000 56 25 81 0
7f736670e000 58 29 169 1
7f736670d000 51 18 238 1
7f736670c000 47 17 302 1
403000 32 24 359 1
402000 16 16 392 1
634000 1083 159 1635 1
5f8000 56 29 1721 1
5c7000 56 26 1804 1
5c6000 52 33 1890 3
59f000 53 16 1960 3
633000 1078 111 3150 3
505000 73 16 3240 3
504000 55 13 3309 4
549000 89 18 3417 4
632000 1088 89 4594 4
7f736669f000 77 34 4706 4
599000 80 16 4803 4
4df000 33 10 4847 5
58a000 51 7 4906 6
589000 91 11 5009 6
50f000 68 8 5086 6
412000 57 6 5150 6
5b3000 46 6 5203 6
617000 68 7 5279 7
5b2000 30 2 5312 7
635000 131 4 5448 7
631000 249 7 5705 7
7f736644b000 44 3 5754 7
7f736644a000 60 3 5818 7
7f7366449000 71 3 5893 7
7f7366452000 57 6 5957 8
5969 8
0x564000
564000 111 46 158 4
633000 1076 92 1327 4
505000 73 13 1414 4
634000 1085 87 2587 4
504000 55 11 2654 4
403000 32 11 2697 5
402000 17 5 2720 5
5f8000 56 10 2786 5
5c7000 56 9 2852 5
5c6000 52 11 2916 6
59f000 53 5 2976 6
59e000 53 4 3034 6
511000 69 7 3111 6
510000 45 4 3161 6
50f000 69 7 3238 6
412000 57 6 3302 6
5b3000 46 6 3354 6
632000 1080 53 4488 6
617000 69 7 4564 7
5b2000 30 2 4596 7
635000 131 3 4731 7
631000 250 6 4988 7
7f736644b000 44 3 5037 7
7f736644a000 59 3 5100 7
7f7366449000 71 3 5175 7
7f7366452000 57 5 5238 7
7f7366451000 55 3 5297 7
7f7366450000 60 3 5361 7
7f736644e000 61 3 5426 7
7f7366455000 245 9 5681 7
7f736644d000 96 3 5781 7
7f736644c000 36 3 5821 7
7f7366453000 36 3 5861 7
7f7366454000 123 6 5992 7
7f7366448000 52 3 6048 7
7f736644f000 36 2 6087 7
408000 60 3 6154 7
7f736669f000 76 10 6241 7
7f7366707000 78 3 6323 7
594000 49 3 6376 7
593000 68 3 6448 7
7f7366718000 64 12 6525 8
6536 8
0x563000
563000 38 28 66 1
633000 1088 168 1323 1
505000 73 28 1424 1
634000 1076 159 2660 1
504000 55 24 2740 2
403000 33 23 2796 2
402000 17 16 2830 2
5f8000 56 30 2917 2
5c7000 57 26 3000 2
5c6000 52 32 3085 4
59f000 54 12 3152 4
59e000 53 10 3216 4
511000 69 16 3302 4
510000 45 10 3358 4
50f000 68 16 3443 4
412000 57 15 3516 4
5b3000 46 13 3575 4
632000 1076 90 4742 4
617000 68 16 4826 5
5b2000 30 7 4863 5
635000 130 12 5006 5
631000 249 19 5274 5
7f736644b000 44 9 5328 5
7f736644a000 60 8 5397 5
7f7366449000 71 9 5478 5
7f7366452000 57 16 5552 6
7f7366451000 55 5 5613 6
7f7366450000 60 7 5681 6
7f736644e000 61 6 5749 6
7f7366455000 245 16 6011 6
7f736644d000 96 7 6115 6
7f736644c000 36 5 6156 6
7f7366453000 37 6 6200 6
7f7366454000 122 11 6334 6
7f7366448000 52 5 6392 6
7f736644f000 35 5 6434 6
408000 60 6 6503 6
7f736669f000 75 20 6599 6
7f7366707000 77 7 6683 6
594000 49 7 6739 6
593000 68 7 6814 6
7f7366718000 63 24 6902 7
7f7366717000 101 8 7011 7
7f736670e000 58 4 7073 7
7f736670d000 51 2 7126 7
7f736670c000 46 2 7175 7
618000 72 5 7253 7
434000 62 4 7320 7
5d4000 54 5 7379 8
7392 8
0x47a000
47a000 70 37 107 1
634000 1076 159 1342 1
633000 1078 168 2589 1
505000 72 29 2691 1
504000 54 24 2770 2
403000 33 23 2826 2
402000 17 16 2860 2
5f8000 56 29 2945 2
5c7000 56 26 3028 2
5c6000 52 33 3114 4
59f000 53 12 3180 4
59e000 53 10 3244 4
511000 69 16 3330 4
510000 45 10 3386 4
50f000 68 16 3471 4
412000 57 14 3543 4
5b3000 46 13 3603 4
632000 1079 89 4772 4
617000 68 16 4857 5
5b2000 30 7 4894 5
635000 131 11 5037 5
631000 249 19 5306 5
7f736644b000 44 9 5360 5
7f736644a000 60 8 5429 5
7f7366449000 71 10 5511 5
7f7366452000 58 16 5585 6
7f7366451000 54 6 5646 6
7f7366450000 60 7 5714 6
7f736644e000 61 6 5782 6
7f7366455000 245 17 6045 6
7f736644d000 96 6 6148 6
7f736644c000 36 5 6190 6
7f7366453000 36 7 6234 6
7f7366454000 122 11 6368 6
7f7366448000 52 5 6426 6
7f736644f000 35 5 6468 6
408000 60 6 6537 6
7f736669f000 76 19 6633 6
7f7366707000 78 6 6718 6
594000 49 7 6774 6
593000 68 6 6849 6
7f7366718000 63 24 6937 7
7f7366717000 100 9 7047 7
7f736670e000 58 4 7109 7
7f736670d000 51 2 7162 7
7f736670c000 46 3 7212 7
618000 71 5 7289 7
434000 63 4 7357 7
5d4000 54 6 7417 8
7429 8
0x4c1000
4c1000 58 33 92 1
92 1
0x511000
511000 69 34 104 0
510000 46 23 174 1
50f000 68 30 273 2
412000 57 24 355 2
5b3000 46 22 424 4
632000 1076 89 1590 4
617000 69 15 1674 5
5b2000 29 7 1711 5
635000 131 11 1854 5
631000 250 18 2123 5
7f736644b000 44 10 2178 5
7f736644a000 60 8 2246 5
7f7366449000 71 10 2328 5
7f7366452000 58 15 2401 6
7f7366451000 55 6 2463 6
7f7366450000 60 7 2531 6
7f736644e000 61 6 2598 6
7f7366455000 245 17 2861 6
7f736644d000 96 6 2964 6
7f736644c000 36 5 3006 6
7f7366453000 36 6 3049 6
7f7366454000 122 10 3183 6
7f7366448000 53 5 3242 6
7f736644f000 36 5 3284 6
403000 32 6 3325 6
402000 17 3 3346 6
634000 1074 56 4477 6
5f8000 56 7 4541 6
5c7000 56 6 4604 6
5c6000 52 9 4666 6
59f000 53 7 4727 6
633000 1079 59 5866 6
505000 72 7 5946 6
504000 55 6 6008 6
549000 90 9 6107 6
7f736669f000 76 19 6203 6
599000 81 8 6292 6
4df000 33 6 6332 7
58a000 50 3 6386 8
6396 8
0x510000
510000 46 23 69 1
50f000 68 30 168 2
412000 57 24 250 2
5b3000 46 22 319 4
632000 1075 89 1484 4
617000 68 16 1569 5
5b2000 30 7 1606 5
635000 131 11 1749 5
631000 251 18 2019 5
7f736644b000 44 9 2074 5
7f736644a000 61 8 2144 5
7f7366449000 72 9 2226 5
7f7366452000 58 16 2301 6
7f7366451000 56 5 2362 6
7f7366450000 60 7 2430 6
7f736644e000 61 6 2498 6
7f7366455000 245 17 2761 6
7f736644d000 96 6 2864 6
7f736644c000 36 5 2906 6
7f7366453000 36 6 2949 6
7f7366454000 122 11 3084 6
7f7366448000 52 5 3142 6
7f736644f000 35 5 3184 6
403000 33 5 3225 6
402000 17 4 3247 6
634000 1081 56 4384 6
5f8000 56 7 4448 6
5c7000 56 7 4512 6
5c6000 53 8 4574 6
59f000 53 7 4635 6
633000 1084 59 5779 6
505000 73 7 5860 6
504000 55 6 5922 6
549000 89 10 6021 6
7f736669f000 76 19 6117 6
599000 80 9 6206 6
4df000 33 5 6245 7
58a000 50 3 6299 8
6309 8
0x5d5000
5d5000 70 34 104 0
5d4000 54 39 198 3
633000 1074 111 1384 3
505000 72 17 1474 3
634000 1077 105 2656 3
504000 55 13 2725 4
403000 32 11 2769 5
402000 16 6 2792 5
5f8000 56 10 2858 5
5c7000 56 9 2924 5
5c6000 52 11 2988 6
59f000 53 6 3048 6
59e000 52 5 3106 6
511000 69 6 3182 6
510000 46 4 3233 6
50f000 68 7 3309 6
412000 57 6 3373 6
5b3000 46 6 3426 6
632000 1076 54 4557 6
617000 68 7 4632 7
5b2000 29 3 4665 7
635000 130 4 4800 7
631000 249 7 5056 7
7f736644b000 43 3 5104 7
7f736644a000 60 2 5167 7
7f7366449000 71 3 5242 7
7f7366452000 58 5 5306 7
7f7366451000 55 3 5365 7
7f7366450000 60 3 5429 7
7f736644e000 61 3 5494 7
7f7366455000 245 10 5750 7
7f736644d000 96 3 5849 7
7f736644c000 35 3 5889 7
7f7366453000 36 3 5929 7
7f7366454000 122 5 6058 7
7f7366448000 52 2 6114 7
7f736644f000 36 2 6153 7
408000 59 3 6219 7
7f736669f000 76 10 6306 7
7f7366707000 77 3 6387 7
594000 49 3 6440 7
593000 68 3 6512 7
7f7366718000 63 12 6588 8
6600 8
0x5bc000
5bc000 80 37 118 1
5bb000 54 27 200 1
5ba000 40 30 271 3
633000 1080 109 1461 3
505000 72 16 1550 3
634000 1078 104 2733 3
504000 55 13 2801 3
403000 33 13 2847 4
402000 16 7 2871 4
5f8000 56 13 2940 4
5c7000 56 12 3009 4
5c6000 52 15 3077 4
59f000 53 13 3144 4
59e000 52 11 3208 4
511000 69 16 3294 4
510000 45 10 3350 4
50f000 68 16 3435 4
412000 57 14 3507 4
5b3000 47 13 3567 4
632000 1075 90 4733 4
617000 68 16 4817 5
5b2000 30 7 4854 5
635000 131 11 4997 5
631000 249 18 5265 5
7f736644b000 44 9 5320 5
7f736644a000 60 8 5389 5
7f7366449000 71 10 5471 5
7f7366452000 57 16 5545 6
7f7366451000 55 5 5606 6
7f7366450000 60 7 5674 6
7f736644e000 61 6 5742 6
7f7366455000 246 17 6006 6
7f736644d000 96 6 6109 6
7f736644c000 36 5 6151 6
7f7366453000 36 7 6195 6
7f7366454000 122 11 6329 6
7f7366448000 52 5 6387 6
7f736644f000 35 5 6429 6
408000 60 6 6498 6
7f736669f000 76 19 6594 6
7f7366707000 78 6 6678 6
594000 49 7 6734 6
593000 68 6 6809 6
7f7366718000 63 24 6897 7
7f7366717000 101 8 7006 7
7f736670e000 57 4 7068 7
7f736670d000 50 2 7121 7
7f736670c000 46 3 7171 7
618000 71 5 7248 7
434000 62 5 7316 7
5d4000 54 5 7375 8
7389 8
0x5bb000
5bb000 54 27 81 0
5ba000 40 31 153 2
633000 1076 168 1398 2
505000 73 28 1499 2
634000 1081 159 2740 2
504000 55 23 2819 3
403000 32 23 2875 4
402000 17 16 2909 4
5f8000 56 17 2982 4
5c7000 55 12 3050 4
5c6000 52 15 3118 4
59f000 53 12 3184 4
59e000 53 10 3248 4
511000 69 16 3334 4
510000 45 10 3390 4
50f000 69 16 3476 4
412000 57 15 3548 4
5b3000 46 13 3607 4
632000 1078 90 4776 4
617000 69 15 4860 5
5b2000 29 7 4897 5
635000 131 11 5040 5
631000 248 18 5307 5
7f736644b000 43 10 5362 5
7f736644a000 60 8 5431 5
7f7366449000 71 9 5512 5
7f7366452000 57 16 5586 6
7f7366451000 54 6 5647 6
7f7366450000 60 7 5715 6
7f736644e000 61 6 5783 6
7f7366455000 245 17 6046 6
7f736644d000 96 7 6150 6
7f736644c000 36 5 6192 6
7f7366453000 36 6 6235 6
7f7366454000 122 11 6370 6
7f7366448000 52 6 6429 6
7f736644f000 36 5 6471 6
408000 59 6 6539 6
7f736669f000 76 19 6635 6
7f7366707000 77 6 6719 6
594000 49 7 6776 6
593000 68 6 6851 6
7f7366718000 63 24 6939 7
7f7366717000 101 8 7048 7
7f736670e000 57 4 7110 7
7f736670d000 50 3 7164 7
7f736670c000 46 3 7213 7
618000 71 5 7290 7
434000 62 5 7358 7
5d4000 54 5 7417 8
7430 8
0x5ba000
5ba000 40 30 71 2
633000 1077 168 1317 2
505000 72 28 1418 2
634000 1077 159 2655 2
504000 55 23 2734 3
403000 32 23 2790 4
402000 17 16 2824 4
5f8000 56 17 2897 4
5c7000 56 11 2965 4
5c6000 52 15 3033 4
59f000 53 13 3100 4
59e000 52 11 3164 4
511000 69 15 3249 4
510000 46 10 3306 4
50f000 69 16 3391 4
412000 57 15 3463 4
5b3000 46 13 3522 4
632000 1076 90 4689 4
617000 68 16 4773 5
5b2000 30 7 4810 5
635000 130 12 4953 5
631000 249 18 5220 5
7f736644b000 43 10 5275 5
7f736644a000 60 8 5344 5
7f7366449000 71 9 5425 5
7f7366452000 57 16 5499 6
7f7366451000 55 5 5560 6
7f7366450000 60 7 5628 6
7f736644e000 61 6 5696 6
7f7366455000 245 17 5959 6
7f736644d000 95 7 6062 6
7f736644c000 36 5 6104 6
7f7366453000 36 6 6147 6
7f7366454000 123 10 6281 6
7f7366448000 52 6 6340 6
7f736644f000 36 4 6381 6
408000 59 6 6450 6
7f736669f000 76 19 6546 6
7f7366707000 77 6 6630 6
594000 49 6 6686 6
593000 68 7 6762 6
7f7366718000 63 24 6850 7
7f7366717000 101 8 6959 7
7f736670e000 58 4 7022 7
7f736670d000 51 2 7075 7
7f736670c000 46 2 7124 7
618000 72 6 7203 7
434000 63 4 7270 7
5d4000 54 5 7330 8
7342 8
0x592000
592000 74 45 120 1
591000 36 19 176 1
590000 48 35 259 2
58f000 72 32 364 3
58e000 74 32 471 3
403000 33 23 528 3
402000 17 16 562 3
634000 1076 159 1797 3
5f8000 56 24 1877 3
5c7000 56 18 1952 3
5c6000 52 22 2027 5
59f000 54 10 2092 5
633000 1076 78 3247 5
505000 72 11 3331 5
504000 55 9 3396 5
549000 89 14 3499 5
632000 1075 75 4650 5
7f736669f000 76 27 4754 5
599000 80 13 4848 5
4df000 33 8 4890 6
58a000 51 5 4947 7
589000 91 7 5046 7
50f000 69 4 5120 7
412000 57 4 5182 7
5b3000 46 4 5233 7
617000 68 5 5307 7
5b2000 30 3 5340 7
635000 130 4 5475 7
631000 249 7 5732 7
7f736644b000 44 4 5781 7
7f736644a000 60 3 5844 7
7f7366449000 71 4 5920 7
7f7366452000 58 6 5984 8
5998 8
0x591000
591000 36 18 55 0
590000 47 35 138 1
58f000 72 33 244 2
58e000 74 32 350 2
403000 32 24 407 2
402000 17 16 440 2
634000 1076 159 1676 2
5f8000 56 25 1758 2
5c7000 56 20 1835 2
5c6000 52 24 1912 4
59f000 53 13 1979 4
633000 1080 92 3152 4
505000 73 13 3239 4
504000 55 10 3304 4
549000 89 17 3411 4
632000 1072 90 4574 4
7f736669f000 76 34 4684 4
599000 80 16 4781 4
4df000 33 10 4824 5
58a000 50 7 4882 6
589000 90 12 4985 6
50f000 68 8 5062 6
412000 57 7 5126 6
5b3000 47 6 5179 6
617000 68 7 5255 7
5b2000 30 2 5287 7
635000 131 4 5423 7
631000 249 8 5681 7
7f736644b000 44 4 5730 7
7f736644a000 60 3 5793 7
7f7366449000 71 3 5868 7
7f7366452000 57 6 5932 8
5946 8
0x590000
590000 47 35 83 1
58f000 72 32 188 2
58e000 74 32 295 2
403000 33 23 351 2
402000 17 16 385 2
634000 1078 159 1622 2
5f8000 56 26 1704 2
5c7000 56 19 1780 2
5c6000 52 25 1858 4
59f000 53 13 1925 4
633000 1078 93 3096 4
505000 72 13 3182 4
504000 55 10 3248 4
549000 90 17 3355 4
632000 1077 90 4523 4
7f736669f000 76 35 4634 4
599000 80 16 4730 4
4df000 33 9 4773 5
58a000 50 7 4831 6
589000 91 11 4934 6
50f000 68 8 5011 6
412000 57 6 5075 6
5b3000 46 6 5128 6
617000 68 7 5204 7
5b2000 29 3 5237 7
635000 130 4 5372 7
631000 249 7 5629 7
7f736644b000 43 4 5678 7
7f736644a000 59 3 5741 7
7f7366449000 71 4 5817 7
7f7366452000 58 6 5881 8
5895 8
0x58f000
58f000 72 32 104 1
58e000 74 32 211 1
403000 32 24 268 1
402000 17 16 301 1
634000 1078 160 1540 1
5f8000 55 30 1626 1
5c7000 56 26 1709 1
5c6000 51 33 1794 3
59f000 53 16 1864 3
633000 1078 112 3055 3
505000 73 16 3144 3
504000 55 13 3213 4
549000 89 17 3320 4
632000 1076 89 4486 4
7f736669f000 76 34 4597 4
599000 80 16 4694 4
4df000 33 9 4737 5
58a000 51 6 4795 6
589000 91 11 4898 6
50f000 69 7 4975 6
412000 57 6 5039 6
5b3000 46 6 5092 6
617000 68 8 5169 7
5b2000 30 2 5201 7
635000 130 5 5337 7
631000 249 8 5594 7
7f736644b000 44 3 5642 7
7f736644a000 60 3 5706 7
7f7366449000 72 3 5781 7
7f7366452000 57 6 5845 8
5859 8
0x58e000
58e000 74 31 106 0
403000 33 23 163 1
402000 17 16 197 1
634000 1077 159 1433 1
5f8000 56 30 1520 1
5c7000 56 26 1602 1
5c6000 52 33 1688 3
59f000 53 16 1758 3
633000 1078 111 2948 3
505000 73 16 3038 3
504000 55 13 3107 4
549000 89 17 3214 4
632000 1077 89 4381 4
7f736669f000 76 35 4492 4
599000 80 16 4588 4
4df000 33 10 4632 5
58a000 51 6 4689 6
589000 91 11 4792 6
50f000 69 7 4869 6
412000 57 7 4934 6
5b3000 47 6 4987 6
617000 68 7 5063 7
5b2000 29 3 5096 7
635000 130 4 5231 7
631000 249 7 5488 7
7f736644b000 44 3 5537 7
7f736644a000 60 3 5601 7
7f7366449000 71 4 5676 7
7f7366452000 57 6 5740 8
5753 8
0x58d000
58d000 32 19 51 0
51 0
0x57f000
57f000 55 26 81 1
634000 1078 159 1318 1
57e000 45 23 1387 1
4fc000 52 34 1474 3
633000 1082 113 2670 3
505000 72 17 2760 3
504000 55 14 2830 3
403000 32 14 2876 3
402000 17 9 2903 3
5f8000 55 18 2977 3
5c7000 56 16 3050 3
5c6000 51 20 3122 4
59f000 53 13 3189 4
59e000 52 11 3253 4
511000 69 15 3338 4
510000 45 11 3395 4
50f000 68 16 3479 4
412000 57 14 3551 4
5b3000 46 13 3611 4
632000 1076 89 4777 4
617000 68 15 4861 5
5b2000 29 7 4898 5
635000 131 12 5042 5
631000 249 18 5309 5
7f736644b000 43 10 5364 5
7f736644a000 59 8 5432 5
7f7366449000 71 10 5514 5
7f7366452000 57 16 5588 6
7f7366451000 54 6 5649 6
7f7366450000 60 7 5717 6
7f736644e000 60 7 5785 6
7f7366455000 245 17 6048 6
7f736644d000 95 7 6151 6
7f736644c000 36 5 6193 6
7f7366453000 36 6 6236 6
7f7366454000 123 11 6371 6
7f7366448000 52 5 6429 6
7f736644f000 35 5 6471 6
408000 60 6 6540 6
7f736669f000 75 19 6635 6
7f7366707000 77 6 6719 6
594000 49 7 6776 6
593000 68 7 6851 6
7f7366718000 63 23 6938 7
7f7366717000 101 8 7048 7
7f736670e000 58 4 7110 7
7f736670d000 51 2 7163 7
7f736670c000 46 2 7212 7
618000 72 5 7290 7
434000 62 4 7357 7
5d4000 53 6 7417 8
7430 8
