0x55f0388bc000
55f0388bc000 42 19 62 0
55f038924000 834 147 1044 0
55f038923000 456 85 1586 0
55f0388fa000 54 30 1672 1
55f038904000 48 20 1741 2
55f038920000 57 18 1817 2
55f0388c4000 54 16 1888 3
55f0388fd000 41 17 1947 4
55f0388fc000 56 13 2017 4
55f0388e6000 71 14 2102 4
55f0388c5000 40 11 2154 4
55f03891c000 53 13 2221 6
55f038906000 39 5 2267 6
55f038905000 55 5 2328 6
55f0388e4000 58 5 2392 6
55f0388bb000 17 3 2413 6
55f038915000 61 6 2480 6
55f038914000 36 4 2521 6
55f038913000 49 5 2576 7
55f0388c8000 36 3 2616 7
55f0388c7000 24 3 2644 7
55f0388c6000 28 3 2675 7
55f038903000 50 3 2729 7
55f03890a000 55 4 2789 7
55f0388e1000 50 4 2846 7
55f0388e0000 55 4 2906 7
55f0388d6000 48 4 2959 7
55f0388d5000 37 3 3000 8
3020 8
0x55f038924000
55f038924000 829 146 976 0
976 0
0x55f038923000
55f038923000 453 86 539 0
539 0
0x55f0388fa000
55f0388fa000 54 29 84 1
55f038904000 48 20 153 2
55f038924000 823 113 1090 2
55f038923000 450 65 1606 2
55f0388bc000 38 13 1658 2
55f0388bd000 112 34 1806 2
55f0388f2000 53 20 1880 2
55f038920000 57 17 1956 2
55f0388c4000 54 17 2028 3
55f0388fd000 41 17 2086 4
55f0388fc000 56 12 2155 4
55f0388e6000 70 13 2239 4
55f0388c5000 40 11 2291 4
55f03891c000 53 12 2357 6
55f038906000 39 5 2403 6
55f038905000 55 4 2463 6
55f0388e4000 57 5 2527 6
55f0388bb000 17 3 2548 6
55f038915000 61 6 2615 6
55f038914000 35 4 2655 6
55f038913000 49 5 2710 7
55f0388c8000 36 3 2750 7
55f0388c7000 24 2 2777 7
55f0388c6000 28 2 2808 7
55f038903000 50 3 2862 7
55f03890a000 54 3 2921 7
55f0388e1000 49 4 2978 7
55f0388e0000 55 4 3038 7
55f0388d6000 48 3 3090 7
55f0388d5000 37 3 3131 8
3153 8
0x55f038904000
55f038904000 48 23 71 1
55f038924000 822 146 1040 1
55f038923000 450 86 1577 1
55f0388bc000 37 19 1634 1
55f0388fa000 54 30 1719 2
55f0388f9000 46 16 1782 5
55f0388bb000 17 7 1807 5
55f038920000 57 10 1874 5
55f0388c4000 54 9 1938 5
55f0388fd000 41 11 1991 6
55f0388fc000 56 7 2055 6
55f0388e6000 70 7 2133 6
55f0388c5000 40 6 2180 6
55f03891c000 53 7 2241 8
2251 8
0x55f038920000
55f038920000 57 24 81 0
55f038924000 827 146 1055 0
55f0388bc000 38 19 1112 0
55f038923000 451 85 1649 0
55f0388fa000 54 29 1734 1
55f038904000 48 20 1803 2
55f0388e1000 50 21 1875 2
55f0388e0000 55 17 1948 2
55f0388d6000 48 19 2016 2
55f0388d5000 37 16 2070 3
55f0388bf000 40 11 2123 3
55f0388be000 62 14 2200 4
55f0388bd000 112 24 2337 4
55f0388f2000 52 14 2404 4
55f0388bb000 17 7 2430 4
55f0388c5000 40 12 2483 4
55f03891c000 53 14 2551 5
55f038906000 39 8 2600 5
55f038905000 55 8 2664 5
55f0388e4000 57 9 2732 5
55f038915000 61 10 2804 5
55f038914000 35 8 2848 5
55f038913000 50 8 2906 6
55f0388c8000 36 7 2950 6
55f0388c7000 24 5 2980 6
55f0388c6000 27 6 3014 6
55f038903000 50 7 3072 7
55f03890a000 55 3 3131 7
55f0388cc000 48 4 3187 7
55f0388cb000 38 3 3229 7
55f038910000 40 3 3273 7
55f03890f000 45 4 3323 7
55f03890e000 55 4 3383 7
55f038902000 49 5 3438 7
55f038908000 51 4 3494 7
55f038907000 39 3 3537 7
55f0388c0000 60 4 3602 7
55f0388fb000 50 3 3656 7
55f0388d2000 55 3 3717 7
55f03890b000 56 3 3778 7
55f0388d4000 49 3 3831 7
55f0388f7000 51 3 3886 7
55f0388e9000 45 3 3936 7
55f0388f9000 47 3 3987 8
4025 8
0x55f0388c4000
55f0388c4000 53 23 77 1
77 1
0x55f0388fd000
55f0388fd000 41 28 69 1
55f038924000 825 146 1041 1
55f0388fc000 56 27 1125 2
55f038923000 451 65 1642 2
55f0388bc000 37 14 1694 2
55f0388fa000 54 21 1770 3
55f038904000 48 13 1832 3
55f038920000 57 14 1904 3
55f0388c4000 54 13 1972 4
55f0388f7000 51 11 2034 5
55f0388e9000 45 7 2088 5
55f0388f9000 46 7 2143 7
55f0388bb000 17 2 2163 7
55f0388ee000 41 2 2206 7
55f0388f0000 29 2 2240 7
55f0388ef000 25 2 2268 7
55f0388f1000 61 3 2333 7
55f03890b000 56 3 2394 7
55f03890a000 55 3 2453 7
55f038914000 35 3 2492 7
55f038913000 49 3 2545 7
55f0388c8000 36 3 2585 7
55f0388c7000 24 2 2612 7
55f0388c6000 28 2 2642 7
55f038903000 50 3 2696 7
55f0388c5000 40 3 2741 7
55f03891c000 53 4 2799 8
2820 8
0x55f0388fc000
55f0388fc000 56 28 84 2
84 2
0x55f0388e6000
55f0388e6000 70 30 101 0
101 0
0x55f0388c5000
55f0388c5000 41 24 65 0
55f0388bc000 38 19 122 0
55f038924000 823 146 1091 0
55f038923000 450 86 1628 0
55f0388fa000 54 30 1713 1
55f038904000 48 20 1781 2
55f038920000 57 17 1856 2
55f0388c4000 54 17 1928 3
55f0388fd000 41 17 1986 4
55f0388fc000 56 12 2055 4
55f0388e6000 70 14 2140 4
55f0388fb000 51 10 2202 4
55f0388bb000 17 7 2227 4
55f03890f000 45 12 2285 4
55f03890e000 56 11 2353 4
55f038902000 50 14 2418 5
55f038908000 52 9 2480 5
55f038907000 39 6 2526 5
55f038906000 39 8 2574 5
55f038905000 55 7 2637 5
55f0388e4000 58 8 2704 5
55f038915000 60 9 2775 5
55f038914000 35 7 2819 6
55f038913000 50 4 2873 7
55f0388c8000 39 3 2916 7
55f0388c7000 24 2 2943 7
55f0388c6000 28 2 2974 7
55f038903000 50 3 3028 7
55f03890a000 55 4 3088 7
55f0388e1000 50 4 3145 7
55f0388e0000 55 3 3204 7
55f0388d6000 48 4 3257 7
55f0388d5000 37 3 3298 8
3325 8
0x55f03891c000
55f03891c000 53 28 82 2
55f0388bc000 37 14 134 2
55f038924000 823 115 1073 2
55f038923000 451 67 1591 2
55f0388fa000 54 22 1668 3
55f038904000 48 14 1731 4
55f038920000 57 12 1801 4
55f0388c4000 53 12 1867 5
55f0388fd000 41 10 1918 6
55f0388fc000 56 6 1981 6
55f0388e6000 71 6 2058 6
55f0388c5000 41 4 2104 6
55f0388e3000 57 3 2165 6
55f0388e2000 38 4 2208 7
55f0388bb000 18 2 2228 7
55f038908000 51 4 2284 7
55f038907000 39 3 2327 7
55f038906000 39 4 2370 7
55f038905000 55 3 2429 7
55f0388e4000 58 4 2492 7
55f038915000 61 4 2558 7
55f038914000 35 3 2597 7
55f038913000 49 3 2650 7
55f0388c8000 37 3 2691 7
55f0388c7000 24 2 2718 7
55f0388c6000 28 2 2749 7
55f038903000 50 3 2803 7
55f03890a000 54 4 2863 7
55f0388e1000 50 4 2920 7
55f0388e0000 55 3 2979 7
55f0388d6000 49 3 3032 7
55f0388d5000 38 3 3074 8
3099 8
0x55f038906000
55f038906000 39 24 63 1
55f038905000 55 21 140 1
55f038923000 451 76 668 1
55f038924000 823 131 1624 1
55f0388bc000 37 17 1679 1
55f0388fa000 54 27 1761 2
55f038904000 48 17 1826 3
55f038920000 57 15 1899 3
55f0388c4000 54 14 1968 4
55f0388fd000 40 14 2023 5
55f0388fc000 56 9 2089 5
55f0388e6000 70 10 2170 5
55f0388c5000 40 8 2219 5
55f03891c000 53 9 2282 6
55f03891d000 46 5 2336 6
55f0388f9000 46 5 2388 8
2400 8
0x55f038905000
55f038905000 55 23 79 0
55f038923000 452 85 617 0
55f038924000 823 146 1587 0
55f0388bc000 38 19 1644 0
55f0388fa000 54 29 1728 1
55f038904000 48 20 1797 2
55f038920000 57 17 1872 2
55f0388c4000 54 17 1944 3
55f0388fd000 41 17 2002 4
55f0388fc000 56 12 2071 4
55f0388e6000 70 14 2156 4
55f0388c5000 41 10 2207 4
55f03891c000 54 12 2274 6
55f038906000 39 5 2320 6
55f03890c000 42 4 2367 6
55f03890b000 56 5 2429 6
55f03890a000 54 5 2489 6
55f038914000 36 3 2529 6
55f038913000 50 4 2584 7
55f0388c8000 37 3 2625 7
55f0388c7000 24 2 2652 7
55f0388c6000 28 2 2683 7
55f038903000 50 3 2737 7
55f0388bb000 17 2 2759 7
55f0388e1000 49 5 2815 7
55f0388e0000 55 3 2874 7
55f0388d6000 48 4 2927 7
55f0388d5000 37 3 2968 8
2988 8
0x55f0388e4000
55f0388e4000 58 25 83 1
55f0388bb000 17 16 117 1
55f038924000 823 146 1087 1
55f038915000 61 28 1176 1
55f0388bc000 37 19 1233 1
55f038923000 451 85 1770 1
55f0388fa000 55 29 1855 2
55f038904000 48 17 1921 2
55f038920000 57 17 1996 2
55f0388c4000 54 17 2068 3
55f0388fd000 41 17 2126 4
55f0388fc000 56 12 2195 4
55f0388e6000 70 14 2280 4
55f0388c5000 41 10 2331 4
55f03891c000 53 13 2398 6
55f038906000 39 4 2443 6
55f038905000 56 4 2504 6
55f03890a000 55 5 2565 6
55f03890c000 42 5 2613 6
55f03890b000 56 5 2675 6
55f038914000 35 4 2715 6
55f038913000 50 4 2770 7
55f0388c8000 36 3 2810 7
55f0388c7000 24 2 2837 7
55f0388c6000 28 3 2869 7
55f038903000 49 3 2922 7
55f0388e1000 49 5 2981 7
55f0388e0000 55 3 3040 7
55f0388d6000 48 4 3093 7
55f0388d5000 37 3 3134 8
3155 8
0x55f0388bb000
55f0388bb000 18 16 34 0
34 0
0x55f038915000
55f038915000 61 28 89 1
55f0388bb000 17 16 123 1
55f0388bc000 38 19 180 1
55f038924000 824 146 1151 1
55f038923000 452 85 1688 1
55f0388fa000 55 29 1773 2
55f038904000 48 17 1839 2
55f038920000 57 18 1915 2
55f0388c4000 53 17 1986 3
55f0388fd000 40 17 2044 4
55f0388fc000 56 13 2114 4
55f0388e6000 71 13 2198 4
55f0388c5000 40 11 2250 4
55f03891c000 53 12 2316 6
55f038906000 39 5 2362 6
55f038905000 55 5 2423 6
55f0388e4000 58 5 2487 6
55f0388e3000 56 3 2547 6
55f0388e2000 38 3 2590 7
55f038908000 52 4 2647 7
55f038907000 39 2 2689 7
55f0388c0000 60 4 2754 7
55f0388fb000 50 3 2809 7
55f03890f000 45 4 2860 7
55f03890e000 55 4 2920 7
55f038902000 50 4 2975 7
55f0388e0000 56 3 3035 7
55f0388d6000 48 4 3088 7
55f0388d5000 37 3 3129 8
3151 8
0x55f038914000
55f038914000 35 21 57 1
55f038913000 50 23 130 2
55f0388c8000 36 18 185 3
55f038924000 821 102 1109 3
55f0388bc000 37 14 1160 3
55f038923000 450 59 1670 3
55f0388fa000 54 20 1745 4
55f038904000 48 13 1807 4
55f038920000 56 13 1877 4
55f0388c4000 53 13 1945 5
55f0388fd000 41 11 1997 6
55f0388fc000 56 7 2061 6
55f0388e6000 70 8 2140 6
55f0388c5000 41 6 2187 6
55f03891c000 53 7 2248 7
55f038906000 39 4 2293 7
55f038905000 55 3 2352 7
55f0388e4000 58 3 2414 7
55f0388bb000 18 2 2435 7
55f038915000 61 4 2500 7
55f038900000 53 3 2557 7
55f0388ff000 58 4 2620 7
55f0388fe000 43 3 2667 7
55f03890f000 45 4 2718 7
55f03890e000 56 3 2778 7
55f038902000 50 4 2833 7
55f038908000 52 3 2889 7
55f038907000 38 3 2932 7
55f0388c0000 60 4 2997 7
55f0388fb000 51 3 3052 7
55f0388d2000 55 4 3113 7
55f03890b000 56 4 3174 7
55f03890a000 54 3 3232 7
55f0388d4000 49 3 3285 7
55f0388f2000 53 4 3343 7
55f0388c3000 43 3 3391 7
55f0388f7000 50 4 3446 7
55f0388e9000 45 3 3495 7
55f0388f9000 46 3 3546 8
3576 8
0x55f038913000
55f038913000 49 23 72 1
55f0388c8000 37 21 131 2
55f038924000 823 146 1101 2
55f0388bc000 38 19 1158 2
55f038923000 451 85 1695 2
55f0388fa000 54 27 1778 3
55f038904000 48 16 1843 3
55f038920000 57 16 1917 3
55f0388c4000 53 16 1987 4
55f0388fd000 40 15 2043 5
55f0388fc000 56 11 2111 5
55f0388e6000 71 12 2194 5
55f0388c5000 41 9 2244 5
55f03891c000 53 10 2308 7
55f038906000 39 3 2353 7
55f038905000 55 3 2412 7
55f0388e4000 58 4 2475 7
55f0388bb000 17 2 2495 7
55f038915000 61 4 2560 7
55f038914000 36 2 2599 7
55f038900000 52 4 2658 7
55f0388ff000 57 4 2720 7
55f0388fe000 44 3 2768 7
55f03890f000 45 4 2819 7
55f03890e000 55 4 2879 7
55f038902000 49 5 2934 7
55f038908000 51 4 2990 7
55f038907000 39 3 3033 7
55f0388c0000 60 4 3098 7
55f0388fb000 51 3 3153 7
55f0388d2000 55 4 3214 7
55f03890b000 57 3 3275 7
55f03890a000 54 4 3334 7
55f0388d4000 48 4 3387 7
55f0388f2000 52 4 3444 7
55f0388c3000 44 3 3493 7
55f0388f7000 50 3 3547 7
55f0388e9000 45 3 3597 7
55f0388f9000 46 3 3648 8
3677 8
0x55f0388c8000
55f0388c8000 36 22 58 1
55f038924000 825 146 1030 1
55f0388bc000 38 19 1087 1
55f038923000 452 86 1626 1
55f0388fa000 54 30 1711 2
55f038904000 48 17 1777 2
55f038920000 57 17 1852 2
55f0388c4000 54 17 1924 3
55f0388fd000 41 17 1982 4
55f0388fc000 56 12 2051 4
55f0388e6000 70 14 2136 4
55f0388c5000 41 10 2187 4
55f03891c000 54 12 2254 6
55f038906000 39 5 2300 6
55f038905000 55 4 2360 6
55f0388e4000 57 5 2424 6
55f0388bb000 18 2 2445 6
55f038915000 60 6 2512 6
55f038914000 36 3 2552 6
55f038913000 50 4 2607 7
55f038912000 56 4 2668 7
55f038911000 33 3 2705 7
55f038910000 41 2 2749 7
55f03890f000 46 3 2799 7
55f03890e000 56 4 2860 7
55f038902000 50 4 2915 7
55f038908000 52 3 2971 7
55f038907000 39 3 3014 7
55f0388c0000 60 4 3079 7
55f0388fb000 51 3 3134 7
55f0388d2000 55 4 3195 7
55f03890b000 56 4 3256 7
55f03890a000 55 4 3315 7
55f0388d4000 49 3 3367 7
55f0388f2000 53 4 3425 7
55f0388c3000 43 3 3473 7
55f0388f7000 51 3 3528 7
55f0388e9000 45 3 3578 7
55f0388f9000 47 3 3629 8
3660 8
0x55f0388c7000
55f0388c7000 24 17 42 1
55f0388bc000 37 19 99 1
55f038924000 821 146 1067 1
55f038923000 450 86 1603 1
55f0388fa000 54 30 1688 2
55f038904000 48 17 1753 2
55f038920000 57 18 1829 2
55f0388c4000 53 17 1900 3
55f0388fd000 40 17 1958 4
55f0388fc000 56 12 2027 4
55f0388e6000 70 14 2112 4
55f0388c5000 41 10 2163 4
55f03891c000 54 12 2230 6
55f038906000 39 5 2276 6
55f038905000 55 4 2336 6
55f0388e4000 57 5 2400 6
55f0388bb000 18 2 2421 6
55f038915000 60 6 2488 6
55f038914000 36 4 2529 6
55f038913000 50 4 2583 7
55f0388c8000 36 3 2623 7
55f0388c6000 28 3 2655 7
55f038903000 49 3 2708 7
55f03890a000 54 4 2768 7
55f0388c9000 49 4 2824 7
55f0388e8000 57 4 2886 7
55f0388f9000 47 3 2937 8
2956 8
0x55f0388c6000
55f0388c6000 28 18 46 0
55f038923000 450 85 582 0
55f0388c8000 36 22 641 1
55f038924000 829 146 1617 1
55f0388bc000 38 19 1674 1
55f0388fa000 54 29 1758 2
55f038904000 48 17 1824 2
55f038920000 57 17 1899 2
55f0388c4000 54 17 1971 3
55f0388fd000 41 17 2029 4
55f0388fc000 56 12 2098 4
55f0388e6000 70 14 2183 4
55f0388c5000 41 10 2234 4
55f03891c000 53 13 2301 6
55f038906000 39 5 2347 6
55f038905000 55 4 2407 6
55f0388e4000 57 5 2471 6
55f0388bb000 17 3 2492 6
55f038915000 61 6 2559 6
55f038914000 35 4 2599 6
55f038913000 49 5 2654 7
55f038912000 56 4 2715 7
55f038911000 33 3 2752 7
55f038910000 40 3 2796 7
55f03890f000 45 4 2846 7
55f03890e000 55 4 2906 7
55f038902000 49 5 2961 7
55f038908000 51 4 3017 7
55f038907000 39 3 3060 7
55f0388c0000 60 4 3125 7
55f0388fb000 50 3 3179 7
55f0388d2000 55 3 3240 7
55f03890b000 56 3 3301 7
55f03890a000 55 3 3360 7
55f0388d4000 48 4 3413 7
55f0388f2000 52 4 3470 7
55f0388c3000 44 3 3519 7
55f0388f7000 51 3 3573 7
55f0388e9000 45 3 3623 7
55f0388f9000 47 3 3674 8
3707 8
0x55f038903000
55f038903000 49 24 74 1
55f038924000 822 146 1043 1
55f0388bc000 37 19 1100 1
55f038923000 450 86 1637 1
55f0388fa000 54 25 1717 2
55f038904000 48 16 1782 3
55f038920000 57 13 1853 3
55f0388c4000 54 13 1921 4
55f0388fd000 40 13 1975 4
55f0388fc000 56 12 2044 4
55f0388e6000 70 14 2129 4
55f0388c5000 41 10 2180 4
55f03891c000 53 13 2247 6
55f038906000 39 5 2293 6
55f038905000 56 4 2353 6
55f0388e4000 58 5 2417 6
55f0388bb000 17 3 2438 6
55f038915000 61 6 2505 6
55f038914000 35 4 2545 6
55f038913000 49 5 2600 7
55f0388c8000 36 3 2640 7
55f0388c7000 24 2 2667 7
55f0388c6000 28 2 2698 7
55f0388e1000 49 4 2754 7
55f0388e0000 55 4 2814 7
55f0388d6000 48 4 2867 7
55f0388d5000 37 3 2908 8
2929 8
0x55f03890a000
55f03890a000 54 24 79 2
79 2
0x55f0388e1000
55f0388e1000 50 29 79 0
55f0388e0000 55 24 159 1
55f038923000 456 85 700 1
55f0388d6000 49 26 776 1
55f0388d5000 38 21 836 2
55f038924000 825 145 1807 2
55f0388bc000 38 19 1865 2
55f0388fa000 54 30 1949 3
55f038904000 48 14 2012 3
55f038920000 57 14 2084 3
55f0388c4000 54 14 2153 4
55f0388fd000 41 13 2207 5
55f0388fc000 56 9 2273 5
55f0388e6000 71 10 2354 5
55f0388c5000 41 7 2402 5
55f03891c000 53 9 2465 7
55f038906000 39 2 2508 7
55f038905000 55 2 2566 7
55f0388e4000 57 2 2626 7
55f0388bb000 17 1 2645 7
55f038915000 61 2 2708 7
55f038914000 36 1 2746 7
55f038913000 49 2 2798 8
2815 8
0x55f0388e0000
55f0388e0000 55 24 79 1
55f038923000 450 86 616 1
55f0388d6000 48 27 692 1
55f0388d5000 38 21 751 2
55f038924000 826 146 1724 2
55f0388bc000 37 19 1781 2
55f0388fa000 54 30 1866 3
55f038904000 48 14 1929 3
55f038920000 57 14 2001 3
55f0388c4000 54 14 2070 4
55f0388fd000 41 13 2124 5
55f0388fc000 56 9 2190 5
55f0388e6000 71 9 2271 5
55f0388c5000 40 8 2320 5
55f03891c000 53 9 2383 7
55f038906000 39 1 2425 7
55f038905000 56 1 2483 7
55f0388e4000 58 2 2544 7
55f0388bb000 17 1 2563 7
55f038915000 61 2 2626 7
55f038914000 36 1 2664 7
55f038913000 49 2 2716 8
2732 8
0x55f0388d6000
55f0388d6000 48 27 76 1
55f0388d5000 37 22 136 2
55f038924000 827 146 1109 2
55f038923000 452 85 1647 2
55f0388bc000 37 19 1705 2
55f0388fa000 54 30 1790 3
55f038904000 48 14 1853 3
55f038920000 57 14 1925 3
55f0388c4000 54 14 1994 4
55f0388fd000 41 13 2049 5
55f0388fc000 56 9 2115 5
55f0388e6000 70 10 2196 5
55f0388c5000 41 7 2244 5
55f03891c000 54 9 2308 7
55f038906000 39 2 2351 7
55f038905000 56 1 2408 7
55f0388e4000 57 2 2469 7
55f0388bb000 17 1 2488 7
55f038915000 61 2 2551 7
55f038914000 35 1 2589 7
55f038913000 50 1 2641 8
2656 8
0x55f0388d5000
55f0388d5000 37 22 59 1
55f038924000 825 146 1031 1
55f038923000 451 86 1569 1
55f0388bc000 37 19 1626 1
55f0388fa000 54 30 1711 2
55f038904000 48 16 1776 3
55f038920000 58 14 1849 3
55f0388c4000 54 13 1917 4
55f0388fd000 41 13 1972 5
55f0388fc000 56 9 2038 5
55f0388e6000 71 10 2119 5
55f0388c5000 41 7 2167 5
55f03891c000 54 8 2230 7
55f038906000 39 2 2273 7
55f038905000 55 2 2331 7
55f0388e4000 57 2 2391 7
55f0388bb000 17 1 2410 7
55f038915000 61 2 2473 7
55f038914000 36 1 2511 7
55f038913000 49 2 2563 8
2576 8
0x55f0388bf000
55f0388bf000 39 20 60 0
55f038924000 822 146 1029 0
55f038923000 450 85 1565 0
55f0388be000 62 24 1652 1
55f0388bd000 113 46 1811 1
55f0388bc000 37 19 1868 1
55f0388fa000 54 30 1953 2
55f038904000 48 17 2019 3
55f038920000 57 15 2092 3
55f0388c4000 53 14 2160 4
55f0388fd000 41 14 2216 5
55f0388fc000 56 10 2282 5
55f0388e6000 70 11 2363 5
55f0388c5000 41 8 2412 5
55f03891c000 54 9 2475 6
55f038906000 39 5 2521 6
55f038905000 55 4 2581 6
55f0388e4000 57 5 2645 6
55f0388bb000 17 3 2666 6
55f038915000 61 6 2733 6
55f038914000 35 4 2773 6
55f038913000 49 5 2828 7
55f0388c8000 36 3 2868 7
55f0388c7000 24 2 2895 7
55f0388c6000 28 2 2926 7
55f038903000 50 3 2980 7
55f03890a000 54 3 3039 7
55f0388e1000 49 4 3096 7
55f0388e0000 56 3 3156 7
55f0388d6000 48 4 3209 7
55f0388d5000 37 3 3250 8
3273 8
0x55f0388be000
55f0388be000 61 24 86 1
55f038924000 820 147 1054 1
55f0388bd000 112 47 1213 1
55f038923000 450 86 1750 1
55f0388bc000 37 19 1807 1
55f0388fa000 54 30 1892 2
55f038904000 48 17 1957 3
55f038920000 57 15 2030 3
55f0388c4000 54 14 2099 4
55f0388fd000 41 14 2154 5
55f0388fc000 55 10 2220 5
55f0388e6000 71 10 2301 5
55f0388c5000 41 8 2350 5
55f03891c000 54 9 2413 6
55f038906000 39 5 2459 6
55f038905000 55 4 2519 6
55f0388e4000 57 5 2583 6
55f0388bb000 17 3 2604 6
55f038915000 60 6 2671 6
55f038914000 36 3 2711 6
55f038913000 50 4 2766 7
55f0388c8000 36 3 2806 7
55f0388c7000 24 2 2833 7
55f0388c6000 28 2 2864 7
55f038903000 50 3 2918 7
55f03890a000 54 4 2978 7
55f0388e1000 50 4 3035 7
55f0388e0000 55 3 3094 7
55f0388d6000 48 4 3147 7
55f0388d5000 37 3 3188 8
3211 8
0x55f0388bd000
55f0388bd000 112 47 159 0
55f038924000 823 147 1130 0
55f038923000 450 85 1665 0
55f0388bc000 37 19 1723 0
55f0388fa000 54 29 1807 1
55f038904000 49 19 1876 2
55f038920000 58 17 1952 2
55f0388c4000 54 17 2024 3
55f0388fd000 41 17 2083 4
55f0388fc000 56 12 2152 4
55f0388e6000 75 14 2242 4
55f0388c5000 41 10 2293 4
55f03891c000 54 12 2360 6
55f038906000 40 5 2407 6
55f038905000 56 4 2467 6
55f0388e4000 57 6 2532 6
55f0388bb000 17 2 2552 6
55f038915000 61 6 2620 6
55f038914000 36 3 2660 6
55f038913000 50 5 2716 7
55f0388c8000 37 3 2756 7
55f0388c7000 24 2 2783 7
55f0388c6000 28 2 2814 7
55f038903000 50 4 2869 7
55f03890a000 55 3 2928 7
55f0388e1000 50 4 2986 7
55f0388e0000 55 3 3045 7
55f0388d6000 49 4 3099 7
55f0388d5000 37 3 3140 8
3162 8
0x55f0388f2000
55f0388f2000 53 28 81 0
55f038924000 828 146 1056 0
55f038904000 48 23 1128 1
55f038923000 454 85 1668 1
55f0388bc000 37 19 1726 1
55f0388fa000 54 30 1811 2
55f0388f9000 47 16 1875 5
55f0388bb000 18 6 1900 5
55f038920000 57 10 1968 5
55f0388c4000 54 10 2033 5
55f0388fd000 41 12 2086 6
55f0388fc000 56 7 2150 6
55f0388e6000 71 7 2229 6
55f0388c5000 41 6 2277 6
55f03891c000 54 7 2338 8
2349 8
0x55f0388c3000
55f0388c3000 44 22 66 2
66 2
0x55f0388c0000
55f0388c0000 60 29 89 1
55f0388bc000 38 19 147 1
55f038924000 828 147 1123 1
55f038923000 454 86 1663 1
55f0388fa000 54 25 1743 2
55f038904000 48 16 1808 3
55f038920000 58 13 1880 3
55f0388c4000 53 13 1948 4
55f0388fd000 41 13 2003 4
55f0388fc000 56 12 2072 4
55f0388e6000 71 13 2157 4
55f0388c5000 41 10 2209 4
55f03891c000 54 12 2276 6
55f038906000 39 5 2322 6
55f038905000 56 4 2383 6
55f0388e4000 59 5 2448 6
55f0388bb000 17 3 2469 6
55f038915000 62 5 2536 6
55f038914000 35 4 2577 6
55f038913000 50 4 2632 7
55f0388c8000 37 3 2673 7
55f0388c7000 25 2 2700 7
55f0388c6000 28 2 2731 7
55f038903000 50 3 2785 7
55f03890a000 55 3 2845 7
55f0388e1000 50 4 2902 7
55f0388e0000 56 3 2962 7
55f0388d6000 49 3 3015 7
55f0388d5000 38 3 3057 8
3079 8
0x55f0388fb000
55f0388fb000 50 24 75 0
55f038924000 831 147 1053 0
55f0388bc000 38 19 1110 0
55f038923000 452 86 1649 0
55f0388fa000 55 29 1734 1
55f038904000 49 19 1803 2
55f038920000 58 17 1879 2
55f0388c4000 54 17 1951 3
55f0388fd000 41 17 2010 4
55f0388fc000 57 12 2079 4
55f0388e6000 70 14 2164 4
55f0388c5000 40 11 2216 4
55f03891c000 53 13 2283 6
55f038906000 39 5 2329 6
55f038905000 55 5 2390 6
55f0388e4000 58 5 2454 6
55f0388bb000 17 3 2475 6
55f038915000 61 6 2542 6
55f038914000 36 4 2583 6
55f038913000 49 5 2638 7
55f0388c8000 37 3 2678 7
55f0388c7000 24 2 2705 7
55f0388c6000 28 2 2736 7
55f038903000 50 3 2790 7
55f03890a000 55 3 2849 7
55f0388e1000 49 4 2906 7
55f0388e0000 56 3 2966 7
55f0388d6000 48 4 3019 7
55f0388d5000 37 3 3060 8
3082 8
0x55f03890f000
55f03890f000 45 28 73 1
55f0388c5000 40 24 138 1
55f0388bc000 37 19 195 1
55f038924000 823 147 1166 1
55f038923000 451 86 1703 1
55f0388fa000 54 29 1787 2
55f038904000 48 17 1853 2
55f038920000 57 18 1929 2
55f0388c4000 53 17 2000 3
55f0388fd000 40 17 2058 4
55f0388fc000 56 12 2127 4
55f0388e6000 71 13 2212 4
55f0388fb000 50 10 2273 4
55f0388bb000 17 7 2299 4
55f0388d2000 55 12 2367 4
55f03890b000 57 10 2435 4
55f03890a000 54 11 2501 4
55f038914000 35 9 2546 5
55f038913000 49 7 2603 6
55f0388c8000 36 6 2646 6
55f0388c7000 24 4 2675 6
55f0388c6000 28 4 2708 6
55f038903000 50 6 2765 6
55f038905000 56 5 2829 6
55f0388e4000 57 6 2894 6
55f038915000 61 7 2963 6
55f038900000 53 6 3023 6
55f0388ff000 58 6 3088 6
55f0388fe000 44 6 3139 6
55f0388c9000 49 7 3197 6
55f0388e8000 58 7 3263 6
55f0388f9000 46 6 3316 7
55f0388ee000 41 2 3360 7
55f0388f0000 29 2 3394 7
55f0388ef000 25 2 3422 7
55f0388f1000 61 3 3487 7
55f0388dc000 33 2 3524 7
55f038902000 50 4 3580 8
3607 8
0x55f03890e000
55f03890e000 55 26 81 0
55f038902000 50 32 164 4
55f038924000 822 82 1069 4
55f0388bc000 38 8 1115 4
55f038923000 451 45 1612 4
55f0388fa000 54 14 1681 4
55f038904000 48 10 1740 4
55f038920000 57 11 1809 4
55f0388c4000 54 10 1874 5
55f0388fd000 41 9 1925 5
55f0388fc000 56 9 1991 5
55f0388e6000 70 10 2072 5
55f0388c5000 40 8 2121 5
55f03891c000 53 9 2184 6
55f038906000 39 5 2230 6
55f038905000 55 4 2290 6
55f0388e4000 57 5 2354 6
55f0388bb000 17 3 2375 6
55f038915000 61 6 2442 6
55f038914000 35 4 2482 6
55f038913000 49 5 2537 7
55f0388c8000 37 3 2577 7
55f0388c7000 24 2 2604 7
55f0388c6000 27 3 2635 7
55f038903000 49 4 2689 7
55f03890a000 54 4 2748 7
55f0388e1000 50 4 2805 7
55f0388e0000 55 3 2864 7
55f0388d6000 48 4 2917 7
55f0388d5000 37 3 2958 8
2980 8
0x55f038902000
55f038902000 50 32 82 4
55f038924000 822 82 987 4
55f0388bc000 37 8 1033 4
55f038923000 452 45 1531 4
55f0388fa000 54 14 1600 4
55f038904000 48 11 1660 4
55f038920000 56 11 1728 4
55f0388c4000 54 10 1793 5
55f0388fd000 41 9 1844 5
55f0388fc000 56 9 1910 5
55f0388e6000 70 10 1991 5
55f0388c5000 40 8 2040 5
55f03891c000 53 9 2103 6
55f038906000 39 5 2149 6
55f038905000 55 4 2209 6
55f0388e4000 57 5 2273 6
55f0388bb000 17 3 2294 6
55f038915000 61 6 2361 6
55f038914000 35 4 2401 6
55f038913000 50 4 2456 7
55f0388c8000 36 3 2496 7
55f0388c7000 24 2 2523 7
55f0388c6000 28 2 2554 7
55f038903000 50 3 2608 7
55f03890a000 55 3 2668 7
55f0388e1000 50 4 2725 7
55f0388e0000 55 4 2785 7
55f0388d6000 48 3 2837 7
55f0388d5000 38 3 2879 8
2900 8
0x55f038908000
55f038908000 51 28 79 1
55f038924000 823 146 1049 1
55f038907000 39 19 1108 1
55f038923000 452 86 1647 1
55f0388bc000 37 19 1704 1
55f0388fa000 54 30 1789 1
55f038904000 48 20 1857 2
55f038920000 57 18 1933 2
55f0388c4000 53 17 2004 3
55f0388fd000 40 17 2062 4
55f0388fc000 56 13 2132 4
55f0388e6000 71 13 2216 4
55f0388c5000 40 11 2268 4
55f03891c000 53 12 2334 6
55f038906000 39 5 2380 6
55f038905000 55 4 2440 6
55f0388e4000 57 5 2504 6
55f0388bb000 17 3 2525 6
55f038915000 61 6 2592 6
55f038914000 35 4 2632 6
55f038913000 50 4 2687 7
55f0388c8000 36 3 2727 7
55f0388c7000 24 2 2754 7
55f0388c6000 28 3 2786 7
55f038903000 50 3 2839 7
55f03890a000 54 4 2899 7
55f0388e1000 50 4 2956 7
55f0388e0000 55 3 3015 7
55f0388d6000 48 4 3068 7
55f0388d5000 37 3 3109 8
3132 8
0x55f038907000
55f038907000 39 20 59 0
55f038923000 451 85 596 0
55f0388bc000 38 19 654 0
55f038924000 827 146 1627 0
55f0388fa000 54 30 1712 1
55f038904000 47 20 1780 2
55f038920000 57 18 1856 2
55f0388c4000 53 17 1927 3
55f0388fd000 40 17 1985 4
55f0388fc000 56 12 2054 4
55f0388e6000 71 13 2139 4
55f0388c5000 40 10 2190 4
55f03891c000 53 13 2257 6
55f038906000 39 4 2302 6
55f038905000 55 5 2363 6
55f0388e4000 58 5 2427 6
55f0388bb000 17 2 2447 6
55f038915000 60 6 2514 6
55f038914000 36 4 2555 6
55f038913000 49 4 2609 7
55f0388c8000 37 3 2650 7
55f0388c7000 24 2 2677 7
55f0388c6000 27 3 2708 7
55f038903000 49 4 2762 7
55f03890a000 55 3 2821 7
55f0388e1000 50 4 2878 7
55f0388e0000 55 3 2937 7
55f0388d6000 49 3 2990 7
55f0388d5000 37 3 3031 8
3053 8
0x55f03891b000
55f03891b000 59 27 86 0
55f038923000 451 85 623 0
55f038924000 826 146 1596 0
55f03891a000 50 21 1668 0
55f038919000 45 25 1739 1
55f038908000 51 28 1818 2
55f038907000 39 19 1877 2
55f0388bc000 38 19 1935 2
55f0388fa000 54 29 2019 2
55f038904000 48 17 2085 2
55f038920000 57 17 2160 2
55f0388c4000 53 17 2232 3
55f0388fd000 40 17 2290 4
55f0388fc000 56 12 2359 4
55f0388e6000 70 14 2444 4
55f0388c5000 41 10 2495 4
55f03891c000 54 12 2562 6
55f038906000 39 5 2608 6
55f038905000 55 4 2668 6
55f0388e4000 57 5 2732 6
55f0388bb000 17 3 2753 6
55f038915000 60 6 2820 6
55f038914000 36 3 2860 6
55f038913000 50 4 2915 7
55f0388c8000 36 3 2955 7
55f0388c7000 24 3 2983 7
55f0388c6000 28 3 3014 7
55f038903000 49 3 3067 7
55f03890a000 54 4 3127 7
55f0388e1000 50 4 3184 7
55f0388e0000 55 3 3243 7
55f0388d6000 49 3 3296 7
55f0388d5000 38 3 3338 8
3363 8
0x55f03891a000
55f03891a000 51 21 72 0
55f038919000 45 25 143 1
55f038908000 52 28 223 2
55f038924000 822 147 1193 2
55f038907000 39 20 1252 2
55f038923000 450 85 1787 2
55f0388bc000 37 19 1844 2
55f0388fa000 54 30 1929 2
55f038904000 48 17 1995 2
55f038920000 57 17 2070 2
55f0388c4000 54 17 2142 3
55f0388fd000 41 17 2200 4
55f0388fc000 56 12 2269 4
55f0388e6000 70 14 2354 4
55f0388c5000 41 10 2405 4
55f03891c000 53 13 2472 6
55f038906000 39 5 2518 6
55f038905000 56 4 2578 6
55f0388e4000 58 5 2642 6
55f0388bb000 17 3 2663 6
55f038915000 61 6 2730 6
55f038914000 35 4 2770 6
55f038913000 49 5 2825 7
55f0388c8000 36 3 2865 7
55f0388c7000 24 2 2892 7
55f0388c6000 28 2 2923 7
55f038903000 50 3 2977 7
55f03890a000 54 4 3037 7
55f0388e1000 49 5 3094 7
55f0388e0000 55 3 3153 7
55f0388d6000 48 4 3206 7
55f0388d5000 37 3 3247 8
3271 8
0x55f038919000
55f038919000 44 25 70 1
70 1
0x55f03890c000
55f03890c000 42 24 66 0
55f038924000 824 145 1036 0
55f03890b000 56 24 1117 0
55f03890a000 55 24 1196 2
55f0388bc000 38 13 1247 2
55f038923000 450 65 1763 2
55f0388fa000 54 21 1840 2
55f038904000 48 17 1906 2
55f038920000 57 18 1982 2
55f0388c4000 53 17 2053 3
55f0388fd000 40 17 2111 4
55f0388fc000 56 13 2181 4
55f0388e6000 71 13 2265 4
55f0388c5000 41 10 2317 4
55f03891c000 53 12 2383 6
55f038906000 39 5 2429 6
55f038905000 55 4 2489 6
55f0388e4000 57 5 2553 6
55f0388bb000 18 2 2574 6
55f038915000 60 6 2641 6
55f038914000 36 3 2681 6
55f038913000 50 4 2736 7
55f0388c8000 36 3 2776 7
55f0388c7000 24 2 2803 7
55f0388c6000 28 3 2835 7
55f038903000 49 3 2888 7
55f0388e1000 49 4 2946 7
55f0388e0000 55 4 3006 7
55f0388d6000 48 3 3058 7
55f0388d5000 38 3 3100 8
3122 8
0x55f03890b000
55f03890b000 56 24 80 0
55f03890a000 55 24 159 2
55f0388bc000 38 13 210 2
55f038924000 824 114 1149 2
55f038923000 450 65 1665 2
55f0388fa000 55 21 1742 2
55f038904000 48 17 1808 2
55f038920000 57 17 1883 2
55f0388c4000 53 17 1955 3
55f0388fd000 41 17 2013 4
55f0388fc000 56 12 2082 4
55f0388e6000 71 13 2167 4
55f0388c5000 40 11 2219 4
55f03891c000 53 12 2285 6
55f038906000 38 5 2331 6
55f038905000 55 5 2392 6
55f0388e4000 58 5 2456 6
55f0388bb000 17 2 2476 6
55f038915000 61 5 2543 6
55f038914000 36 4 2584 6
55f038913000 49 5 2639 7
55f0388c8000 37 3 2679 7
55f0388c7000 24 2 2706 7
55f0388c6000 28 2 2737 7
55f038903000 50 3 2791 7
55f0388e1000 50 4 2849 7
55f0388e0000 55 3 2908 7
55f0388d6000 48 4 2961 7
55f0388d5000 37 3 3002 8
3023 8
0x55f0388d4000
55f0388d4000 48 26 75 1
55f0388f2000 52 29 157 1
55f038924000 823 146 1126 1
55f038904000 47 24 1198 2
55f038923000 449 85 1733 2
55f0388bc000 38 19 1791 2
55f0388fa000 55 29 1875 2
55f0388f9000 47 16 1939 5
55f0388bb000 17 7 1964 5
55f038920000 57 10 2031 5
55f0388c4000 53 10 2095 5
55f0388fd000 40 12 2148 6
55f0388fc000 56 7 2212 6
55f0388e6000 71 7 2290 6
55f0388c5000 40 6 2337 6
55f03891c000 53 7 2398 8
2410 8
0x55f0388f7000
55f0388f7000 50 27 77 2
55f0388bc000 37 19 134 2
55f038924000 823 146 1104 2
55f038923000 451 85 1640 2
55f0388fa000 54 21 1717 3
55f038904000 47 13 1778 4
55f038920000 57 11 1847 4
55f0388c4000 54 10 1912 5
55f0388fd000 41 9 1962 5
55f0388fc000 56 9 2028 5
55f0388e6000 70 10 2109 5
55f0388c5000 41 7 2157 5
55f03891c000 53 9 2220 6
55f038906000 39 5 2266 6
55f038905000 55 4 2326 6
55f0388e4000 58 5 2390 6
55f0388bb000 17 3 2411 6
55f038915000 61 6 2478 6
55f038914000 36 4 2519 6
55f038913000 50 4 2573 7
55f0388c8000 37 2 2613 7
55f0388c7000 24 3 2641 7
55f0388c6000 28 3 2672 7
55f038903000 49 3 2725 7
55f03890a000 54 4 2785 7
55f0388e1000 50 4 2842 7
55f0388e0000 55 3 2901 7
55f0388d6000 48 4 2954 7
55f0388d5000 37 3 2995 8
3016 8
0x55f0388e9000
55f0388e9000 44 26 71 1
55f038923000 451 85 608 1
55f0388bc000 38 19 666 1
55f038924000 821 146 1634 1
55f0388fa000 54 25 1713 2
55f038904000 48 16 1778 3
55f038920000 57 13 1849 3
55f0388c4000 54 13 1917 4
55f0388fd000 40 13 1971 4
55f0388fc000 56 12 2040 4
55f0388e6000 70 14 2125 4
55f0388c5000 41 10 2176 4
55f03891c000 53 13 2243 6
55f038906000 38 5 2288 6
55f038905000 55 5 2349 6
55f0388e4000 58 5 2413 6
55f0388bb000 17 3 2434 6
55f038915000 61 6 2501 6
55f038914000 35 4 2541 6
55f038913000 49 5 2596 7
55f0388c8000 36 3 2636 7
55f0388c7000 24 2 2663 7
55f0388c6000 28 2 2694 7
55f038903000 50 3 2748 7
55f03890a000 55 3 2807 7
55f0388e1000 49 4 2864 7
55f0388e0000 55 4 2924 7
55f0388d6000 48 4 2977 7
55f0388d5000 38 3 3018 8
3039 8
0x55f0388f9000
55f0388f9000 46 22 69 3
55f0388bc000 37 14 121 3
55f038924000 829 100 1051 3
55f038923000 454 57 1563 3
55f0388fa000 54 20 1639 4
55f038904000 48 12 1700 5
55f038920000 57 10 1768 5
55f0388c4000 53 10 1832 5
55f0388fd000 41 12 1885 6
55f0388fc000 57 7 1949 6
55f0388e6000 71 7 2027 6
55f0388c5000 40 6 2074 6
55f03891c000 53 7 2135 8
2145 8
0x55f0388ee000
55f0388ee000 40 21 62 0
55f038924000 830 146 1039 0
55f038920000 57 24 1121 0
55f0388bc000 38 19 1179 0
55f038923000 450 86 1716 0
55f0388fa000 54 29 1800 1
55f038904000 48 20 1869 2
55f0388e1000 50 22 1942 2
55f0388e0000 55 17 2015 2
55f0388d6000 48 19 2083 2
55f0388d5000 38 15 2137 3
55f0388bf000 40 12 2191 3
55f0388be000 62 14 2268 4
55f0388bd000 113 24 2406 4
55f0388f2000 52 14 2473 4
55f0388bb000 17 8 2500 4
55f0388c5000 41 11 2552 4
55f03891c000 54 13 2620 5
55f038906000 39 9 2670 5
55f038905000 55 8 2734 5
55f0388e4000 58 9 2802 5
55f038915000 61 10 2874 5
55f038914000 36 7 2918 5
55f038913000 49 8 2976 6
55f0388c8000 37 6 3020 6
55f0388c7000 24 5 3050 6
55f0388c6000 28 6 3085 6
55f038903000 49 7 3142 7
55f03890a000 54 4 3202 7
55f0388cc000 49 4 3258 7
55f0388cb000 38 3 3299 7
55f038910000 41 3 3344 7
55f03890f000 45 4 3394 7
55f03890e000 55 4 3454 7
55f038902000 49 5 3509 7
55f038908000 51 4 3565 7
55f038907000 39 3 3608 7
55f0388c0000 60 4 3673 7
55f0388fb000 50 3 3727 7
55f0388d2000 55 3 3788 7
55f03890b000 56 3 3849 7
55f0388d4000 48 4 3903 7
55f0388f7000 50 4 3958 7
55f0388e9000 45 4 4008 7
55f0388f9000 46 3 4058 8
4098 8
0x55f0388f0000
55f0388f0000 29 17 47 0
55f038924000 823 146 1017 0
55f0388ef000 26 17 1060 0
55f0388ee000 41 21 1122 0
55f038920000 57 24 1204 0
55f0388bc000 37 19 1261 0
55f038923000 451 86 1799 0
55f0388fa000 54 29 1883 1
55f038904000 48 20 1952 2
55f0388e1000 50 22 2025 2
55f0388e0000 55 17 2098 2
55f0388d6000 48 19 2166 2
55f0388d5000 38 15 2220 3
55f0388bf000 40 12 2274 3
55f0388be000 61 15 2351 4
55f0388bd000 113 23 2487 4
55f0388f2000 53 14 2555 4
55f0388bb000 17 8 2581 4
55f0388c5000 41 12 2634 4
55f03891c000 54 13 2701 5
55f038906000 39 9 2751 5
55f038905000 55 8 2815 5
55f0388e4000 58 9 2883 5
55f038915000 61 10 2955 5
55f038914000 35 8 2999 5
55f038913000 50 8 3057 6
55f0388c8000 36 7 3101 6
55f0388c7000 24 6 3131 6
55f0388c6000 27 6 3165 6
55f038903000 50 7 3223 7
55f03890a000 55 3 3282 7
55f0388cc000 49 3 3338 7
55f0388cb000 37 3 3379 7
55f038910000 41 3 3424 7
55f03890f000 45 4 3474 7
55f03890e000 55 4 3534 7
55f038902000 49 5 3589 7
55f038908000 51 4 3645 7
55f038907000 39 3 3688 7
55f0388c0000 60 4 3753 7
55f0388fb000 50 3 3807 7
55f0388d2000 55 3 3868 7
55f03890b000 56 3 3929 7
55f0388d4000 49 3 3982 7
55f0388f7000 51 3 4037 7
55f0388e9000 45 3 4087 7
55f0388f9000 47 3 4138 8
4180 8
0x55f0388ef000
55f0388ef000 26 17 43 0
55f0388ee000 41 21 105 0
55f038924000 825 146 1077 0
55f038920000 57 25 1159 0
55f0388bc000 38 19 1216 0
55f038923000 450 86 1753 0
55f0388fa000 54 29 1837 1
55f038904000 48 20 1906 2
55f0388e1000 51 26 1984 2
55f0388e0000 55 17 2057 2
55f0388d6000 49 19 2126 2
55f0388d5000 37 16 2180 3
55f0388bf000 39 12 2233 3
55f0388be000 62 14 2310 4
55f0388bd000 113 23 2447 4
55f0388f2000 52 14 2514 4
55f0388bb000 17 8 2541 4
55f0388c5000 41 11 2593 4
55f03891c000 54 13 2661 5
55f038906000 39 8 2711 5
55f038905000 55 8 2775 5
55f0388e4000 57 9 2843 5
55f038915000 60 10 2915 5
55f038914000 35 7 2959 5
55f038913000 50 8 3018 6
55f0388c8000 37 6 3062 6
55f0388c7000 24 5 3092 6
55f0388c6000 28 6 3127 6
55f038903000 49 7 3184 7
55f03890a000 54 3 3243 7
55f0388cc000 49 3 3299 7
55f0388cb000 38 3 3341 7
55f038910000 41 3 3386 7
55f03890f000 45 4 3436 7
55f03890e000 56 3 3496 7
55f038902000 50 4 3551 7
55f038908000 51 4 3608 7
55f038907000 39 2 3650 7
55f0388c0000 59 4 3715 7
55f0388fb000 50 3 3770 7
55f0388d2000 54 4 3831 7
55f03890b000 57 3 3892 7
55f0388d4000 49 3 3945 7
55f0388f7000 50 4 4001 7
55f0388e9000 45 3 4050 7
55f0388f9000 46 3 4101 8
4142 8
0x55f0388f1000
55f0388f1000 60 26 87 1
55f038923000 451 85 624 1
55f038924000 822 146 1594 1
55f0388ef000 26 17 1637 1
55f0388ee000 41 21 1699 1
55f038920000 57 24 1781 1
55f0388bc000 38 19 1839 1
55f0388fa000 54 29 1923 2
55f038904000 48 17 1989 2
55f0388e1000 49 22 2062 2
55f0388e0000 55 17 2135 2
55f0388d6000 48 20 2204 2
55f0388d5000 37 16 2258 3
55f0388bf000 40 11 2311 3
55f0388be000 62 14 2388 4
55f0388bd000 113 23 2525 4
55f0388f2000 52 14 2592 4
55f0388bb000 17 8 2619 4
55f0388c5000 41 11 2671 4
55f03891c000 54 13 2739 5
55f038906000 39 9 2789 5
55f038905000 55 8 2853 5
55f0388e4000 57 9 2921 5
55f038915000 61 10 2993 5
55f038914000 36 7 3037 5
55f038913000 49 8 3095 6
55f0388c8000 37 6 3139 6
55f0388c7000 24 5 3169 6
55f0388c6000 28 6 3204 6
55f038903000 49 7 3261 7
55f03890a000 54 4 3321 7
55f0388cc000 49 3 3376 7
55f0388cb000 38 3 3418 7
55f038910000 41 2 3462 7
55f03890f000 46 4 3513 7
55f03890e000 55 3 3572 7
55f038902000 50 5 3628 7
55f038908000 51 4 3684 7
55f038907000 39 3 3727 7
55f0388c0000 60 4 3792 7
55f0388fb000 50 3 3846 7
55f0388d2000 55 4 3908 7
55f03890b000 56 3 3968 7
55f0388d4000 48 4 4022 7
55f0388f7000 50 4 4077 7
55f0388e9000 45 4 4127 7
55f0388f9000 46 3 4177 8
4220 8
0x55f0388dc000
55f0388dc000 33 18 51 0
55f038923000 455 85 592 0
55f038924000 830 147 1572 0
55f0388bc000 38 19 1629 0
55f0388fa000 54 29 1713 1
55f038904000 48 20 1782 2
55f038920000 57 17 1857 2
55f0388c4000 54 17 1929 3
55f0388fd000 41 17 1987 4
55f0388fc000 56 13 2057 4
55f0388e6000 71 13 2141 4
55f0388c5000 41 10 2193 4
55f03891c000 53 13 2260 6
55f038906000 39 5 2306 6
55f038905000 55 4 2366 6
55f0388e4000 59 5 2431 6
55f0388bb000 18 2 2451 6
55f038915000 61 5 2518 6
55f038914000 36 4 2559 6
55f038913000 49 5 2614 7
55f0388c8000 37 3 2654 7
55f0388c7000 24 2 2681 7
55f0388c6000 28 2 2712 7
55f038903000 50 3 2766 7
55f03890a000 55 3 2825 7
55f0388e1000 49 4 2882 7
55f0388e0000 55 4 2942 7
55f0388d6000 48 3 2994 7
55f0388d5000 38 3 3036 8
3057 8
0x55f038909000
55f038909000 44 25 69 0
55f038924000 823 146 1039 0
55f038923000 451 86 1577 0
55f0388bc000 38 19 1635 0
55f0388fa000 54 29 1719 1
55f038904000 48 20 1788 2
55f038920000 57 18 1864 2
55f0388c4000 53 17 1935 3
55f0388fd000 40 17 1993 4
55f0388fc000 57 12 2063 4
55f0388e6000 70 14 2148 4
55f0388c5000 40 11 2200 4
55f03891c000 54 12 2266 6
55f038906000 39 5 2312 6
55f038905000 55 5 2373 6
55f0388e4000 58 5 2437 6
55f0388bb000 17 3 2458 6
55f038915000 61 6 2525 6
55f038914000 36 4 2566 6
55f038913000 49 5 2621 7
55f0388c8000 37 3 2662 7
55f0388c7000 24 2 2689 7
55f0388c6000 28 2 2720 7
55f038903000 50 4 2775 7
55f03890a000 55 3 2834 7
55f0388e1000 50 4 2891 7
55f0388e0000 56 3 2951 7
55f0388d6000 48 4 3004 7
55f0388d5000 38 3 3046 8
3067 8
0x55f0388ed000
55f0388ed000 53 27 80 2
55f0388ec000 56 25 162 2
55f038923000 452 85 700 2
55f038924000 824 145 1670 2
55f038903000 50 24 1745 3
55f0388bc000 37 11 1794 3
55f0388fa000 54 17 1865 3
55f038904000 48 13 1927 4
55f038920000 57 10 1995 4
55f0388c4000 54 10 2060 5
55f0388fd000 41 9 2111 5
55f0388fc000 56 8 2176 5
55f0388e6000 71 9 2257 5
55f0388c5000 40 8 2306 5
55f03891c000 54 9 2369 6
55f038906000 39 4 2414 6
55f038905000 56 4 2475 6
55f0388e4000 58 5 2539 6
55f0388bb000 17 3 2560 6
55f038915000 60 6 2627 6
55f038914000 36 3 2667 6
55f038913000 50 4 2722 7
55f0388c8000 37 3 2763 7
55f0388c7000 24 2 2790 7
55f0388c6000 28 2 2821 7
55f0388e1000 49 4 2877 7
55f0388e0000 56 3 2937 7
55f0388d6000 48 4 2990 7
55f0388d5000 37 3 3031 8
3055 8
0x55f0388ec000
55f0388ec000 56 25 82 0
55f038923000 450 86 619 0
55f038924000 825 146 1591 0
55f038903000 49 24 1665 1
55f0388bc000 37 19 1723 1
55f0388fa000 54 25 1803 2
55f038904000 48 16 1868 3
55f038920000 57 14 1940 3
55f0388c4000 53 13 2007 4
55f0388fd000 41 12 2061 4
55f0388fc000 56 13 2131 4
55f0388e6000 71 14 2216 4
55f0388c5000 41 10 2267 4
55f03891c000 53 13 2334 6
55f038906000 39 4 2379 6
55f038905000 56 4 2440 6
55f0388e4000 58 5 2504 6
55f0388bb000 17 3 2525 6
55f038915000 61 6 2592 6
55f038914000 35 4 2632 6
55f038913000 49 5 2687 7
55f0388c8000 36 3 2727 7
55f0388c7000 24 2 2754 7
55f0388c6000 28 2 2785 7
55f0388e1000 50 4 2842 7
55f0388e0000 55 3 2901 7
55f0388d6000 48 4 2954 7
55f0388d5000 37 3 2995 8
3018 8
0x55f0388eb000
55f0388eb000 57 27 84 1
55f038924000 824 131 1040 1
55f0388ea000 57 22 1119 3
55f038923000 452 56 1627 3
55f0388bc000 37 12 1677 3
55f0388fa000 54 18 1750 4
55f038904000 48 10 1809 4
55f038920000 57 11 1878 4
55f0388c4000 54 10 1943 5
55f0388fd000 41 9 1994 5
55f0388fc000 56 9 2060 5
55f0388e6000 70 10 2141 5
55f0388c5000 41 7 2190 5
55f03891c000 53 10 2254 6
55f038906000 39 5 2300 6
55f038905000 55 5 2361 6
55f0388e4000 58 5 2425 6
55f0388bb000 17 3 2446 6
55f038915000 61 6 2513 6
55f038914000 36 3 2553 6
55f038913000 50 4 2608 7
55f0388c8000 37 3 2649 7
55f0388c7000 23 3 2676 7
55f0388c6000 27 3 2707 7
55f038903000 50 3 2761 7
55f03890a000 55 3 2821 7
55f0388e1000 50 4 2878 7
55f0388e0000 55 4 2938 7
55f0388d6000 48 3 2990 7
55f0388d5000 37 3 3031 8
3053 8
0x55f0388ea000
55f0388ea000 57 25 82 2
82 2
0x55f0388e8000
55f0388e8000 57 27 85 1
55f038923000 452 85 623 1
55f038904000 48 24 696 1
55f038924000 821 146 1664 1
55f0388bc000 37 19 1721 1
55f0388fa000 54 30 1806 2
55f0388f9000 47 16 1870 5
55f0388bb000 17 7 1895 5
55f038920000 59 10 1964 5
55f0388c4000 54 10 2029 5
55f0388fd000 40 12 2082 6
55f0388fc000 56 7 2146 6
55f0388e6000 71 7 2224 6
55f0388c5000 41 6 2272 6
55f03891c000 53 7 2333 8
2344 8
0x55f0388c2000
55f0388c2000 64 21 85 1
55f038924000 824 146 1056 1
55f038920000 57 24 1137 1
55f0388bc000 38 18 1194 1
55f038923000 451 86 1732 1
55f0388fa000 54 30 1817 2
55f038904000 49 17 1883 2
55f0388e1000 50 21 1955 2
55f0388e0000 56 17 2029 2
55f0388d6000 48 19 2097 2
55f0388d5000 38 15 2151 3
55f0388bf000 40 12 2205 3
55f0388be000 62 14 2282 4
55f0388bd000 112 23 2418 4
55f0388f2000 53 14 2486 4
55f0388bb000 18 7 2512 4
55f0388c5000 40 12 2565 4
55f03891c000 53 13 2632 5
55f038906000 39 8 2682 5
55f038905000 55 8 2746 5
55f0388e4000 57 9 2814 5
55f038915000 61 10 2886 5
55f038914000 35 7 2930 5
55f038913000 50 8 2989 6
55f0388c8000 36 7 3033 6
55f0388c7000 24 5 3063 6
55f0388c6000 28 5 3097 6
55f038903000 50 7 3155 7
55f03890a000 55 3 3214 7
55f0388cc000 49 3 3270 7
55f0388cb000 38 3 3312 7
55f038910000 40 3 3356 7
55f03890f000 45 4 3406 7
55f03890e000 55 4 3466 7
55f038902000 50 4 3521 7
55f038908000 51 4 3577 7
55f038907000 39 3 3620 7
55f0388c0000 60 4 3685 7
55f0388fb000 50 4 3740 7
55f0388d2000 55 4 3801 7
55f03890b000 56 4 3862 7
55f0388d4000 48 4 3915 7
55f0388f7000 50 4 3970 7
55f0388e9000 45 4 4020 7
55f0388f9000 46 4 4071 8
4110 8
0x55f038918000
55f038918000 51 29 80 2
55f038917000 63 22 165 4
55f038916000 44 12 222 4
55f038923000 450 44 717 4
55f038924000 825 81 1624 4
55f0388bc000 38 8 1670 4
55f0388fa000 54 13 1738 4
55f038904000 48 10 1797 4
55f038920000 58 10 1866 4
55f0388c4000 54 10 1931 5
55f0388fd000 41 8 1981 5
55f0388fc000 57 8 2047 5
55f0388e6000 71 9 2128 5
55f0388c5000 41 7 2177 5
55f03891c000 53 9 2240 7
55f038906000 39 2 2283 7
55f038905000 55 1 2340 7
55f0388e4000 58 1 2401 7
55f0388bb000 17 1 2420 7
55f038915000 61 2 2483 7
55f038914000 36 1 2521 7
55f038913000 50 1 2573 8
2590 8
0x55f038917000
55f038917000 63 31 94 2
55f038916000 44 19 158 2
55f038923000 451 65 675 2
55f038924000 823 114 1613 2
55f0388bc000 37 14 1665 2
55f0388fa000 54 22 1742 2
55f038904000 48 17 1808 2
55f038920000 57 17 1883 2
55f0388c4000 54 17 1955 3
55f0388fd000 41 17 2013 4
55f0388fc000 56 12 2082 4
55f0388e6000 71 13 2167 4
55f0388c5000 40 11 2219 4
55f03891c000 53 13 2286 6
55f038906000 39 5 2332 6
55f038905000 55 4 2392 6
55f0388e4000 58 5 2456 6
55f0388bb000 17 3 2477 6
55f038915000 60 6 2544 6
55f038914000 35 4 2584 6
55f038913000 50 4 2639 7
55f0388c8000 36 3 2679 7
55f0388c7000 24 2 2706 7
55f0388c6000 28 2 2737 7
55f038903000 50 4 2792 7
55f03890a000 55 3 2851 7
55f0388e1000 50 4 2908 7
55f0388e0000 55 3 2967 7
55f0388d6000 48 4 3020 7
55f0388d5000 37 3 3061 8
3085 8
0x55f038916000
55f038916000 44 26 71 0
55f038923000 450 86 608 0
55f038924000 822 146 1577 0
55f0388bc000 37 19 1634 0
55f0388fa000 54 30 1719 1
55f038904000 47 20 1787 2
55f038920000 57 18 1863 2
55f0388c4000 54 16 1934 3
55f0388fd000 41 17 1993 4
55f0388fc000 56 12 2062 4
55f0388e6000 70 14 2147 4
55f0388c5000 41 10 2198 4
55f03891c000 53 13 2265 6
55f038906000 39 5 2311 6
55f038905000 56 4 2371 6
55f0388e4000 58 5 2435 6
55f0388bb000 17 3 2456 6
55f038915000 61 5 2522 6
55f038914000 36 4 2563 6
55f038913000 50 4 2617 7
55f0388c8000 37 3 2658 7
55f0388c7000 24 3 2685 7
55f0388c6000 28 3 2716 7
55f038903000 49 4 2770 7
55f03890a000 54 4 2829 7
55f0388e1000 50 4 2886 7
55f0388e0000 55 3 2945 7
55f0388d6000 48 4 2998 7
55f0388d5000 37 3 3039 8
3061 8
0x55f0388ff000
55f0388ff000 57 26 84 2
55f0388bb000 17 16 118 2
55f0388fe000 43 25 187 2
55f038924000 825 146 1158 2
55f0388bc000 38 19 1215 2
55f038923000 454 85 1754 2
55f0388fa000 54 25 1834 3
55f038904000 48 13 1896 3
55f038920000 57 14 1968 3
55f0388c4000 53 13 2035 4
55f0388fd000 40 13 2089 4
55f0388fc000 56 12 2158 4
55f0388e6000 71 13 2243 4
55f0388c5000 40 11 2295 4
55f03891c000 53 13 2362 6
55f038906000 38 5 2407 6
55f038905000 55 4 2467 6
55f0388e4000 57 5 2531 6
55f038915000 61 5 2598 6
55f038914000 35 4 2639 6
55f038913000 49 4 2693 7
55f0388c8000 37 3 2734 7
55f0388c7000 23 3 2761 7
55f0388c6000 27 3 2792 7
55f038903000 49 4 2846 7
55f03890a000 54 4 2905 7
55f0388e1000 50 4 2962 7
55f0388e0000 55 3 3021 7
55f0388d6000 48 4 3074 7
55f0388d5000 37 3 3115 8
3138 8
0x55f0388fe000
55f0388fe000 43 25 69 0
55f038924000 823 146 1038 0
55f0388bc000 38 19 1095 0
55f038923000 453 85 1633 0
55f0388fa000 54 30 1718 1
55f038904000 48 19 1786 2
55f038920000 57 18 1862 2
55f0388c4000 53 17 1933 3
55f0388fd000 41 16 1991 4
55f0388fc000 56 13 2061 4
55f0388e6000 71 13 2145 4
55f0388c5000 40 11 2197 4
55f03891c000 53 12 2263 6
55f038906000 39 5 2309 6
55f038905000 55 4 2369 6
55f0388e4000 58 5 2433 6
55f0388bb000 17 3 2454 6
55f038915000 61 5 2520 6
55f038914000 35 4 2561 6
55f038913000 49 4 2615 7
55f0388c8000 37 3 2656 7
55f0388c7000 24 2 2683 7
55f0388c6000 27 3 2714 7
55f038903000 49 4 2768 7
55f03890a000 55 3 2827 7
55f0388e1000 50 4 2884 7
55f0388e0000 55 3 2943 7
55f0388d6000 48 4 2996 7
55f0388d5000 37 3 3037 8
3058 8
0x55f0388c9000
55f0388c9000 49 29 79 3
55f038924000 825 96 1001 3
55f0388bc000 37 11 1050 3
55f038923000 450 54 1554 3
55f0388fa000 54 17 1626 3
55f038904000 48 13 1688 3
55f038920000 57 14 1760 3
55f0388c4000 53 13 1827 4
55f0388fd000 41 12 1881 4
55f0388fc000 57 12 1951 4
55f0388e6000 71 13 2035 4
55f0388c5000 40 11 2087 4
55f03891c000 53 12 2153 6
55f038906000 39 5 2199 6
55f038905000 55 4 2259 6
55f0388e4000 57 5 2323 6
55f0388bb000 17 3 2344 6
55f038915000 61 6 2411 6
55f038914000 35 4 2451 6
55f038913000 49 5 2506 7
55f0388c8000 36 3 2546 7
55f0388c7000 24 2 2573 7
55f0388c6000 28 2 2604 7
55f038903000 50 3 2658 7
55f03890a000 55 3 2717 7
55f0388e1000 50 4 2774 7
55f0388e0000 55 3 2833 7
55f0388d6000 48 4 2886 7
55f0388d5000 37 3 2927 8
2948 8
0x55f0388ca000
55f0388ca000 36 21 57 1
55f0388bc000 37 19 114 1
55f038924000 823 146 1084 1
55f038923000 452 85 1622 1
55f0388fa000 54 30 1707 2
55f038904000 48 17 1773 2
55f038920000 57 17 1848 2
55f0388c4000 54 16 1919 3
55f0388fd000 41 16 1977 4
55f0388fc000 57 12 2047 4
55f0388e6000 71 13 2131 4
55f0388c5000 40 11 2183 4
55f03891c000 53 12 2249 6
55f038906000 39 5 2295 6
55f038905000 55 4 2355 6
55f0388e4000 57 5 2419 6
55f0388bb000 17 3 2440 6
55f038915000 61 6 2507 6
55f038914000 35 4 2547 6
55f038913000 49 5 2602 7
55f0388c8000 36 3 2642 7
55f0388c7000 24 2 2669 7
55f0388c6000 28 3 2701 7
55f038903000 49 3 2754 7
55f03890a000 54 4 2814 7
55f0388e1000 50 4 2871 7
55f0388e0000 55 3 2930 7
55f0388d6000 48 4 2983 7
55f0388d5000 37 3 3024 8
3046 8
0x55f0388cc000
55f0388cc000 50 22 72 1
55f0388cb000 38 22 133 1
55f0388bc000 38 19 190 1
55f038924000 824 147 1162 1
55f038923000 453 85 1701 1
55f0388fa000 54 30 1787 2
55f038904000 48 17 1852 2
55f038920000 57 18 1928 2
55f0388c4000 54 16 1999 3
55f0388fd000 41 17 2058 4
55f0388fc000 56 12 2127 4
55f0388e6000 70 14 2212 4
55f0388c5000 40 10 2263 4
55f03891c000 54 12 2330 6
55f038906000 39 5 2376 6
55f038905000 55 5 2437 6
55f0388e4000 57 5 2500 6
55f0388bb000 18 2 2521 6
55f038915000 60 6 2588 6
55f038914000 36 4 2629 6
55f038913000 49 5 2684 7
55f0388c8000 36 3 2724 7
55f0388c7000 24 2 2751 7
55f0388c6000 28 2 2782 7
55f038903000 50 3 2836 7
55f03890a000 55 3 2895 7
55f0388e1000 49 4 2952 7
55f0388e0000 55 4 3012 7
55f0388d6000 48 3 3064 7
55f0388d5000 38 3 3106 8
3129 8
0x55f0388cb000
55f0388cb000 38 21 59 0
55f0388bc000 37 19 116 0
55f038924000 824 146 1087 0
55f038923000 450 86 1624 0
55f0388fa000 54 30 1709 1
55f038904000 48 19 1777 2
55f038920000 57 18 1853 2
55f0388c4000 53 17 1924 3
55f0388fd000 40 17 1982 4
55f0388fc000 56 13 2052 4
55f0388e6000 71 13 2136 4
55f0388c5000 40 11 2188 4
55f03891c000 53 12 2254 6
55f038906000 39 5 2300 6
55f038905000 55 4 2360 6
55f0388e4000 57 5 2424 6
55f0388bb000 18 2 2445 6
55f038915000 60 6 2512 6
55f038914000 36 3 2552 6
55f038913000 50 4 2607 7
55f0388c8000 36 3 2647 7
55f0388c7000 24 2 2674 7
55f0388c6000 28 3 2706 7
55f038903000 50 3 2760 7
55f03890a000 55 4 2820 7
55f0388e1000 50 4 2877 7
55f0388e0000 55 4 2937 7
55f0388d6000 48 4 2990 7
55f0388d5000 37 3 3031 8
3053 8
0x55f038910000
55f038910000 41 21 62 1
55f038923000 454 86 603 1
55f03890f000 45 28 677 1
55f0388c5000 41 24 743 1
55f0388bc000 37 19 800 1
55f038924000 829 148 1778 1
55f0388fa000 54 30 1862 2
55f038904000 48 18 1929 2
55f038920000 57 17 2004 2
55f0388c4000 53 17 2076 3
55f0388fd000 41 17 2135 4
55f0388fc000 56 12 2204 4
55f0388e6000 71 14 2290 4
55f0388fb000 50 11 2352 4
55f0388bb000 17 7 2377 4
55f0388d2000 55 12 2445 4
55f03890b000 56 10 2513 4
55f03890a000 55 11 2580 4
55f038914000 35 9 2625 5
55f038913000 50 7 2683 6
55f0388c8000 37 5 2726 6
55f0388c7000 24 4 2755 6
55f0388c6000 28 5 2789 6
55f038903000 50 6 2845 6
55f038905000 56 5 2910 6
55f0388e4000 58 6 2976 6
55f038915000 61 7 3045 6
55f038900000 53 6 3106 6
55f0388ff000 58 6 3171 6
55f0388fe000 44 6 3222 6
55f0388c9000 49 8 3281 6
55f0388e8000 58 7 3347 6
55f0388f9000 47 5 3400 7
55f0388ee000 41 3 3445 7
55f0388f0000 29 2 3479 7
55f0388ef000 26 1 3507 7
55f0388f1000 62 3 3573 7
55f0388dc000 33 2 3610 7
55f038902000 50 4 3666 8
3695 8
0x55f038911000
55f038911000 33 20 53 0
55f038923000 453 86 593 0
55f038910000 41 20 655 1
55f03890f000 46 28 730 1
55f0388c5000 40 24 795 1
55f0388bc000 38 19 853 1
55f038924000 823 147 1824 1
55f0388fa000 54 30 1908 2
55f038904000 48 17 1974 2
55f038920000 57 17 2049 2
55f0388c4000 54 17 2121 3
55f0388fd000 41 17 2179 4
55f0388fc000 56 12 2248 4
55f0388e6000 70 13 2332 4
55f0388fb000 50 10 2394 4
55f0388bb000 17 6 2419 4
55f0388d2000 55 12 2487 4
55f03890b000 57 10 2555 4
55f03890a000 54 11 2621 4
55f038914000 35 9 2666 5
55f038913000 49 7 2723 6
55f0388c8000 36 6 2766 6
55f0388c7000 24 5 2795 6
55f0388c6000 28 5 2828 6
55f038903000 49 6 2884 6
55f038905000 55 6 2949 6
55f0388e4000 58 6 3014 6
55f038915000 60 7 3082 6
55f038900000 52 7 3143 6
55f0388ff000 57 6 3207 6
55f0388fe000 44 6 3258 6
55f0388c9000 49 7 3316 6
55f0388e8000 58 6 3381 6
55f0388f9000 46 6 3435 7
55f0388ee000 40 3 3479 7
55f0388f0000 29 2 3512 7
55f0388ef000 26 2 3541 7
55f0388f1000 60 4 3606 7
55f0388dc000 33 2 3643 7
55f038902000 49 4 3698 8
3728 8
0x55f0388d9000
55f0388d9000 56 26 82 0
55f0388bc000 37 19 139 0
55f038924000 824 146 1110 0
55f038923000 450 86 1647 0
55f0388fa000 54 29 1731 1
55f038904000 48 20 1800 2
55f038920000 56 18 1875 2
55f0388c4000 54 16 1946 3
55f0388fd000 41 17 2005 4
55f0388fc000 56 12 2074 4
55f0388e6000 70 14 2159 4
55f0388c5000 41 10 2210 4
55f03891c000 53 12 2276 6
55f038906000 38 5 2322 6
55f038905000 55 4 2382 6
55f0388e4000 57 5 2446 6
55f0388bb000 17 3 2467 6
55f038915000 60 6 2534 6
55f038914000 36 3 2574 6
55f038913000 50 4 2629 7
55f0388c8000 36 3 2669 7
55f0388c7000 24 2 2696 7
55f0388c6000 28 2 2727 7
55f038903000 49 4 2781 7
55f03890a000 55 3 2840 7
55f0388e1000 50 4 2897 7
55f0388e0000 55 3 2956 7
55f0388d6000 48 4 3009 7
55f0388d5000 37 3 3050 8
3071 8
0x55f03891f000
55f03891f000 44 23 67 0
55f0388bc000 38 19 124 0
55f038924000 820 146 1091 0
55f038923000 449 86 1627 0
55f0388fa000 54 29 1711 1
55f038904000 48 20 1780 2
55f038920000 57 17 1855 2
55f0388c4000 54 17 1927 3
55f0388fd000 41 17 1985 4
55f0388fc000 55 13 2054 4
55f0388e6000 71 13 2138 4
55f0388c5000 40 11 2190 4
55f03891c000 53 12 2256 6
55f038906000 39 5 2302 6
55f038905000 55 4 2362 6
55f0388e4000 58 5 2426 6
55f0388bb000 17 3 2447 6
55f038915000 61 6 2514 6
55f038914000 35 4 2554 6
55f038913000 49 5 2609 7
55f0388c8000 36 3 2649 7
55f0388c7000 24 2 2676 7
55f0388c6000 28 2 2707 7
55f038903000 50 3 2761 7
55f03890a000 55 3 2820 7
55f0388e1000 50 4 2877 7
55f0388e0000 55 3 2936 7
55f0388d6000 49 3 2989 7
55f0388d5000 37 3 3030 8
3052 8
0x55f05ce67000
0 0
0x55f03891e000
55f03891e000 57 20 77 0
55f0388d1000 58 22 158 0
55f0388d0000 53 24 236 1
55f0388c5000 40 24 301 1
55f0388bc000 37 19 358 1
55f038924000 826 146 1331 1
55f038923000 451 85 1868 1
55f0388fa000 54 28 1951 2
55f038904000 48 18 2018 3
55f038920000 57 16 2092 3
55f0388c4000 54 15 2162 4
55f0388fd000 41 15 2219 5
55f0388fc000 56 10 2286 5
55f0388e6000 71 11 2369 5
55f0388fb000 51 8 2429 5
55f0388bb000 17 7 2455 5
55f03890f000 45 11 2511 5
55f03890e000 55 10 2577 5
55f038902000 50 12 2640 6
55f038908000 52 7 2700 6
55f038907000 39 5 2745 6
55f038906000 39 6 2791 6
55f038905000 55 7 2854 6
55f0388e4000 58 6 2919 6
55f038915000 61 8 2989 6
55f038914000 35 6 3031 7
55f038913000 49 3 3084 7
55f0388c8000 36 3 3124 7
55f0388c7000 24 3 3152 7
55f0388c6000 28 3 3183 7
55f038903000 49 4 3237 7
55f03890a000 55 3 3296 7
55f0388e1000 50 4 3353 7
55f0388e0000 55 4 3413 7
55f0388d6000 48 3 3465 7
55f0388d5000 38 3 3507 8
3538 8
0x55f0388d1000
55f0388d1000 58 22 80 0
55f0388d0000 53 24 158 1
55f0388c5000 40 24 223 1
55f0388bc000 38 19 281 1
55f038924000 824 146 1251 1
55f038923000 451 86 1789 1
55f0388fa000 54 28 1872 2
55f038904000 48 19 1939 3
55f038920000 57 16 2013 3
55f0388c4000 53 16 2083 4
55f0388fd000 41 15 2139 5
55f0388fc000 56 11 2207 5
55f0388e6000 71 11 2289 5
55f0388fb000 51 8 2349 5
55f0388bb000 17 6 2374 5
55f03890f000 45 11 2431 5
55f03890e000 55 10 2497 5
55f038902000 49 13 2560 6
55f038908000 51 8 2620 6
55f038907000 39 6 2665 6
55f038906000 39 7 2711 6
55f038905000 55 6 2773 6
55f0388e4000 58 7 2839 6
55f038915000 60 8 2908 6
55f038914000 36 5 2950 7
55f038913000 49 4 3004 7
55f0388c8000 36 3 3044 7
55f0388c7000 24 2 3071 7
55f0388c6000 28 2 3102 7
55f038903000 50 3 3156 7
55f03890a000 55 3 3215 7
55f0388e1000 50 4 3272 7
55f0388e0000 56 3 3332 7
55f0388d6000 48 4 3385 7
55f0388d5000 37 3 3426 8
3455 8
0x55f0388d0000
55f0388d0000 53 25 78 1
55f0388c5000 41 24 143 1
55f0388bc000 37 19 200 1
55f038924000 826 146 1173 1
55f038923000 452 85 1710 1
55f0388fa000 54 27 1793 2
55f038904000 48 18 1860 3
55f038920000 57 16 1934 3
55f0388c4000 54 15 2004 4
55f0388fd000 41 15 2061 5
55f0388fc000 55 11 2128 5
55f0388e6000 70 12 2211 5
55f0388fb000 50 9 2271 5
55f0388bb000 17 7 2296 5
55f03890f000 45 11 2352 5
55f03890e000 55 10 2418 5
55f038902000 49 13 2481 6
55f038908000 51 7 2540 6
55f038907000 39 5 2585 6
55f038906000 39 7 2632 6
55f038905000 56 6 2694 6
55f0388e4000 58 6 2759 6
55f038915000 61 8 2829 6
55f038914000 35 6 2871 7
55f038913000 49 3 2924 7
55f0388c8000 36 3 2964 7
55f0388c7000 24 3 2992 7
55f0388c6000 28 3 3023 7
55f038903000 49 3 3076 7
55f03890a000 54 4 3136 7
55f0388e1000 50 4 3193 7
55f0388e0000 55 3 3252 7
55f0388d6000 49 3 3305 7
55f0388d5000 37 3 3346 8
3374 8
0x55f0388e3000
55f0388e3000 56 21 77 1
55f038920000 57 24 159 1
55f038924000 821 147 1128 1
55f0388bc000 38 19 1185 1
55f038923000 450 85 1721 1
55f0388fa000 54 25 1801 2
55f038904000 48 16 1866 3
55f0388e1000 50 17 1934 3
55f0388e0000 55 13 2003 3
55f0388d6000 48 16 2068 3
55f0388d5000 38 12 2118 4
55f0388bf000 40 8 2168 4
55f0388be000 62 10 2241 5
55f0388bd000 112 17 2371 5
55f0388f2000 52 10 2434 5
55f0388bb000 18 4 2457 5
55f0388c5000 40 8 2506 5
55f03891c000 53 9 2569 6
55f038906000 38 5 2615 6
55f038905000 55 4 2675 6
55f0388e4000 58 5 2740 6
55f038915000 60 6 2807 6
55f038914000 35 4 2847 6
55f038913000 49 5 2902 7
55f0388c8000 36 3 2942 7
55f0388c7000 24 2 2969 7
55f0388c6000 28 2 3000 7
55f038903000 50 3 3054 7
55f03890a000 55 3 3113 7
55f0388cc000 49 3 3169 7
55f0388cb000 38 3 3211 7
55f038910000 40 3 3255 7
55f03890f000 45 4 3305 7
55f03890e000 55 4 3365 7
55f038902000 49 5 3420 7
55f038908000 51 4 3476 7
55f038907000 39 2 3518 7
55f0388c0000 60 4 3583 7
55f0388fb000 51 3 3638 7
55f0388d2000 55 4 3699 7
55f03890b000 56 3 3759 7
55f0388d4000 48 4 3813 7
55f0388f7000 50 4 3868 7
55f0388e9000 45 4 3918 7
55f0388f9000 46 3 3968 8
4008 8
0x55f0388e2000
55f0388e2000 38 21 59 2
59 2
0x55f0388dd000
55f0388dd000 43 26 69 1
55f038923000 450 85 605 1
55f0388dc000 33 18 657 1
55f038924000 822 146 1627 1
55f0388bc000 38 19 1684 1
55f0388fa000 54 29 1768 2
55f038904000 48 17 1834 2
55f038920000 57 17 1909 2
55f0388c4000 54 16 1980 3
55f0388fd000 41 17 2039 4
55f0388fc000 55 13 2108 4
55f0388e6000 71 13 2192 4
55f0388c5000 40 11 2244 4
55f03891c000 53 12 2310 6
55f038906000 39 5 2356 6
55f038905000 55 4 2416 6
55f0388e4000 57 5 2480 6
55f0388bb000 17 3 2501 6
55f038915000 61 6 2568 6
55f038914000 35 4 2608 6
55f038913000 49 4 2662 7
55f0388c8000 37 3 2703 7
55f0388c7000 24 3 2730 7
55f0388c6000 28 3 2761 7
55f038903000 49 3 2814 7
55f03890a000 55 3 2873 7
55f0388e1000 50 4 2930 7
55f0388e0000 55 3 2989 7
55f0388d6000 48 4 3042 7
55f0388d5000 37 3 3083 8
3105 8
0x55f0388cf000
55f0388cf000 33 20 54 2
54 2
0x55f0388de000
55f0388de000 60 24 84 1
55f038924000 823 146 1054 1
55f0388dd000 43 26 1123 2
55f038923000 450 86 1660 2
55f0388dc000 33 18 1712 2
55f0388bc000 37 19 1770 2
55f0388fa000 54 25 1850 3
55f038904000 47 14 1912 3
55f038920000 56 14 1983 3
55f0388c4000 54 13 2051 4
55f0388fd000 41 12 2104 4
55f0388fc000 56 13 2174 4
55f0388e6000 71 14 2259 4
55f0388c5000 41 10 2310 4
55f03891c000 54 12 2377 6
55f038906000 39 5 2424 6
55f038905000 56 4 2484 6
55f0388e4000 58 5 2549 6
55f0388bb000 17 3 2570 6
55f038915000 61 5 2636 6
55f038914000 35 4 2677 6
55f038913000 49 5 2732 7
55f0388c8000 36 3 2772 7
55f0388c7000 24 2 2799 7
55f0388c6000 28 2 2830 7
55f038903000 50 3 2884 7
55f03890a000 55 3 2943 7
55f0388e1000 49 4 3000 7
55f0388e0000 55 4 3060 7
55f0388d6000 48 4 3113 7
55f0388d5000 37 3 3154 8
3178 8
0x55f0388df000
55f0388df000 39 22 61 0
55f0388bb000 17 16 95 0
55f038924000 825 146 1067 0
55f038923000 452 86 1606 0
55f0388bc000 37 19 1663 0
55f0388fa000 55 29 1748 1
55f038904000 48 20 1817 2
55f038920000 57 17 1892 2
55f0388c4000 53 17 1964 3
55f0388fd000 41 17 2022 4
55f0388fc000 56 13 2092 4
55f0388e6000 71 13 2176 4
55f0388c5000 41 10 2228 4
55f03891c000 53 13 2295 6
55f038906000 39 4 2340 6
55f038905000 56 4 2401 6
55f0388e4000 58 5 2465 6
55f038915000 61 5 2532 6
55f038914000 35 4 2573 6
55f038913000 49 5 2628 7
55f0388c8000 36 3 2668 7
55f0388c7000 24 2 2695 7
55f0388c6000 28 3 2727 7
55f038903000 49 3 2780 7
55f03890a000 55 3 2840 7
55f0388e1000 50 4 2897 7
55f0388e0000 55 3 2956 7
55f0388d6000 49 3 3009 7
55f0388d5000 38 3 3051 8
3072 8
0x55f0388f4000
55f0388f4000 56 26 82 1
55f0388f3000 36 21 140 1
55f03890f000 45 28 213 1
55f0388c5000 41 23 278 1
55f0388bc000 38 19 336 1
55f038924000 824 147 1307 1
55f038923000 451 85 1843 1
55f0388fa000 54 29 1928 2
55f038904000 48 17 1994 2
55f038920000 58 17 2070 2
55f0388c4000 54 16 2141 3
55f0388fd000 41 17 2200 4
55f0388fc000 56 12 2269 4
55f0388e6000 70 14 2354 4
55f0388fb000 50 10 2415 4
55f0388bb000 17 7 2441 4
55f0388d2000 55 12 2509 4
55f03890b000 56 11 2577 4
55f03890a000 54 11 2643 4
55f038914000 35 9 2688 5
55f038913000 49 7 2745 6
55f0388c8000 37 5 2788 6
55f0388c7000 24 4 2817 6
55f0388c6000 28 5 2851 6
55f038903000 49 6 2907 6
55f038905000 55 6 2972 6
55f0388e4000 58 6 3037 6
55f038915000 61 7 3106 6
55f038900000 53 6 3166 6
55f0388ff000 58 6 3231 6
55f0388fe000 43 7 3282 6
55f0388c9000 49 7 3340 6
55f0388e8000 58 7 3406 6
55f0388f9000 46 6 3459 7
55f0388ee000 41 2 3503 7
55f0388f0000 29 2 3537 7
55f0388ef000 26 1 3565 7
55f0388f1000 61 3 3630 7
55f0388dc000 33 2 3668 7
55f038902000 49 4 3723 8
3751 8
0x55f0388f3000
55f0388f3000 36 20 57 0
57 0
0x55f0388f8000
55f0388f8000 38 21 59 0
55f038924000 821 147 1028 0
55f0388bc000 38 19 1085 0
55f038923000 451 85 1621 0
55f0388fa000 54 30 1706 1
55f038904000 48 19 1774 2
55f038920000 57 17 1850 2
55f0388c4000 54 16 1921 3
55f0388fd000 41 17 1980 4
55f0388fc000 56 12 2049 4
55f0388e6000 70 13 2133 4
55f0388c5000 41 10 2185 4
55f03891c000 53 13 2252 6
55f038906000 39 5 2298 6
55f038905000 55 4 2358 6
55f0388e4000 58 5 2422 6
55f0388bb000 17 3 2443 6
55f038915000 61 6 2510 6
55f038914000 36 3 2550 6
55f038913000 50 4 2605 7
55f0388c8000 36 3 2645 7
55f0388c7000 24 2 2672 7
55f0388c6000 28 3 2704 7
55f038903000 49 3 2757 7
55f03890a000 55 3 2817 7
55f0388e1000 50 4 2874 7
55f0388e0000 55 3 2933 7
55f0388d6000 48 4 2986 7
55f0388d5000 37 3 3027 8
3048 8
0x55f0388f5000
55f0388f5000 54 23 78 1
78 1
0x55f0388db000
55f0388db000 52 28 80 2
55f038923000 454 67 602 2
55f038924000 828 117 1548 2
55f0388bc000 38 14 1600 2
55f0388fa000 54 23 1678 3
55f038904000 48 14 1741 3
55f038920000 56 15 1814 3
55f0388c4000 54 14 1883 4
55f0388fd000 40 14 1938 5
55f0388fc000 56 9 2004 5
55f0388e6000 70 10 2085 5
55f0388c5000 40 8 2134 5
55f03891c000 53 10 2198 6
55f038906000 39 4 2243 6
55f038905000 55 5 2304 6
55f0388e4000 59 5 2369 6
55f0388bb000 17 3 2390 6
55f038915000 61 5 2456 6
55f038914000 35 4 2497 6
55f038913000 49 5 2552 7
55f0388c8000 36 3 2592 7
55f0388c7000 24 2 2619 7
55f0388c6000 28 2 2650 7
55f038903000 50 3 2704 7
55f03890a000 55 3 2763 7
55f0388e1000 49 4 2820 7
55f0388e0000 55 4 2880 7
55f0388d6000 48 4 2933 7
55f0388d5000 37 3 2974 8
2996 8
0x55f03891d000
55f03891d000 47 24 71 1
55f0388f9000 47 22 141 4
55f0388bc000 37 11 190 4
55f038924000 821 85 1097 4
55f038923000 449 48 1595 4
55f0388fa000 54 17 1667 5
55f038904000 48 9 1725 5
55f038920000 57 10 1793 5
55f0388c4000 53 9 1857 5
55f0388fd000 41 11 1910 6
55f0388fc000 56 7 1974 6
55f0388e6000 70 7 2052 6
55f0388c5000 40 6 2099 6
55f03891c000 54 7 2161 8
2172 8
0x55f0388c1000
55f0388c1000 55 28 83 0
55f038920000 58 24 165 0
55f038924000 821 147 1134 0
55f0388bc000 38 19 1191 0
55f038923000 452 85 1728 0
55f0388fa000 54 30 1813 1
55f038904000 48 19 1881 2
55f0388e1000 49 22 1954 2
55f0388e0000 55 17 2027 2
55f0388d6000 48 20 2096 2
55f0388d5000 37 16 2150 3
55f0388bf000 39 12 2203 3
55f0388be000 62 14 2280 4
55f0388bd000 113 23 2417 4
55f0388f2000 52 14 2484 4
55f0388bb000 17 8 2511 4
55f0388c5000 41 11 2563 4
55f03891c000 54 13 2631 5
55f038906000 39 9 2681 5
55f038905000 55 8 2745 5
55f0388e4000 58 9 2813 5
55f038915000 61 10 2885 5
55f038914000 35 7 2928 5
55f038913000 50 8 2987 6
55f0388c8000 36 6 3030 6
55f0388c7000 24 6 3061 6
55f0388c6000 27 6 3095 6
55f038903000 49 8 3153 7
55f03890a000 55 3 3212 7
55f0388cc000 49 3 3268 7
55f0388cb000 38 3 3310 7
55f038910000 40 3 3354 7
55f03890f000 45 4 3404 7
55f03890e000 55 4 3464 7
55f038902000 49 5 3519 7
55f038908000 51 4 3575 7
55f038907000 40 2 3618 7
55f0388c0000 60 4 3683 7
55f0388fb000 50 3 3738 7
55f0388d2000 55 4 3800 7
55f03890b000 57 3 3861 7
55f0388d4000 49 3 3914 7
55f0388f7000 50 4 3970 7
55f0388e9000 45 4 4020 7
55f0388f9000 47 3 4071 8
4111 8
0x55f0388d2000
55f0388d2000 55 27 83 0
55f038923000 453 86 623 0
55f0388bc000 38 19 681 0
55f038924000 840 146 1668 0
55f0388fa000 55 29 1752 1
55f038904000 48 20 1821 2
55f038920000 57 17 1896 2
55f0388c4000 54 16 1967 3
55f0388fd000 41 17 2026 4
55f0388fc000 55 13 2095 4
55f0388e6000 71 13 2179 4
55f0388c5000 40 11 2231 4
55f03891c000 53 12 2297 6
55f038906000 39 5 2343 6
55f038905000 55 5 2404 6
55f0388e4000 57 5 2467 6
55f0388bb000 18 2 2488 6
55f038915000 60 6 2555 6
55f038914000 36 3 2595 6
55f038913000 50 4 2650 7
55f0388c8000 36 3 2690 7
55f0388c7000 24 2 2717 7
55f0388c6000 28 2 2748 7
55f038903000 50 3 2802 7
55f03890a000 55 3 2861 7
55f0388e1000 50 4 2918 7
55f0388e0000 55 4 2978 7
55f0388d6000 48 3 3030 7
55f0388d5000 38 3 3072 8
3093 8
0x55f038900000
55f038900000 53 24 77 1
55f038923000 452 85 615 1
55f0388ff000 58 26 700 2
55f0388bb000 17 16 734 2
55f0388fe000 43 24 802 2
55f038924000 834 147 1784 2
55f0388bc000 37 19 1841 2
55f0388fa000 55 25 1922 3
55f038904000 48 13 1984 3
55f038920000 58 13 2056 3
55f0388c4000 54 13 2124 4
55f0388fd000 41 12 2178 4
55f0388fc000 57 12 2248 4
55f0388e6000 71 13 2333 4
55f0388c5000 41 10 2385 4
55f03891c000 54 12 2452 6
55f038906000 39 5 2498 6
55f038905000 56 4 2559 6
55f0388e4000 58 6 2624 6
55f038915000 61 5 2691 6
55f038914000 36 4 2732 6
55f038913000 50 4 2787 7
55f0388c8000 37 3 2828 7
55f0388c7000 24 2 2855 7
55f0388c6000 28 2 2886 7
55f038903000 50 3 2940 7
55f03890a000 55 3 3000 7
55f0388e1000 50 4 3057 7
55f0388e0000 56 3 3117 7
55f0388d6000 49 3 3170 7
55f0388d5000 38 3 3212 8
3236 8
0x55f0388f6000
55f0388f6000 44 22 66 0
66 0
0x55f038901000
55f038901000 48 26 74 2
55f0388bc000 37 13 125 2
55f038924000 831 113 1070 2
55f038923000 455 64 1589 2
55f0388fa000 55 21 1666 3
55f038904000 48 13 1728 4
55f038920000 58 10 1797 4
55f0388c4000 54 10 1862 5
55f0388fd000 41 9 1913 5
55f0388fc000 56 9 1979 5
55f0388e6000 71 9 2060 5
55f0388c5000 41 7 2109 5
55f03891c000 54 9 2173 7
55f038906000 39 2 2216 7
55f038905000 55 2 2274 7
55f0388e4000 58 2 2335 7
55f0388bb000 17 0 2353 7
55f038915000 61 2 2417 7
55f038914000 36 1 2455 7
55f038913000 50 1 2507 8
2522 8
0x55f03890d000
55f03890d000 44 32 76 3
55f0388c9000 49 21 147 4
55f038924000 832 80 1060 4
55f0388bc000 37 8 1106 4
55f038923000 454 44 1605 4
55f0388fa000 54 13 1674 4
55f038904000 48 11 1734 4
55f038920000 58 11 1803 4
55f0388c4000 54 10 1868 5
55f0388fd000 41 9 1918 5
55f0388fc000 57 8 1984 5
55f0388e6000 71 10 2066 5
55f0388c5000 41 8 2115 5
55f03891c000 54 8 2178 6
55f038906000 39 5 2225 6
55f038905000 55 5 2286 6
55f0388e4000 58 5 2350 6
55f0388bb000 17 3 2371 6
55f038915000 62 5 2438 6
55f038914000 35 4 2479 6
55f038913000 50 4 2534 7
55f0388c8000 37 3 2575 7
55f0388c7000 24 2 2602 7
55f0388c6000 28 2 2633 7
55f038903000 50 3 2687 7
55f03890a000 55 3 2746 7
55f0388e1000 50 4 2803 7
55f0388e0000 55 3 2862 7
55f0388d6000 49 3 2915 7
55f0388d5000 37 3 2956 8
2979 8
0x55f0388d3000
55f0388d3000 51 24 75 1
55f038924000 823 146 1044 1
55f0388bc000 38 19 1101 1
55f038923000 452 85 1638 1
55f0388fa000 54 28 1721 2
55f038904000 48 18 1788 3
55f038920000 57 16 1862 3
55f0388c4000 54 15 1932 4
55f0388fd000 41 15 1989 5
55f0388fc000 56 10 2056 5
55f0388e6000 70 12 2139 5
55f0388c5000 41 9 2189 5
55f03891c000 53 11 2254 7
55f038906000 39 3 2298 7
55f038905000 55 3 2357 7
55f0388e4000 57 4 2420 7
55f0388bb000 17 2 2440 7
55f038915000 61 4 2505 7
55f038914000 36 2 2544 7
55f038913000 50 3 2598 7
55f0388c8000 36 3 2638 7
55f0388c7000 24 2 2665 7
55f0388c6000 28 2 2696 7
55f038903000 50 3 2750 7
55f03890a000 55 3 2809 7
55f0388e1000 50 4 2866 7
55f0388e0000 55 4 2926 7
55f0388d6000 48 3 2978 7
55f0388d5000 38 3 3020 8
3041 8
0x55f0388d8000
55f0388d8000 45 22 67 1
55f038923000 450 88 606 1
55f038924000 822 147 1576 1
55f0388bc000 37 20 1633 1
55f0388fa000 55 25 1713 2
55f038904000 48 17 1779 3
55f038920000 57 14 1851 3
55f0388c4000 54 14 1920 3
55f0388fd000 41 17 1978 4
55f0388fc000 56 12 2047 4
55f0388e6000 71 13 2132 4
55f0388c5000 40 11 2184 4
55f03891c000 53 12 2250 6
55f038906000 39 5 2296 6
55f038905000 55 5 2357 6
55f0388e4000 58 5 2421 6
55f0388bb000 18 2 2441 6
55f038915000 61 5 2508 6
55f038914000 35 4 2549 6
55f038913000 49 5 2604 7
55f0388c8000 36 3 2644 7
55f0388c7000 24 2 2671 7
55f0388c6000 28 2 2702 7
55f038903000 50 3 2756 7
55f03890a000 55 3 2815 7
55f0388e1000 50 4 2872 7
55f0388e0000 56 3 2932 7
55f0388d6000 48 4 2985 7
55f0388d5000 37 3 3026 8
3047 8
0x55f038912000
55f038912000 56 28 85 2
55f0388bc000 38 14 138 2
55f038924000 825 117 1081 2
55f038923000 453 67 1601 2
55f0388fa000 54 23 1679 3
55f038904000 48 14 1742 3
55f038920000 57 15 1815 3
55f0388c4000 54 14 1884 4
55f0388fd000 41 14 1939 5
55f0388fc000 56 9 2005 5
55f0388e6000 71 10 2087 5
55f0388c5000 41 8 2136 5
55f03891c000 53 9 2199 6
55f038906000 39 5 2245 6
55f038905000 55 4 2305 6
55f0388e4000 57 5 2369 6
55f0388bb000 18 2 2390 6
55f038915000 61 5 2457 6
55f038914000 35 4 2498 6
55f038913000 49 5 2553 7
55f0388c8000 36 3 2593 7
55f0388c7000 24 2 2620 7
55f0388c6000 28 2 2651 7
55f038903000 50 3 2705 7
55f03890a000 55 3 2764 7
55f0388e1000 49 4 2821 7
55f0388e0000 56 3 2881 7
55f0388d6000 48 4 2934 7
55f0388d5000 37 3 2975 8
2997 8
0x55f0388cd000
55f0388cd000 36 22 59 1
55f0388cc000 49 22 131 1
55f0388cb000 38 21 191 1
55f0388bc000 38 19 249 1
55f038924000 824 146 1219 1
55f038923000 450 86 1756 1
55f0388fa000 54 30 1841 2
55f038904000 48 17 1906 2
55f038920000 57 18 1982 2
55f0388c4000 54 16 2053 3
55f0388fd000 41 17 2112 4
55f0388fc000 56 12 2181 4
55f0388e6000 70 14 2266 4
55f0388c5000 41 10 2317 4
55f03891c000 53 13 2384 6
55f038906000 39 5 2430 6
55f038905000 56 4 2490 6
55f0388e4000 58 5 2554 6
55f0388bb000 17 3 2575 6
55f038915000 62 5 2642 6
55f038914000 36 4 2683 6
55f038913000 49 5 2738 7
55f0388c8000 36 3 2778 7
55f0388c7000 24 2 2805 7
55f0388c6000 28 2 2836 7
55f038903000 50 3 2890 7
55f03890a000 54 3 2949 7
55f0388e1000 49 5 3007 7
55f0388e0000 56 3 3066 7
55f0388d6000 48 4 3119 7
55f0388d5000 37 3 3160 8
3185 8
0x55f0388ce000
55f0388ce000 20 17 37 0
55f038924000 822 146 1006 0
55f0388cd000 36 22 1065 1
55f0388cc000 49 22 1137 1
55f0388cb000 38 21 1197 1
55f0388bc000 38 18 1254 1
55f038923000 451 86 1792 1
55f0388fa000 54 30 1877 2
55f038904000 48 17 1943 2
55f038920000 57 17 2018 2
55f0388c4000 53 17 2090 3
55f0388fd000 40 17 2148 4
55f0388fc000 56 13 2218 4
55f0388e6000 71 13 2302 4
55f0388c5000 40 11 2354 4
55f03891c000 53 12 2420 6
55f038906000 39 4 2466 6
55f038905000 56 4 2527 6
55f0388e4000 58 5 2591 6
55f0388bb000 17 3 2612 6
55f038915000 60 6 2679 6
55f038914000 36 3 2719 6
55f038913000 50 4 2774 7
55f0388c8000 37 2 2814 7
55f0388c7000 24 3 2842 7
55f0388c6000 27 3 2873 7
55f038903000 49 4 2927 7
55f03890a000 55 3 2986 7
55f0388e1000 50 4 3043 7
55f0388e0000 55 3 3102 7
55f0388d6000 49 3 3155 7
55f0388d5000 38 2 3196 8
3224 8
0x55f0388e5000
55f0388e5000 48 25 73 2
55f038908000 52 28 154 2
55f038924000 825 146 1125 2
55f038907000 40 19 1184 2
55f038923000 452 85 1722 2
55f0388bc000 37 19 1780 2
55f0388fa000 54 30 1865 2
55f038904000 47 18 1931 2
55f038920000 57 17 2006 2
55f0388c4000 54 17 2078 3
55f0388fd000 41 17 2136 4
55f0388fc000 56 13 2206 4
55f0388e6000 71 13 2290 4
55f0388c5000 41 10 2342 4
55f03891c000 53 12 2408 6
55f038906000 39 4 2454 6
55f038905000 56 4 2515 6
55f0388e4000 58 5 2579 6
55f0388bb000 17 3 2600 6
55f038915000 61 6 2667 6
55f038914000 35 4 2707 6
55f038913000 49 5 2762 7
55f0388c8000 36 3 2802 7
55f0388c7000 24 3 2830 7
55f0388c6000 28 3 2861 7
55f038903000 49 3 2914 7
55f03890a000 55 3 2974 7
55f0388e1000 50 4 3031 7
55f0388e0000 55 4 3091 7
55f0388d6000 48 4 3144 7
55f0388d5000 37 3 3185 8
3209 8
0x55f038921000
55f038921000 42 21 63 0
55f038924000 821 147 1032 0
55f038920000 57 24 1113 0
55f0388bc000 38 19 1171 0
55f038923000 449 86 1707 0
55f0388fa000 54 30 1792 1
55f038904000 48 19 1860 2
55f0388e1000 50 21 1933 2
55f0388e0000 55 18 2007 2
55f0388d6000 48 19 2075 2
55f0388d5000 38 15 2129 3
55f0388bf000 40 12 2183 3
55f0388be000 62 14 2260 4
55f0388bd000 112 23 2396 4
55f0388f2000 53 14 2464 4
55f0388bb000 18 7 2490 4
55f0388c5000 40 12 2543 4
55f03891c000 53 14 2611 5
55f038906000 39 8 2660 5
55f038905000 56 8 2725 5
55f0388e4000 58 9 2793 5
55f038915000 61 10 2865 5
55f038914000 36 7 2909 5
55f038913000 49 8 2967 6
55f0388c8000 37 6 3011 6
55f0388c7000 24 5 3041 6
55f0388c6000 28 6 3076 6
55f038903000 49 8 3134 7
55f03890a000 55 3 3193 7
55f0388cc000 49 4 3249 7
55f0388cb000 38 3 3290 7
55f038910000 41 3 3335 7
55f03890f000 45 4 3385 7
55f03890e000 55 4 3445 7
55f038902000 49 5 3500 7
55f038908000 51 4 3556 7
55f038907000 39 3 3599 7
55f0388c0000 60 4 3664 7
55f0388fb000 50 4 3719 7
55f0388d2000 55 4 3780 7
55f03890b000 56 3 3840 7
55f0388d4000 48 4 3894 7
55f0388f7000 50 4 3949 7
55f0388e9000 45 4 3999 7
55f0388f9000 47 3 4050 8
4090 8
0x55f0388d7000
55f0388d7000 42 24 67 1
55f038924000 821 147 1036 1
55f0388d6000 48 26 1111 2
55f0388d5000 38 18 1168 3
55f038923000 450 55 1674 3
55f0388bc000 38 11 1724 3
55f0388fa000 54 18 1797 3
55f038904000 48 14 1860 3
55f038920000 57 14 1932 3
55f0388c4000 54 14 2001 4
55f0388fd000 41 13 2055 5
55f0388fc000 56 9 2121 5
55f0388e6000 70 10 2202 5
55f0388c5000 41 7 2250 5
55f03891c000 54 8 2313 7
55f038906000 39 1 2356 7
55f038905000 55 2 2414 7
55f0388e4000 58 2 2475 7
55f0388bb000 17 0 2493 7
55f038915000 61 2 2557 7
55f038914000 36 1 2595 7
55f038913000 49 1 2646 8
2663 8
