0x41a000
41a000 37 17 56 0
415000 21 15 94 0
413000 17 14 126 0
419000 55 18 200 0
418000 38 20 259 0
414000 21 15 296 0
46d000 158 39 494 0
46c000 111 30 636 0
417000 34 16 687 1
7ff88e5ba000 70 32 791 2
7ff88e5b8000 110 36 938 2
7ff88e335000 82 53 1075 4
7ff88e4fa000 18 7 1101 4
7ff88e5b7000 80 18 1199 4
7ff88e5b6000 70 12 1282 4
7ff88e5bb000 103 21 1407 4
7ff88e4fc000 79 14 1501 5
7ff88e4fb000 70 22 1595 6
7ff88e55d000 44 6 1647 7
7ff88e55c000 50 3 1702 7
7ff88e56f000 40 1 1744 7
7ff88e562000 46 2 1793 7
7ff88e33a000 64 7 1866 7
7ff88e339000 63 11 1940 7
7ff88e338000 95 6 2042 7
7ff88e5b9000 36 1 2080 7
7ff88e565000 55 2 2139 7
7ff88e564000 34 1 2175 7
7ff88e55f000 58 1 2235 7
7ff88e55e000 54 1 2292 7
7ff88e559000 37 1 2333 7
7ff88e55a000 38 1 2374 7
7ff88e55b000 31 1 2407 7
7ff88e56b000 30 1 2439 7
7ff88e56a000 32 1 2472 7
7ff88e566000 63 3 2538 7
7ff88e567000 29 1 2569 7
7ff88e569000 32 1 2603 7
7ff88e568000 36 1 2641 7
7ff88e4fe000 72 3 2718 7
7ff88e5b4000 66 3 2788 7
7ff88e4fd000 56 2 2846 7
7ff88e5b3000 45 2 2894 7
7ff88e5a9000 72 5 2973 7
7ff88e5a4000 69 5 3049 7
7ff88e4ff000 85 4 3139 7
7ff88e5d3000 47 2 3190 7
7ff88e5d2000 43 1 3235 7
7ff88e501000 60 1 3298 7
7ff88e500000 47 1 3348 7
7ff88e560000 61 2 3413 7
7ff88e561000 82 2 3498 7
7ff88e5ab000 57 3 3560 7
7ff88e5af000 52 1 3614 7
7ff88e5ad000 62 2 3680 8
3704 8
0x415000
415000 21 15 37 0
413000 16 15 69 0
69 0
0x413000
413000 17 14 31 0
31 0
0x419000
419000 56 17 73 0
73 0
0x418000
418000 38 19 57 0
413000 16 15 90 0
415000 22 14 126 0
414000 21 15 163 0
46d000 156 39 359 0
46c000 110 30 500 0
417000 34 16 551 1
7ff88e5ba000 70 32 654 2
7ff88e5b8000 109 36 800 2
7ff88e335000 82 53 936 4
7ff88e4fa000 18 7 961 4
7ff88e5b7000 79 18 1059 4
7ff88e5b6000 69 12 1141 4
7ff88e5bb000 103 21 1266 4
7ff88e4fc000 78 14 1359 5
7ff88e4fb000 70 22 1453 6
7ff88e55d000 44 6 1505 7
7ff88e55c000 50 3 1560 7
7ff88e56f000 40 1 1602 7
7ff88e562000 46 2 1651 7
7ff88e33a000 64 7 1724 7
7ff88e339000 62 11 1797 7
7ff88e338000 96 6 1899 7
7ff88e5b9000 35 2 1937 7
7ff88e565000 55 2 1996 7
7ff88e564000 34 1 2032 7
7ff88e55f000 58 1 2092 7
7ff88e55e000 54 1 2149 7
7ff88e559000 37 1 2190 7
7ff88e55a000 38 0 2230 7
7ff88e55b000 31 1 2264 7
7ff88e56b000 30 1 2296 7
7ff88e56a000 32 0 2328 7
7ff88e566000 63 3 2395 7
7ff88e567000 29 1 2426 7
7ff88e569000 33 0 2460 7
7ff88e568000 36 1 2498 7
7ff88e4fe000 72 3 2575 7
7ff88e5b4000 67 2 2645 7
7ff88e4fd000 56 3 2704 7
7ff88e5b3000 45 2 2751 7
7ff88e5a9000 72 6 2831 7
7ff88e5a4000 69 5 2906 7
7ff88e4ff000 86 4 2997 7
7ff88e5d3000 47 1 3047 7
7ff88e5d2000 43 1 3093 7
7ff88e501000 60 1 3155 7
7ff88e500000 47 1 3205 7
7ff88e560000 61 2 3270 7
7ff88e561000 83 2 3356 7
7ff88e5ab000 57 3 3417 7
7ff88e5af000 52 2 3472 7
7ff88e5ad000 63 1 3537 8
3560 8
0x414000
414000 21 15 36 0
413000 16 15 68 0
68 0
0x46d000
46d000 157 39 196 0
46c000 112 30 338 0
417000 34 16 388 1
413000 17 15 421 1
421 1
0x46c000
46c000 111 30 142 0
142 0
0x417000
417000 34 16 51 1
413000 17 14 83 1
83 1
0x416000
416000 21 14 36 0
413000 17 14 68 0
69 0
0x461000
461000 30 16 46 0
46c000 111 30 188 0
460000 28 15 231 0
7ff88e5ab000 57 34 323 1
417000 33 17 374 2
413000 16 15 406 2
7ff88e5a9000 73 37 516 6
7ff88e5a4000 69 11 597 6
7ff88e5b9000 35 6 639 6
7ff88e4fc000 78 6 724 6
7ff88e4fb000 71 15 811 6
7ff88e55d000 45 7 864 6
7ff88e55c000 50 8 923 6
7ff88e56f000 40 4 968 6
7ff88e562000 47 6 1021 6
7ff88e33a000 64 14 1100 7
7ff88e339000 61 11 1173 7
7ff88e338000 96 6 1276 7
7ff88e4fa000 18 1 1295 7
7ff88e565000 54 2 1352 7
7ff88e564000 34 1 1389 7
7ff88e55f000 57 2 1449 7
7ff88e55e000 54 2 1506 7
7ff88e559000 37 1 1547 7
7ff88e55a000 37 1 1587 7
7ff88e55b000 31 0 1620 7
7ff88e56b000 29 1 1652 7
7ff88e56a000 31 1 1685 7
7ff88e566000 63 2 1751 7
7ff88e567000 29 0 1782 7
7ff88e569000 33 1 1817 7
7ff88e568000 36 0 1854 7
7ff88e4fe000 72 2 1931 7
7ff88e5b4000 67 3 2002 7
7ff88e4fd000 56 2 2060 7
7ff88e5b3000 45 2 2108 7
7ff88e2a2000 69 3 2181 8
2195 8
0x460000
460000 27 16 44 0
7ff88e5ab000 57 34 136 1
417000 34 16 186 2
413000 17 14 218 2
7ff88e5a9000 73 36 328 6
7ff88e5a4000 69 11 410 6
7ff88e5b9000 36 6 452 6
7ff88e4fc000 77 7 537 6
7ff88e4fb000 71 15 624 6
7ff88e55d000 45 6 676 6
7ff88e55c000 50 7 735 6
7ff88e56f000 39 4 780 6
7ff88e562000 46 6 833 6
7ff88e33a000 64 14 913 7
7ff88e339000 62 10 986 7
7ff88e338000 96 6 1089 7
7ff88e4fa000 18 0 1108 7
7ff88e565000 55 2 1166 7
7ff88e564000 34 1 1202 7
7ff88e55f000 58 1 1262 7
7ff88e55e000 54 1 1319 7
7ff88e559000 37 1 1360 7
7ff88e55a000 38 1 1401 7
7ff88e55b000 30 1 1434 7
7ff88e56b000 30 1 1466 7
7ff88e56a000 32 1 1499 7
7ff88e566000 63 2 1565 7
7ff88e567000 29 1 1596 7
7ff88e569000 33 0 1630 7
7ff88e568000 35 1 1668 7
7ff88e4fe000 71 3 1745 7
7ff88e5b4000 67 2 1815 7
7ff88e4fd000 55 3 1874 7
7ff88e5b3000 45 2 1921 7
7ff88e2a2000 68 3 1994 8
2006 8
0x45f000
45f000 43 19 62 1
62 1
0x462000
462000 34 18 52 1
415000 22 14 89 1
413000 17 14 121 1
461000 29 16 167 1
46c000 110 30 309 1
460000 28 15 353 1
7ff88e5ab000 57 34 445 1
417000 34 16 495 2
7ff88e5a9000 73 37 606 6
7ff88e5a4000 69 11 687 6
7ff88e5b9000 36 5 729 6
7ff88e4fc000 78 6 814 6
7ff88e4fb000 71 15 901 6
7ff88e55d000 45 7 954 6
7ff88e55c000 50 7 1012 6
7ff88e56f000 40 4 1057 6
7ff88e562000 46 6 1110 6
7ff88e33a000 64 15 1190 7
7ff88e339000 62 11 1263 7
7ff88e338000 96 6 1365 7
7ff88e4fa000 18 0 1384 7
7ff88e565000 55 2 1442 7
7ff88e564000 34 1 1478 7
7ff88e55f000 58 1 1538 7
7ff88e55e000 54 1 1595 7
7ff88e559000 37 1 1636 7
7ff88e55a000 37 1 1676 7
7ff88e55b000 31 1 1710 7
7ff88e56b000 30 0 1741 7
7ff88e56a000 32 0 1774 7
7ff88e566000 63 3 1841 7
7ff88e567000 29 1 1872 7
7ff88e569000 33 0 1906 7
7ff88e568000 36 1 1944 7
7ff88e4fe000 72 3 2021 7
7ff88e5b4000 67 2 2091 7
7ff88e4fd000 55 3 2150 7
7ff88e5b3000 45 2 2197 7
7ff88e2a2000 68 3 2270 8
2286 8
0x463000
463000 24 15 39 0
46d000 156 39 235 0
46c000 111 30 377 0
417000 33 17 428 1
413000 16 15 460 1
462000 34 18 512 2
415000 22 14 549 2
461000 30 16 596 2
460000 28 15 640 2
7ff88e5ab000 57 30 728 2
7ff88e5a9000 74 36 838 6
7ff88e5a4000 70 10 919 6
7ff88e5b9000 36 5 961 6
7ff88e4fc000 77 7 1047 6
7ff88e4fb000 71 15 1134 6
7ff88e55d000 45 6 1186 6
7ff88e55c000 49 8 1245 6
7ff88e56f000 40 4 1290 6
7ff88e562000 46 6 1343 6
7ff88e33a000 65 14 1423 7
7ff88e339000 62 11 1496 7
7ff88e338000 95 6 1598 7
7ff88e4fa000 18 0 1617 7
7ff88e565000 55 2 1675 7
7ff88e564000 34 1 1711 7
7ff88e55f000 58 2 1772 7
7ff88e55e000 54 2 1829 7
7ff88e559000 36 1 1869 7
7ff88e55a000 38 1 1910 7
7ff88e55b000 31 0 1943 7
7ff88e56b000 29 1 1975 7
7ff88e56a000 31 1 2008 7
7ff88e566000 63 2 2074 7
7ff88e567000 29 0 2105 7
7ff88e569000 33 1 2140 7
7ff88e568000 36 0 2177 7
7ff88e4fe000 72 2 2254 7
7ff88e5b4000 67 2 2324 7
7ff88e4fd000 56 2 2383 7
7ff88e5b3000 45 1 2430 7
7ff88e2a2000 68 4 2504 8
2521 8
0x465000
465000 22 16 38 0
417000 34 16 89 1
413000 17 14 121 1
416000 21 14 157 1
415000 22 14 194 1
46d000 158 38 391 1
46c000 110 30 532 1
462000 34 18 585 2
461000 30 16 632 2
460000 28 15 676 2
7ff88e5ab000 57 30 764 2
7ff88e5a9000 73 37 874 6
7ff88e5a4000 69 11 955 6
7ff88e5b9000 36 5 997 6
7ff88e4fc000 78 6 1082 6
7ff88e4fb000 71 15 1169 6
7ff88e55d000 45 7 1222 6
7ff88e55c000 50 7 1280 6
7ff88e56f000 39 5 1326 6
7ff88e562000 46 6 1378 6
7ff88e33a000 64 14 1458 7
7ff88e339000 62 10 1531 7
7ff88e338000 96 6 1634 7
7ff88e4fa000 18 0 1653 7
7ff88e565000 55 2 1711 7
7ff88e564000 34 1 1747 7
7ff88e55f000 58 1 1807 7
7ff88e55e000 54 1 1864 7
7ff88e559000 37 1 1905 7
7ff88e55a000 38 1 1946 7
7ff88e55b000 31 1 1980 7
7ff88e56b000 30 1 2012 7
7ff88e56a000 32 0 2044 7
7ff88e566000 64 2 2111 7
7ff88e567000 29 1 2142 7
7ff88e569000 33 1 2176 7
7ff88e568000 35 1 2213 7
7ff88e4fe000 72 2 2289 7
7ff88e5b4000 67 2 2359 7
7ff88e4fd000 56 2 2418 7
7ff88e5b3000 45 2 2466 7
7ff88e2a2000 69 3 2539 8
2556 8
0x422000
422000 40 18 58 0
414000 21 14 94 0
413000 17 14 126 0
421000 29 16 172 1
415000 21 15 209 1
7ff88e32f000 57 27 294 2
7ff88e32e000 49 17 361 2
7ff88e32d000 46 16 423 2
416000 21 14 459 2
417000 34 17 511 3
46d000 159 39 709 3
46c000 112 30 851 3
7ff88e4fc000 78 25 955 5
7ff88e4fb000 71 24 1051 6
7ff88e55d000 45 8 1105 7
7ff88e55c000 50 5 1161 7
7ff88e56f000 40 3 1205 7
7ff88e562000 46 4 1256 7
7ff88e33a000 65 9 1331 8
1337 8
0x421000
421000 29 17 47 1
47 1
0x423000
423000 36 17 53 0
7ff88e5a9000 74 48 175 5
7ff88e5a4000 70 17 263 5
7ff88e5b9000 36 8 308 5
7ff88e4fc000 78 11 398 5
7ff88e4fb000 71 23 493 5
7ff88e55d000 45 11 550 5
7ff88e55c000 50 12 613 5
7ff88e56f000 40 6 660 5
7ff88e562000 47 9 717 5
7ff88e33a000 65 22 805 6
7ff88e339000 62 22 890 6
7ff88e338000 96 13 999 6
7ff88e4fa000 18 2 1020 6
7ff88e565000 55 6 1082 6
7ff88e564000 34 3 1120 6
7ff88e55f000 58 5 1184 6
7ff88e55e000 54 4 1243 6
7ff88e559000 37 4 1287 6
7ff88e55a000 38 3 1329 6
7ff88e55b000 31 3 1365 6
7ff88e56b000 30 3 1399 6
7ff88e56a000 32 3 1434 6
7ff88e566000 64 6 1504 6
7ff88e567000 30 2 1537 6
7ff88e569000 33 3 1574 6
7ff88e568000 36 2 1613 6
7ff88e4fe000 72 6 1694 6
7ff88e5b4000 67 6 1768 6
7ff88e4fd000 56 7 1831 6
7ff88e5b3000 46 5 1882 6
7ff88e2a2000 69 8 1960 7
7ff88e3de000 97 7 2064 7
7ff88e3dd000 98 5 2167 7
7ff88e2a0000 120 3 2290 7
7ff88e3ad000 89 5 2384 7
7ff88e3ac000 106 5 2496 7
7ff88e3ab000 68 10 2574 7
7ff88e3a9000 74 3 2651 7
7ff88e39d000 86 16 2754 7
7ff88e39b000 47 3 2805 7
7ff88e2b2000 56 7 2869 7
7ff88e2b1000 73 4 2947 7
7ff88e2b0000 37 3 2988 7
7ff88e2af000 52 3 3043 7
7ff88e2ae000 82 5 3131 7
7ff88e2ad000 33 3 3167 7
7ff88e2a5000 45 3 3215 7
7ff88e2a4000 42 4 3262 7
7ff88e2a3000 61 3 3326 7
7ff88e300000 72 5 3404 8
3416 8
0x424000
424000 24 17 41 0
414000 22 14 77 0
413000 16 15 109 0
415000 22 15 146 0
418000 38 19 204 0
46d000 159 39 403 0
46c000 111 30 545 0
417000 34 16 596 1
7ff88e5ba000 71 31 699 2
7ff88e5b8000 111 36 847 2
7ff88e335000 83 53 983 4
7ff88e4fa000 18 7 1009 4
7ff88e5b7000 80 18 1107 4
7ff88e5b6000 70 11 1189 4
7ff88e5bb000 104 21 1315 4
7ff88e4fc000 78 15 1409 5
7ff88e4fb000 71 22 1503 6
7ff88e55d000 46 6 1556 7
7ff88e55c000 50 3 1610 7
7ff88e56f000 40 1 1652 7
7ff88e562000 46 3 1702 7
7ff88e33a000 65 6 1774 7
7ff88e339000 62 11 1848 7
7ff88e338000 97 6 1951 7
7ff88e5b9000 37 2 1990 7
7ff88e565000 55 2 2048 7
7ff88e564000 34 1 2084 7
7ff88e55f000 58 2 2145 7
7ff88e55e000 55 1 2202 7
7ff88e559000 37 1 2243 7
7ff88e55a000 38 1 2283 7
7ff88e55b000 31 0 2316 7
7ff88e56b000 30 1 2348 7
7ff88e56a000 31 1 2381 7
7ff88e566000 63 3 2448 7
7ff88e567000 29 1 2479 7
7ff88e569000 33 1 2513 7
7ff88e568000 36 0 2550 7
7ff88e4fe000 72 3 2628 7
7ff88e5b4000 67 2 2698 7
7ff88e4fd000 57 2 2757 7
7ff88e5b3000 45 2 2805 7
7ff88e5a9000 73 5 2884 7
7ff88e5a4000 70 5 2960 7
7ff88e4ff000 87 4 3051 7
7ff88e5d3000 48 1 3101 7
7ff88e5d2000 44 1 3147 7
7ff88e501000 60 1 3209 7
7ff88e500000 48 1 3259 7
7ff88e560000 62 2 3324 7
7ff88e561000 82 3 3410 7
7ff88e5ab000 57 3 3471 7
7ff88e5af000 53 1 3526 7
7ff88e5ad000 63 1 3591 8
3615 8
0x425000
425000 27 18 45 0
423000 35 17 98 0
7ff88e5a9000 73 48 220 5
7ff88e5a4000 70 17 308 5
7ff88e5b9000 36 8 353 5
7ff88e4fc000 78 11 443 5
7ff88e4fb000 71 23 538 5
7ff88e55d000 45 11 595 5
7ff88e55c000 50 12 658 5
7ff88e56f000 40 7 706 5
7ff88e562000 47 10 763 5
7ff88e33a000 65 21 850 6
7ff88e339000 62 22 935 6
7ff88e338000 97 13 1045 6
7ff88e4fa000 18 2 1066 6
7ff88e565000 55 5 1127 6
7ff88e564000 35 3 1166 6
7ff88e55f000 58 4 1229 6
7ff88e55e000 55 4 1289 6
7ff88e559000 37 3 1332 6
7ff88e55a000 38 3 1375 6
7ff88e55b000 31 3 1410 6
7ff88e56b000 30 3 1444 6
7ff88e56a000 32 3 1479 6
7ff88e566000 64 6 1549 6
7ff88e567000 30 2 1582 6
7ff88e569000 33 3 1619 6
7ff88e568000 36 2 1658 6
7ff88e4fe000 73 6 1739 6
7ff88e5b4000 67 6 1813 6
7ff88e4fd000 57 6 1876 6
7ff88e5b3000 45 5 1927 6
7ff88e2a2000 69 8 2005 7
7ff88e3de000 97 6 2108 7
7ff88e3dd000 97 6 2212 7
7ff88e2a0000 120 3 2335 7
7ff88e3ad000 89 5 2429 7
7ff88e3ac000 106 5 2540 7
7ff88e3ab000 69 9 2618 7
7ff88e3a9000 73 4 2696 7
7ff88e39d000 87 16 2799 7
7ff88e39b000 47 4 2850 7
7ff88e2b2000 57 7 2914 7
7ff88e2b1000 73 5 2992 7
7ff88e2b0000 37 3 3032 7
7ff88e2af000 53 3 3088 7
7ff88e2ae000 83 4 3175 7
7ff88e2ad000 34 2 3211 7
7ff88e2a5000 45 3 3260 7
7ff88e2a4000 42 4 3306 7
7ff88e2a3000 62 3 3371 7
7ff88e300000 72 5 3448 8
3462 8
0x46a000
46a000 67 23 90 1
415000 22 14 127 1
413000 17 14 159 1
469000 30 16 206 1
468000 31 19 256 1
467000 37 18 312 1
466000 36 16 364 1
417000 34 16 415 2
414000 21 15 452 2
418000 39 19 510 2
46d000 158 39 708 2
46c000 112 31 852 2
7ff88e5ba000 70 32 954 2
7ff88e5b8000 111 36 1102 2
7ff88e335000 82 54 1239 4
7ff88e4fa000 18 7 1264 4
7ff88e5b7000 80 19 1363 4
7ff88e5b6000 69 12 1445 4
7ff88e5bb000 103 21 1570 4
7ff88e4fc000 79 15 1665 5
7ff88e4fb000 71 22 1759 6
7ff88e55d000 46 6 1812 7
7ff88e55c000 50 3 1866 7
7ff88e56f000 40 2 1909 7
7ff88e562000 47 2 1958 7
7ff88e33a000 65 7 2031 7
7ff88e339000 62 11 2105 7
7ff88e338000 97 6 2208 7
7ff88e5b9000 36 2 2247 7
7ff88e565000 55 2 2305 7
7ff88e564000 35 1 2342 7
7ff88e55f000 58 2 2402 7
7ff88e55e000 54 2 2459 7
7ff88e559000 37 1 2500 7
7ff88e55a000 38 1 2540 7
7ff88e55b000 31 1 2573 7
7ff88e56b000 30 1 2605 7
7ff88e56a000 32 1 2638 7
7ff88e566000 64 3 2705 7
7ff88e567000 29 1 2736 7
7ff88e569000 34 0 2770 7
7ff88e568000 36 1 2808 7
7ff88e4fe000 73 2 2885 7
7ff88e5b4000 67 3 2956 7
7ff88e4fd000 56 3 3015 7
7ff88e5b3000 46 1 3062 7
7ff88e5a9000 73 5 3142 7
7ff88e5a4000 70 5 3218 7
7ff88e4ff000 87 4 3309 7
7ff88e5d3000 47 2 3360 7
7ff88e5d2000 43 1 3405 7
7ff88e501000 60 2 3468 7
7ff88e500000 47 2 3518 7
7ff88e560000 62 2 3583 7
7ff88e561000 82 3 3669 7
7ff88e5ab000 57 3 3730 7
7ff88e5af000 52 2 3785 7
7ff88e5ad000 62 2 3850 8
3879 8
0x469000
469000 30 16 46 1
468000 30 19 96 1
467000 37 17 151 1
466000 35 16 203 1
417000 34 16 254 2
413000 16 15 286 2
414000 21 15 322 2
418000 38 19 379 2
415000 22 14 416 2
46d000 157 39 613 2
46c000 111 30 754 2
7ff88e5ba000 70 32 856 2
7ff88e5b8000 109 36 1002 2
7ff88e335000 81 53 1137 4
7ff88e4fa000 18 6 1162 4
7ff88e5b7000 79 18 1260 4
7ff88e5b6000 69 12 1342 4
7ff88e5bb000 103 20 1466 4
7ff88e4fc000 78 15 1560 5
7ff88e4fb000 70 23 1654 6
7ff88e55d000 46 6 1706 7
7ff88e55c000 49 4 1760 7
7ff88e56f000 39 2 1802 7
7ff88e562000 46 3 1851 7
7ff88e33a000 64 7 1923 7
7ff88e339000 61 11 1996 7
7ff88e338000 95 6 2098 7
7ff88e5b9000 36 2 2137 7
7ff88e565000 54 2 2195 7
7ff88e564000 34 1 2231 7
7ff88e55f000 57 2 2291 7
7ff88e55e000 54 2 2348 7
7ff88e559000 36 2 2389 7
7ff88e55a000 38 1 2429 7
7ff88e55b000 31 1 2462 7
7ff88e56b000 30 0 2493 7
7ff88e56a000 31 1 2526 7
7ff88e566000 63 2 2592 7
7ff88e567000 29 1 2623 7
7ff88e569000 32 1 2657 7
7ff88e568000 36 0 2694 7
7ff88e4fe000 72 2 2771 7
7ff88e5b4000 67 2 2841 7
7ff88e4fd000 56 3 2900 7
7ff88e5b3000 45 2 2947 7
7ff88e5a9000 73 5 3026 7
7ff88e5a4000 69 5 3101 7
7ff88e4ff000 85 4 3191 7
7ff88e5d3000 47 1 3241 7
7ff88e5d2000 43 1 3287 7
7ff88e501000 59 2 3349 7
7ff88e500000 47 2 3399 7
7ff88e560000 61 2 3463 7
7ff88e561000 82 2 3548 7
7ff88e5ab000 56 3 3609 7
7ff88e5af000 52 2 3664 7
7ff88e5ad000 62 1 3728 8
3755 8
0x468000
468000 30 19 50 1
467000 37 17 105 1
466000 35 17 158 1
417000 34 16 208 2
413000 17 14 240 2
414000 21 14 276 2
418000 38 19 334 2
415000 21 15 371 2
46d000 156 39 567 2
46c000 111 30 708 2
7ff88e5ba000 69 32 810 2
7ff88e5b8000 109 36 956 2
7ff88e335000 82 53 1092 4
7ff88e4fa000 17 7 1117 4
7ff88e5b7000 79 19 1216 4
7ff88e5b6000 69 12 1297 4
7ff88e5bb000 102 21 1421 4
7ff88e4fc000 77 15 1514 5
7ff88e4fb000 71 22 1608 6
7ff88e55d000 45 6 1660 7
7ff88e55c000 50 3 1714 7
7ff88e56f000 40 1 1756 7
7ff88e562000 46 2 1805 7
7ff88e33a000 65 7 1878 7
7ff88e339000 62 11 1951 7
7ff88e338000 96 6 2053 7
7ff88e5b9000 36 2 2092 7
7ff88e565000 55 2 2150 7
7ff88e564000 34 1 2186 7
7ff88e55f000 57 2 2246 7
7ff88e55e000 54 1 2302 7
7ff88e559000 37 1 2343 7
7ff88e55a000 37 1 2383 7
7ff88e55b000 30 1 2416 7
7ff88e56b000 30 1 2448 7
7ff88e56a000 32 0 2480 7
7ff88e566000 63 3 2547 7
7ff88e567000 29 1 2578 7
7ff88e569000 33 1 2612 7
7ff88e568000 35 1 2649 7
7ff88e4fe000 72 3 2726 7
7ff88e5b4000 66 3 2796 7
7ff88e4fd000 56 2 2854 7
7ff88e5b3000 45 1 2901 7
7ff88e5a9000 72 6 2981 7
7ff88e5a4000 69 5 3056 7
7ff88e4ff000 86 4 3146 7
7ff88e5d3000 47 1 3196 7
7ff88e5d2000 43 2 3242 7
7ff88e501000 59 2 3304 7
7ff88e500000 47 1 3353 7
7ff88e560000 62 1 3417 7
7ff88e561000 82 2 3503 7
7ff88e5ab000 57 3 3564 7
7ff88e5af000 52 2 3619 7
7ff88e5ad000 62 1 3683 8
3709 8
0x467000
467000 36 18 55 0
466000 35 16 107 0
417000 33 17 158 1
413000 17 14 189 1
414000 21 14 225 1
418000 38 19 283 1
415000 22 14 320 1
46d000 158 39 518 1
46c000 111 30 659 1
7ff88e5ba000 70 32 761 2
7ff88e5b8000 109 36 907 2
7ff88e335000 81 53 1042 4
7ff88e4fa000 18 7 1068 4
7ff88e5b7000 79 18 1165 4
7ff88e5b6000 69 12 1247 4
7ff88e5bb000 102 21 1371 4
7ff88e4fc000 78 14 1464 5
7ff88e4fb000 71 22 1558 6
7ff88e55d000 45 6 1610 7
7ff88e55c000 50 3 1664 7
7ff88e56f000 39 2 1706 7
7ff88e562000 46 3 1755 7
7ff88e33a000 65 7 1828 7
7ff88e339000 62 11 1901 7
7ff88e338000 97 6 2004 7
7ff88e5b9000 36 2 2043 7
7ff88e565000 55 2 2102 7
7ff88e564000 34 1 2138 7
7ff88e55f000 58 1 2198 7
7ff88e55e000 55 1 2255 7
7ff88e559000 37 1 2296 7
7ff88e55a000 38 1 2337 7
7ff88e55b000 32 0 2370 7
7ff88e56b000 31 1 2403 7
7ff88e56a000 32 0 2435 7
7ff88e566000 64 2 2502 7
7ff88e567000 29 1 2533 7
7ff88e569000 33 1 2567 7
7ff88e568000 35 1 2604 7
7ff88e4fe000 72 3 2682 7
7ff88e5b4000 67 2 2752 7
7ff88e4fd000 56 3 2811 7
7ff88e5b3000 45 2 2858 7
7ff88e5a9000 73 5 2937 7
7ff88e5a4000 69 5 3012 7
7ff88e4ff000 86 3 3102 7
7ff88e5d3000 47 2 3153 7
7ff88e5d2000 43 1 3198 7
7ff88e501000 59 2 3260 7
7ff88e500000 47 1 3309 7
7ff88e560000 61 2 3373 7
7ff88e561000 83 2 3459 7
7ff88e5ab000 57 3 3520 7
7ff88e5af000 52 1 3574 7
7ff88e5ad000 63 1 3639 8
3664 8
0x466000
466000 35 17 52 0
52 0
0x45b000
45b000 26 17 44 0
415000 22 14 81 0
413000 16 15 113 0
414000 22 14 149 0
45a000 27 16 193 0
458000 44 21 259 0
417000 34 17 310 1
459000 29 16 355 1
416000 22 14 391 1
46c000 112 30 534 1
46d000 158 39 731 1
7ff88e617000 80 37 849 3
7ff88e5b4000 67 17 934 5
7ff88e616000 42 7 984 5
7ff88e604000 60 10 1055 5
7ff88e615000 37 6 1099 5
7ff88e60e000 76 11 1187 6
7ff88e603000 68 8 1264 6
7ff88e60d000 40 5 1309 6
7ff88e32f000 57 7 1374 6
7ff88e32e000 50 4 1428 6
7ff88e32d000 45 3 1477 6
7ff88e4fa000 18 3 1499 6
7ff88e60c000 67 6 1573 6
7ff88e5a9000 73 13 1660 7
7ff88e5a4000 69 5 1735 7
7ff88e5b9000 36 2 1774 7
7ff88e4fc000 78 3 1856 7
7ff88e4fb000 71 7 1935 7
7ff88e55d000 45 3 1984 7
7ff88e55c000 50 3 2038 7
7ff88e56f000 39 2 2081 7
7ff88e562000 47 2 2130 7
7ff88e33a000 65 7 2203 7
7ff88e339000 63 10 2276 7
7ff88e338000 97 6 2380 7
7ff88e565000 55 2 2438 7
7ff88e564000 34 1 2474 7
7ff88e55f000 58 1 2534 7
7ff88e55e000 55 1 2591 7
7ff88e559000 37 1 2632 7
7ff88e55a000 38 1 2673 7
7ff88e55b000 31 1 2706 7
7ff88e56b000 30 1 2738 7
7ff88e56a000 32 0 2770 7
7ff88e566000 64 2 2837 7
7ff88e567000 30 0 2868 7
7ff88e569000 33 1 2903 7
7ff88e568000 36 1 2941 7
7ff88e4fe000 72 3 3018 7
7ff88e4fd000 56 2 3077 7
7ff88e5b3000 45 2 3125 7
7ff88e2a2000 69 3 3198 8
3221 8
0x45a000
45a000 27 17 44 0
458000 43 21 109 0
417000 34 17 160 1
413000 17 15 192 1
459000 28 16 236 1
415000 22 14 273 1
416000 21 15 310 1
46c000 111 30 451 1
46d000 157 39 647 1
7ff88e617000 80 37 764 3
7ff88e5b4000 67 17 849 5
7ff88e616000 42 8 899 5
7ff88e604000 59 10 969 5
7ff88e615000 36 6 1012 5
7ff88e60e000 76 10 1099 6
7ff88e603000 68 8 1176 6
7ff88e60d000 40 5 1221 6
7ff88e32f000 56 7 1285 6
7ff88e32e000 50 3 1338 6
7ff88e32d000 45 3 1387 6
7ff88e4fa000 18 3 1409 6
7ff88e60c000 66 6 1482 6
7ff88e5a9000 72 12 1568 7
7ff88e5a4000 69 5 1643 7
7ff88e5b9000 36 2 1682 7
7ff88e4fc000 77 3 1763 7
7ff88e4fb000 71 7 1842 7
7ff88e55d000 45 3 1891 7
7ff88e55c000 50 3 1945 7
7ff88e56f000 40 1 1987 7
7ff88e562000 47 2 2036 7
7ff88e33a000 64 7 2108 7
7ff88e339000 61 11 2181 7
7ff88e338000 95 6 2283 7
7ff88e565000 55 2 2341 7
7ff88e564000 34 1 2377 7
7ff88e55f000 57 2 2437 7
7ff88e55e000 54 2 2494 7
7ff88e559000 37 1 2534 7
7ff88e55a000 37 1 2574 7
7ff88e55b000 31 1 2608 7
7ff88e56b000 29 1 2639 7
7ff88e56a000 32 1 2672 7
7ff88e566000 64 2 2738 7
7ff88e567000 29 1 2769 7
7ff88e569000 33 1 2803 7
7ff88e568000 36 0 2840 7
7ff88e4fe000 71 3 2917 7
7ff88e4fd000 56 2 2976 7
7ff88e5b3000 45 1 3023 7
7ff88e2a2000 68 3 3096 8
3117 8
0x458000
458000 43 21 64 0
64 0
0x459000
459000 28 16 44 0
458000 43 21 109 0
415000 22 14 145 0
413000 16 15 177 0
416000 21 15 213 0
46c000 111 30 354 0
46d000 157 38 550 0
417000 34 16 601 1
7ff88e617000 79 37 718 3
7ff88e5b4000 67 17 803 5
7ff88e616000 42 7 852 5
7ff88e604000 60 10 923 5
7ff88e615000 37 6 966 5
7ff88e60e000 75 11 1053 6
7ff88e603000 69 7 1129 6
7ff88e60d000 40 5 1175 6
7ff88e32f000 56 7 1239 6
7ff88e32e000 50 3 1292 6
7ff88e32d000 45 3 1341 6
7ff88e4fa000 18 3 1363 6
7ff88e60c000 66 6 1436 6
7ff88e5a9000 73 12 1522 7
7ff88e5a4000 70 5 1598 7
7ff88e5b9000 36 2 1636 7
7ff88e4fc000 77 3 1717 7
7ff88e4fb000 71 7 1796 7
7ff88e55d000 45 3 1845 7
7ff88e55c000 50 3 1899 7
7ff88e56f000 39 2 1941 7
7ff88e562000 46 3 1990 7
7ff88e33a000 64 7 2062 7
7ff88e339000 62 11 2135 7
7ff88e338000 96 6 2237 7
7ff88e565000 55 2 2295 7
7ff88e564000 34 1 2331 7
7ff88e55f000 57 2 2391 7
7ff88e55e000 54 2 2448 7
7ff88e559000 37 1 2488 7
7ff88e55a000 37 1 2528 7
7ff88e55b000 31 0 2561 7
7ff88e56b000 30 1 2593 7
7ff88e56a000 32 0 2625 7
7ff88e566000 63 3 2692 7
7ff88e567000 29 0 2722 7
7ff88e569000 33 1 2757 7
7ff88e568000 35 1 2794 7
7ff88e4fe000 72 3 2871 7
7ff88e4fd000 55 3 2930 7
7ff88e5b3000 45 2 2977 7
7ff88e2a2000 69 3 3050 8
3069 8
0x45c000
45c000 50 22 72 0
7ff88e32f000 56 28 157 1
7ff88e32e000 49 16 223 1
7ff88e32d000 45 16 285 1
414000 22 14 322 1
413000 17 14 354 1
416000 22 14 390 1
415000 21 15 427 1
45b000 27 16 471 1
45a000 27 17 516 1
458000 43 21 581 1
417000 34 17 632 2
459000 28 16 677 2
46c000 111 30 819 2
46d000 158 39 1017 2
7ff88e617000 80 32 1129 3
7ff88e5b4000 68 17 1215 5
7ff88e616000 42 8 1265 5
7ff88e604000 60 10 1336 5
7ff88e615000 37 6 1379 5
7ff88e60e000 76 10 1466 6
7ff88e603000 69 7 1543 6
7ff88e60d000 40 5 1589 6
7ff88e4fa000 18 3 1611 6
7ff88e60c000 67 6 1685 6
7ff88e5a9000 73 12 1771 7
7ff88e5a4000 70 5 1847 7
7ff88e5b9000 37 2 1886 7
7ff88e4fc000 79 2 1967 7
7ff88e4fb000 72 7 2047 7
7ff88e55d000 45 3 2096 7
7ff88e55c000 50 3 2150 7
7ff88e56f000 40 1 2192 7
7ff88e562000 46 3 2242 7
7ff88e33a000 64 7 2314 7
7ff88e339000 62 11 2388 7
7ff88e338000 97 6 2491 7
7ff88e565000 55 2 2549 7
7ff88e564000 34 1 2585 7
7ff88e55f000 58 1 2645 7
7ff88e55e000 55 1 2702 7
7ff88e559000 37 1 2743 7
7ff88e55a000 38 1 2784 7
7ff88e55b000 31 1 2817 7
7ff88e56b000 30 0 2848 7
7ff88e56a000 32 0 2881 7
7ff88e566000 64 2 2948 7
7ff88e567000 29 1 2979 7
7ff88e569000 33 0 3013 7
7ff88e568000 36 1 3051 7
7ff88e4fe000 73 2 3128 7
7ff88e4fd000 56 3 3188 7
7ff88e5b3000 45 2 3235 7
7ff88e2a2000 69 3 3308 8
3332 8
0xffffffff80c66000
0 0
0x46b000
46b000 45 19 64 0
64 0
0x41b000
41b000 59 24 83 0
41a000 32 17 132 0
415000 22 14 169 0
413000 16 15 201 0
419000 55 18 274 0
418000 38 19 331 0
414000 21 15 368 0
46d000 156 39 564 0
46c000 111 30 705 0
417000 34 16 755 1
7ff88e5ba000 70 31 857 2
7ff88e5b8000 110 36 1004 2
7ff88e335000 82 53 1139 4
7ff88e4fa000 18 7 1164 4
7ff88e5b7000 79 18 1262 4
7ff88e5b6000 69 11 1343 4
7ff88e5bb000 103 21 1468 4
7ff88e4fc000 77 15 1561 5
7ff88e4fb000 71 22 1655 6
7ff88e55d000 45 6 1707 7
7ff88e55c000 50 3 1761 7
7ff88e56f000 39 2 1803 7
7ff88e562000 47 2 1852 7
7ff88e33a000 64 7 1924 7
7ff88e339000 62 11 1997 7
7ff88e338000 96 6 2099 7
7ff88e5b9000 37 1 2137 7
7ff88e565000 54 3 2196 7
7ff88e564000 34 1 2232 7
7ff88e55f000 58 1 2291 7
7ff88e55e000 55 1 2348 7
7ff88e559000 37 1 2389 7
7ff88e55a000 38 1 2429 7
7ff88e55b000 31 1 2462 7
7ff88e56b000 29 1 2493 7
7ff88e56a000 32 1 2526 7
7ff88e566000 64 2 2592 7
7ff88e567000 29 1 2623 7
7ff88e569000 33 1 2657 7
7ff88e568000 36 0 2694 7
7ff88e4fe000 72 3 2771 7
7ff88e5b4000 66 3 2841 7
7ff88e4fd000 56 2 2899 7
7ff88e5b3000 45 1 2946 7
7ff88e5a9000 73 5 3026 7
7ff88e5a4000 69 5 3101 7
7ff88e4ff000 86 4 3191 7
7ff88e5d3000 47 1 3241 7
7ff88e5d2000 43 2 3287 7
7ff88e501000 59 2 3349 7
7ff88e500000 47 1 3398 7
7ff88e560000 61 2 3462 7
7ff88e561000 82 2 3548 7
7ff88e5ab000 57 3 3609 7
7ff88e5af000 52 1 3663 7
7ff88e5ad000 63 1 3728 8
3755 8
0x41c000
41c000 36 16 53 0
415000 22 14 90 0
413000 17 14 122 0
7ff88e4fc000 78 31 231 2
7ff88e4fb000 70 45 347 4
7ff88e55d000 45 14 407 5
7ff88e55c000 49 12 469 5
7ff88e56f000 40 7 517 5
7ff88e562000 46 10 573 5
7ff88e33a000 64 22 660 6
7ff88e339000 62 22 744 6
7ff88e338000 95 13 853 6
7ff88e4fa000 17 3 874 6
7ff88e5b9000 36 6 916 6
7ff88e5b8000 110 11 1037 6
7ff88e335000 81 17 1136 6
7ff88e5b7000 79 8 1224 6
7ff88e5b6000 69 5 1299 6
7ff88e5bb000 102 10 1412 6
7ff88e5ba000 70 7 1490 7
7ff88e32f000 56 3 1550 7
7ff88e32e000 49 1 1600 7
7ff88e32d000 45 0 1646 7
7ff88e5a9000 72 5 1725 7
7ff88e5a4000 69 5 1800 7
7ff88e4ff000 86 3 1890 7
7ff88e5b4000 67 2 1960 7
7ff88e5b3000 44 2 2007 7
7ff88e2a2000 68 3 2080 8
2094 8
0x41d000
41d000 47 18 65 0
415000 21 14 101 0
413000 17 14 133 0
414000 21 14 169 0
41c000 36 16 222 0
7ff88e4fc000 78 30 331 2
7ff88e4fb000 71 44 447 4
7ff88e55d000 45 14 507 5
7ff88e55c000 50 12 570 5
7ff88e56f000 40 6 617 5
7ff88e562000 46 10 674 5
7ff88e33a000 64 22 761 6
7ff88e339000 62 22 845 6
7ff88e338000 96 13 954 6
7ff88e4fa000 18 2 974 6
7ff88e5b9000 36 5 1016 6
7ff88e5b8000 110 10 1137 6
7ff88e335000 82 17 1237 6
7ff88e5b7000 79 9 1325 6
7ff88e5b6000 69 5 1400 6
7ff88e5bb000 103 9 1513 6
7ff88e5ba000 70 7 1591 7
7ff88e32f000 57 2 1651 7
7ff88e32e000 50 0 1701 7
7ff88e32d000 45 1 1748 7
7ff88e5a9000 72 5 1826 7
7ff88e5a4000 70 5 1902 7
7ff88e4ff000 86 4 1992 7
7ff88e5b4000 66 3 2062 7
7ff88e5b3000 45 2 2109 7
7ff88e2a2000 69 3 2182 8
2197 8
0x426000
426000 38 19 57 1
417000 34 16 108 2
413000 17 14 140 2
425000 26 19 185 2
423000 35 16 237 2
7ff88e5a9000 73 36 347 6
7ff88e5a4000 70 11 429 6
7ff88e5b9000 36 5 470 6
7ff88e4fc000 78 6 555 6
7ff88e4fb000 71 15 642 6
7ff88e55d000 45 7 695 6
7ff88e55c000 49 8 753 6
7ff88e56f000 40 4 798 6
7ff88e562000 47 5 850 6
7ff88e33a000 64 14 930 7
7ff88e339000 62 11 1003 7
7ff88e338000 96 5 1105 7
7ff88e4fa000 18 1 1125 7
7ff88e565000 55 2 1182 7
7ff88e564000 34 1 1218 7
7ff88e55f000 58 1 1278 7
7ff88e55e000 54 2 1335 7
7ff88e559000 37 1 1375 7
7ff88e55a000 38 1 1416 7
7ff88e55b000 31 1 1449 7
7ff88e56b000 29 1 1480 7
7ff88e56a000 32 1 1513 7
7ff88e566000 63 3 1579 7
7ff88e567000 29 1 1610 7
7ff88e569000 33 1 1644 7
7ff88e568000 35 1 1681 7
7ff88e4fe000 72 3 1758 7
7ff88e5b4000 66 3 1828 7
7ff88e4fd000 56 3 1887 7
7ff88e5b3000 45 2 1934 7
7ff88e2a2000 68 4 2007 8
2022 8
0x44c000
44c000 37 19 57 1
44b000 41 23 122 1
449000 34 18 175 1
7ff88e2c1000 55 58 289 3
415000 22 14 325 3
413000 16 15 357 3
46d000 157 39 553 3
46c000 111 30 695 3
417000 34 15 744 3
414000 21 11 778 3
416000 21 11 810 3
418000 38 13 862 3
7ff88e5ba000 70 22 955 3
7ff88e5b8000 109 32 1097 3
7ff88e335000 81 47 1226 5
7ff88e4fa000 18 6 1250 5
7ff88e5b7000 79 15 1345 5
7ff88e5b6000 69 10 1425 5
7ff88e5bb000 102 18 1546 5
7ff88e4fc000 77 13 1637 6
7ff88e4fb000 70 17 1725 7
7ff88e55d000 45 3 1774 8
1787 8
0x44b000
44b000 41 23 64 0
449000 34 18 117 0
7ff88e2c1000 55 58 231 2
415000 21 15 268 2
413000 17 14 299 2
46d000 157 39 496 2
46c000 111 30 637 2
417000 33 17 688 3
414000 21 15 725 3
416000 21 14 761 3
418000 38 19 819 3
7ff88e5ba000 70 29 919 3
7ff88e5b8000 110 31 1061 3
7ff88e335000 82 47 1191 5
7ff88e4fa000 18 6 1215 5
7ff88e5b7000 79 15 1310 5
7ff88e5b6000 69 10 1390 5
7ff88e5bb000 103 17 1511 5
7ff88e4fc000 78 12 1602 6
7ff88e4fb000 70 17 1690 7
7ff88e55d000 45 4 1740 8
1751 8
0x449000
449000 34 18 53 0
7ff88e2c1000 55 58 167 2
415000 22 14 203 2
413000 16 15 235 2
46d000 158 38 431 2
46c000 111 30 573 2
417000 34 16 623 3
414000 21 14 660 3
416000 21 14 696 3
418000 38 19 754 3
7ff88e5ba000 70 29 854 3
7ff88e5b8000 110 31 996 3
7ff88e335000 82 46 1125 5
7ff88e4fa000 18 6 1150 5
7ff88e5b7000 78 16 1245 5
7ff88e5b6000 69 10 1325 5
7ff88e5bb000 103 17 1446 5
7ff88e4fc000 79 12 1538 6
7ff88e4fb000 71 16 1626 7
7ff88e55d000 46 4 1677 8
1687 8
0x44a000
44a000 20 14 35 0
415000 22 14 72 0
413000 17 14 104 0
417000 35 16 155 1
449000 34 18 208 1
7ff88e2c1000 55 59 323 3
46d000 159 39 521 3
46c000 112 30 663 3
414000 21 15 700 3
416000 21 14 736 3
418000 38 20 795 3
7ff88e5ba000 70 29 895 3
7ff88e5b8000 111 32 1039 3
7ff88e335000 82 47 1169 5
7ff88e4fa000 18 6 1193 5
7ff88e5b7000 80 15 1289 5
7ff88e5b6000 69 10 1369 5
7ff88e5bb000 104 17 1491 5
7ff88e4fc000 78 13 1583 6
7ff88e4fb000 71 17 1672 7
7ff88e55d000 45 4 1722 8
1733 8
0x44d000
44d000 26 16 42 0
415000 21 15 79 0
413000 17 15 111 0
416000 21 15 147 0
44c000 37 19 204 1
44b000 41 24 270 1
449000 34 18 323 1
7ff88e2c1000 55 59 438 3
46d000 158 39 635 3
46c000 112 30 778 3
417000 35 15 828 3
414000 21 11 862 3
418000 39 13 914 3
7ff88e5ba000 71 22 1008 3
7ff88e5b8000 111 31 1151 3
7ff88e335000 82 47 1281 5
7ff88e4fa000 18 7 1306 5
7ff88e5b7000 80 15 1401 5
7ff88e5b6000 69 11 1482 5
7ff88e5bb000 104 17 1603 5
7ff88e4fc000 79 12 1695 6
7ff88e4fb000 71 17 1784 7
7ff88e55d000 45 4 1834 8
1848 8
0x44e000
44e000 25 16 41 0
44d000 25 16 83 0
415000 21 15 120 0
413000 17 14 151 0
416000 21 15 188 0
44c000 38 18 244 1
44b000 42 23 310 1
449000 34 18 363 1
7ff88e2c1000 56 58 477 3
46d000 158 39 674 3
46c000 111 30 815 3
417000 34 16 865 3
414000 22 10 898 3
418000 38 14 951 3
7ff88e5ba000 70 22 1043 3
7ff88e5b8000 109 32 1185 3
7ff88e335000 81 47 1314 5
7ff88e4fa000 18 6 1338 5
7ff88e5b7000 78 16 1433 5
7ff88e5b6000 69 10 1513 5
7ff88e5bb000 102 17 1633 5
7ff88e4fc000 78 13 1725 6
7ff88e4fb000 70 17 1813 7
7ff88e55d000 45 3 1862 8
1877 8
0x44f000
44f000 56 19 76 0
416000 21 15 113 0
413000 17 14 144 0
417000 34 16 195 1
44e000 24 16 236 1
44d000 25 16 278 1
415000 21 15 315 1
44c000 37 18 371 1
44b000 42 23 437 1
449000 34 18 490 1
7ff88e2c1000 55 51 596 3
46d000 157 26 780 3
46c000 110 21 912 3
414000 21 11 945 3
418000 38 13 997 3
7ff88e5ba000 70 22 1090 3
7ff88e5b8000 110 31 1232 3
7ff88e335000 82 46 1361 5
7ff88e4fa000 18 6 1386 5
7ff88e5b7000 79 15 1481 5
7ff88e5b6000 69 10 1561 5
7ff88e5bb000 103 17 1682 5
7ff88e4fc000 78 12 1773 6
7ff88e4fb000 71 16 1861 7
7ff88e55d000 45 4 1911 8
1928 8
0x450000
450000 28 18 46 0
46c000 110 30 187 0
46d000 157 39 384 0
417000 34 16 434 1
413000 17 14 466 1
432000 45 24 535 2
44f000 56 19 610 2
416000 22 14 647 2
44e000 24 16 688 2
44d000 25 16 730 2
415000 21 15 767 2
44c000 37 19 824 2
44b000 41 17 883 2
449000 35 13 932 2
7ff88e2c1000 55 44 1032 3
414000 22 10 1065 3
418000 38 14 1118 3
7ff88e5ba000 69 22 1210 3
7ff88e5b8000 110 31 1352 3
7ff88e335000 81 47 1481 5
7ff88e4fa000 18 7 1506 5
7ff88e5b7000 79 16 1601 5
7ff88e5b6000 69 10 1680 5
7ff88e5bb000 103 17 1801 5
7ff88e4fc000 78 12 1892 6
7ff88e4fb000 71 16 1980 7
7ff88e55d000 45 4 2030 8
2048 8
0x432000
432000 45 23 69 1
69 1
0x451000
451000 26 15 41 0
415000 21 15 78 0
413000 17 14 109 0
450000 28 17 155 0
46c000 111 30 297 0
46d000 157 39 493 0
417000 34 16 544 1
432000 45 23 613 2
44f000 56 20 689 2
416000 21 14 725 2
44e000 25 15 766 2
44d000 26 15 808 2
44c000 38 18 865 2
44b000 42 17 925 2
449000 34 14 974 2
7ff88e2c1000 54 45 1074 3
414000 21 11 1107 3
418000 38 14 1159 3
7ff88e5ba000 70 21 1251 3
7ff88e5b8000 110 32 1394 3
7ff88e335000 81 47 1523 5
7ff88e4fa000 18 6 1547 5
7ff88e5b7000 79 15 1642 5
7ff88e5b6000 69 10 1722 5
7ff88e5bb000 102 17 1842 5
7ff88e4fc000 78 13 1934 6
7ff88e4fb000 71 17 2022 7
7ff88e55d000 45 4 2072 8
2092 8
0x453000
453000 29 16 46 0
7ff88e5a9000 73 49 168 5
7ff88e5a4000 70 17 255 5
7ff88e5b9000 36 9 300 5
7ff88e4fc000 77 11 389 5
7ff88e4fb000 71 22 483 5
7ff88e55d000 45 11 540 5
7ff88e55c000 50 12 603 5
7ff88e56f000 39 7 650 5
7ff88e562000 46 9 706 5
7ff88e33a000 64 21 793 6
7ff88e339000 62 21 877 6
7ff88e338000 96 13 987 6
7ff88e4fa000 18 2 1007 6
7ff88e565000 55 6 1069 6
7ff88e564000 34 3 1107 6
7ff88e55f000 57 5 1170 6
7ff88e55e000 54 4 1229 6
7ff88e559000 37 3 1272 6
7ff88e55a000 38 3 1315 6
7ff88e55b000 31 3 1350 6
7ff88e56b000 30 3 1384 6
7ff88e56a000 32 2 1418 6
7ff88e566000 63 7 1489 6
7ff88e567000 29 2 1521 6
7ff88e569000 33 2 1557 6
7ff88e568000 36 3 1597 6
7ff88e4fe000 72 6 1677 6
7ff88e5b4000 67 6 1751 6
7ff88e4fd000 56 6 1813 6
7ff88e5b3000 45 5 1864 6
7ff88e2a2000 68 8 1941 7
7ff88e3de000 96 6 2044 7
7ff88e3dd000 98 5 2147 7
7ff88e2a0000 119 3 2269 7
7ff88e3ad000 88 5 2363 7
7ff88e3ac000 106 4 2473 7
7ff88e3ab000 68 10 2551 7
7ff88e3a9000 73 4 2628 7
7ff88e39d000 86 16 2730 7
7ff88e39b000 47 4 2781 7
7ff88e2b2000 56 7 2844 7
7ff88e2b1000 72 5 2922 7
7ff88e2b0000 36 3 2962 7
7ff88e2af000 51 3 3017 7
7ff88e2ae000 82 4 3104 7
7ff88e2ad000 34 2 3140 7
7ff88e2a5000 45 3 3188 7
7ff88e2a4000 42 3 3234 7
7ff88e2a3000 60 3 3298 7
7ff88e300000 71 5 3375 8
3387 8
0x452000
452000 23 16 39 0
415000 22 14 75 0
413000 17 14 107 0
418000 38 19 165 0
414000 21 14 201 0
46d000 157 39 398 0
46c000 112 30 540 0
417000 34 16 590 1
7ff88e5ba000 70 32 693 2
7ff88e5b8000 110 35 839 2
7ff88e335000 82 53 975 4
7ff88e4fa000 18 7 1000 4
7ff88e5b7000 79 19 1098 4
7ff88e5b6000 68 12 1179 4
7ff88e5bb000 103 21 1304 4
7ff88e4fc000 77 15 1397 5
7ff88e4fb000 71 22 1491 6
7ff88e55d000 45 6 1543 7
7ff88e55c000 50 3 1597 7
7ff88e56f000 39 2 1639 7
7ff88e562000 46 3 1688 7
7ff88e33a000 64 7 1760 7
7ff88e339000 62 11 1833 7
7ff88e338000 96 6 1935 7
7ff88e5b9000 36 2 1973 7
7ff88e565000 54 3 2032 7
7ff88e564000 34 0 2067 7
7ff88e55f000 58 1 2127 7
7ff88e55e000 55 1 2184 7
7ff88e559000 37 1 2225 7
7ff88e55a000 38 1 2265 7
7ff88e55b000 30 1 2298 7
7ff88e56b000 30 0 2329 7
7ff88e56a000 31 1 2362 7
7ff88e566000 63 2 2428 7
7ff88e567000 29 1 2459 7
7ff88e569000 33 0 2493 7
7ff88e568000 36 1 2531 7
7ff88e4fe000 72 2 2607 7
7ff88e5b4000 66 3 2677 7
7ff88e4fd000 56 2 2735 7
7ff88e5b3000 45 2 2783 7
7ff88e5a9000 73 5 2862 7
7ff88e5a4000 69 5 2937 7
7ff88e4ff000 87 3 3027 7
7ff88e5d3000 47 2 3078 7
7ff88e5d2000 43 1 3123 7
7ff88e501000 60 1 3185 7
7ff88e500000 47 2 3235 7
7ff88e560000 61 2 3299 7
7ff88e561000 82 2 3384 7
7ff88e5ab000 56 4 3446 7
7ff88e5af000 52 2 3500 7
7ff88e5ad000 62 2 3565 8
3589 8
0x427000
427000 44 19 64 0
415000 21 15 101 0
413000 17 14 132 0
46d000 157 39 329 0
46c000 110 30 470 0
417000 34 16 521 1
416000 21 14 557 1
414000 21 14 593 1
426000 38 19 651 2
425000 26 18 696 2
423000 35 17 749 2
7ff88e5a9000 73 37 859 6
7ff88e5a4000 69 11 940 6
7ff88e5b9000 36 5 981 6
7ff88e4fc000 78 6 1066 6
7ff88e4fb000 71 15 1153 6
7ff88e55d000 45 6 1205 6
7ff88e55c000 50 7 1263 6
7ff88e56f000 40 4 1308 6
7ff88e562000 46 6 1361 6
7ff88e33a000 64 14 1440 7
7ff88e339000 62 11 1513 7
7ff88e338000 95 6 1615 7
7ff88e4fa000 18 0 1634 7
7ff88e565000 54 2 1691 7
7ff88e564000 33 1 1727 7
7ff88e55f000 58 1 1787 7
7ff88e55e000 54 2 1844 7
7ff88e559000 37 1 1884 7
7ff88e55a000 37 1 1924 7
7ff88e55b000 31 1 1958 7
7ff88e56b000 29 1 1989 7
7ff88e56a000 32 1 2022 7
7ff88e566000 63 3 2088 7
7ff88e567000 29 1 2119 7
7ff88e569000 33 1 2153 7
7ff88e568000 35 1 2190 7
7ff88e4fe000 72 3 2267 7
7ff88e5b4000 66 2 2336 7
7ff88e4fd000 55 3 2395 7
7ff88e5b3000 45 2 2442 7
7ff88e2a2000 69 3 2515 8
2532 8
0x428000
428000 35 18 53 0
53 0
0x464000
464000 24 16 41 0
413000 17 14 72 0
7ff88e4fc000 77 31 181 2
7ff88e4fb000 71 44 297 4
7ff88e55d000 45 14 357 5
7ff88e55c000 50 12 420 5
7ff88e56f000 39 7 467 5
7ff88e562000 46 9 523 5
7ff88e33a000 65 21 610 6
7ff88e339000 61 22 694 6
7ff88e338000 95 13 803 6
7ff88e4fa000 17 3 824 6
7ff88e5b9000 36 6 866 6
7ff88e5b8000 110 11 987 6
7ff88e335000 82 17 1086 6
7ff88e5b7000 79 8 1174 6
7ff88e5b6000 69 5 1249 6
7ff88e5bb000 103 9 1362 6
7ff88e5ba000 70 7 1440 7
7ff88e32f000 56 3 1500 7
7ff88e32e000 49 1 1550 7
7ff88e32d000 45 0 1596 7
7ff88e5a9000 73 5 1675 7
7ff88e5a4000 70 5 1751 7
7ff88e4ff000 86 4 1841 7
7ff88e5b4000 66 3 1911 7
7ff88e5b3000 45 2 1958 7
7ff88e2a2000 68 4 2031 8
2044 8
0x43a000
43a000 27 15 42 0
43f000 36 19 98 0
415000 22 14 134 0
413000 17 14 166 0
439000 31 16 213 0
417000 34 16 264 1
414000 21 14 300 1
425000 26 18 345 1
423000 35 17 398 1
7ff88e5a9000 72 42 513 6
7ff88e5a4000 70 11 595 6
7ff88e5b9000 36 5 636 6
7ff88e4fc000 78 6 721 6
7ff88e4fb000 70 15 807 6
7ff88e55d000 45 7 860 6
7ff88e55c000 50 7 918 6
7ff88e56f000 40 4 963 6
7ff88e562000 46 6 1016 6
7ff88e33a000 64 14 1095 7
7ff88e339000 62 10 1168 7
7ff88e338000 95 6 1270 7
7ff88e4fa000 18 0 1289 7
7ff88e565000 54 3 1347 7
7ff88e564000 34 0 1382 7
7ff88e55f000 58 1 1442 7
7ff88e55e000 55 1 1499 7
7ff88e559000 37 1 1540 7
7ff88e55a000 38 1 1580 7
7ff88e55b000 31 1 1613 7
7ff88e56b000 29 1 1644 7
7ff88e56a000 31 1 1677 7
7ff88e566000 63 3 1743 7
7ff88e567000 29 1 1774 7
7ff88e569000 33 1 1808 7
7ff88e568000 35 1 1845 7
7ff88e4fe000 72 3 1922 7
7ff88e5b4000 66 3 1992 7
7ff88e4fd000 56 2 2050 7
7ff88e5b3000 45 1 2097 7
7ff88e2a2000 68 3 2170 8
2185 8
0x43f000
43f000 36 19 55 0
55 0
0x439000
439000 30 17 48 0
48 0
0x43b000
43b000 27 16 43 0
415000 21 15 80 0
413000 17 14 112 0
416000 21 14 148 0
417000 34 17 200 1
414000 22 15 238 1
46d000 159 39 437 1
46c000 113 30 580 1
418000 38 20 639 1
7ff88e5ba000 71 32 742 2
7ff88e5b8000 110 36 889 2
7ff88e335000 82 54 1026 4
7ff88e4fa000 18 7 1051 4
7ff88e5b7000 80 18 1149 4
7ff88e5b6000 70 11 1231 4
7ff88e5bb000 104 21 1357 4
7ff88e4fc000 78 15 1451 5
7ff88e4fb000 71 22 1545 6
7ff88e55d000 45 6 1597 7
7ff88e55c000 51 3 1652 7
7ff88e56f000 40 1 1694 7
7ff88e562000 46 3 1744 7
7ff88e33a000 64 7 1816 7
7ff88e339000 62 11 1890 7
7ff88e338000 96 6 1992 7
7ff88e5b9000 36 2 2031 7
7ff88e565000 55 2 2090 7
7ff88e564000 34 1 2126 7
7ff88e55f000 58 2 2186 7
7ff88e55e000 55 1 2243 7
7ff88e559000 37 1 2284 7
7ff88e55a000 38 1 2324 7
7ff88e55b000 31 0 2357 7
7ff88e56b000 30 1 2389 7
7ff88e56a000 32 1 2422 7
7ff88e566000 64 3 2489 7
7ff88e567000 29 0 2519 7
7ff88e569000 33 1 2554 7
7ff88e568000 36 1 2591 7
7ff88e4fe000 72 2 2667 7
7ff88e5b4000 67 2 2737 7
7ff88e4fd000 55 3 2796 7
7ff88e5b3000 45 2 2843 7
7ff88e5a9000 73 5 2922 7
7ff88e5a4000 69 5 2997 7
7ff88e4ff000 86 4 3088 7
7ff88e5d3000 46 2 3138 7
7ff88e5d2000 43 1 3183 7
7ff88e501000 60 1 3245 7
7ff88e500000 48 1 3295 7
7ff88e560000 61 2 3359 7
7ff88e561000 82 3 3445 7
7ff88e5ab000 57 3 3506 7
7ff88e5af000 53 1 3560 7
7ff88e5ad000 62 2 3625 8
3649 8
0x43c000
43c000 18 15 34 0
415000 22 14 70 0
413000 16 15 102 0
46d000 157 39 298 0
46c000 110 30 439 0
417000 33 17 490 1
43b000 27 15 532 1
416000 21 14 568 1
414000 21 15 605 1
418000 38 19 663 1
7ff88e5ba000 70 32 766 2
7ff88e5b8000 109 36 912 2
7ff88e335000 82 53 1047 4
7ff88e4fa000 18 7 1072 4
7ff88e5b7000 79 18 1170 4
7ff88e5b6000 69 11 1251 4
7ff88e5bb000 103 21 1376 4
7ff88e4fc000 78 15 1470 5
7ff88e4fb000 70 22 1563 6
7ff88e55d000 46 6 1616 7
7ff88e55c000 50 3 1670 7
7ff88e56f000 40 1 1712 7
7ff88e562000 46 2 1761 7
7ff88e33a000 65 7 1834 7
7ff88e339000 62 10 1906 7
7ff88e338000 96 6 2009 7
7ff88e5b9000 36 2 2047 7
7ff88e565000 54 2 2105 7
7ff88e564000 34 1 2141 7
7ff88e55f000 57 2 2201 7
7ff88e55e000 54 1 2257 7
7ff88e559000 37 1 2298 7
7ff88e55a000 37 1 2338 7
7ff88e55b000 30 1 2371 7
7ff88e56b000 30 1 2403 7
7ff88e56a000 32 0 2435 7
7ff88e566000 63 2 2501 7
7ff88e567000 29 0 2532 7
7ff88e569000 33 0 2566 7
7ff88e568000 36 1 2604 7
7ff88e4fe000 72 2 2680 7
7ff88e5b4000 67 2 2750 7
7ff88e4fd000 56 3 2809 7
7ff88e5b3000 45 2 2856 7
7ff88e5a9000 73 5 2935 7
7ff88e5a4000 69 5 3010 7
7ff88e4ff000 86 4 3101 7
7ff88e5d3000 47 2 3151 7
7ff88e5d2000 43 1 3196 7
7ff88e501000 60 1 3258 7
7ff88e500000 47 2 3308 7
7ff88e560000 61 2 3372 7
7ff88e561000 82 2 3457 7
7ff88e5ab000 57 4 3519 7
7ff88e5af000 52 2 3573 7
7ff88e5ad000 62 2 3638 8
3664 8
0x43d000
43d000 21 15 37 0
37 0
0x45d000
45d000 35 20 56 1
7ff88e2c1000 55 58 169 3
415000 21 15 206 3
413000 17 14 237 3
416000 21 14 273 3
7ff88e5ab000 57 34 365 3
417000 34 16 415 4
7ff88e5a9000 73 27 515 7
7ff88e5a4000 69 7 592 7
7ff88e5b9000 35 4 632 7
7ff88e4fc000 77 5 715 7
7ff88e4fb000 70 10 796 7
7ff88e55d000 45 5 846 7
7ff88e55c000 49 5 901 7
7ff88e56f000 40 3 945 7
7ff88e562000 47 4 996 7
7ff88e33a000 64 9 1070 8
1077 8
0x45e000
45e000 43 20 63 0
63 0
