0x403000
403000 59 24 84 0
7f66428e3000 68 82 235 2
402000 47 25 307 2
7f66428d1000 53 51 412 2
7f66428d0000 76 79 567 3
7f66428cf000 60 52 679 3
7f66427e5000 117 20 817 3
7f66428ce000 44 17 879 3
7f66428cd000 42 16 938 3
7f6642862000 81 55 1075 5
7f6642861000 83 17 1175 5
7f6642922000 95 16 1287 5
7f6642860000 59 13 1359 5
7f664285f000 78 14 1452 5
7f6642857000 144 18 1614 5
7f664285e000 90 11 1715 5
7f664285d000 66 15 1796 5
7f6642858000 59 19 1875 5
7f6642824000 55 10 1940 5
7f66428f2000 87 15 2043 5
7f66428f1000 104 13 2160 5
7f66428f0000 67 27 2254 5
7f66428ee000 72 10 2337 5
7f66428cc000 51 9 2398 5
7f66428cb000 47 9 2455 5
7f66428ca000 34 8 2498 5
7f66428c9000 45 9 2552 5
7f66428c8000 39 8 2599 5
7f66428c7000 42 9 2651 5
7f6642901000 52 9 2712 5
7f6642850000 59 12 2783 5
7f66428db000 58 21 2863 5
7f66428d7000 77 25 2965 5
7f66428d6000 56 30 3052 5
7f66428d9000 91 18 3162 5
7f66428d8000 60 23 3245 5
7f66428da000 47 15 3308 5
7f6642851000 75 17 3401 5
7f6642854000 99 17 3518 5
7f6642825000 32 10 3561 5
7f664284e000 46 10 3618 5
7f66428a6000 49 10 3677 5
7f66428a5000 55 20 3753 5
7f6642907000 43 12 3809 5
7f6642906000 56 14 3879 5
7f6642905000 47 13 3939 5
7f6642904000 62 12 4013 6
7f6642903000 84 8 4106 6
7f6642902000 54 8 4169 7
7f6642844000 56 4 4230 7
7f6642843000 56 3 4290 7
7f664284a000 82 6 4379 7
7f664287f000 64 10 4453 7
7f664287e000 62 14 4529 7
7f664287d000 95 9 4633 7
7f6642849000 31 4 4668 7
7f6642840000 85 5 4758 7
7f66427f6000 72 5 4835 7
7f66427f5000 36 4 4876 8
4879 8
0x402000
402000 46 26 72 1
72 1
0x40f000
40f000 93 22 115 0
115 0
0x406000
406000 41 28 69 1
7f66428db000 59 42 171 3
7f66428d7000 77 39 287 3
7f66428d6000 56 47 391 3
7f66428d1000 53 34 478 3
7f66428d0000 76 51 605 4
7f66428cf000 60 28 694 4
7f66427e5000 117 11 823 4
7f66428ce000 44 10 878 4
7f66428cd000 42 9 929 4
7f6642862000 81 33 1044 5
7f6642861000 82 17 1144 5
7f6642922000 96 15 1256 5
7f6642860000 58 14 1329 5
7f664285f000 79 13 1421 5
7f6642857000 143 18 1583 5
7f664285e000 90 11 1684 5
7f664285d000 65 16 1766 5
7f6642858000 59 19 1844 5
7f6642824000 55 10 1909 5
7f66428f2000 87 14 2011 5
7f66428f1000 104 13 2128 5
7f66428f0000 68 27 2223 5
7f66428ee000 73 10 2306 5
7f66428cc000 52 9 2367 5
7f66428cb000 47 9 2424 5
7f66428ca000 34 8 2467 5
7f66428c9000 45 9 2521 5
7f66428c8000 39 8 2568 5
7f66428c7000 42 9 2620 5
7f6642901000 52 9 2682 5
7f66428e3000 69 35 2786 5
7f6642850000 59 12 2857 5
7f664284f000 47 15 2920 5
7f6642856000 80 18 3018 6
7f66428c5000 55 11 3084 6
7f6642849000 30 7 3122 6
7f6642855000 105 11 3239 6
7f6642839000 70 8 3318 6
7f664284e000 46 7 3371 6
7f66428ff000 67 13 3451 6
7f66428fe000 44 6 3502 6
7f66428fd000 38 6 3547 6
7f66428fc000 46 5 3599 6
7f6642907000 44 7 3651 6
7f6642906000 57 9 3717 6
7f6642905000 48 7 3772 6
7f6642904000 62 8 3843 7
7f6642903000 83 4 3931 7
7f6642902000 55 4 3991 8
3994 8
0x404000
404000 26 15 42 0
402000 47 25 115 1
7f6642874000 56 27 198 1
7f6642873000 49 16 264 1
7f6642872000 44 16 325 1
7f66428db000 58 49 433 3
7f66428d7000 77 40 550 3
7f66428d6000 56 47 653 3
7f66428d1000 53 34 741 3
7f66428d0000 76 51 868 4
7f66428cf000 60 28 957 4
7f66427e5000 118 10 1085 4
7f66428ce000 44 10 1140 4
7f66428cd000 42 9 1191 4
7f6642862000 81 33 1306 5
7f6642861000 82 17 1406 5
7f6642922000 96 15 1518 5
7f6642860000 59 13 1590 5
7f664285f000 78 14 1683 5
7f6642857000 143 18 1845 5
7f664285e000 90 11 1946 5
7f664285d000 66 16 2028 5
7f6642858000 59 19 2106 5
7f6642824000 55 10 2171 5
7f66428f2000 87 15 2273 5
7f66428f1000 104 13 2390 5
7f66428f0000 67 27 2484 5
7f66428ee000 72 11 2568 5
7f66428cc000 51 9 2628 5
7f66428cb000 47 9 2684 5
7f66428ca000 34 8 2727 5
7f66428c9000 45 9 2781 5
7f66428c8000 38 8 2827 5
7f66428c7000 42 9 2879 5
7f6642901000 51 9 2940 5
7f66428e3000 68 35 3043 5
7f6642850000 59 12 3114 5
7f664284f000 46 15 3176 5
7f6642856000 80 17 3273 6
7f66428c5000 55 11 3339 6
7f6642849000 30 7 3377 6
7f6642855000 104 11 3493 6
7f6642839000 70 7 3571 6
7f664284e000 46 6 3623 6
7f66428ff000 66 13 3703 6
7f66428fe000 43 7 3754 6
7f66428fd000 39 6 3799 6
7f66428fc000 47 5 3851 6
7f6642907000 44 7 3902 6
7f6642906000 56 9 3968 6
7f6642905000 48 8 4024 6
7f6642904000 62 9 4095 7
7f6642903000 84 4 4183 7
7f6642902000 55 4 4243 8
4246 8
0x408000
408000 53 21 75 0
402000 47 25 148 1
40f000 92 23 264 1
407000 35 19 318 1
406000 42 28 389 2
7f66428db000 59 36 485 3
7f66428d7000 77 40 603 3
7f66428d6000 57 47 707 3
7f66428d1000 53 34 795 3
7f66428d0000 77 51 923 4
7f66428cf000 61 28 1013 4
7f66427e5000 119 10 1142 4
7f66428ce000 44 10 1197 4
7f66428cd000 42 9 1249 4
7f6642862000 82 33 1365 5
7f6642861000 83 17 1465 5
7f6642922000 96 16 1578 5
7f6642860000 59 13 1650 5
7f664285f000 79 14 1744 5
7f6642857000 144 18 1907 5
7f664285e000 91 11 2009 5
7f664285d000 65 16 2091 5
7f6642858000 60 19 2170 5
7f6642824000 55 10 2235 5
7f66428f2000 87 15 2338 5
7f66428f1000 105 13 2456 5
7f66428f0000 68 27 2551 5
7f66428ee000 73 10 2634 5
7f66428cc000 52 8 2695 5
7f66428cb000 47 9 2752 5
7f66428ca000 34 8 2795 5
7f66428c9000 45 9 2849 5
7f66428c8000 39 8 2897 5
7f66428c7000 43 8 2948 5
7f6642901000 52 9 3010 5
7f66428e3000 68 35 3114 5
7f6642850000 59 12 3186 5
7f664284f000 48 14 3248 5
7f6642856000 80 18 3346 6
7f66428c5000 55 11 3412 6
7f6642849000 30 8 3451 6
7f6642855000 106 11 3568 6
7f6642839000 71 7 3646 6
7f664284e000 46 7 3699 6
7f66428ff000 67 13 3779 6
7f66428fe000 43 7 3830 6
7f66428fd000 38 6 3875 6
7f66428fc000 47 5 3927 6
7f6642907000 44 8 3979 6
7f6642906000 57 8 4044 6
7f6642905000 47 8 4100 6
7f6642904000 62 8 4171 7
7f6642903000 84 4 4259 7
7f6642902000 55 3 4318 8
4324 8
0x407000
407000 35 19 54 1
406000 41 28 124 2
7f66428db000 59 36 220 3
7f66428d7000 77 39 336 3
7f66428d6000 56 47 440 3
7f66428d1000 54 33 527 3
7f66428d0000 75 52 655 4
7f66428cf000 61 28 744 4
7f66427e5000 117 11 872 4
7f66428ce000 44 10 927 4
7f66428cd000 42 9 978 4
7f6642862000 81 33 1093 5
7f6642861000 83 17 1193 5
7f6642922000 96 16 1305 5
7f6642860000 59 13 1377 5
7f664285f000 79 14 1470 5
7f6642857000 143 18 1632 5
7f664285e000 90 11 1733 5
7f664285d000 65 15 1814 5
7f6642858000 59 19 1893 5
7f6642824000 55 10 1958 5
7f66428f2000 87 15 2060 5
7f66428f1000 104 13 2177 5
7f66428f0000 68 27 2272 5
7f66428ee000 72 11 2355 5
7f66428cc000 51 8 2414 5
7f66428cb000 47 9 2471 5
7f66428ca000 35 7 2514 5
7f66428c9000 45 9 2568 5
7f66428c8000 39 7 2614 5
7f66428c7000 42 9 2666 5
7f6642901000 52 9 2727 5
7f66428e3000 69 34 2830 5
7f6642850000 59 12 2901 5
7f664284f000 47 14 2963 5
7f6642856000 80 17 3060 6
7f66428c5000 54 11 3126 6
7f6642849000 30 8 3165 6
7f6642855000 105 11 3281 6
7f6642839000 70 7 3358 6
7f664284e000 46 6 3411 6
7f66428ff000 66 13 3491 6
7f66428fe000 43 7 3542 6
7f66428fd000 38 6 3586 6
7f66428fc000 46 5 3638 6
7f6642907000 44 7 3689 6
7f6642906000 55 9 3754 6
7f6642905000 47 8 3810 6
7f6642904000 62 8 3880 7
7f6642903000 85 4 3969 7
7f6642902000 55 3 4028 8
4033 8
0x40e000
40e000 41 22 63 0
40d000 29 19 112 1
402000 46 26 185 2
7f6642862000 81 53 319 3
7f6642861000 82 26 427 4
7f6642922000 96 20 543 4
7f6642860000 59 17 619 4
7f664285f000 79 18 716 4
7f6642857000 143 23 882 5
7f664285e000 90 11 983 5
7f664285d000 66 15 1064 5
7f6642858000 59 19 1143 5
7f66427e5000 117 9 1269 5
7f6642824000 55 10 1334 5
7f66428f2000 87 15 1436 5
7f66428f1000 104 13 1553 5
7f66428f0000 68 27 1648 5
7f66428ee000 72 10 1730 5
7f6642874000 56 11 1798 5
7f6642873000 49 7 1855 5
7f6642872000 44 7 1907 5
7f6642807000 46 15 1969 6
7f66428db000 59 13 2042 6
7f66428d7000 77 17 2136 6
7f66428d6000 56 21 2213 6
7f66428d1000 54 14 2281 6
7f66428d0000 76 22 2379 6
7f66428cf000 61 14 2454 6
7f66428ce000 44 5 2503 6
7f66428cd000 43 4 2550 6
7f66428cc000 51 5 2607 6
7f66428cb000 47 6 2661 6
7f66428ca000 34 4 2700 6
7f66428c9000 44 6 2751 6
7f66428c8000 39 5 2795 6
7f66428c7000 42 6 2843 6
7f6642901000 52 6 2901 6
7f66428e3000 68 23 2992 6
7f6642850000 59 7 3059 6
7f664284f000 47 9 3116 6
7f6642856000 80 11 3207 6
7f66428c5000 54 11 3273 6
7f6642849000 30 7 3311 6
7f6642855000 105 10 3427 6
7f6642839000 70 7 3505 6
7f664284e000 46 7 3558 6
7f66428ff000 67 13 3638 6
7f66428fe000 44 6 3688 6
7f66428fd000 38 6 3733 6
7f66428fc000 46 5 3784 6
7f6642907000 44 7 3836 6
7f6642906000 56 9 3901 6
7f6642905000 47 8 3957 6
7f6642904000 62 8 4027 7
7f6642903000 84 4 4115 7
7f6642902000 55 3 4174 8
4179 8
0x40d000
40d000 29 19 48 1
402000 47 25 121 2
7f6642862000 81 52 255 3
7f6642861000 82 25 363 4
7f6642922000 96 20 480 4
7f6642860000 59 16 555 4
7f664285f000 79 17 652 4
7f6642857000 145 22 820 5
7f664285e000 89 12 922 5
7f664285d000 66 16 1004 5
7f6642858000 59 19 1082 5
7f66427e5000 118 9 1209 5
7f6642824000 54 11 1274 5
7f66428f2000 87 15 1376 5
7f66428f1000 104 13 1493 5
7f66428f0000 67 27 1588 5
7f66428ee000 73 10 1671 5
7f6642874000 56 11 1739 5
7f6642873000 49 7 1796 5
7f6642872000 44 7 1848 5
7f6642807000 46 15 1910 6
7f66428db000 59 13 1983 6
7f66428d7000 76 17 2077 6
7f66428d6000 57 20 2154 6
7f66428d1000 53 15 2222 6
7f66428d0000 76 22 2320 6
7f66428cf000 61 14 2395 6
7f66428ce000 44 5 2444 6
7f66428cd000 43 4 2491 6
7f66428cc000 51 5 2548 6
7f66428cb000 47 6 2602 6
7f66428ca000 34 4 2641 6
7f66428c9000 45 5 2692 6
7f66428c8000 38 5 2736 6
7f66428c7000 42 5 2784 6
7f6642901000 51 6 2842 6
7f66428e3000 69 23 2934 6
7f6642850000 59 7 3001 6
7f664284f000 47 9 3058 6
7f6642856000 80 11 3149 6
7f66428c5000 54 11 3215 6
7f6642849000 30 7 3253 6
7f6642855000 104 11 3369 6
7f6642839000 70 7 3447 6
7f664284e000 46 7 3500 6
7f66428ff000 67 13 3580 6
7f66428fe000 44 6 3630 6
7f66428fd000 38 6 3675 6
7f66428fc000 46 5 3727 6
7f6642907000 44 7 3778 6
7f6642906000 56 9 3844 6
7f6642905000 47 8 3899 6
7f6642904000 61 9 3970 7
7f6642903000 84 4 4058 7
7f6642902000 55 4 4117 8
4120 8
0x40c000
40c000 39 18 57 0
402000 46 26 130 1
40b000 46 29 205 1
40f000 92 22 320 1
7f6642874000 56 27 404 1
7f6642873000 49 15 469 1
7f6642872000 45 15 530 1
7f66428db000 59 49 639 3
7f66428d7000 77 40 756 3
7f66428d6000 56 47 859 3
7f66428d1000 53 33 946 3
7f66428d0000 75 52 1074 4
7f66428cf000 61 28 1163 4
7f66427e5000 117 11 1291 4
7f66428ce000 44 10 1345 4
7f66428cd000 42 9 1397 4
7f6642862000 81 33 1512 5
7f6642861000 83 17 1612 5
7f6642922000 96 16 1725 5
7f6642860000 59 13 1797 5
7f664285f000 79 14 1890 5
7f6642857000 143 18 2052 5
7f664285e000 90 11 2153 5
7f664285d000 66 15 2234 5
7f6642858000 59 18 2312 5
7f6642824000 55 10 2378 5
7f66428f2000 87 15 2480 5
7f66428f1000 104 13 2597 5
7f66428f0000 67 27 2692 5
7f66428ee000 73 10 2775 5
7f66428cc000 52 8 2835 5
7f66428cb000 47 9 2892 5
7f66428ca000 34 7 2934 5
7f66428c9000 45 9 2989 5
7f66428c8000 38 8 3035 5
7f66428c7000 42 9 3087 5
7f6642901000 51 9 3148 5
7f66428e3000 68 35 3252 5
7f6642850000 59 12 3323 5
7f664284f000 47 15 3385 5
7f6642856000 80 17 3482 6
7f66428c5000 54 11 3548 6
7f6642849000 30 7 3586 6
7f6642855000 105 11 3703 6
7f6642839000 70 7 3780 6
7f664284e000 46 6 3833 6
7f66428ff000 66 13 3913 6
7f66428fe000 43 7 3964 6
7f66428fd000 38 6 4009 6
7f66428fc000 46 5 4060 6
7f6642907000 44 7 4112 6
7f6642906000 56 9 4177 6
7f6642905000 47 8 4233 6
7f6642904000 62 8 4303 7
7f6642903000 84 4 4391 7
7f6642902000 55 3 4450 8
4455 8
0x40b000
40b000 45 30 76 0
402000 46 26 149 1
40f000 92 23 264 1
7f6642874000 56 27 347 1
7f6642873000 49 16 413 1
7f6642872000 44 16 474 1
7f66428db000 59 49 583 3
7f66428d7000 77 39 699 3
7f66428d6000 56 47 803 3
7f66428d1000 54 33 890 3
7f66428d0000 76 51 1018 4
7f66428cf000 60 28 1107 4
7f66427e5000 119 11 1237 4
7f66428ce000 45 10 1292 4
7f66428cd000 43 9 1344 4
7f6642862000 81 34 1460 5
7f6642861000 83 17 1560 5
7f6642922000 97 15 1673 5
7f6642860000 59 13 1746 5
7f664285f000 79 14 1840 5
7f6642857000 144 18 2002 5
7f664285e000 90 11 2103 5
7f664285d000 65 16 2185 5
7f6642858000 60 18 2263 5
7f6642824000 54 11 2329 5
7f66428f2000 87 15 2431 5
7f66428f1000 105 12 2548 5
7f66428f0000 67 27 2643 5
7f66428ee000 73 10 2726 5
7f66428cc000 52 8 2786 5
7f66428cb000 47 8 2842 5
7f66428ca000 35 7 2885 5
7f66428c9000 44 9 2939 5
7f66428c8000 39 8 2986 5
7f66428c7000 42 9 3037 5
7f6642901000 51 9 3098 5
7f66428e3000 68 34 3201 5
7f6642850000 59 12 3273 5
7f664284f000 47 15 3335 5
7f6642856000 79 18 3432 6
7f66428c5000 54 12 3498 6
7f6642849000 30 8 3536 6
7f6642855000 105 11 3652 6
7f6642839000 70 7 3729 6
7f664284e000 45 7 3782 6
7f66428ff000 67 13 3862 6
7f66428fe000 44 7 3913 6
7f66428fd000 38 6 3957 6
7f66428fc000 46 5 4009 6
7f6642907000 44 7 4060 6
7f6642906000 57 9 4126 6
7f6642905000 47 8 4181 6
7f6642904000 61 8 4251 7
7f6642903000 84 4 4340 7
7f6642902000 55 4 4399 8
4402 8
0x40a000
40a000 33 20 53 1
7f66428db000 58 49 161 3
7f66428d7000 76 40 278 3
7f66428d6000 57 46 381 3
7f66428d1000 53 34 469 3
7f66428d0000 76 52 597 4
7f66428cf000 60 28 685 4
7f66427e5000 117 11 814 4
7f66428ce000 44 10 868 4
7f66428cd000 42 9 920 4
7f6642862000 81 33 1035 5
7f6642861000 83 17 1135 5
7f6642922000 96 15 1247 5
7f6642860000 58 14 1320 5
7f664285f000 79 14 1413 5
7f6642857000 143 18 1574 5
7f664285e000 89 11 1675 5
7f664285d000 66 16 1758 5
7f6642858000 60 18 1836 5
7f6642824000 54 10 1901 5
7f66428f2000 87 14 2003 5
7f66428f1000 103 13 2120 5
7f66428f0000 67 27 2215 5
7f66428ee000 73 10 2298 5
7f66428cc000 52 8 2358 5
7f66428cb000 47 9 2415 5
7f66428ca000 35 7 2457 5
7f66428c9000 44 9 2511 5
7f66428c8000 39 8 2558 5
7f66428c7000 42 9 2609 5
7f6642901000 51 9 2670 5
7f66428e3000 68 34 2773 5
7f6642850000 59 12 2845 5
7f664284f000 47 14 2906 5
7f6642856000 79 18 3004 6
7f66428c5000 54 12 3070 6
7f6642849000 31 7 3108 6
7f6642855000 105 11 3224 6
7f6642839000 70 8 3302 6
7f664284e000 46 6 3354 6
7f66428ff000 66 13 3434 6
7f66428fe000 43 7 3485 6
7f66428fd000 38 6 3529 6
7f66428fc000 46 5 3581 6
7f6642907000 44 7 3632 6
7f6642906000 55 9 3697 6
7f6642905000 47 8 3753 6
7f6642904000 62 8 3823 7
7f6642903000 84 4 3911 7
7f6642902000 55 3 3970 8
3974 8
0x409000
409000 49 28 78 0
402000 46 26 151 1
7f66428db000 59 48 258 3
7f66428d7000 77 39 375 3
7f66428d6000 57 46 478 3
7f66428d1000 53 34 566 3
7f66428d0000 76 52 694 4
7f66428cf000 61 28 783 4
7f66427e5000 117 11 911 4
7f66428ce000 44 9 965 4
7f66428cd000 42 9 1017 4
7f6642862000 81 33 1132 5
7f6642861000 82 18 1232 5
7f6642922000 96 16 1344 5
7f6642860000 59 13 1416 5
7f664285f000 79 14 1509 5
7f6642857000 143 18 1670 5
7f664285e000 89 12 1772 5
7f664285d000 66 15 1853 5
7f6642858000 59 19 1932 5
7f6642824000 55 10 1997 5
7f66428f2000 87 15 2099 5
7f66428f1000 104 13 2216 5
7f66428f0000 68 26 2310 5
7f66428ee000 72 10 2393 5
7f66428cc000 51 8 2453 5
7f66428cb000 47 9 2510 5
7f66428ca000 34 7 2552 5
7f66428c9000 44 9 2606 5
7f66428c8000 38 8 2653 5
7f66428c7000 41 9 2704 5
7f6642901000 51 9 2765 5
7f66428e3000 68 34 2868 5
7f6642850000 59 12 2940 5
7f664284f000 47 15 3002 5
7f6642856000 79 18 3099 6
7f66428c5000 54 12 3165 6
7f6642849000 30 8 3203 6
7f6642855000 105 11 3319 6
7f6642839000 70 7 3396 6
7f664284e000 46 6 3449 6
7f66428ff000 66 13 3529 6
7f66428fe000 44 6 3579 6
7f66428fd000 38 6 3624 6
7f66428fc000 47 5 3676 6
7f6642907000 44 7 3727 6
7f6642906000 56 9 3792 6
7f6642905000 47 8 3848 6
7f6642904000 62 8 3918 7
7f6642903000 84 4 4006 7
7f6642902000 55 3 4065 8
4068 8
0x405000
405000 37 20 58 0
7f66428db000 59 49 166 3
7f66428d7000 76 39 282 3
7f66428d6000 56 47 386 3
7f66428d1000 54 34 474 3
7f66428d0000 76 51 601 4
7f66428cf000 60 28 690 4
7f66427e5000 118 11 819 4
7f66428ce000 44 10 873 4
7f66428cd000 42 9 925 4
7f6642862000 81 33 1040 5
7f6642861000 82 18 1140 5
7f6642922000 96 16 1252 5
7f6642860000 59 13 1324 5
7f664285f000 79 14 1417 5
7f6642857000 144 18 1579 5
7f664285e000 90 11 1680 5
7f664285d000 65 16 1762 5
7f6642858000 60 18 1840 5
7f6642824000 54 11 1906 5
7f66428f2000 87 14 2007 5
7f66428f1000 104 13 2125 5
7f66428f0000 67 27 2219 5
7f66428ee000 72 10 2302 5
7f66428cc000 52 8 2362 5
7f66428cb000 47 9 2419 5
7f66428ca000 34 7 2461 5
7f66428c9000 44 9 2515 5
7f66428c8000 39 8 2562 5
7f66428c7000 42 9 2613 5
7f6642901000 51 9 2674 5
7f66428e3000 68 34 2777 5
7f6642850000 59 12 2849 5
7f664284f000 47 15 2911 5
7f6642856000 79 18 3008 6
7f66428c5000 55 11 3074 6
7f6642849000 31 7 3112 6
7f6642855000 105 11 3229 6
7f6642839000 70 7 3306 6
7f664284e000 46 6 3359 6
7f66428ff000 67 13 3439 6
7f66428fe000 44 7 3490 6
7f66428fd000 38 6 3534 6
7f66428fc000 46 5 3586 6
7f6642907000 44 7 3637 6
7f6642906000 56 9 3703 6
7f6642905000 48 7 3758 6
7f6642904000 61 8 3828 7
7f6642903000 84 4 3917 7
7f6642902000 55 3 3976 8
3980 8
