0x558aeff03000
558aeff03000 82 23 106 0
558aeff98000 1058 159 1324 0
558aeff02000 58 22 1405 0
558aefea9000 56 23 1485 0
558aefda2000 17 16 1519 0
558aeff46000 57 22 1599 0
558aeff45000 53 22 1676 0
558aeff95000 1053 168 2898 0
558aeff97000 1055 165 4119 0
558aeff61000 59 25 4204 1
7f3bac369000 46 19 4270 1
7f3bac368000 40 21 4332 1
7f3bac365000 54 27 4414 2
7f3bac362000 53 27 4495 2
7f3bac3f1000 101 43 4639 2
7f3bac3f0000 102 39 4780 2
7f3bac2b3000 124 20 4924 2
7f3bac3c0000 92 29 5046 3
7f3bac3bf000 111 22 5179 3
7f3bac3be000 70 45 5295 3
7f3bac3bc000 76 18 5389 3
7f3bac2c4000 76 23 5489 4
7f3bac2c3000 37 15 5542 5
7f3bac2c2000 54 9 5605 5
7f3bac2c1000 86 13 5705 5
7f3bac2c0000 34 8 5748 5
7f3bac2b8000 46 10 5805 5
7f3bac2b7000 43 12 5861 5
7f3bac2b6000 64 9 5934 5
7f3bac313000 74 16 6025 7
7f3bac320000 87 5 6117 7
7f3bac31f000 79 6 6202 7
7f3bac3a4000 59 11 6272 7
7f3bac39f000 56 7 6336 7
7f3bac39e000 80 12 6429 7
7f3bac39d000 63 7 6500 7
7f3bac39c000 46 3 6550 7
7f3bac39b000 45 2 6597 7
7f3bac330000 85 10 6693 7
7f3bac32f000 87 7 6787 7
7f3bac32e000 62 5 6854 7
7f3bac32d000 84 5 6943 7
7f3bac325000 154 7 7104 7
7f3bac32c000 96 4 7205 7
7f3bac32b000 69 5 7280 7
7f3bac326000 62 7 7350 7
7f3bac2f2000 57 3 7411 7
7f3bac39a000 54 2 7468 7
7f3bac399000 49 3 7522 7
7f3bac398000 36 2 7561 7
7f3bac397000 46 3 7611 7
7f3bac396000 40 2 7654 7
7f3bac395000 44 3 7702 7
7f3bac3cf000 54 3 7760 7
7f3bac3b1000 71 14 7846 7
7f3bac31e000 62 4 7912 7
7f3bac3a9000 61 8 7982 7
7f3bac3a5000 81 9 8073 7
7f3bac3a8000 49 5 8128 7
7f3bac322000 105 7 8241 7
7f3bac3a7000 96 6 8343 7
7f3bac3a6000 63 8 8415 7
7f3bac2f3000 33 3 8452 7
7f3bac31c000 48 4 8505 7
7f3bac374000 50 4 8559 7
7f3bac373000 58 8 8625 7
7f3bac3d5000 46 4 8675 7
7f3bac3d4000 59 5 8739 7
7f3bac3d3000 49 4 8793 7
7f3bac3d2000 64 5 8863 8
8873 8
0x558aeff98000
558aeff98000 1051 158 1209 0
1210 0
0x558aeff02000
558aeff02000 58 22 80 0
558aefea9000 56 23 160 0
558aefda2000 17 16 194 0
558aeff98000 1049 159 1402 0
558aeff46000 57 22 1482 0
558aeff45000 52 23 1559 0
558aeff95000 1053 168 2781 0
558aeff97000 1052 165 3999 0
558aeff61000 59 25 4085 1
7f3bac369000 46 19 4151 1
7f3bac368000 40 21 4213 1
7f3bac365000 54 27 4295 2
7f3bac362000 53 27 4376 2
7f3bac3f1000 101 43 4520 2
7f3bac3f0000 102 39 4661 2
7f3bac2b3000 124 20 4806 2
7f3bac3c0000 92 29 4928 3
7f3bac3bf000 111 22 5062 3
7f3bac3be000 70 45 5178 3
7f3bac3bc000 76 18 5273 3
7f3bac2c4000 76 23 5373 4
7f3bac2c3000 38 14 5426 5
7f3bac2c2000 55 9 5490 5
7f3bac2c1000 86 13 5590 5
7f3bac2c0000 34 8 5633 5
7f3bac2b8000 46 11 5691 5
7f3bac2b7000 43 11 5746 5
7f3bac2b6000 64 9 5820 5
7f3bac313000 75 15 5911 7
7f3bac320000 87 5 6003 7
7f3bac31f000 79 7 6089 7
7f3bac3a4000 59 12 6160 7
7f3bac39f000 56 8 6224 7
7f3bac39e000 80 12 6316 7
7f3bac39d000 63 7 6387 7
7f3bac39c000 47 2 6437 7
7f3bac39b000 44 2 6484 7
7f3bac330000 85 9 6580 7
7f3bac32f000 87 6 6674 7
7f3bac32e000 62 4 6741 7
7f3bac32d000 83 5 6830 7
7f3bac325000 154 7 6992 7
7f3bac32c000 96 4 7092 7
7f3bac32b000 70 5 7167 7
7f3bac326000 62 7 7237 7
7f3bac2f2000 57 4 7298 7
7f3bac39a000 54 3 7355 7
7f3bac399000 50 3 7409 7
7f3bac398000 35 3 7448 7
7f3bac397000 46 3 7498 7
7f3bac396000 40 2 7541 7
7f3bac395000 44 3 7589 7
7f3bac3cf000 54 4 7648 7
7f3bac3b1000 72 13 7733 7
7f3bac31e000 62 4 7800 7
7f3bac3a9000 62 8 7870 7
7f3bac3a5000 82 9 7961 7
7f3bac3a8000 49 6 8017 7
7f3bac322000 105 7 8129 7
7f3bac3a7000 96 7 8232 7
7f3bac3a6000 63 9 8304 7
7f3bac2f3000 32 4 8341 7
7f3bac31c000 48 4 8393 7
7f3bac374000 49 4 8447 7
7f3bac373000 58 7 8513 7
7f3bac3d5000 45 4 8563 7
7f3bac3d4000 59 4 8627 7
7f3bac3d3000 49 5 8682 7
7f3bac3d2000 65 5 8752 8
8760 8
0x558aefea9000
558aefea9000 57 22 79 0
558aefda2000 18 15 113 0
558aeff98000 1048 159 1321 0
558aeff46000 58 22 1402 0
558aeff45000 54 22 1479 0
558aeff95000 1057 168 2705 0
558aeff97000 1057 165 3928 0
558aeff61000 59 25 4013 1
7f3bac369000 46 19 4079 1
7f3bac368000 41 21 4141 1
7f3bac365000 54 27 4223 2
7f3bac362000 53 27 4304 2
7f3bac3f1000 101 43 4448 2
7f3bac3f0000 102 39 4589 2
7f3bac2b3000 124 21 4734 2
7f3bac3c0000 93 29 4856 3
7f3bac3bf000 111 22 4989 3
7f3bac3be000 70 45 5105 3
7f3bac3bc000 76 19 5200 3
7f3bac2c4000 76 23 5299 4
7f3bac2c3000 37 15 5352 5
7f3bac2c2000 54 10 5416 5
7f3bac2c1000 86 13 5515 5
7f3bac2c0000 34 9 5559 5
7f3bac2b8000 46 11 5616 5
7f3bac2b7000 42 12 5671 5
7f3bac2b6000 63 10 5745 5
7f3bac313000 75 15 5835 7
7f3bac320000 87 4 5927 7
7f3bac31f000 78 7 6013 7
7f3bac3a4000 59 11 6083 7
7f3bac39f000 55 8 6147 7
7f3bac39e000 80 12 6239 7
7f3bac39d000 63 8 6311 7
7f3bac39c000 46 3 6360 7
7f3bac39b000 44 3 6407 7
7f3bac330000 85 9 6502 7
7f3bac32f000 88 6 6596 7
7f3bac32e000 62 5 6663 7
7f3bac32d000 84 5 6752 7
7f3bac325000 153 7 6912 7
7f3bac32c000 95 4 7012 7
7f3bac32b000 69 5 7087 7
7f3bac326000 62 7 7157 7
7f3bac2f2000 57 3 7217 7
7f3bac39a000 54 2 7274 7
7f3bac399000 49 3 7327 7
7f3bac398000 35 3 7366 7
7f3bac397000 46 3 7416 7
7f3bac396000 39 3 7459 7
7f3bac395000 44 3 7506 7
7f3bac3cf000 54 3 7564 7
7f3bac3b1000 72 13 7649 7
7f3bac31e000 61 4 7715 7
7f3bac3a9000 62 7 7785 7
7f3bac3a5000 81 9 7876 7
7f3bac3a8000 49 6 7932 7
7f3bac322000 105 6 8043 7
7f3bac3a7000 95 7 8146 7
7f3bac3a6000 63 8 8217 7
7f3bac2f3000 32 4 8254 7
7f3bac31c000 47 4 8306 7
7f3bac374000 50 4 8360 7
7f3bac373000 58 8 8426 7
7f3bac3d5000 46 3 8475 7
7f3bac3d4000 59 5 8540 7
7f3bac3d3000 49 4 8593 7
7f3bac3d2000 64 5 8663 8
8669 8
0x558aefda2000
558aefda2000 18 15 33 0
33 0
0x558aeff46000
558aeff46000 57 23 80 0
558aeff98000 1054 159 1294 0
558aeff45000 53 23 1370 0
558aeff95000 1054 168 2592 0
558aeff97000 1053 165 3811 0
558aeff61000 60 25 3897 1
7f3bac369000 45 19 3962 1
7f3bac368000 41 21 4025 1
7f3bac365000 55 27 4107 2
7f3bac362000 54 26 4188 2
7f3bac3f1000 101 43 4333 2
7f3bac3f0000 102 39 4475 2
7f3bac2b3000 125 21 4621 2
7f3bac3c0000 93 29 4743 3
7f3bac3bf000 111 23 4878 3
7f3bac3be000 71 45 4994 3
7f3bac3bc000 77 18 5089 3
7f3bac2c4000 76 24 5190 4
7f3bac2c3000 38 14 5242 5
7f3bac2c2000 54 10 5307 5
7f3bac2c1000 86 14 5407 5
7f3bac2c0000 34 9 5450 5
7f3bac2b8000 47 10 5507 5
7f3bac2b7000 43 12 5563 5
7f3bac2b6000 64 9 5636 5
7f3bac313000 76 15 5728 7
7f3bac320000 88 4 5820 7
7f3bac31f000 78 7 5906 7
7f3bac3a4000 59 12 5977 7
7f3bac39f000 56 8 6041 7
7f3bac39e000 80 13 6134 7
7f3bac39d000 63 8 6205 7
7f3bac39c000 46 3 6255 7
7f3bac39b000 45 2 6302 7
7f3bac330000 86 9 6398 7
7f3bac32f000 88 6 6492 7
7f3bac32e000 62 4 6559 7
7f3bac32d000 83 5 6648 7
7f3bac325000 154 7 6810 7
7f3bac32c000 96 4 6911 7
7f3bac32b000 70 5 6986 7
7f3bac326000 62 7 7056 7
7f3bac2f2000 58 3 7117 7
7f3bac39a000 54 3 7175 7
7f3bac399000 50 3 7228 7
7f3bac398000 35 3 7267 7
7f3bac397000 47 3 7317 7
7f3bac396000 39 3 7360 7
7f3bac395000 44 3 7408 7
7f3bac3cf000 55 3 7466 7
7f3bac3b1000 72 13 7551 7
7f3bac31e000 62 4 7618 7
7f3bac3a9000 63 7 7688 7
7f3bac3a5000 82 10 7780 7
7f3bac3a8000 50 5 7835 7
7f3bac322000 105 7 7948 7
7f3bac3a7000 97 6 8051 7
7f3bac3a6000 63 9 8124 7
7f3bac2f3000 33 4 8161 7
7f3bac31c000 48 4 8213 7
7f3bac374000 51 3 8267 7
7f3bac373000 58 8 8334 7
7f3bac3d5000 46 4 8384 7
7f3bac3d4000 60 4 8448 7
7f3bac3d3000 49 5 8503 7
7f3bac3d2000 65 5 8573 8
8578 8
0x558aeff45000
558aeff45000 53 23 76 0
558aeff98000 1055 160 1292 0
558aeff95000 1059 168 2519 0
558aeff97000 1058 166 3744 0
558aeff61000 59 26 3830 1
7f3bac369000 46 19 3895 1
7f3bac368000 41 20 3957 1
7f3bac365000 55 27 4040 2
7f3bac362000 54 27 4121 2
7f3bac3f1000 102 43 4266 2
7f3bac3f0000 102 40 4408 2
7f3bac2b3000 125 21 4554 2
7f3bac3c0000 93 29 4676 3
7f3bac3bf000 111 22 4810 3
7f3bac3be000 70 46 4927 3
7f3bac3bc000 76 19 5022 3
7f3bac2c4000 77 23 5122 4
7f3bac2c3000 38 15 5175 5
7f3bac2c2000 54 10 5239 5
7f3bac2c1000 87 13 5339 5
7f3bac2c0000 34 9 5383 5
7f3bac2b8000 46 11 5440 5
7f3bac2b7000 43 11 5495 5
7f3bac2b6000 64 9 5569 5
7f3bac313000 75 16 5661 7
7f3bac320000 88 4 5753 7
7f3bac31f000 79 7 5840 7
7f3bac3a4000 59 11 5910 7
7f3bac39f000 56 8 5975 7
7f3bac39e000 81 12 6068 7
7f3bac39d000 63 7 6139 7
7f3bac39c000 46 3 6189 7
7f3bac39b000 45 2 6236 7
7f3bac330000 85 9 6331 7
7f3bac32f000 87 6 6425 7
7f3bac32e000 61 5 6492 7
7f3bac32d000 84 5 6581 7
7f3bac325000 154 7 6742 7
7f3bac32c000 96 4 6842 7
7f3bac32b000 69 6 6917 7
7f3bac326000 62 7 6986 7
7f3bac2f2000 57 3 7046 7
7f3bac39a000 54 3 7104 7
7f3bac399000 50 3 7157 7
7f3bac398000 35 2 7195 7
7f3bac397000 46 4 7246 7
7f3bac396000 40 2 7288 7
7f3bac395000 44 3 7336 7
7f3bac3cf000 54 3 7394 7
7f3bac3b1000 72 13 7479 7
7f3bac31e000 62 4 7545 7
7f3bac3a9000 62 7 7615 7
7f3bac3a5000 81 9 7706 7
7f3bac3a8000 49 6 7762 7
7f3bac322000 105 6 7873 7
7f3bac3a7000 96 6 7976 7
7f3bac3a6000 63 9 8048 7
7f3bac2f3000 32 4 8085 7
7f3bac31c000 48 4 8137 7
7f3bac374000 50 4 8191 7
7f3bac373000 58 8 8257 7
7f3bac3d5000 46 3 8306 7
7f3bac3d4000 59 4 8370 7
7f3bac3d3000 49 4 8424 7
7f3bac3d2000 64 5 8494 8
8498 8
0x558aeff95000
558aeff95000 1058 168 1227 0
1228 0
0x558aeff97000
558aeff97000 1060 165 1225 0
558aeff61000 59 25 1310 1
558aeff98000 1047 159 2517 1
7f3bac369000 45 19 2582 1
7f3bac368000 40 21 2644 1
7f3bac365000 54 27 2726 2
7f3bac362000 54 27 2807 2
7f3bac3f1000 100 43 2950 2
7f3bac3f0000 101 39 3091 2
7f3bac2b3000 124 21 3236 2
7f3bac3c0000 92 29 3357 3
7f3bac3bf000 111 22 3490 3
7f3bac3be000 70 46 3606 3
7f3bac3bc000 76 18 3700 3
7f3bac2c4000 76 24 3800 4
7f3bac2c3000 38 14 3852 5
7f3bac2c2000 54 10 3916 5
7f3bac2c1000 86 13 4015 5
7f3bac2c0000 34 8 4058 5
7f3bac2b8000 46 10 4115 5
7f3bac2b7000 43 11 4170 5
7f3bac2b6000 63 10 4244 5
7f3bac313000 75 15 4334 7
7f3bac320000 87 5 4426 7
7f3bac31f000 79 6 4511 7
7f3bac3a4000 59 11 4582 7
7f3bac39f000 56 8 4646 7
7f3bac39e000 80 12 4738 7
7f3bac39d000 63 7 4809 7
7f3bac39c000 46 3 4859 7
7f3bac39b000 45 2 4906 7
7f3bac330000 85 9 5001 7
7f3bac32f000 87 6 5095 7
7f3bac32e000 61 5 5162 7
7f3bac32d000 84 5 5251 7
7f3bac325000 153 7 5411 7
7f3bac32c000 95 4 5511 7
7f3bac32b000 69 6 5586 7
7f3bac326000 62 7 5655 7
7f3bac2f2000 57 4 5716 7
7f3bac39a000 54 3 5773 7
7f3bac399000 49 3 5826 7
7f3bac398000 35 3 5865 7
7f3bac397000 47 3 5915 7
7f3bac396000 40 3 5958 7
7f3bac395000 44 3 6005 7
7f3bac3cf000 54 3 6063 7
7f3bac3b1000 71 13 6148 7
7f3bac31e000 61 5 6215 7
7f3bac3a9000 62 7 6284 7
7f3bac3a5000 81 9 6375 7
7f3bac3a8000 49 6 6431 7
7f3bac322000 105 6 6542 7
7f3bac3a7000 95 7 6645 7
7f3bac3a6000 63 9 6717 7
7f3bac2f3000 33 4 6754 7
7f3bac31c000 48 4 6806 7
7f3bac374000 50 4 6860 7
7f3bac373000 58 7 6925 7
7f3bac3d5000 46 3 6975 7
7f3bac3d4000 59 5 7040 7
7f3bac3d3000 49 5 7094 7
7f3bac3d2000 65 4 7163 8
7166 8
0x558aeff61000
558aeff61000 59 25 85 1
558aeff98000 1047 158 1291 1
7f3bac369000 45 19 1356 1
7f3bac368000 40 21 1418 1
7f3bac365000 54 27 1500 2
7f3bac362000 54 27 1581 2
7f3bac3f1000 100 43 1724 2
7f3bac3f0000 102 38 1865 2
7f3bac2b3000 124 20 2010 2
7f3bac3c0000 92 29 2132 3
7f3bac3bf000 110 23 2265 3
7f3bac3be000 70 45 2380 3
7f3bac3bc000 76 18 2475 3
7f3bac2c4000 77 23 2575 4
7f3bac2c3000 38 14 2627 5
7f3bac2c2000 54 9 2691 5
7f3bac2c1000 86 13 2791 5
7f3bac2c0000 34 9 2834 5
7f3bac2b8000 47 10 2891 5
7f3bac2b7000 43 11 2946 5
7f3bac2b6000 63 10 3020 5
7f3bac313000 75 15 3110 7
7f3bac320000 87 4 3202 7
7f3bac31f000 78 7 3288 7
7f3bac3a4000 59 11 3358 7
7f3bac39f000 56 8 3423 7
7f3bac39e000 80 12 3515 7
7f3bac39d000 63 8 3586 7
7f3bac39c000 46 3 3636 7
7f3bac39b000 44 3 3683 7
7f3bac330000 85 9 3778 7
7f3bac32f000 87 6 3872 7
7f3bac32e000 62 4 3939 7
7f3bac32d000 83 5 4028 7
7f3bac325000 154 7 4189 7
7f3bac32c000 95 4 4288 7
7f3bac32b000 69 6 4364 7
7f3bac326000 62 7 4433 7
7f3bac2f2000 56 4 4494 7
7f3bac39a000 54 3 4551 7
7f3bac399000 49 3 4604 7
7f3bac398000 36 2 4643 7
7f3bac397000 46 3 4693 7
7f3bac396000 39 3 4736 7
7f3bac395000 44 3 4784 7
7f3bac3cf000 54 3 4841 7
7f3bac3b1000 72 13 4927 7
7f3bac31e000 62 4 4993 7
7f3bac3a9000 62 7 5063 7
7f3bac3a5000 81 9 5154 7
7f3bac3a8000 50 5 5210 7
7f3bac322000 104 7 5322 7
7f3bac3a7000 96 6 5424 7
7f3bac3a6000 63 8 5496 7
7f3bac2f3000 33 3 5533 7
7f3bac31c000 48 3 5585 7
7f3bac374000 50 3 5639 7
7f3bac373000 58 7 5705 7
7f3bac3d5000 45 4 5755 7
7f3bac3d4000 59 5 5820 7
7f3bac3d3000 50 4 5874 7
7f3bac3d2000 65 4 5943 8
5947 8
0x558aefda3000
558aefda3000 21 16 38 0
558aefda2000 18 15 71 0
71 0
0x558aefdaa000
558aefdaa000 61 25 86 0
7f3bac32b000 69 39 195 2
558aefda2000 18 15 228 2
558aeff95000 1052 168 1449 2
558aeff97000 1055 166 2671 2
558aeff61000 60 20 2752 3
558aeff98000 1061 111 3925 3
7f3bac369000 46 13 3985 3
7f3bac368000 40 15 4041 3
7f3bac365000 54 19 4115 3
7f3bac362000 54 18 4187 3
7f3bac3f1000 101 29 4317 3
7f3bac3f0000 102 26 4445 3
7f3bac2b3000 124 15 4585 3
7f3bac3c0000 93 24 4702 4
7f3bac3bf000 110 19 4831 4
7f3bac3be000 71 36 4938 4
7f3bac3bc000 76 15 5030 4
7f3bac2c4000 76 19 5125 4
7f3bac2c3000 38 14 5177 5
7f3bac2c2000 54 9 5240 5
7f3bac2c1000 86 13 5340 5
7f3bac2c0000 34 8 5383 5
7f3bac2b8000 46 10 5440 5
7f3bac2b7000 43 11 5495 5
7f3bac2b6000 63 10 5569 5
7f3bac313000 75 15 5659 7
7f3bac320000 86 5 5751 7
7f3bac31f000 79 6 5836 7
7f3bac3a4000 59 11 5907 7
7f3bac39f000 56 8 5971 7
7f3bac39e000 80 12 6063 7
7f3bac39d000 63 7 6134 7
7f3bac39c000 46 3 6184 7
7f3bac39b000 44 3 6231 7
7f3bac330000 85 9 6326 7
7f3bac32f000 88 6 6420 7
7f3bac32e000 63 4 6487 7
7f3bac32d000 83 5 6576 7
7f3bac325000 156 7 6739 7
7f3bac32c000 97 4 6840 7
7f3bac326000 63 6 6910 7
7f3bac2f2000 57 4 6972 7
7f3bac39a000 55 2 7029 7
7f3bac399000 50 3 7083 7
7f3bac398000 36 2 7122 7
7f3bac397000 46 4 7173 7
7f3bac396000 40 3 7216 7
7f3bac395000 44 3 7263 7
7f3bac3cf000 54 3 7321 7
7f3bac3b1000 72 13 7407 7
7f3bac31e000 62 4 7474 7
7f3bac3a9000 62 7 7544 7
7f3bac3a5000 81 10 7636 7
7f3bac3a8000 50 6 7692 7
7f3bac322000 106 6 7804 7
7f3bac3a7000 96 7 7908 7
7f3bac3a6000 64 8 7980 7
7f3bac2f3000 33 3 8017 7
7f3bac31c000 48 3 8069 7
7f3bac374000 49 4 8123 7
7f3bac373000 58 7 8189 7
7f3bac3d5000 45 4 8239 7
7f3bac3d4000 59 5 8303 7
7f3bac3d3000 50 4 8357 7
7f3bac3d2000 65 5 8427 8
8431 8
0x558aefedf000
558aefedf000 45 22 67 0
558aeff2d000 69 24 161 0
558aefda2000 17 15 194 0
558aeff93000 1000 153 1348 0
558aeff98000 1051 159 2559 0
558aefddd000 73 27 2660 0
558aefddc000 49 17 2727 0
558aeff95000 1051 168 3947 0
558aefddb000 38 17 4003 0
558aefdda000 29 18 4050 0
7f3bac33b000 78 23 4152 0
558aeff97000 1045 165 5363 0
558aeff61000 60 25 5449 1
7f3bac369000 46 19 5514 1
7f3bac368000 40 21 5576 1
7f3bac365000 54 27 5658 2
7f3bac362000 54 26 5738 2
7f3bac3f1000 100 43 5882 2
7f3bac3f0000 102 38 6023 2
7f3bac2b3000 124 21 6169 2
7f3bac3c0000 93 29 6291 3
7f3bac3bf000 110 22 6423 3
7f3bac3be000 70 45 6539 3
7f3bac3bc000 76 19 6634 3
7f3bac2c4000 76 23 6733 4
7f3bac2c3000 38 14 6786 5
7f3bac2c2000 54 9 6849 5
7f3bac2c1000 85 14 6949 5
7f3bac2c0000 34 9 6992 5
7f3bac2b8000 46 11 7049 5
7f3bac2b7000 43 12 7104 5
7f3bac2b6000 64 9 7177 5
7f3bac313000 75 15 7268 7
7f3bac320000 87 5 7360 7
7f3bac31f000 79 6 7445 7
7f3bac3a4000 58 12 7516 7
7f3bac39f000 56 8 7580 7
7f3bac39e000 80 12 7672 7
7f3bac39d000 63 7 7743 7
7f3bac39c000 46 3 7793 7
7f3bac39b000 44 3 7840 7
7f3bac330000 85 9 7935 7
7f3bac32f000 87 6 8029 7
7f3bac32e000 62 5 8096 7
7f3bac32d000 83 5 8184 7
7f3bac325000 155 7 8347 7
7f3bac32c000 97 4 8448 7
7f3bac32b000 69 6 8523 7
7f3bac326000 62 7 8592 7
7f3bac2f2000 57 4 8653 7
7f3bac39a000 54 3 8710 7
7f3bac399000 49 3 8763 7
7f3bac398000 35 3 8802 7
7f3bac397000 47 3 8852 7
7f3bac396000 40 3 8895 7
7f3bac395000 44 3 8942 7
7f3bac3cf000 54 3 9000 7
7f3bac3b1000 72 13 9085 7
7f3bac31e000 61 5 9152 7
7f3bac3a9000 62 7 9221 7
7f3bac3a5000 81 9 9312 7
7f3bac3a8000 49 6 9368 7
7f3bac322000 106 6 9480 7
7f3bac3a7000 97 6 9583 7
7f3bac3a6000 63 9 9655 7
7f3bac2f3000 33 4 9692 7
7f3bac31c000 48 4 9744 7
7f3bac374000 50 4 9798 7
7f3bac373000 58 8 9864 7
7f3bac3d5000 45 4 9913 7
7f3bac3d4000 59 5 9978 7
7f3bac3d3000 49 5 10032 7
7f3bac3d2000 65 4 10101 8
10110 8
0x558aeff2d000
558aeff2d000 69 24 93 0
558aefda2000 18 15 127 0
558aeff93000 993 153 1273 0
558aeff98000 1050 158 2481 0
558aefddd000 73 27 2582 0
558aefddc000 49 17 2649 0
558aeff95000 1055 169 3874 0
558aefddb000 38 17 3929 0
558aefdda000 28 19 3977 0
7f3bac33b000 77 24 4079 0
558aeff97000 1052 165 5296 0
558aeff61000 59 25 5381 1
7f3bac369000 46 19 5447 1
7f3bac368000 41 21 5509 1
7f3bac365000 54 26 5590 2
7f3bac362000 54 26 5671 2
7f3bac3f1000 101 43 5815 2
7f3bac3f0000 102 38 5956 2
7f3bac2b3000 124 21 6102 2
7f3bac3c0000 93 29 6224 3
7f3bac3bf000 110 22 6356 3
7f3bac3be000 70 45 6472 3
7f3bac3bc000 76 18 6567 3
7f3bac2c4000 77 23 6667 4
7f3bac2c3000 38 14 6719 5
7f3bac2c2000 53 10 6783 5
7f3bac2c1000 86 13 6882 5
7f3bac2c0000 34 8 6925 5
7f3bac2b8000 46 11 6983 5
7f3bac2b7000 43 12 7038 5
7f3bac2b6000 64 9 7111 5
7f3bac313000 76 15 7202 7
7f3bac320000 87 5 7294 7
7f3bac31f000 79 6 7379 7
7f3bac3a4000 58 12 7450 7
7f3bac39f000 56 8 7514 7
7f3bac39e000 80 12 7606 7
7f3bac39d000 63 8 7678 7
7f3bac39c000 46 3 7727 7
7f3bac39b000 45 2 7774 7
7f3bac330000 85 10 7870 7
7f3bac32f000 87 6 7963 7
7f3bac32e000 61 5 8030 7
7f3bac32d000 84 5 8119 7
7f3bac325000 154 7 8280 7
7f3bac32c000 96 4 8380 7
7f3bac32b000 69 6 8455 7
7f3bac326000 62 7 8524 7
7f3bac2f2000 57 4 8585 7
7f3bac39a000 54 3 8642 7
7f3bac399000 49 3 8695 7
7f3bac398000 35 3 8734 7
7f3bac397000 47 3 8784 7
7f3bac396000 40 3 8827 7
7f3bac395000 44 3 8874 7
7f3bac3cf000 54 3 8932 7
7f3bac3b1000 72 14 9018 7
7f3bac31e000 62 4 9084 7
7f3bac3a9000 62 8 9154 7
7f3bac3a5000 81 10 9245 7
7f3bac3a8000 49 6 9300 7
7f3bac322000 105 7 9412 7
7f3bac3a7000 96 6 9514 7
7f3bac3a6000 63 8 9586 7
7f3bac2f3000 32 4 9623 7
7f3bac31c000 48 4 9675 7
7f3bac374000 50 4 9729 7
7f3bac373000 58 7 9794 7
7f3bac3d5000 45 4 9844 7
7f3bac3d4000 59 4 9908 7
7f3bac3d3000 49 4 9962 7
7f3bac3d2000 65 4 10032 8
10040 8
0x558aeff93000
558aeff93000 996 153 1149 0
1149 0
0x558aefddd000
558aefddd000 74 26 100 0
558aefddc000 50 16 167 0
558aeff95000 1050 168 1386 0
558aeff98000 1052 159 2598 0
558aefddb000 37 17 2653 0
558aefdda000 28 19 2701 0
7f3bac33b000 77 24 2803 0
558aefda2000 18 15 2836 0
558aeff97000 1048 165 4049 0
558aeff61000 59 25 4134 1
7f3bac369000 45 19 4199 1
7f3bac368000 41 20 4261 1
7f3bac365000 54 27 4343 2
7f3bac362000 54 27 4424 2
7f3bac3f1000 100 43 4567 2
7f3bac3f0000 101 39 4708 2
7f3bac2b3000 125 20 4853 2
7f3bac3c0000 92 29 4975 3
7f3bac3bf000 111 22 5108 3
7f3bac3be000 71 45 5224 3
7f3bac3bc000 76 18 5319 3
7f3bac2c4000 76 24 5419 4
7f3bac2c3000 38 14 5471 5
7f3bac2c2000 53 10 5535 5
7f3bac2c1000 86 14 5635 5
7f3bac2c0000 34 9 5678 5
7f3bac2b8000 46 11 5735 5
7f3bac2b7000 43 11 5790 5
7f3bac2b6000 63 10 5864 5
7f3bac313000 75 15 5954 7
7f3bac320000 87 4 6046 7
7f3bac31f000 79 6 6132 7
7f3bac3a4000 59 12 6203 7
7f3bac39f000 56 8 6267 7
7f3bac39e000 80 12 6359 7
7f3bac39d000 63 8 6431 7
7f3bac39c000 46 3 6480 7
7f3bac39b000 45 2 6527 7
7f3bac330000 85 10 6623 7
7f3bac32f000 88 6 6717 7
7f3bac32e000 62 5 6784 7
7f3bac32d000 83 5 6872 7
7f3bac325000 154 7 7034 7
7f3bac32c000 96 4 7134 7
7f3bac32b000 69 6 7209 7
7f3bac326000 62 7 7278 7
7f3bac2f2000 57 4 7339 7
7f3bac39a000 54 3 7396 7
7f3bac399000 49 3 7449 7
7f3bac398000 35 3 7488 7
7f3bac397000 47 3 7538 7
7f3bac396000 40 3 7581 7
7f3bac395000 44 3 7628 7
7f3bac3cf000 54 3 7686 7
7f3bac3b1000 72 13 7771 7
7f3bac31e000 62 4 7837 7
7f3bac3a9000 61 8 7907 7
7f3bac3a5000 81 10 7998 7
7f3bac3a8000 50 5 8053 7
7f3bac322000 106 6 8165 7
7f3bac3a7000 96 7 8268 7
7f3bac3a6000 63 8 8339 7
7f3bac2f3000 32 4 8376 7
7f3bac31c000 48 4 8428 7
7f3bac374000 50 3 8481 7
7f3bac373000 58 7 8547 7
7f3bac3d5000 45 4 8597 7
7f3bac3d4000 59 5 8661 7
7f3bac3d3000 50 4 8715 7
7f3bac3d2000 64 4 8784 8
8791 8
0x558aefddc000
558aefddc000 50 16 66 0
558aeff95000 1050 169 1286 0
558aeff98000 1047 159 2492 0
558aefddd000 74 26 2592 0
558aefda2000 17 16 2626 0
7f3bac34c000 65 88 2779 3
7f3bac34b000 101 34 2914 3
558aeff96000 1056 114 4085 3
7f3bac32b000 69 24 4179 4
7ffe40ffb000 34 13 4226 4
558aeff97000 1053 97 5377 4
558aeff61000 59 13 5450 5
7f3bac369000 46 8 5505 5
7f3bac368000 41 9 5555 5
7f3bac365000 54 11 5621 5
7f3bac362000 53 12 5687 5
7f3bac3f1000 101 18 5806 5
7f3bac3f0000 102 16 5924 5
7f3bac2b3000 123 9 6057 5
7f3bac3c0000 92 15 6165 5
7f3bac3bf000 111 14 6290 5
7f3bac3be000 70 28 6388 5
7f3bac3bc000 76 11 6475 5
7f3bac2c4000 76 14 6566 5
7f3bac2c3000 38 10 6614 6
7f3bac2c2000 54 6 6675 6
7f3bac2c1000 86 8 6769 6
7f3bac2c0000 34 5 6809 6
7f3bac2b8000 46 7 6862 6
7f3bac2b7000 42 8 6913 6
7f3bac2b6000 64 6 6983 6
7f3bac313000 75 10 7068 7
7f3bac320000 88 4 7160 7
7f3bac31f000 79 6 7245 7
7f3bac3a4000 58 12 7316 7
7f3bac39f000 56 8 7380 7
7f3bac39e000 80 12 7472 7
7f3bac39d000 63 7 7543 7
7f3bac39c000 46 3 7593 7
7f3bac39b000 44 3 7640 7
7f3bac330000 86 9 7735 7
7f3bac32f000 88 6 7829 7
7f3bac32e000 61 5 7896 7
7f3bac32d000 84 5 7985 7
7f3bac325000 153 7 8145 7
7f3bac32c000 95 4 8245 7
7f3bac326000 62 6 8314 7
7f3bac2f2000 57 3 8375 7
7f3bac39a000 53 3 8432 7
7f3bac399000 49 3 8485 7
7f3bac398000 35 3 8524 7
7f3bac397000 46 3 8574 7
7f3bac396000 40 3 8617 7
7f3bac395000 44 3 8664 7
7f3bac3cf000 54 3 8722 7
7f3bac3b1000 72 13 8807 7
7f3bac31e000 61 5 8874 7
7f3bac3a9000 62 7 8943 7
7f3bac3a5000 82 9 9034 7
7f3bac3a8000 50 5 9089 7
7f3bac322000 105 6 9201 7
7f3bac3a7000 96 7 9304 7
7f3bac3a6000 63 9 9376 7
7f3bac2f3000 33 4 9413 7
7f3bac31c000 48 3 9464 7
7f3bac374000 49 4 9518 7
7f3bac373000 58 7 9584 7
7f3bac3d5000 46 4 9634 7
7f3bac3d4000 59 5 9698 7
7f3bac3d3000 49 5 9752 7
7f3bac3d2000 65 4 9821 8
9825 8
0x558aefddb000
558aefddb000 38 17 55 0
558aefdda000 28 19 103 0
7f3bac33b000 78 23 204 0
558aefda2000 17 16 238 0
558aeff97000 1051 166 1455 0
558aeff61000 60 24 1539 1
558aeff98000 1050 159 2749 1
7f3bac369000 46 19 2814 1
7f3bac368000 41 20 2875 1
7f3bac365000 55 26 2957 2
7f3bac362000 53 27 3038 2
7f3bac3f1000 101 43 3182 2
7f3bac3f0000 102 38 3322 2
7f3bac2b3000 124 21 3468 2
7f3bac3c0000 93 29 3590 3
7f3bac3bf000 110 23 3723 3
7f3bac3be000 70 45 3838 3
7f3bac3bc000 76 18 3933 3
7f3bac2c4000 76 24 4033 4
7f3bac2c3000 38 14 4085 5
7f3bac2c2000 54 9 4148 5
7f3bac2c1000 86 13 4248 5
7f3bac2c0000 34 9 4291 5
7f3bac2b8000 46 11 4348 5
7f3bac2b7000 43 11 4403 5
7f3bac2b6000 63 9 4476 5
7f3bac313000 75 15 4567 7
7f3bac320000 87 5 4659 7
7f3bac31f000 79 6 4744 7
7f3bac3a4000 59 11 4814 7
7f3bac39f000 55 8 4878 7
7f3bac39e000 80 12 4970 7
7f3bac39d000 63 7 5041 7
7f3bac39c000 46 3 5091 7
7f3bac39b000 45 2 5138 7
7f3bac330000 85 9 5233 7
7f3bac32f000 87 6 5327 7
7f3bac32e000 62 4 5394 7
7f3bac32d000 83 5 5483 7
7f3bac325000 154 7 5644 7
7f3bac32c000 96 4 5744 7
7f3bac32b000 69 6 5819 7
7f3bac326000 62 7 5888 7
7f3bac2f2000 57 4 5949 7
7f3bac39a000 55 2 6006 7
7f3bac399000 49 3 6059 7
7f3bac398000 36 2 6098 7
7f3bac397000 46 3 6148 7
7f3bac396000 39 3 6191 7
7f3bac395000 44 3 6238 7
7f3bac3cf000 54 3 6296 7
7f3bac3b1000 71 14 6382 7
7f3bac31e000 62 4 6448 7
7f3bac3a9000 62 7 6517 7
7f3bac3a5000 81 9 6608 7
7f3bac3a8000 49 6 6664 7
7f3bac322000 105 6 6775 7
7f3bac3a7000 95 7 6878 7
7f3bac3a6000 63 9 6950 7
7f3bac2f3000 33 3 6986 7
7f3bac31c000 48 3 7038 7
7f3bac374000 49 4 7092 7
7f3bac373000 58 8 7158 7
7f3bac3d5000 46 3 7207 7
7f3bac3d4000 59 5 7272 7
7f3bac3d3000 49 4 7325 7
7f3bac3d2000 64 5 7395 8
7400 8
0x558aefdda000
558aefdda000 29 18 47 0
7f3bac33b000 77 24 149 0
558aefda2000 17 15 182 0
558aeff97000 1048 165 1396 0
558aeff61000 59 25 1481 1
558aeff98000 1047 158 2687 1
7f3bac369000 46 19 2753 1
7f3bac368000 41 20 2814 1
7f3bac365000 54 27 2896 2
7f3bac362000 54 26 2976 2
7f3bac3f1000 101 43 3121 2
7f3bac3f0000 102 38 3261 2
7f3bac2b3000 124 20 3406 2
7f3bac3c0000 92 29 3528 3
7f3bac3bf000 111 22 3661 3
7f3bac3be000 70 45 3777 3
7f3bac3bc000 76 18 3871 3
7f3bac2c4000 76 23 3971 4
7f3bac2c3000 37 15 4024 5
7f3bac2c2000 54 9 4087 5
7f3bac2c1000 85 14 4187 5
7f3bac2c0000 34 9 4230 5
7f3bac2b8000 46 11 4287 5
7f3bac2b7000 43 11 4341 5
7f3bac2b6000 63 10 4415 5
7f3bac313000 75 15 4505 7
7f3bac320000 86 5 4597 7
7f3bac31f000 79 6 4682 7
7f3bac3a4000 59 11 4753 7
7f3bac39f000 56 8 4817 7
7f3bac39e000 80 12 4909 7
7f3bac39d000 62 8 4980 7
7f3bac39c000 46 3 5030 7
7f3bac39b000 44 3 5077 7
7f3bac330000 86 9 5172 7
7f3bac32f000 88 6 5266 7
7f3bac32e000 62 5 5333 7
7f3bac32d000 83 5 5421 7
7f3bac325000 154 6 5582 7
7f3bac32c000 95 4 5682 7
7f3bac32b000 69 6 5758 7
7f3bac326000 62 7 5827 7
7f3bac2f2000 57 3 5887 7
7f3bac39a000 54 3 5945 7
7f3bac399000 49 3 5998 7
7f3bac398000 35 2 6036 7
7f3bac397000 47 3 6087 7
7f3bac396000 40 3 6130 7
7f3bac395000 44 3 6177 7
7f3bac3cf000 54 3 6235 7
7f3bac3b1000 71 14 6321 7
7f3bac31e000 62 4 6387 7
7f3bac3a9000 62 8 6457 7
7f3bac3a5000 81 10 6548 7
7f3bac3a8000 50 5 6603 7
7f3bac322000 105 7 6715 7
7f3bac3a7000 96 7 6818 7
7f3bac3a6000 63 8 6889 7
7f3bac2f3000 32 4 6926 7
7f3bac31c000 47 4 6978 7
7f3bac374000 50 4 7032 7
7f3bac373000 58 8 7098 7
7f3bac3d5000 46 4 7148 7
7f3bac3d4000 59 5 7212 7
7f3bac3d3000 50 4 7266 7
7f3bac3d2000 65 5 7336 8
7340 8
0x558aeff96000
558aeff96000 1058 169 1227 0
1228 0
0x558aeff94000
558aeff94000 1069 167 1237 1
558aeff45000 53 22 1313 1
558aeff98000 1058 160 2532 1
558aeff95000 1060 168 3760 1
558aeff97000 1049 166 4976 1
558aeff61000 60 25 5061 1
7f3bac369000 46 19 5126 1
7f3bac368000 40 21 5188 1
7f3bac365000 54 27 5270 2
7f3bac362000 54 24 5348 2
7f3bac3f1000 100 35 5484 2
7f3bac3f0000 102 31 5617 2
7f3bac2b3000 124 17 5759 2
7f3bac3c0000 92 29 5881 3
7f3bac3bf000 111 22 6014 3
7f3bac3be000 71 45 6130 3
7f3bac3bc000 76 18 6224 3
7f3bac2c4000 76 23 6324 4
7f3bac2c3000 38 14 6376 5
7f3bac2c2000 53 10 6440 5
7f3bac2c1000 86 13 6539 5
7f3bac2c0000 34 8 6582 5
7f3bac2b8000 46 10 6639 5
7f3bac2b7000 43 12 6695 5
7f3bac2b6000 63 10 6768 5
7f3bac313000 75 15 6858 7
7f3bac320000 87 4 6950 7
7f3bac31f000 78 7 7036 7
7f3bac3a4000 59 11 7106 7
7f3bac39f000 56 8 7170 7
7f3bac39e000 80 12 7262 7
7f3bac39d000 63 8 7334 7
7f3bac39c000 47 2 7383 7
7f3bac39b000 44 2 7430 7
7f3bac330000 85 10 7526 7
7f3bac32f000 88 6 7620 7
7f3bac32e000 63 4 7687 7
7f3bac32d000 83 5 7776 7
7f3bac325000 154 7 7937 7
7f3bac32c000 95 4 8036 7
7f3bac32b000 69 5 8111 7
7f3bac326000 62 7 8181 7
7f3bac2f2000 57 4 8242 7
7f3bac39a000 54 3 8299 7
7f3bac399000 49 3 8352 7
7f3bac398000 35 3 8391 7
7f3bac397000 47 3 8441 7
7f3bac396000 40 2 8483 7
7f3bac395000 44 3 8531 7
7f3bac3cf000 54 3 8589 7
7f3bac3b1000 72 13 8674 7
7f3bac31e000 61 5 8741 7
7f3bac3a9000 62 7 8810 7
7f3bac3a5000 81 9 8901 7
7f3bac3a8000 50 5 8956 7
7f3bac322000 105 6 9068 7
7f3bac3a7000 96 6 9171 7
7f3bac3a6000 62 9 9243 7
7f3bac2f3000 33 4 9280 7
7f3bac31c000 48 4 9332 7
7f3bac374000 50 4 9386 7
7f3bac373000 58 7 9451 7
7f3bac3d5000 45 4 9501 7
7f3bac3d4000 59 4 9565 7
7f3bac3d3000 49 4 9619 7
7f3bac3d2000 65 4 9689 8
9694 8
