0x7f62c755d000
7f62c755d000 79 22 101 0
7f62c755c000 82 34 219 1
7f62c5dbc000 47 23 289 2
7f62c5dbb000 71 22 383 2
7f62c5dc3000 73 24 481 3
7f62c5dc2000 52 11 545 4
7f62c590d000 24 6 577 4
7f62c5901000 20 6 605 4
7f62c5dc1000 78 11 695 4
7f62c5d8d000 40 8 743 4
7f62c5d8c000 37 9 790 4
7f62c5913000 23 6 819 4
7f62c5906000 27 8 855 5
7f62c5907000 25 6 888 5
7f62c590b000 22 5 916 5
7f62c590f000 23 6 946 5
7f62c5d8a000 46 9 1002 5
7f62c5d89000 35 8 1047 5
7f62c5d88000 66 9 1124 5
7f62c5da1000 81 13 1220 6
7f62c5da2000 79 7 1307 6
7f62c6fb5000 149 12 1470 7
7f62c5910000 23 2 1495 7
7f62c5905000 37 3 1536 7
7f62c590c000 21 2 1560 7
7f62c5d8b000 52 4 1617 7
7f62c590e000 41 2 1661 7
7f62c5903000 21 2 1685 7
7f62c5d87000 47 4 1738 7
7f62c5d85000 76 5 1821 7
7f62c5d84000 54 5 1881 7
7f62c5902000 21 2 1906 7
7f62c590a000 21 2 1930 7
7f62c6fdc000 62 13 2006 7
7f62c6fdb000 98 8 2113 7
7f62c5909000 23 2 2139 7
7f62c6fdd000 65 9 2214 7
7f62c5914000 23 2 2239 7
7f62c3cd1000 99 5 2344 7
7f62c3cc1000 16 2 2363 7
7f62c3cc2000 17 2 2382 7
7f62c9ca1000 66 5 2453 7
7f62c9ca0000 47 4 2505 7
7f62c9c9a000 47 3 2555 8
2566 8
0x7f62c755c000
7f62c755c000 82 33 115 1
115 1
0x7f62c7550000
7f62c7550000 20 16 37 0
37 0
0x7f62c755f000
7f62c755f000 54 19 74 0
7f62c5d8c000 36 20 132 1
7f62c7554000 36 18 187 2
7f62c7550000 20 12 220 2
7f62c8a40000 44 22 286 2
7f62c8a70000 35 18 341 2
7f62c7559000 22 11 375 2
7f62c7556000 21 12 409 2
7f62c7557000 21 12 443 2
7f62c7555000 21 12 477 3
7f62c755a000 21 11 510 3
7f62c7551000 22 11 544 3
7f62c89a5000 47 22 614 3
7f62c7553000 21 11 648 3
7f62c5d8b000 52 18 719 4
7f62c5d8a000 46 12 778 4
7f62c590f000 23 9 811 4
7f62c5901000 20 8 840 4
7f62c5d89000 36 11 888 4
7f62c5d88000 67 13 969 4
7f62c5913000 22 8 1001 4
7f62c5906000 27 11 1040 4
7f62c5907000 25 9 1075 4
7f62c5da1000 82 17 1175 5
7f62c5da2000 79 10 1266 5
7f62c6fb5000 149 18 1435 6
7f62c5910000 22 4 1461 6
7f62c5905000 37 5 1505 6
7f62c590c000 21 5 1532 6
7f62c590d000 23 5 1561 6
7f62c5daa000 70 7 1639 6
7f62c5902000 21 4 1666 6
7f62c5911000 22 4 1693 6
7f62c590b000 21 4 1719 6
7f62c5909000 24 4 1748 6
7f62c590a000 21 4 1774 6
7f62c5dbc000 46 7 1828 6
7f62c5dbb000 69 6 1904 6
7f62c5dc3000 72 9 1987 7
7f62c5dc2000 51 3 2042 7
7f62c5dc1000 77 4 2125 7
7f62c5d8d000 40 2 2167 7
7f62c5903000 21 2 2192 7
7f62c5d87000 48 4 2245 7
7f62c5d85000 76 6 2328 7
7f62c5d84000 54 5 2388 7
7f62c6fdc000 62 13 2465 7
7f62c6fdb000 97 8 2571 7
7f62c6fdd000 65 9 2646 7
7f62c5914000 23 2 2671 7
7f62c3cd1000 99 5 2776 7
7f62c3cc1000 16 2 2795 7
7f62c3cc2000 17 2 2814 7
7f62c9ca1000 66 5 2885 7
7f62c9ca0000 47 4 2937 7
7f62c9c9a000 47 3 2987 8
3001 8
0x7f62c7554000
7f62c7554000 36 18 54 1
7f62c7550000 21 15 91 1
91 1
0x7f62c8a40000
7f62c8a40000 43 30 74 0
7f62c8a70000 36 23 134 0
7f62c7559000 22 15 172 0
7f62c7550000 20 15 208 0
7f62c7556000 21 15 245 0
7f62c7557000 22 15 283 0
7f62c7555000 21 15 320 1
7f62c755a000 21 15 358 1
7f62c7551000 22 15 396 1
7f62c89a5000 47 32 476 1
7f62c7553000 21 15 514 1
7f62c5d8b000 52 25 592 2
7f62c5d8a000 45 23 662 2
7f62c590f000 22 16 702 3
7f62c5901000 20 16 739 3
7f62c5d89000 36 19 795 3
7f62c5d88000 66 17 880 3
7f62c5913000 22 11 914 3
7f62c5906000 27 12 954 3
7f62c5907000 25 11 992 3
7f62c5da1000 82 22 1097 5
7f62c5da2000 79 11 1188 5
7f62c6fb5000 150 17 1356 6
7f62c5910000 22 5 1383 6
7f62c5905000 37 5 1426 6
7f62c590c000 21 4 1453 6
7f62c590d000 23 5 1482 6
7f62c5daa000 70 8 1561 6
7f62c5902000 21 4 1587 6
7f62c5911000 22 4 1614 6
7f62c590b000 21 4 1640 6
7f62c5909000 23 4 1669 6
7f62c590a000 21 5 1696 6
7f62c5dbc000 46 6 1749 6
7f62c5dbb000 70 6 1826 6
7f62c5dc3000 73 9 1909 7
7f62c5dc2000 51 3 1964 7
7f62c5dc1000 77 4 2047 7
7f62c5d8d000 40 2 2089 7
7f62c5d8c000 36 3 2130 7
7f62c5903000 21 2 2154 7
7f62c5d87000 48 4 2207 7
7f62c5d85000 76 5 2289 7
7f62c5d84000 54 5 2350 7
7f62c6fdc000 62 13 2427 7
7f62c6fdb000 98 8 2533 7
7f62c6fdd000 64 9 2607 7
7f62c5914000 22 2 2632 7
7f62c3cd1000 99 5 2738 7
7f62c3cc1000 16 2 2757 7
7f62c3cc2000 16 2 2775 7
7f62c9ca1000 66 5 2847 7
7f62c9ca0000 48 3 2898 7
7f62c9c9a000 47 3 2949 8
2962 8
0x7f62c8a70000
7f62c8a70000 36 23 59 0
7f62c7559000 21 15 97 0
7f62c7550000 21 15 134 0
7f62c7556000 21 15 171 0
7f62c7557000 22 15 209 0
7f62c7555000 21 15 246 1
7f62c755a000 21 15 284 1
7f62c7551000 22 15 322 1
7f62c89a5000 47 32 402 1
7f62c7553000 21 15 440 1
7f62c5d8b000 52 25 518 2
7f62c5d8a000 45 23 588 2
7f62c590f000 22 17 629 3
7f62c5901000 19 16 665 3
7f62c5d89000 36 19 721 3
7f62c5d88000 66 17 806 3
7f62c5913000 22 11 840 3
7f62c5906000 27 13 881 3
7f62c5907000 25 11 918 3
7f62c5da1000 81 22 1023 5
7f62c5da2000 79 10 1114 5
7f62c6fb5000 150 17 1282 6
7f62c5910000 22 4 1309 6
7f62c5905000 38 5 1353 6
7f62c590c000 21 4 1379 6
7f62c590d000 23 5 1409 6
7f62c5daa000 70 8 1488 6
7f62c5902000 21 4 1514 6
7f62c5911000 21 4 1541 6
7f62c590b000 21 4 1568 6
7f62c5909000 23 5 1597 6
7f62c590a000 21 4 1623 6
7f62c5dbc000 46 7 1677 6
7f62c5dbb000 69 6 1753 6
7f62c5dc3000 72 9 1836 7
7f62c5dc2000 51 3 1891 7
7f62c5dc1000 77 4 1974 7
7f62c5d8d000 40 2 2016 7
7f62c5d8c000 36 3 2057 7
7f62c5903000 21 2 2081 7
7f62c5d87000 48 4 2134 7
7f62c5d85000 76 5 2216 7
7f62c5d84000 54 5 2277 7
7f62c6fdc000 62 13 2353 7
7f62c6fdb000 98 8 2460 7
7f62c6fdd000 64 9 2534 7
7f62c5914000 22 2 2559 7
7f62c3cd1000 99 5 2665 7
7f62c3cc1000 16 2 2684 7
7f62c3cc2000 16 2 2702 7
7f62c9ca1000 66 5 2774 7
7f62c9ca0000 47 4 2826 7
7f62c9c9a000 47 3 2876 8
2888 8
0x7f62c7559000
7f62c7559000 21 16 37 0
7f62c7550000 20 15 73 0
73 0
0x7f62c7556000
7f62c7556000 21 15 36 0
7f62c7550000 20 16 73 0
73 0
0x7f62c7557000
7f62c7557000 21 15 37 0
7f62c7550000 20 16 74 0
74 0
0x7f62c7555000
7f62c7555000 22 15 37 1
7f62c7550000 20 16 74 1
74 1
0x7f62c755a000
7f62c755a000 21 16 37 0
7f62c7550000 20 15 73 0
73 0
0x7f62c7551000
7f62c7551000 22 15 37 0
7f62c7550000 20 15 73 0
74 0
0x7f62c89a5000
7f62c89a5000 48 31 79 0
7f62c7556000 21 15 117 0
7f62c7550000 20 16 154 0
7f62c7551000 22 15 191 0
7f62c7553000 22 15 229 0
7f62c5d8b000 52 25 307 1
7f62c5d8a000 45 23 377 1
7f62c590f000 22 16 417 2
7f62c5901000 20 16 454 2
7f62c5d89000 36 21 512 2
7f62c5d88000 67 18 598 2
7f62c5913000 22 11 633 2
7f62c5906000 27 13 674 3
7f62c5907000 25 11 712 3
7f62c5da1000 82 22 817 5
7f62c5da2000 79 11 908 5
7f62c6fb5000 151 17 1077 6
7f62c5910000 23 4 1104 6
7f62c5905000 37 6 1148 6
7f62c590c000 21 4 1174 6
7f62c590d000 24 4 1203 6
7f62c5daa000 71 7 1282 6
7f62c5902000 21 4 1309 6
7f62c5911000 22 4 1336 6
7f62c590b000 21 4 1362 6
7f62c5909000 24 4 1391 6
7f62c590a000 21 4 1417 6
7f62c5dbc000 46 6 1471 6
7f62c5dbb000 69 6 1548 6
7f62c5dc3000 73 9 1631 7
7f62c5dc2000 51 3 1686 7
7f62c5dc1000 78 3 1769 7
7f62c5d8d000 40 2 1811 7
7f62c5d8c000 36 3 1852 7
7f62c5903000 21 2 1876 7
7f62c5d87000 48 4 1929 7
7f62c5d85000 77 5 2012 7
7f62c5d84000 54 5 2072 7
7f62c6fdc000 62 13 2149 7
7f62c6fdb000 97 8 2255 7
7f62c6fdd000 65 9 2330 7
7f62c5914000 22 2 2355 7
7f62c3cd1000 100 5 2461 7
7f62c3cc1000 16 2 2480 7
7f62c3cc2000 17 2 2499 7
7f62c9ca1000 66 5 2570 7
7f62c9ca0000 47 4 2622 7
7f62c9c9a000 47 3 2672 8
2683 8
0x7f62c7553000
7f62c7553000 21 16 37 0
7f62c7550000 20 15 73 0
73 0
0x7f62c755b000
7f62c755b000 21 16 38 0
7f62c7550000 20 16 75 0
7f62c755c000 82 33 190 1
190 1
0x7f62c7552000
7f62c7552000 21 15 37 0
7f62c7550000 20 16 74 0
74 0
0x7f62c7558000
7f62c7558000 21 15 37 0
7f62c7550000 20 16 74 0
74 0
0x7f62c8a38000
7f62c8a38000 55 24 79 0
7f62c755b000 22 15 117 0
7f62c7550000 21 15 154 0
7f62c755c000 81 33 269 1
7f62c8a37000 67 23 360 1
7f62c6fb5000 149 43 553 4
7f62c7557000 21 15 590 4
7f62c8a36000 66 26 684 4
7f62c5db4000 52 22 759 4
7f62c590e000 41 10 811 4
7f62c5901000 20 8 840 4
7f62c590b000 21 9 871 4
7f62c5909000 23 9 904 4
7f62c590c000 21 9 936 4
7f62c5d8d000 39 11 987 4
7f62c5d8c000 37 11 1036 4
7f62c5913000 23 8 1067 4
7f62c5906000 27 10 1106 4
7f62c5907000 25 10 1142 4
7f62c590f000 23 9 1175 4
7f62c5d8a000 46 13 1235 4
7f62c5d89000 36 12 1284 4
7f62c5d88000 66 14 1365 4
7f62c5da1000 82 18 1467 6
7f62c5da2000 79 8 1555 6
7f62c5910000 22 4 1582 6
7f62c5905000 37 5 1626 6
7f62c5d8b000 52 7 1686 6
7f62c5903000 21 4 1713 6
7f62c5d87000 48 7 1769 6
7f62c590d000 23 5 1799 6
7f62c5d85000 76 10 1886 6
7f62c5d84000 54 10 1951 7
7f62c5902000 21 2 1975 7
7f62c590a000 21 2 2000 7
7f62c6fdc000 62 13 2076 7
7f62c6fdb000 98 8 2183 7
7f62c6fdd000 64 9 2257 7
7f62c5914000 22 2 2282 7
7f62c3cd1000 99 5 2388 7
7f62c3cc1000 16 2 2407 7
7f62c3cc2000 16 2 2425 7
7f62c9ca1000 66 5 2497 7
7f62c9ca0000 47 4 2549 7
7f62c9c9a000 47 3 2599 8
2608 8
0x7f62c8a37000
7f62c8a37000 66 23 90 0
7f62c6fb5000 151 43 285 3
7f62c7557000 21 16 323 3
7f62c7550000 20 16 360 3
7f62c8a36000 67 26 453 3
7f62c755b000 21 16 492 3
7f62c755c000 82 33 608 4
7f62c5db4000 52 21 682 4
7f62c590e000 41 10 734 4
7f62c5901000 20 9 764 4
7f62c590b000 22 8 794 4
7f62c5909000 24 9 828 4
7f62c590c000 22 8 859 4
7f62c5d8d000 40 10 910 4
7f62c5d8c000 36 11 959 4
7f62c5913000 22 9 991 4
7f62c5906000 27 11 1030 4
7f62c5907000 25 10 1066 4
7f62c590f000 22 9 1098 4
7f62c5d8a000 45 13 1158 4
7f62c5d89000 36 11 1207 4
7f62c5d88000 67 14 1289 4
7f62c5da1000 82 18 1390 6
7f62c5da2000 78 8 1478 6
7f62c5910000 22 5 1506 6
7f62c5905000 37 6 1550 6
7f62c5d8b000 52 6 1609 6
7f62c5903000 21 4 1636 6
7f62c5d87000 48 7 1692 6
7f62c590d000 24 4 1722 6
7f62c5d85000 76 10 1809 6
7f62c5d84000 54 10 1874 7
7f62c5902000 21 2 1898 7
7f62c590a000 21 2 1923 7
7f62c6fdc000 62 13 1999 7
7f62c6fdb000 97 9 2106 7
7f62c6fdd000 64 9 2180 7
7f62c5914000 22 2 2205 7
7f62c3cd1000 99 6 2311 7
7f62c3cc1000 16 2 2329 7
7f62c3cc2000 16 2 2348 7
7f62c9ca1000 66 5 2419 7
7f62c9ca0000 48 3 2471 7
7f62c9c9a000 46 3 2521 8
2530 8
0x7f62c8a36000
7f62c8a36000 66 26 92 0
7f62c755b000 21 16 131 0
7f62c7550000 20 15 167 0
7f62c755c000 82 33 283 1
7f62c5db4000 53 23 359 2
7f62c590e000 40 13 413 2
7f62c5901000 20 11 445 2
7f62c590b000 21 11 478 2
7f62c5909000 23 12 514 2
7f62c590c000 21 11 547 2
7f62c5d8d000 40 13 601 2
7f62c5d8c000 37 14 653 2
7f62c5913000 22 11 687 2
7f62c5906000 27 14 729 3
7f62c5907000 25 12 767 3
7f62c590f000 22 11 801 3
7f62c5d8a000 46 16 864 3
7f62c5d89000 36 14 915 3
7f62c5d88000 67 17 1000 3
7f62c5da1000 81 22 1104 5
7f62c5da2000 79 10 1195 5
7f62c6fb5000 149 17 1363 6
7f62c5910000 22 4 1390 6
7f62c5905000 38 5 1434 6
7f62c5d8b000 52 7 1494 6
7f62c5903000 21 4 1520 6
7f62c5d87000 48 7 1577 6
7f62c590d000 24 4 1606 6
7f62c5d85000 76 10 1694 6
7f62c5d84000 54 10 1760 7
7f62c5902000 21 2 1784 7
7f62c590a000 21 2 1809 7
7f62c6fdc000 62 14 1886 7
7f62c6fdb000 97 8 1992 7
7f62c6fdd000 64 9 2066 7
7f62c5914000 22 3 2092 7
7f62c3cd1000 99 5 2197 7
7f62c3cc1000 16 2 2216 7
7f62c3cc2000 16 2 2234 7
7f62c9ca1000 66 5 2306 7
7f62c9ca0000 47 3 2357 7
7f62c9c9a000 46 4 2408 8
2415 8
0x7f62c780c000
7f62c780c000 65 30 96 2
7f62c7552000 21 11 129 2
7f62c7550000 21 11 162 2
7f62c755b000 21 12 196 2
7f62c755c000 82 25 304 3
7f62c7551000 21 9 335 3
7f62c7559000 22 9 367 3
7f62c7553000 21 9 398 3
7f62c7556000 21 9 429 3
7f62c77a8000 78 17 525 3
7f62c8400000 55 12 593 3
7f62c7554000 36 11 641 4
7f62c83ff000 44 9 695 4
7f62c7555000 21 7 724 5
7f62c8401000 47 11 784 5
7f62c77ba000 59 10 854 5
7f62c77b9000 65 8 928 5
7f62c5d8b000 52 10 991 5
7f62c5d8a000 46 10 1048 5
7f62c590f000 22 7 1078 6
7f62c5901000 20 5 1104 6
7f62c5d89000 36 6 1147 6
7f62c5d88000 67 7 1222 6
7f62c5913000 23 4 1250 6
7f62c5906000 26 6 1284 6
7f62c5907000 25 6 1316 6
7f62c5da1000 81 10 1408 7
7f62c5da2000 79 4 1492 7
7f62c6fb5000 150 7 1651 7
7f62c5910000 23 2 1676 7
7f62c5905000 37 3 1717 7
7f62c590c000 21 2 1741 7
7f62c590d000 24 2 1768 7
7f62c5daa000 70 4 1843 7
7f62c5902000 21 2 1868 7
7f62c5911000 22 2 1893 7
7f62c590b000 21 2 1917 7
7f62c5909000 24 2 1944 7
7f62c590a000 21 2 1968 7
7f62c5dbc000 46 4 2019 7
7f62c5dbb000 70 3 2093 7
7f62c5dc3000 72 5 2171 7
7f62c5dc2000 52 3 2227 7
7f62c5dc1000 78 3 2309 7
7f62c5d8d000 39 3 2352 7
7f62c5d8c000 36 3 2392 7
7f62c5903000 21 2 2416 7
7f62c5d87000 48 4 2469 7
7f62c5d85000 76 6 2552 7
7f62c5d84000 54 5 2612 7
7f62c6fdc000 62 13 2689 7
7f62c6fdb000 97 8 2795 7
7f62c6fdd000 64 9 2869 7
7f62c5914000 22 2 2894 7
7f62c3cd1000 99 5 3000 7
7f62c3cc1000 16 2 3019 7
7f62c3cc2000 16 2 3037 7
7f62c9ca1000 66 5 3109 7
7f62c9ca0000 47 3 3160 7
7f62c9c9a000 46 4 3211 8
3224 8
0x7f62c77a8000
7f62c77a8000 79 28 107 0
7f62c8400000 55 20 183 0
7f62c7553000 22 15 221 0
7f62c7550000 20 15 257 0
7f62c7554000 36 18 312 1
7f62c83ff000 45 19 377 1
7f62c7552000 21 15 414 1
7f62c7551000 22 15 452 1
7f62c755b000 21 16 490 1
7f62c755c000 82 29 602 2
7f62c7556000 22 10 634 2
7f62c7555000 22 10 667 3
7f62c8401000 47 17 733 3
7f62c77ba000 59 16 809 4
7f62c77b9000 65 11 886 4
7f62c5d8b000 52 14 953 4
7f62c5d8a000 46 12 1012 4
7f62c590f000 22 9 1045 5
7f62c5901000 20 7 1073 5
7f62c5d89000 35 9 1118 5
7f62c5d88000 66 11 1197 5
7f62c5913000 23 6 1227 5
7f62c5906000 27 9 1264 5
7f62c5907000 25 7 1297 5
7f62c5da1000 82 14 1394 6
7f62c5da2000 80 7 1482 6
7f62c6fb5000 150 12 1646 6
7f62c5910000 22 4 1673 6
7f62c5905000 38 5 1717 6
7f62c590c000 21 4 1743 6
7f62c590d000 24 4 1772 6
7f62c5daa000 70 7 1851 6
7f62c5902000 21 4 1878 6
7f62c5911000 22 4 1905 6
7f62c590b000 21 4 1931 6
7f62c5909000 24 4 1960 6
7f62c590a000 21 4 1986 6
7f62c5dbc000 46 6 2040 6
7f62c5dbb000 70 6 2117 6
7f62c5dc3000 73 9 2200 7
7f62c5dc2000 51 3 2255 7
7f62c5dc1000 77 4 2338 7
7f62c5d8d000 40 2 2380 7
7f62c5d8c000 36 3 2421 7
7f62c5903000 21 2 2445 7
7f62c5d87000 48 4 2498 7
7f62c5d85000 76 6 2581 7
7f62c5d84000 54 5 2641 7
7f62c6fdc000 62 13 2718 7
7f62c6fdb000 98 8 2825 7
7f62c6fdd000 64 9 2899 7
7f62c5914000 23 2 2925 7
7f62c3cd1000 99 6 3031 7
7f62c3cc1000 16 2 3049 7
7f62c3cc2000 16 2 3068 7
7f62c9ca1000 66 5 3140 7
7f62c9ca0000 48 3 3191 7
7f62c9c9a000 46 4 3242 8
3254 8
0x7f62c8400000
7f62c8400000 55 20 75 0
7f62c7553000 22 15 113 0
7f62c7550000 20 15 149 0
7f62c7554000 36 18 204 1
7f62c83ff000 45 19 269 1
7f62c7552000 21 15 306 1
7f62c7551000 22 15 344 1
7f62c755b000 21 16 382 1
7f62c755c000 82 29 494 2
7f62c7556000 21 11 526 2
7f62c7555000 21 11 559 3
7f62c77a8000 79 18 657 3
7f62c7bea000 142 36 836 4
7f62c5d8b000 52 13 903 4
7f62c5d8a000 46 13 963 4
7f62c590f000 23 9 996 5
7f62c5901000 20 7 1024 5
7f62c5d89000 36 9 1069 5
7f62c5d88000 66 11 1148 5
7f62c5913000 22 7 1178 5
7f62c5906000 27 8 1214 5
7f62c5907000 25 8 1248 5
7f62c5da1000 82 14 1345 6
7f62c5da2000 79 7 1433 6
7f62c6fb5000 149 12 1596 6
7f62c5910000 22 4 1623 6
7f62c5905000 37 6 1667 6
7f62c590c000 21 4 1693 6
7f62c590d000 24 4 1722 6
7f62c5daa000 70 8 1801 6
7f62c5902000 21 4 1827 6
7f62c5911000 21 4 1854 6
7f62c590b000 22 4 1881 6
7f62c5909000 23 4 1909 6
7f62c590a000 21 4 1936 6
7f62c5dbc000 46 6 1989 6
7f62c5dbb000 69 6 2066 6
7f62c5dc3000 72 9 2149 7
7f62c5dc2000 52 2 2204 7
7f62c5dc1000 78 3 2287 7
7f62c5d8d000 40 3 2330 7
7f62c5d8c000 36 3 2370 7
7f62c5903000 21 2 2394 7
7f62c5d87000 48 4 2447 7
7f62c5d85000 76 6 2530 7
7f62c5d84000 54 5 2590 7
7f62c6fdc000 62 13 2667 7
7f62c6fdb000 97 8 2773 7
7f62c6fdd000 65 9 2848 7
7f62c5914000 23 2 2873 7
7f62c3cd1000 100 5 2979 7
7f62c3cc1000 16 2 2998 7
7f62c3cc2000 16 2 3016 7
7f62c9ca1000 66 5 3088 7
7f62c9ca0000 47 4 3140 7
7f62c9c9a000 47 3 3190 8
3202 8
0x7f62c83ff000
7f62c83ff000 44 20 65 0
65 0
0x7f62c8401000
7f62c8401000 47 26 74 0
7f62c8400000 55 20 150 0
7f62c7553000 21 15 188 0
7f62c7550000 20 16 225 0
7f62c7554000 36 18 279 1
7f62c83ff000 45 19 344 1
7f62c7552000 21 15 381 1
7f62c7551000 22 15 419 1
7f62c755b000 22 15 457 1
7f62c755c000 82 29 569 2
7f62c7556000 21 10 601 2
7f62c7555000 21 10 634 3
7f62c77a8000 78 19 733 3
7f62c7bea000 142 37 913 4
7f62c5d8b000 52 14 980 4
7f62c5d8a000 46 12 1039 4
7f62c590f000 23 9 1072 5
7f62c5901000 20 7 1100 5
7f62c5d89000 36 9 1145 5
7f62c5d88000 67 11 1224 5
7f62c5913000 22 7 1254 5
7f62c5906000 27 8 1290 5
7f62c5907000 25 8 1324 5
7f62c5da1000 81 14 1420 6
7f62c5da2000 79 8 1509 6
7f62c6fb5000 150 12 1672 6
7f62c5910000 23 4 1699 6
7f62c5905000 37 6 1743 6
7f62c590c000 21 4 1769 6
7f62c590d000 24 4 1798 6
7f62c5daa000 70 8 1877 6
7f62c5902000 21 5 1904 6
7f62c5911000 21 4 1930 6
7f62c590b000 21 4 1957 6
7f62c5909000 23 5 1986 6
7f62c590a000 21 4 2012 6
7f62c5dbc000 46 6 2065 6
7f62c5dbb000 69 6 2142 6
7f62c5dc3000 72 9 2225 7
7f62c5dc2000 51 3 2281 7
7f62c5dc1000 78 4 2364 7
7f62c5d8d000 40 2 2406 7
7f62c5d8c000 37 3 2447 7
7f62c5903000 21 2 2471 7
7f62c5d87000 48 4 2524 7
7f62c5d85000 76 5 2606 7
7f62c5d84000 54 5 2667 7
7f62c6fdc000 62 13 2743 7
7f62c6fdb000 98 8 2850 7
7f62c6fdd000 64 9 2924 7
7f62c5914000 22 2 2949 7
7f62c3cd1000 99 5 3055 7
7f62c3cc1000 16 2 3074 7
7f62c3cc2000 17 2 3093 7
7f62c9ca1000 66 5 3164 7
7f62c9ca0000 47 4 3216 7
7f62c9c9a000 47 3 3266 8
3279 8
0x7f62c77ba000
7f62c77ba000 59 24 84 1
7f62c7553000 21 14 120 1
7f62c7550000 20 13 154 1
7f62c77b9000 65 18 238 1
7f62c7556000 22 13 273 1
7f62c77a8000 78 26 378 1
7f62c8400000 55 18 452 1
7f62c7554000 36 16 505 2
7f62c83ff000 45 14 565 2
7f62c7552000 21 12 599 2
7f62c7551000 21 12 633 2
7f62c755b000 21 12 667 2
7f62c755c000 82 25 775 3
7f62c7555000 21 9 806 4
7f62c8401000 46 15 869 4
7f62c7791000 74 16 960 4
7f62c77ac000 85 17 1062 5
7f62c7559000 21 7 1091 5
7f62c7557000 21 7 1120 5
7f62c80a8000 45 10 1176 5
7f62c7998000 72 12 1261 5
7f62c7997000 94 15 1372 6
7f62c78b1000 67 8 1448 6
7f62c78b0000 61 6 1516 6
7f62c78af000 66 6 1589 6
7f62c78ae000 47 6 1643 6
7f62c78a0000 61 7 1711 6
7f62c5d8b000 52 6 1771 6
7f62c5d8a000 46 6 1825 6
7f62c590f000 23 4 1853 6
7f62c5901000 20 4 1878 6
7f62c5d89000 36 5 1920 6
7f62c5d88000 66 7 1995 6
7f62c5913000 23 4 2023 6
7f62c5906000 27 5 2056 6
7f62c5907000 25 5 2087 6
7f62c5da1000 82 9 2179 6
7f62c5da2000 79 8 2267 6
7f62c6fb5000 149 13 2430 6
7f62c5910000 23 4 2457 6
7f62c5905000 37 6 2501 6
7f62c590c000 21 4 2527 6
7f62c590d000 24 4 2556 6
7f62c5daa000 70 8 2635 6
7f62c5902000 22 4 2662 6
7f62c5911000 21 4 2688 6
7f62c590b000 21 4 2715 6
7f62c5909000 23 5 2744 6
7f62c590a000 21 4 2770 6
7f62c5dbc000 46 6 2823 6
7f62c5dbb000 69 6 2900 6
7f62c5dc3000 72 9 2983 7
7f62c5dc2000 52 3 3039 7
7f62c5dc1000 78 3 3121 7
7f62c5d8d000 39 3 3164 7
7f62c5d8c000 37 2 3204 7
7f62c5903000 21 3 3229 7
7f62c5d87000 48 4 3282 7
7f62c5d85000 76 5 3364 7
7f62c5d84000 54 5 3425 7
7f62c6fdc000 61 14 3502 7
7f62c6fdb000 97 8 3608 7
7f62c6fdd000 64 9 3683 7
7f62c5914000 23 2 3708 7
7f62c3cd1000 99 6 3814 7
7f62c3cc1000 16 2 3832 7
7f62c3cc2000 16 2 3851 7
7f62c9ca1000 65 5 3922 7
7f62c9ca0000 48 3 3974 7
7f62c9c9a000 47 3 4024 8
4046 8
0x7f62c77b9000
7f62c77b9000 65 20 85 0
86 0
0x7f62c7790000
7f62c7790000 71 32 103 1
7f62c778f000 56 25 185 2
7f62c778e000 90 21 298 2
7f62c7956000 90 31 420 2
7f62c7955000 75 19 515 2
7f62c766f000 87 23 627 3
7f62c765c000 109 32 770 3
7f62c7634000 79 18 869 3
7f62c5dae000 80 16 966 3
7f62c6244000 45 19 1031 4
7f62c624e000 43 8 1082 5
7f62c5906000 27 6 1116 6
7f62c5901000 19 5 1141 6
7f62c5910000 22 5 1168 6
7f62c590a000 21 4 1194 6
7f62c6247000 51 7 1253 6
7f62c5911000 22 4 1279 6
7f62c5907000 25 4 1309 6
7f62c590f000 22 4 1337 6
7f62c5914000 22 4 1365 6
7f62c590d000 24 4 1394 6
7f62c5912000 22 4 1421 6
7f62c5dad000 94 7 1523 7
7f62c5dac000 57 5 1586 8
1595 8
0x7f62c778f000
7f62c778f000 56 30 86 1
7f62c778e000 90 30 207 1
7f62c7956000 89 44 342 2
7f62c7955000 74 20 438 2
7f62c766f000 87 24 550 3
7f62c765c000 109 33 693 3
7f62c7634000 80 17 791 3
7f62c5dae000 79 16 888 3
7f62c6244000 44 19 953 4
7f62c624e000 43 7 1004 5
7f62c5906000 27 6 1038 6
7f62c5901000 20 4 1063 6
7f62c5910000 22 4 1090 6
7f62c590a000 21 4 1116 6
7f62c6247000 51 7 1175 6
7f62c5911000 22 4 1201 6
7f62c5907000 25 5 1232 6
7f62c590f000 23 4 1260 6
7f62c5914000 22 4 1287 6
7f62c590d000 24 4 1316 6
7f62c5912000 23 4 1344 6
7f62c5dad000 93 8 1446 7
7f62c5dac000 56 5 1508 8
1517 8
0x7f62c778e000
7f62c778e000 90 30 120 0
7f62c7956000 89 44 255 1
7f62c7955000 74 29 360 1
7f62c766f000 87 29 477 2
7f62c765c000 109 40 627 3
7f62c7634000 79 18 726 3
7f62c5dae000 79 17 823 3
7f62c6244000 45 19 888 4
7f62c624e000 43 8 939 5
7f62c5906000 28 5 972 6
7f62c5901000 20 4 997 6
7f62c5910000 22 4 1024 6
7f62c590a000 21 4 1051 6
7f62c6247000 51 7 1110 6
7f62c5911000 22 4 1136 6
7f62c5907000 25 5 1167 6
7f62c590f000 22 4 1194 6
7f62c5914000 22 4 1222 6
7f62c590d000 24 4 1251 6
7f62c5912000 23 4 1279 6
7f62c5dad000 93 7 1380 7
7f62c5dac000 56 5 1443 8
1451 8
0x7f62c7956000
7f62c7956000 90 44 134 1
7f62c7955000 74 29 238 1
7f62c766f000 86 29 355 2
7f62c765c000 109 41 506 3
7f62c7634000 79 18 604 3
7f62c5dae000 79 16 701 3
7f62c6244000 45 19 766 4
7f62c624e000 42 8 817 5
7f62c5906000 27 6 851 6
7f62c5901000 20 4 876 6
7f62c5910000 22 4 903 6
7f62c590a000 22 4 930 6
7f62c6247000 51 7 989 6
7f62c5911000 22 4 1015 6
7f62c5907000 25 5 1046 6
7f62c590f000 22 4 1073 6
7f62c5914000 22 4 1101 6
7f62c590d000 24 4 1130 6
7f62c5912000 22 4 1157 6
7f62c5dad000 93 8 1260 7
7f62c5dac000 56 5 1322 8
1330 8
0x7f62c7955000
7f62c7955000 74 29 104 0
7f62c766f000 87 34 226 1
7f62c765c000 109 56 392 2
7f62c7634000 79 23 495 2
7f62c5dae000 80 20 596 2
7f62c6244000 45 24 666 4
7f62c624e000 42 8 717 5
7f62c5906000 27 6 751 6
7f62c5901000 20 4 776 6
7f62c5910000 23 4 803 6
7f62c590a000 21 4 829 6
7f62c6247000 51 7 888 6
7f62c5911000 21 4 914 6
7f62c5907000 26 4 945 6
7f62c590f000 23 4 973 6
7f62c5914000 22 4 1000 6
7f62c590d000 24 4 1029 6
7f62c5912000 22 4 1057 6
7f62c5dad000 94 7 1159 7
7f62c5dac000 56 5 1222 8
1228 8
0x7f62c766f000
7f62c766f000 87 33 120 1
7f62c765c000 109 56 287 2
7f62c7634000 79 23 390 2
7f62c5dae000 80 20 491 2
7f62c6244000 45 23 561 4
7f62c624e000 43 8 613 5
7f62c5906000 27 6 646 6
7f62c5901000 20 4 671 6
7f62c5910000 22 4 698 6
7f62c590a000 21 4 724 6
7f62c6247000 51 6 783 6
7f62c5911000 21 5 810 6
7f62c5907000 25 4 840 6
7f62c590f000 23 4 868 6
7f62c5914000 23 4 896 6
7f62c590d000 23 5 925 6
7f62c5912000 22 4 952 6
7f62c5dad000 94 7 1054 7
7f62c5dac000 56 5 1117 8
1123 8
0x7f62c765c000
7f62c765c000 110 55 165 1
7f62c7634000 79 31 277 1
7f62c5dae000 80 28 386 2
7f62c6244000 44 33 465 4
7f62c624e000 43 8 517 5
7f62c5906000 27 6 550 6
7f62c5901000 20 4 575 6
7f62c5910000 22 4 602 6
7f62c590a000 21 4 628 6
7f62c6247000 52 6 687 6
7f62c5911000 21 4 713 6
7f62c5907000 25 4 744 6
7f62c590f000 23 4 772 6
7f62c5914000 22 4 799 6
7f62c590d000 23 5 829 6
7f62c5912000 22 4 856 6
7f62c5dad000 93 8 958 7
7f62c5dac000 56 5 1020 8
1025 8
0x7f62c7634000
7f62c7634000 79 31 110 0
7f62c5dae000 79 29 220 1
7f62c6244000 45 33 299 4
7f62c624e000 43 8 350 5
7f62c5906000 28 5 383 6
7f62c5901000 20 4 408 6
7f62c5910000 22 4 435 6
7f62c590a000 22 4 462 6
7f62c6247000 51 6 520 6
7f62c5911000 21 5 547 6
7f62c5907000 25 4 577 6
7f62c590f000 23 4 605 6
7f62c5914000 23 4 633 6
7f62c590d000 23 5 662 6
7f62c5912000 22 4 689 6
7f62c5dad000 94 7 791 7
7f62c5dac000 57 4 853 8
857 8
0x7f62c8b8a000
7f62c8b8a000 65 27 93 0
7f62c8b89000 61 25 180 0
7f62c7556000 21 15 218 0
7f62c7550000 20 16 255 0
7f62c5d8b000 52 26 333 1
7f62c5d8a000 46 23 403 1
7f62c590f000 23 16 443 2
7f62c5901000 20 15 479 2
7f62c5d89000 36 21 537 2
7f62c5d88000 67 18 623 2
7f62c5913000 22 11 658 2
7f62c5906000 27 13 699 3
7f62c5907000 25 11 737 3
7f62c5da1000 82 22 842 5
7f62c5da2000 79 11 933 5
7f62c6fb5000 150 17 1101 6
7f62c5910000 22 4 1128 6
7f62c5905000 38 5 1172 6
7f62c590c000 21 4 1198 6
7f62c590d000 24 4 1227 6
7f62c5daa000 70 8 1307 6
7f62c5902000 21 4 1333 6
7f62c5911000 22 4 1360 6
7f62c590b000 21 4 1386 6
7f62c5909000 23 4 1415 6
7f62c590a000 22 4 1442 6
7f62c5dbc000 46 6 1495 6
7f62c5dbb000 70 6 1572 6
7f62c5dc3000 73 9 1655 7
7f62c5dc2000 51 3 1710 7
7f62c5dc1000 78 3 1793 7
7f62c5d8d000 39 3 1836 7
7f62c5d8c000 37 2 1876 7
7f62c5903000 21 2 1900 7
7f62c5d87000 47 4 1953 7
7f62c5d85000 76 5 2036 7
7f62c5d84000 54 5 2096 7
7f62c6fdc000 62 13 2173 7
7f62c6fdb000 98 8 2280 7
7f62c6fdd000 64 9 2354 7
7f62c5914000 22 2 2379 7
7f62c3cd1000 99 5 2485 7
7f62c3cc1000 16 2 2504 7
7f62c3cc2000 17 1 2522 7
7f62c9ca1000 66 5 2594 7
7f62c9ca0000 47 4 2646 7
7f62c9c9a000 47 3 2696 8
2708 8
0x7f62c8b89000
7f62c8b89000 61 25 86 0
7f62c7556000 21 15 124 0
7f62c7550000 20 16 161 0
7f62c5d8b000 52 25 238 1
7f62c5d8a000 45 23 308 1
7f62c590f000 22 17 349 2
7f62c5901000 20 15 385 2
7f62c5d89000 36 21 443 2
7f62c5d88000 66 19 529 2
7f62c5913000 23 11 564 2
7f62c5906000 27 14 606 3
7f62c5907000 25 12 644 3
7f62c5da1000 82 23 750 5
7f62c5da2000 79 11 841 5
7f62c6fb5000 151 17 1010 6
7f62c5910000 22 5 1038 6
7f62c5905000 37 5 1081 6
7f62c590c000 21 4 1108 6
7f62c590d000 24 4 1137 6
7f62c5daa000 70 8 1216 6
7f62c5902000 21 4 1242 6
7f62c5911000 22 4 1269 6
7f62c590b000 21 4 1295 6
7f62c5909000 23 4 1324 6
7f62c590a000 21 4 1350 6
7f62c5dbc000 46 6 1404 6
7f62c5dbb000 70 6 1481 6
7f62c5dc3000 73 9 1564 7
7f62c5dc2000 51 3 1619 7
7f62c5dc1000 77 4 1702 7
7f62c5d8d000 40 2 1744 7
7f62c5d8c000 36 3 1785 7
7f62c5903000 21 2 1809 7
7f62c5d87000 48 4 1862 7
7f62c5d85000 76 6 1945 7
7f62c5d84000 54 5 2005 7
7f62c6fdc000 62 13 2082 7
7f62c6fdb000 98 8 2189 7
7f62c6fdd000 64 9 2263 7
7f62c5914000 22 2 2288 7
7f62c3cd1000 99 6 2394 7
7f62c3cc1000 16 2 2412 7
7f62c3cc2000 16 2 2431 7
7f62c9ca1000 66 5 2502 7
7f62c9ca0000 48 3 2554 7
7f62c9c9a000 47 3 2604 8
2615 8
0x7f62c8b88000
7f62c8b88000 112 33 145 1
7f62c7559000 22 13 181 1
7f62c7550000 21 13 216 1
7f62c755a000 21 14 252 1
7f62c8b8d000 60 25 338 1
7f62c8b8c000 53 21 414 1
7f62c755b000 21 14 450 1
7f62c755c000 82 29 563 2
7f62c7555000 21 11 596 3
7f62c8b8b000 68 17 682 4
7f62c7551000 21 9 714 4
7f62c5d8b000 52 14 781 4
7f62c5d8a000 45 13 841 4
7f62c590f000 22 9 874 4
7f62c5901000 20 9 904 4
7f62c5d89000 36 11 952 4
7f62c5d88000 66 14 1034 4
7f62c5913000 22 9 1067 4
7f62c5906000 27 10 1105 4
7f62c5907000 26 9 1141 4
7f62c5da1000 82 18 1242 6
7f62c5da2000 79 7 1330 6
7f62c6fb5000 149 13 1494 6
7f62c5910000 22 4 1520 6
7f62c5905000 37 5 1564 6
7f62c590c000 21 4 1591 6
7f62c590d000 23 5 1620 6
7f62c5daa000 70 8 1699 6
7f62c5902000 21 4 1725 6
7f62c5911000 22 4 1752 6
7f62c590b000 21 4 1778 6
7f62c5909000 23 4 1807 6
7f62c590a000 22 4 1834 6
7f62c5dbc000 46 6 1887 6
7f62c5dbb000 69 6 1964 6
7f62c5dc3000 73 9 2047 7
7f62c5dc2000 51 3 2102 7
7f62c5dc1000 78 4 2185 7
7f62c5d8d000 40 2 2227 7
7f62c5d8c000 36 3 2268 7
7f62c5903000 21 2 2292 7
7f62c5d87000 48 4 2345 7
7f62c5d85000 77 5 2428 7
7f62c5d84000 55 5 2489 7
7f62c6fdc000 62 13 2565 7
7f62c6fdb000 99 8 2673 7
7f62c6fdd000 64 9 2747 7
7f62c5914000 22 2 2772 7
7f62c3cd1000 100 5 2878 7
7f62c3cc1000 16 2 2897 7
7f62c3cc2000 16 2 2915 7
7f62c9ca1000 66 5 2987 7
7f62c9ca0000 47 3 3038 7
7f62c9c9a000 46 4 3089 8
3101 8
0x7f62c8b8d000
7f62c8b8d000 60 29 89 0
7f62c8b8c000 53 23 166 0
7f62c755b000 21 16 205 0
7f62c7550000 20 15 241 0
7f62c755c000 82 33 357 1
7f62c7555000 22 15 394 2
7f62c8b8b000 68 20 483 3
7f62c7551000 21 11 517 3
7f62c5d8b000 52 17 587 3
7f62c5d8a000 46 15 649 3
7f62c590f000 22 11 684 3
7f62c5901000 20 11 716 3
7f62c5d89000 36 14 767 3
7f62c5d88000 66 17 851 3
7f62c5913000 23 10 885 3
7f62c5906000 27 13 926 3
7f62c5907000 25 12 964 3
7f62c5da1000 81 22 1068 5
7f62c5da2000 79 10 1159 5
7f62c6fb5000 151 17 1329 6
7f62c5910000 23 4 1356 6
7f62c5905000 38 5 1400 6
7f62c590c000 21 4 1426 6
7f62c590d000 23 5 1456 6
7f62c5daa000 70 8 1535 6
7f62c5902000 21 4 1561 6
7f62c5911000 22 4 1588 6
7f62c590b000 21 4 1614 6
7f62c5909000 23 4 1643 6
7f62c590a000 21 4 1669 6
7f62c5dbc000 46 6 1723 6
7f62c5dbb000 70 5 1800 6
7f62c5dc3000 72 9 1883 7
7f62c5dc2000 51 3 1939 7
7f62c5dc1000 78 3 2021 7
7f62c5d8d000 39 3 2064 7
7f62c5d8c000 37 3 2105 7
7f62c5903000 21 3 2129 7
7f62c5d87000 48 3 2181 7
7f62c5d85000 77 5 2265 7
7f62c5d84000 54 5 2325 7
7f62c6fdc000 62 13 2402 7
7f62c6fdb000 98 8 2509 7
7f62c6fdd000 64 9 2583 7
7f62c5914000 22 2 2608 7
7f62c3cd1000 100 5 2714 7
7f62c3cc1000 16 2 2733 7
7f62c3cc2000 17 1 2751 7
7f62c9ca1000 66 5 2823 7
7f62c9ca0000 47 4 2875 7
7f62c9c9a000 47 3 2925 8
2937 8
0x7f62c8b8c000
7f62c8b8c000 53 23 76 0
7f62c755b000 21 16 115 0
7f62c7550000 20 15 151 0
7f62c755c000 82 33 267 1
7f62c7555000 22 15 304 2
7f62c8b8b000 68 20 393 3
7f62c8b8d000 60 19 474 3
7f62c6fdc000 62 58 595 5
7f62c6fdb000 97 23 716 5
7f62c7556000 21 7 745 5
7f62c6f45000 70 16 832 5
7f62c7081000 99 18 949 5
7f62c7080000 100 16 1065 5
7f62c6f43000 122 9 1197 5
7f62c7050000 90 15 1302 5
7f62c704f000 108 13 1424 5
7f62c704e000 68 27 1520 5
7f62c704c000 74 11 1606 5
7f62c7040000 86 42 1734 5
7f62c703e000 48 10 1792 6
7f62c6f55000 56 14 1863 6
7f62c6f54000 74 9 1947 6
7f62c6f53000 37 6 1991 6
7f62c6f52000 53 6 2051 6
7f62c6f51000 84 9 2144 6
7f62c6f50000 34 5 2183 6
7f62c6f48000 46 7 2236 6
7f62c6f47000 43 7 2286 6
7f62c6f46000 62 6 2354 6
7f62c6fa3000 73 10 2438 7
7f62c6fb0000 85 4 2528 7
7f62c6faf000 77 6 2612 7
7f62c7034000 56 11 2680 7
7f62c702f000 53 8 2742 7
7f62c702e000 77 12 2831 7
7f62c702d000 61 8 2901 7
7f62c702c000 45 3 2950 7
7f62c702b000 44 2 2996 7
7f62c6fc0000 82 10 3090 7
7f62c6fbf000 86 6 3182 7
7f62c6fbe000 60 5 3248 7
7f62c6fbd000 82 5 3335 7
7f62c6fb5000 151 7 3493 7
7f62c6fbc000 94 4 3591 7
7f62c6fbb000 67 6 3665 7
7f62c6fb6000 61 7 3733 7
7f62c6f82000 56 4 3793 7
7f62c702a000 53 3 3849 7
7f62c7029000 49 3 3902 7
7f62c7028000 35 2 3940 7
7f62c7027000 46 3 3990 7
7f62c7026000 39 3 4033 7
7f62c7025000 43 3 4079 7
7f62c705f000 52 3 4136 7
7f62c7041000 68 13 4218 7
7f62c6fae000 61 4 4283 7
7f62c7039000 59 8 4351 7
7f62c7035000 79 9 4439 7
7f62c7038000 48 6 4494 7
7f62c6fb2000 103 7 4604 7
7f62c7037000 93 7 4704 7
7f62c7036000 61 9 4774 7
7f62c6f83000 32 4 4810 7
7f62c6fac000 47 4 4861 7
7f62c7004000 49 4 4914 7
7f62c7003000 56 8 4978 7
7f62c7065000 45 4 5027 7
7f62c7064000 58 5 5090 7
7f62c7063000 48 4 5143 7
7f62c7062000 63 5 5212 8
5216 8
0x7f62c8b8b000
7f62c8b8b000 68 26 95 1
7f62c8b8d000 61 28 185 1
7f62c8b8c000 53 24 263 1
7f62c755b000 21 16 301 1
7f62c7550000 20 15 337 1
7f62c755c000 82 33 453 2
7f62c7555000 21 11 486 3
7f62c7557000 21 11 519 3
7f62c8b84000 113 22 655 3
7f62c7551000 21 10 688 3
7f62c5da2000 79 18 787 4
7f62c590f000 23 8 819 4
7f62c5901000 20 8 848 4
7f62c5913000 22 8 879 4
7f62c6fb5000 149 23 1052 5
7f62c5910000 23 6 1081 5
7f62c5905000 37 8 1127 6
7f62c590c000 22 4 1154 6
7f62c5d8b000 52 7 1214 6
7f62c5d8a000 46 6 1267 6
7f62c5d89000 36 6 1310 6
7f62c5d88000 67 7 1385 6
7f62c5906000 27 5 1418 6
7f62c5907000 25 5 1449 6
7f62c5da1000 82 9 1541 6
7f62c5dad000 93 8 1643 7
7f62c5dac000 57 4 1705 8
1715 8
0x7f62c8b84000
7f62c8b84000 114 34 148 0
7f62c7551000 21 16 186 0
7f62c7550000 20 15 222 0
7f62c8b8c000 52 24 299 0
7f62c755b000 21 16 338 0
7f62c755c000 82 33 454 1
7f62c7555000 22 15 491 2
7f62c8b8b000 68 20 580 3
7f62c8b8d000 60 19 661 3
7f62c6fdc000 62 57 781 5
7f62c6fdb000 98 23 903 5
7f62c7556000 21 7 932 5
7f62c6f45000 70 15 1018 5
7f62c7081000 98 18 1135 5
7f62c7080000 99 16 1251 5
7f62c6f43000 122 9 1383 5
7f62c7050000 90 15 1488 5
7f62c704f000 108 13 1610 5
7f62c704e000 68 27 1706 5
7f62c704c000 74 11 1792 5
7f62c7040000 85 42 1920 5
7f62c703e000 47 10 1978 6
7f62c6f55000 56 14 2049 6
7f62c6f54000 74 9 2133 6
7f62c6f53000 37 7 2178 6
7f62c6f52000 53 6 2237 6
7f62c6f51000 84 9 2331 6
7f62c6f50000 34 5 2370 6
7f62c6f48000 46 7 2423 6
7f62c6f47000 42 8 2473 6
7f62c6f46000 62 6 2541 6
7f62c6fa3000 73 10 2625 7
7f62c6fb0000 86 5 2716 7
7f62c6faf000 77 7 2800 7
7f62c7034000 56 11 2867 7
7f62c702f000 54 7 2929 7
7f62c702e000 76 13 3019 7
7f62c702d000 61 8 3088 7
7f62c702c000 45 3 3137 7
7f62c702b000 44 2 3183 7
7f62c6fc0000 83 9 3277 7
7f62c6fbf000 86 6 3369 7
7f62c6fbe000 60 5 3435 7
7f62c6fbd000 82 5 3522 7
7f62c6fb5000 150 7 3679 7
7f62c6fbc000 93 4 3777 7
7f62c6fbb000 68 5 3851 7
7f62c6fb6000 60 7 3919 7
7f62c6f82000 56 4 3979 7
7f62c702a000 54 2 4035 7
7f62c7029000 48 3 4088 7
7f62c7028000 35 2 4126 7
7f62c7027000 46 3 4176 7
7f62c7026000 39 2 4218 7
7f62c7025000 43 3 4265 7
7f62c705f000 53 3 4322 7
7f62c7041000 68 13 4404 7
7f62c6fae000 60 4 4469 7
7f62c7039000 60 7 4537 7
7f62c7035000 78 10 4626 7
7f62c7038000 48 6 4680 7
7f62c6fb2000 102 7 4790 7
7f62c7037000 94 6 4890 7
7f62c7036000 60 9 4960 7
7f62c6f83000 31 4 4996 7
7f62c6fac000 47 3 5047 7
7f62c7004000 48 4 5100 7
7f62c7003000 56 7 5164 7
7f62c7065000 44 4 5213 7
7f62c7064000 58 4 5276 7
7f62c7063000 48 5 5330 7
7f62c7062000 64 4 5398 8
5404 8
0x7f62c8b8e000
7f62c8b8e000 81 32 113 0
7f62c5d83000 55 24 193 2
7f62c7552000 21 11 225 2
7f62c7550000 20 12 258 2
7f62c755b000 22 11 291 2
7f62c755c000 82 24 398 2
7f62c8b8d000 60 21 480 2
7f62c8b8c000 53 17 551 2
7f62c7555000 21 11 585 3
7f62c8b8b000 68 17 671 3
7f62c7551000 21 11 705 3
7f62c5d8b000 52 17 775 3
7f62c5d8a000 46 15 837 3
7f62c590f000 22 11 872 3
7f62c5901000 21 10 904 3
7f62c5d89000 36 14 955 3
7f62c5d88000 67 17 1040 3
7f62c5913000 22 11 1074 3
7f62c5906000 27 12 1114 3
7f62c5907000 25 11 1152 3
7f62c5da1000 82 22 1257 5
7f62c5da2000 79 10 1348 5
7f62c6fb5000 150 17 1516 6
7f62c5910000 22 5 1544 6
7f62c5905000 37 6 1588 6
7f62c590c000 21 4 1614 6
7f62c590d000 24 4 1643 6
7f62c5daa000 71 7 1722 6
7f62c5902000 21 4 1749 6
7f62c5911000 22 4 1776 6
7f62c590b000 21 4 1802 6
7f62c5909000 24 4 1831 6
7f62c590a000 21 4 1857 6
7f62c5dbc000 46 6 1911 6
7f62c5dbb000 69 6 1988 6
7f62c5dc3000 73 9 2071 7
7f62c5dc2000 51 3 2126 7
7f62c5dc1000 78 3 2209 7
7f62c5d8d000 40 3 2252 7
7f62c5d8c000 36 3 2292 7
7f62c5903000 21 2 2316 7
7f62c5d87000 48 4 2369 7
7f62c5d85000 76 5 2452 7
7f62c5d84000 55 5 2513 7
7f62c6fdc000 62 13 2589 7
7f62c6fdb000 98 8 2696 7
7f62c6fdd000 65 9 2771 7
7f62c5914000 23 2 2796 7
7f62c3cd1000 99 6 2902 7
7f62c3cc1000 16 2 2920 7
7f62c3cc2000 16 2 2939 7
7f62c9ca1000 65 5 3010 7
7f62c9ca0000 48 3 3062 7
7f62c9c9a000 46 3 3112 8
3126 8
0x7f62c8b8f000
7f62c8b8f000 51 25 77 0
77 0
0x7f62c8b90000
7f62c8b90000 19 18 37 1
37 1
0x7f62c8b82000
7f62c8b82000 40 24 64 0
7f62c8a80000 41 27 134 0
7f62c7551000 21 16 172 0
7f62c7550000 20 15 208 0
7f62c8a7f000 53 29 291 2
7f62c8a7e000 78 25 396 2
7f62c755b000 22 11 430 2
7f62c755c000 82 24 537 3
7f62c8a5a000 49 16 603 3
7f62c8a59000 79 19 702 3
7f62c7556000 21 8 732 3
7f62c5d8b000 52 15 800 3
7f62c5d8a000 46 13 860 3
7f62c590f000 23 9 893 4
7f62c5901000 20 6 920 4
7f62c5d89000 36 9 966 4
7f62c5d88000 66 12 1046 4
7f62c5913000 23 6 1076 4
7f62c5906000 27 9 1113 5
7f62c5907000 25 6 1145 5
7f62c5da1000 81 14 1242 6
7f62c5da2000 79 8 1330 6
7f62c6fb5000 150 12 1493 6
7f62c5910000 22 4 1520 6
7f62c5905000 38 5 1564 6
7f62c590c000 21 4 1590 6
7f62c590d000 24 4 1619 6
7f62c5daa000 71 7 1698 6
7f62c5902000 21 4 1725 6
7f62c5911000 21 5 1752 6
7f62c590b000 21 4 1778 6
7f62c5909000 23 5 1807 6
7f62c590a000 21 4 1833 6
7f62c5dbc000 46 7 1887 6
7f62c5dbb000 70 6 1964 6
7f62c5dc3000 72 9 2046 7
7f62c5dc2000 51 3 2102 7
7f62c5dc1000 78 4 2185 7
7f62c5d8d000 40 2 2227 7
7f62c5d8c000 36 3 2268 7
7f62c5903000 21 2 2292 7
7f62c5d87000 48 4 2345 7
7f62c5d85000 76 5 2427 7
7f62c5d84000 54 5 2488 7
7f62c6fdc000 62 13 2565 7
7f62c6fdb000 97 8 2671 7
7f62c6fdd000 65 9 2746 7
7f62c5914000 22 2 2771 7
7f62c3cd1000 100 5 2877 7
7f62c3cc1000 16 2 2896 7
7f62c3cc2000 16 2 2914 7
7f62c9ca1000 66 5 2986 7
7f62c9ca0000 47 3 3037 7
7f62c9c9a000 47 3 3088 8
3105 8
0x7f62c8a80000
7f62c8a80000 42 26 68 0
7f62c8b82000 40 25 134 0
7f62c8b81000 61 33 229 0
7f62c7552000 22 15 266 0
7f62c7550000 20 16 303 0
7f62c7553000 21 16 340 0
7f62c7551000 21 16 378 0
7f62c7556000 21 15 415 0
7f62c7555000 22 15 453 1
7f62c3cd1000 99 34 587 4
7f62c3cc1000 16 8 611 4
7f62c3cc2000 16 8 636 4
7f62c7559000 21 9 667 4
7f62c7557000 21 8 697 4
7f62c8a7f000 52 16 767 5
7f62c8a7e000 78 15 861 5
7f62c755b000 21 7 890 5
7f62c755c000 82 14 987 6
7f62c8a5a000 49 8 1044 6
7f62c8a59000 78 9 1132 6
7f62c5d8b000 52 7 1192 6
7f62c5d8a000 46 6 1245 6
7f62c590f000 22 5 1274 6
7f62c5901000 20 4 1299 6
7f62c5d89000 36 5 1341 6
7f62c5d88000 67 7 1416 6
7f62c5913000 22 4 1443 6
7f62c5906000 26 5 1476 6
7f62c5907000 25 4 1507 6
7f62c5da1000 82 9 1599 7
7f62c5da2000 80 3 1683 7
7f62c6fb5000 150 7 1842 7
7f62c5910000 23 2 1867 7
7f62c5905000 37 3 1908 7
7f62c590c000 21 2 1932 7
7f62c590d000 24 2 1959 7
7f62c5daa000 70 5 2035 7
7f62c5902000 21 2 2059 7
7f62c5911000 22 2 2084 7
7f62c590b000 21 2 2108 7
7f62c5909000 23 2 2135 7
7f62c590a000 21 2 2159 7
7f62c5dbc000 46 3 2210 7
7f62c5dbb000 70 3 2284 7
7f62c5dc3000 73 5 2363 7
7f62c5dc2000 51 3 2418 7
7f62c5dc1000 78 4 2501 7
7f62c5d8d000 40 2 2543 7
7f62c5d8c000 36 3 2584 7
7f62c5903000 21 2 2608 7
7f62c5d87000 48 4 2661 7
7f62c5d85000 76 6 2744 7
7f62c5d84000 54 5 2804 7
7f62c6fdc000 62 13 2881 7
7f62c6fdb000 98 8 2988 7
7f62c6fdd000 64 9 3062 7
7f62c5914000 22 2 3087 7
7f62c9ca1000 65 6 3160 7
7f62c9ca0000 48 3 3211 7
7f62c9c9a000 46 4 3262 8
3278 8
0x7f62c8a7f000
7f62c8a7f000 52 30 83 2
7f62c8a7e000 78 26 188 2
7f62c755b000 22 11 222 2
7f62c7550000 20 11 254 2
7f62c755c000 81 25 361 3
7f62c7551000 22 8 391 3
7f62c8a5a000 49 16 457 3
7f62c8a59000 78 20 557 3
7f62c7556000 21 8 586 3
7f62c5d8b000 52 14 654 3
7f62c5d8a000 46 13 714 3
7f62c590f000 23 9 747 4
7f62c5901000 20 6 774 4
7f62c5d89000 36 9 820 4
7f62c5d88000 66 12 900 4
7f62c5913000 23 6 930 4
7f62c5906000 27 9 967 5
7f62c5907000 25 7 1000 5
7f62c5da1000 81 14 1096 6
7f62c5da2000 79 8 1184 6
7f62c6fb5000 150 12 1347 6
7f62c5910000 23 4 1374 6
7f62c5905000 37 6 1418 6
7f62c590c000 21 4 1444 6
7f62c590d000 24 4 1473 6
7f62c5daa000 70 8 1552 6
7f62c5902000 21 5 1579 6
7f62c5911000 21 4 1605 6
7f62c590b000 21 4 1632 6
7f62c5909000 23 5 1661 6
7f62c590a000 21 4 1687 6
7f62c5dbc000 46 7 1741 6
7f62c5dbb000 70 6 1818 6
7f62c5dc3000 73 9 1901 7
7f62c5dc2000 52 3 1957 7
7f62c5dc1000 78 3 2039 7
7f62c5d8d000 40 2 2082 7
7f62c5d8c000 37 3 2123 7
7f62c5903000 21 2 2147 7
7f62c5d87000 48 4 2200 7
7f62c5d85000 76 5 2282 7
7f62c5d84000 54 5 2343 7
7f62c6fdc000 63 13 2420 7
7f62c6fdb000 97 9 2527 7
7f62c6fdd000 64 9 2601 7
7f62c5914000 22 2 2626 7
7f62c3cd1000 100 5 2732 7
7f62c3cc1000 16 2 2751 7
7f62c3cc2000 16 2 2769 7
7f62c9ca1000 66 5 2841 7
7f62c9ca0000 48 3 2893 7
7f62c9c9a000 46 3 2943 8
2958 8
0x7f62c8a7e000
7f62c8a7e000 78 35 114 1
7f62c755b000 21 16 152 1
7f62c7550000 20 16 189 1
7f62c755c000 82 33 304 2
7f62c7551000 21 15 341 2
7f62c8a5a000 48 28 419 2
7f62c8a59000 78 33 532 2
7f62c7556000 21 15 569 2
7f62c5d8b000 53 21 644 2
7f62c5d8a000 46 16 707 2
7f62c590f000 23 10 741 3
7f62c5901000 20 9 771 3
7f62c5d89000 36 12 819 3
7f62c5d88000 67 14 901 3
7f62c5913000 22 8 933 3
7f62c5906000 27 11 972 4
7f62c5907000 25 9 1007 4
7f62c5da1000 82 17 1107 5
7f62c5da2000 79 11 1199 5
7f62c6fb5000 150 17 1367 6
7f62c5910000 22 4 1394 6
7f62c5905000 38 5 1438 6
7f62c590c000 21 4 1464 6
7f62c590d000 24 4 1493 6
7f62c5daa000 70 7 1572 6
7f62c5902000 21 4 1599 6
7f62c5911000 22 4 1626 6
7f62c590b000 21 4 1652 6
7f62c5909000 23 5 1681 6
7f62c590a000 21 4 1707 6
7f62c5dbc000 46 7 1761 6
7f62c5dbb000 70 6 1838 6
7f62c5dc3000 72 9 1920 7
7f62c5dc2000 51 3 1976 7
7f62c5dc1000 78 3 2058 7
7f62c5d8d000 40 2 2101 7
7f62c5d8c000 37 3 2142 7
7f62c5903000 21 2 2166 7
7f62c5d87000 48 4 2219 7
7f62c5d85000 77 5 2302 7
7f62c5d84000 54 5 2363 7
7f62c6fdc000 62 14 2440 7
7f62c6fdb000 97 8 2546 7
7f62c6fdd000 65 9 2621 7
7f62c5914000 22 2 2646 7
7f62c3cd1000 99 6 2752 7
7f62c3cc1000 17 1 2770 7
7f62c3cc2000 16 2 2789 7
7f62c9ca1000 66 5 2861 7
7f62c9ca0000 48 3 2912 7
7f62c9c9a000 46 4 2963 8
2976 8
0x7f62c8a5a000
7f62c8a5a000 49 28 77 0
7f62c8a59000 79 33 190 0
7f62c7556000 21 15 227 0
7f62c7550000 20 16 264 0
7f62c5d8b000 52 26 342 1
7f62c5d8a000 46 23 412 1
7f62c590f000 23 16 452 2
7f62c5901000 20 16 489 2
7f62c5d89000 36 21 546 2
7f62c5d88000 67 18 632 2
7f62c5913000 22 11 667 2
7f62c5906000 27 14 709 3
7f62c5907000 25 12 747 3
7f62c5da1000 82 22 852 5
7f62c5da2000 79 11 943 5
7f62c6fb5000 150 17 1111 6
7f62c5910000 23 4 1138 6
7f62c5905000 37 6 1182 6
7f62c590c000 21 4 1208 6
7f62c590d000 24 4 1237 6
7f62c5daa000 70 8 1316 6
7f62c5902000 21 4 1342 6
7f62c5911000 22 4 1369 6
7f62c590b000 21 4 1395 6
7f62c5909000 23 4 1424 6
7f62c590a000 21 4 1450 6
7f62c5dbc000 46 6 1504 6
7f62c5dbb000 70 6 1581 6
7f62c5dc3000 73 9 1664 7
7f62c5dc2000 51 3 1719 7
7f62c5dc1000 79 3 1802 7
7f62c5d8d000 40 3 1845 7
7f62c5d8c000 36 3 1885 7
7f62c5903000 21 2 1909 7
7f62c5d87000 48 4 1962 7
7f62c5d85000 77 5 2045 7
7f62c5d84000 55 5 2106 7
7f62c6fdc000 62 13 2182 7
7f62c6fdb000 98 8 2289 7
7f62c6fdd000 65 8 2363 7
7f62c5914000 22 2 2388 7
7f62c3cd1000 99 5 2494 7
7f62c3cc1000 16 2 2513 7
7f62c3cc2000 17 2 2532 7
7f62c9ca1000 66 5 2603 7
7f62c9ca0000 48 3 2655 7
7f62c9c9a000 47 3 2705 8
2716 8
0x7f62c8a59000
7f62c8a59000 78 34 112 0
112 0
0x7f62c786a000
7f62c786a000 72 21 94 0
94 0
0x7f62c8a1f000
7f62c8a1f000 38 32 70 1
7f62c755b000 21 16 108 1
7f62c7550000 20 16 145 1
7f62c755c000 82 33 260 2
7f62c8a1e000 54 22 337 2
7f62c5dbb000 70 23 430 2
7f62c5dc3000 72 24 527 3
7f62c5dc2000 51 12 591 4
7f62c590d000 24 7 623 4
7f62c5901000 20 6 650 4
7f62c5dc1000 78 10 739 4
7f62c5d8d000 40 8 788 4
7f62c5d8c000 36 9 834 4
7f62c5913000 22 7 864 4
7f62c5906000 27 8 900 5
7f62c5907000 25 7 933 5
7f62c590b000 21 6 961 5
7f62c590f000 23 6 991 5
7f62c5d8a000 46 9 1047 5
7f62c5d89000 36 8 1092 5
7f62c5d88000 67 10 1170 5
7f62c5da1000 82 13 1266 6
7f62c5da2000 79 7 1353 6
7f62c6fb5000 151 12 1517 7
7f62c5910000 23 2 1542 7
7f62c5905000 37 3 1583 7
7f62c590c000 21 2 1607 7
7f62c5d8b000 52 3 1664 7
7f62c590e000 40 3 1709 7
7f62c5903000 21 2 1733 7
7f62c5d87000 48 4 1786 7
7f62c5d85000 77 5 1869 7
7f62c5d84000 55 5 1930 7
7f62c5902000 21 2 1954 7
7f62c590a000 21 2 1979 7
7f62c6fdc000 62 13 2055 7
7f62c6fdb000 98 8 2162 7
7f62c5909000 23 2 2188 7
7f62c6fdd000 65 9 2263 7
7f62c5914000 22 2 2288 7
7f62c3cd1000 100 5 2394 7
7f62c3cc1000 16 2 2413 7
7f62c3cc2000 16 2 2431 7
7f62c9ca1000 66 5 2503 7
7f62c9ca0000 47 4 2555 7
7f62c9c9a000 47 3 2605 8
2615 8
0x7f62c8a1e000
7f62c8a1e000 53 23 76 0
76 0
0x7f62c8a28000
7f62c8a28000 60 35 96 0
7f62c8a27000 48 22 167 0
7f62c7551000 22 15 205 0
7f62c7550000 20 16 242 0
7f62c5dbd000 91 25 358 0
7f62c5dbc000 46 23 428 1
7f62c5dbb000 70 22 522 1
7f62c5dc3000 73 28 624 2
7f62c5dc2000 52 15 692 3
7f62c590d000 24 9 726 3
7f62c5901000 20 9 756 3
7f62c5dc1000 78 14 849 3
7f62c5d8d000 40 11 901 3
7f62c5d8c000 36 13 951 3
7f62c5913000 22 9 982 3
7f62c5906000 27 11 1022 4
7f62c5907000 25 9 1057 4
7f62c590b000 21 9 1088 4
7f62c590f000 22 9 1120 4
7f62c5d8a000 45 13 1180 4
7f62c5d89000 36 11 1228 5
7f62c5d88000 66 10 1306 5
7f62c5da1000 82 13 1402 6
7f62c5da2000 79 7 1490 6
7f62c6fb5000 150 12 1653 7
7f62c5910000 22 2 1678 7
7f62c5905000 38 2 1719 7
7f62c590c000 21 2 1743 7
7f62c5d8b000 52 3 1800 7
7f62c590e000 40 3 1845 7
7f62c5903000 21 2 1869 7
7f62c5d87000 48 4 1922 7
7f62c5d85000 77 5 2005 7
7f62c5d84000 55 5 2066 7
7f62c5902000 21 2 2090 7
7f62c590a000 21 2 2115 7
7f62c6fdc000 62 13 2191 7
7f62c6fdb000 99 8 2299 7
7f62c5909000 23 2 2325 7
7f62c6fdd000 64 9 2400 7
7f62c5914000 22 2 2425 7
7f62c3cd1000 100 5 2531 7
7f62c3cc1000 16 2 2550 7
7f62c3cc2000 16 2 2568 7
7f62c9ca1000 66 5 2640 7
7f62c9ca0000 47 4 2692 7
7f62c9c9a000 47 3 2742 8
2754 8
0x7f62c8a27000
7f62c8a27000 47 23 70 0
70 0
0x7f62c8a29000
7f62c8a29000 57 35 92 1
7f62c8a28000 60 35 188 1
7f62c8a27000 47 22 259 1
7f62c7551000 22 15 297 1
7f62c7550000 20 15 333 1
7f62c5dbd000 91 25 450 1
7f62c5dbc000 46 23 520 2
7f62c5dbb000 69 15 606 2
7f62c5dc3000 72 24 704 3
7f62c5dc2000 51 12 768 4
7f62c590d000 24 7 800 4
7f62c5901000 20 6 827 4
7f62c5dc1000 78 10 916 4
7f62c5d8d000 39 8 964 4
7f62c5d8c000 36 9 1011 4
7f62c5913000 23 6 1040 4
7f62c5906000 27 8 1076 5
7f62c5907000 25 7 1109 5
7f62c590b000 21 6 1137 5
7f62c590f000 22 7 1167 5
7f62c5d8a000 46 8 1222 5
7f62c5d89000 36 8 1268 5
7f62c5d88000 67 9 1345 5
7f62c5da1000 82 13 1442 6
7f62c5da2000 79 7 1529 6
7f62c6fb5000 150 11 1692 7
7f62c5910000 22 2 1717 7
7f62c5905000 38 3 1759 7
7f62c590c000 21 2 1783 7
7f62c5d8b000 52 4 1840 7
7f62c590e000 41 2 1884 7
7f62c5903000 21 2 1908 7
7f62c5d87000 48 3 1961 7
7f62c5d85000 76 5 2044 7
7f62c5d84000 54 5 2105 7
7f62c5902000 21 2 2129 7
7f62c590a000 21 2 2154 7
7f62c6fdc000 62 14 2231 7
7f62c6fdb000 99 8 2338 7
7f62c5909000 23 2 2364 7
7f62c6fdd000 65 9 2439 7
7f62c5914000 22 2 2464 7
7f62c3cd1000 100 5 2570 7
7f62c3cc1000 16 2 2589 7
7f62c3cc2000 17 1 2607 7
7f62c9ca1000 66 5 2679 7
7f62c9ca0000 48 3 2731 7
7f62c9c9a000 46 3 2781 8
2794 8
0x7f62c8a58000
7f62c8a58000 39 21 60 0
7f62c755b000 22 15 98 0
7f62c7550000 21 15 135 0
7f62c755c000 82 34 252 1
7f62c7556000 21 15 288 1
7f62c8a29000 57 35 381 1
7f62c8a28000 60 30 472 1
7f62c8a27000 47 19 539 1
7f62c7551000 22 13 574 1
7f62c5dbd000 91 21 687 1
7f62c5dbc000 46 20 754 2
7f62c5dbb000 70 15 840 2
7f62c5dc3000 72 24 937 3
7f62c5dc2000 51 11 1000 4
7f62c590d000 24 7 1032 4
7f62c5901000 20 6 1059 4
7f62c5dc1000 79 10 1148 4
7f62c5d8d000 39 8 1196 4
7f62c5d8c000 36 9 1242 4
7f62c5913000 22 6 1271 4
7f62c5906000 27 8 1307 5
7f62c5907000 25 6 1339 5
7f62c590b000 21 6 1367 5
7f62c590f000 22 7 1397 5
7f62c5d8a000 47 8 1452 5
7f62c5d89000 36 8 1497 5
7f62c5d88000 67 10 1575 5
7f62c5da1000 82 13 1671 6
7f62c5da2000 79 7 1758 6
7f62c6fb5000 150 12 1922 7
7f62c5910000 23 2 1947 7
7f62c5905000 37 3 1988 7
7f62c590c000 21 2 2012 7
7f62c5d8b000 52 4 2069 7
7f62c590e000 41 2 2113 7
7f62c5903000 21 2 2137 7
7f62c5d87000 48 4 2190 7
7f62c5d85000 77 6 2274 7
7f62c5d84000 54 5 2334 7
7f62c5902000 22 2 2359 7
7f62c590a000 21 2 2383 7
7f62c6fdc000 62 13 2459 7
7f62c6fdb000 99 8 2567 7
7f62c5909000 24 2 2593 7
7f62c6fdd000 65 9 2668 7
7f62c5914000 23 2 2693 7
7f62c3cd1000 100 5 2799 7
7f62c3cc1000 16 2 2818 7
7f62c3cc2000 17 2 2837 7
7f62c9ca1000 67 5 2909 7
7f62c9ca0000 48 4 2961 7
7f62c9c9a000 47 3 3011 8
3024 8
0x7f62c8a57000
7f62c8a57000 169 63 233 1
233 1
0x7f62c76fb000
7f62c76fb000 65 19 84 0
84 0
0x7f62c7691000
7f62c7691000 78 23 101 1
7f62c5dbd000 91 26 219 1
7f62c5dbc000 46 23 289 2
7f62c5dbb000 71 22 383 2
7f62c5dc3000 73 26 483 3
7f62c5dc2000 52 14 550 4
7f62c590d000 24 9 584 4
7f62c5901000 20 9 613 4
7f62c5dc1000 78 13 705 4
7f62c5d8d000 40 10 756 4
7f62c5d8c000 37 11 805 4
7f62c5913000 22 9 836 4
7f62c5906000 27 10 874 4
7f62c5907000 25 10 910 4
7f62c590b000 22 8 940 4
7f62c590f000 23 9 973 4
7f62c5d8a000 46 12 1032 4
7f62c5d89000 36 12 1081 5
7f62c5d88000 67 10 1159 5
7f62c5da1000 82 13 1255 6
7f62c5da2000 80 7 1343 6
7f62c6fb5000 151 12 1507 7
7f62c5910000 23 2 1532 7
7f62c5905000 37 3 1573 7
7f62c590c000 21 2 1597 7
7f62c5d8b000 52 4 1654 7
7f62c590e000 41 2 1698 7
7f62c5903000 21 2 1722 7
7f62c5d87000 49 3 1775 7
7f62c5d85000 77 5 1858 7
7f62c5d84000 55 5 1919 7
7f62c5902000 21 2 1943 7
7f62c590a000 22 2 1968 7
7f62c6fdc000 63 14 2045 7
7f62c6fdb000 99 8 2152 7
7f62c5909000 23 2 2178 7
7f62c6fdd000 65 9 2253 7
7f62c5914000 22 2 2278 7
7f62c3cd1000 101 5 2385 7
7f62c3cc1000 16 2 2404 7
7f62c3cc2000 16 3 2423 7
7f62c9ca1000 67 5 2495 7
7f62c9ca0000 48 4 2547 7
7f62c9c9a000 47 3 2597 8
2609 8
0x7f62c7690000
7f62c7690000 76 24 100 0
7f62c768f000 80 30 211 0
7f62c768e000 60 21 293 0
7f62c768d000 64 18 376 0
7f62889a1000 16 15 408 0
7f62c7557000 22 15 446 0
7f62c7550000 20 16 483 0
7f62c7691000 78 23 584 1
7f62c5dbd000 91 26 702 1
7f62c5dbc000 46 24 773 2
7f62c5dbb000 70 22 866 2
7f62c5dc3000 74 26 967 3
7f62c5dc2000 52 14 1034 4
7f62c590d000 24 9 1068 4
7f62c5901000 20 9 1097 4
7f62c5dc1000 78 14 1190 4
7f62c5d8d000 40 10 1240 4
7f62c5d8c000 37 11 1289 4
7f62c5913000 23 8 1320 4
7f62c5906000 27 10 1358 4
7f62c5907000 26 9 1394 4
7f62c590b000 21 8 1424 4
7f62c590f000 23 9 1457 4
7f62c5d8a000 46 12 1516 4
7f62c5d89000 37 11 1565 5
7f62c5d88000 67 10 1643 5
7f62c5da1000 83 13 1740 6
7f62c5da2000 80 7 1828 6
7f62c6fb5000 151 12 1992 7
7f62c5910000 22 2 2016 7
7f62c5905000 38 3 2058 7
7f62c590c000 21 2 2082 7
7f62c5d8b000 52 4 2139 7
7f62c590e000 41 2 2183 7
7f62c5903000 21 2 2207 7
7f62c5d87000 48 4 2260 7
7f62c5d85000 77 5 2343 7
7f62c5d84000 55 5 2404 7
7f62c5902000 21 2 2428 7
7f62c590a000 21 2 2452 7
7f62c6fdc000 63 13 2529 7
7f62c6fdb000 98 8 2636 7
7f62c5909000 23 3 2663 7
7f62c6fdd000 65 9 2737 7
7f62c5914000 22 2 2762 7
7f62c3cd1000 100 6 2869 7
7f62c3cc1000 16 2 2887 7
7f62c3cc2000 16 2 2906 7
7f62c9ca1000 67 5 2978 7
7f62c9ca0000 48 4 3030 7
7f62c9c9a000 47 3 3080 8
3096 8
0x7f62c768f000
7f62c768f000 80 30 110 0
7f62c768e000 60 21 192 0
7f62c768d000 64 18 275 0
7f62889a1000 16 15 307 0
7f62c7557000 22 15 345 0
7f62c7550000 20 16 382 0
7f62c7691000 78 23 483 1
7f62c5dbd000 91 26 601 1
7f62c5dbc000 46 24 672 2
7f62c5dbb000 70 23 766 2
7f62c5dc3000 73 26 866 3
7f62c5dc2000 51 14 932 4
7f62c590d000 24 9 966 4
7f62c5901000 20 9 996 4
7f62c5dc1000 79 13 1088 4
7f62c5d8d000 40 10 1138 4
7f62c5d8c000 37 11 1187 4
7f62c5913000 23 8 1218 4
7f62c5906000 27 11 1257 4
7f62c5907000 26 9 1292 4
7f62c590b000 21 9 1323 4
7f62c590f000 23 9 1355 4
7f62c5d8a000 46 13 1415 4
7f62c5d89000 36 11 1463 5
7f62c5d88000 68 9 1541 5
7f62c5da1000 83 13 1638 6
7f62c5da2000 80 7 1726 6
7f62c6fb5000 151 12 1890 7
7f62c5910000 23 2 1915 7
7f62c5905000 38 2 1956 7
7f62c590c000 21 2 1980 7
7f62c5d8b000 53 4 2038 7
7f62c590e000 41 2 2082 7
7f62c5903000 21 2 2106 7
7f62c5d87000 48 4 2159 7
7f62c5d85000 77 5 2242 7
7f62c5d84000 55 5 2303 7
7f62c5902000 21 2 2327 7
7f62c590a000 21 2 2351 7
7f62c6fdc000 63 13 2428 7
7f62c6fdb000 98 9 2536 7
7f62c5909000 24 2 2562 7
7f62c6fdd000 65 9 2637 7
7f62c5914000 23 2 2662 7
7f62c3cd1000 100 5 2768 7
7f62c3cc1000 16 2 2787 7
7f62c3cc2000 16 2 2805 7
7f62c9ca1000 66 5 2877 7
7f62c9ca0000 48 3 2929 7
7f62c9c9a000 47 3 2980 8
2994 8
0x7f62c768e000
7f62c768e000 59 21 81 0
7f62c768d000 64 18 164 0
7f62889a1000 16 15 196 0
7f62c768f000 80 30 308 0
7f62c7569000 71 28 408 1
7f62c756a000 68 23 500 1
7f62c9382000 23 15 539 1
7f62c5dbb000 70 23 633 1
7f62c5dc3000 74 33 740 1
7f62c5dc2000 52 18 811 2
7f62c590d000 24 13 849 2
7f62c5901000 20 12 881 2
7f62c5dc1000 79 18 979 2
7f62c5d8d000 40 14 1033 2
7f62c5d8c000 37 16 1087 2
7f62c5913000 22 12 1121 2
7f62c5906000 27 15 1164 3
7f62c5907000 26 12 1202 3
7f62c590b000 21 11 1235 3
7f62c590f000 23 12 1271 3
7f62c5d8a000 47 16 1334 3
7f62c5d89000 36 15 1386 4
7f62c5d88000 67 14 1468 4
7f62c5da1000 82 18 1569 6
7f62c5da2000 80 7 1657 6
7f62c6fb5000 151 12 1821 7
7f62c5910000 22 2 1846 7
7f62c5905000 38 2 1887 7
7f62c590c000 21 2 1911 7
7f62c5d8b000 53 3 1968 7
7f62c590e000 41 3 2013 7
7f62c5903000 22 2 2037 7
7f62c5d87000 48 4 2090 7
7f62c5d85000 76 6 2173 7
7f62c5d84000 54 5 2233 7
7f62c5902000 22 2 2258 7
7f62c590a000 21 2 2282 7
7f62c6fdc000 62 14 2359 7
7f62c6fdb000 99 8 2466 7
7f62c5909000 24 2 2493 7
7f62c6fdd000 65 9 2568 7
7f62c5914000 23 2 2593 7
7f62c3cd1000 100 5 2699 7
7f62c3cc1000 17 2 2718 7
7f62c3cc2000 16 2 2736 7
7f62c9ca1000 66 5 2808 7
7f62c9ca0000 48 3 2860 7
7f62c9c9a000 46 4 2911 8
2923 8
0x7f62c768d000
7f62c768d000 64 18 82 0
7f62889a1000 16 15 114 0
7f62c768f000 80 31 226 0
7f62c768e000 60 21 307 0
7f62c7552000 21 16 345 0
7f62c7550000 21 15 381 0
7f62c5d8c000 36 21 439 1
7f62c7554000 36 19 494 2
7f62c755b000 21 12 528 2
7f62c755c000 82 26 637 3
7f62c5dba000 65 18 720 3
7f62c590e000 41 10 772 3
7f62c5901000 20 9 802 3
7f62c5913000 22 9 834 3
7f62c5910000 22 9 866 3
7f62c590c000 21 9 897 3
7f62c5906000 27 12 937 4
7f62c5d8b000 53 14 1004 4
7f62c5d8a000 47 12 1063 4
7f62c590f000 23 9 1096 4
7f62c5d89000 36 11 1144 4
7f62c5d88000 67 14 1226 4
7f62c5907000 25 10 1262 4
7f62c5da1000 83 18 1363 5
7f62c5da2000 80 10 1454 5
7f62c6fb5000 151 17 1623 6
7f62c5905000 37 6 1667 6
7f62c590d000 24 4 1696 6
7f62c5daa000 70 8 1775 6
7f62c5902000 21 4 1801 6
7f62c5911000 22 4 1828 6
7f62c590b000 21 4 1854 6
7f62c5909000 24 4 1883 6
7f62c590a000 21 4 1909 6
7f62c5dbc000 47 6 1963 6
7f62c5dbb000 70 6 2040 6
7f62c5dc3000 73 9 2123 7
7f62c5dc2000 52 3 2179 7
7f62c5dc1000 78 4 2262 7
7f62c5d8d000 40 3 2305 7
7f62c5903000 21 2 2329 7
7f62c5d87000 48 4 2382 7
7f62c5d85000 77 5 2465 7
7f62c5d84000 55 5 2526 7
7f62c6fdc000 62 14 2603 7
7f62c6fdb000 99 8 2710 7
7f62c6fdd000 65 9 2785 7
7f62c5914000 22 2 2810 7
7f62c3cd1000 100 6 2917 7
7f62c3cc1000 16 2 2935 7
7f62c3cc2000 16 2 2954 7
7f62c9ca1000 67 5 3026 7
7f62c9ca0000 48 4 3078 7
7f62c9c9a000 47 3 3128 8
3141 8
0x7f62889a1000
7f62889a1000 16 15 32 0
32 0
0x7f62c8a24000
7f62c8a24000 55 21 76 1
7f62c8a59000 80 33 190 1
7f62c755b000 21 16 228 1
7f62c7550000 20 16 265 1
7f62c755c000 82 34 381 2
7f62c5d8b000 53 18 452 2
7f62c5d8a000 47 16 516 2
7f62c590f000 23 12 552 2
7f62c5901000 20 11 584 2
7f62c5d89000 37 15 636 2
7f62c5d88000 67 18 722 2
7f62c5913000 23 11 757 2
7f62c5906000 27 13 798 3
7f62c5907000 25 12 836 3
7f62c5da1000 82 22 941 5
7f62c5da2000 80 11 1033 5
7f62c6fb5000 151 17 1202 6
7f62c5910000 23 4 1229 6
7f62c5905000 38 5 1273 6
7f62c590c000 21 4 1299 6
7f62c590d000 24 4 1328 6
7f62c5daa000 71 7 1407 6
7f62c5902000 22 4 1434 6
7f62c5911000 21 4 1460 6
7f62c590b000 21 5 1487 6
7f62c5909000 23 4 1515 6
7f62c590a000 21 4 1541 6
7f62c5dbc000 47 6 1595 6
7f62c5dbb000 70 7 1673 6
7f62c5dc3000 73 10 1756 7
7f62c5dc2000 52 3 1811 7
7f62c5dc1000 79 3 1894 7
7f62c5d8d000 40 3 1937 7
7f62c5d8c000 37 2 1977 7
7f62c5903000 21 2 2001 7
7f62c5d87000 48 4 2054 7
7f62c5d85000 77 6 2138 7
7f62c5d84000 54 5 2198 7
7f62c6fdc000 62 13 2275 7
7f62c6fdb000 98 8 2382 7
7f62c6fdd000 65 9 2457 7
7f62c5914000 23 2 2482 7
7f62c3cd1000 100 5 2588 7
7f62c3cc1000 16 2 2607 7
7f62c3cc2000 16 3 2626 7
7f62c9ca1000 66 5 2697 7
7f62c9ca0000 48 3 2749 7
7f62c9c9a000 46 4 2800 8
2810 8
0x7f62c7569000
7f62c7569000 72 27 99 1
7f62c756a000 69 23 192 1
7f62c9382000 22 16 231 1
7f62c5dbb000 70 23 324 1
7f62c5dc3000 73 33 431 1
7f62c5dc2000 52 18 502 2
7f62c590d000 24 12 539 2
7f62c5901000 20 12 572 2
7f62c5dc1000 79 18 670 2
7f62c5d8d000 40 14 724 2
7f62c5d8c000 37 16 778 2
7f62c5913000 23 11 812 2
7f62c5906000 27 15 855 3
7f62c5907000 26 12 893 3
7f62c590b000 21 11 926 3
7f62c590f000 23 12 962 3
7f62c5d8a000 47 16 1025 3
7f62c5d89000 36 14 1076 4
7f62c5d88000 67 14 1158 4
7f62c5da1000 82 18 1259 6
7f62c5da2000 79 7 1346 6
7f62c6fb5000 150 11 1508 7
7f62c5910000 22 2 1533 7
7f62c5905000 38 2 1574 7
7f62c590c000 21 2 1598 7
7f62c5d8b000 52 4 1655 7
7f62c590e000 41 2 1699 7
7f62c5903000 21 2 1723 7
7f62c5d87000 48 4 1776 7
7f62c5d85000 77 5 1859 7
7f62c5d84000 54 5 1919 7
7f62c5902000 21 2 1943 7
7f62c590a000 21 2 1968 7
7f62c6fdc000 62 13 2044 7
7f62c6fdb000 98 8 2151 7
7f62c5909000 24 2 2177 7
7f62c6fdd000 65 9 2252 7
7f62c5914000 23 2 2277 7
7f62c3cd1000 99 5 2382 7
7f62c3cc1000 16 2 2401 7
7f62c3cc2000 16 2 2419 7
7f62c9ca1000 66 5 2491 7
7f62c9ca0000 48 3 2542 7
7f62c9c9a000 46 4 2593 8
2603 8
0x7f62c756a000
7f62c756a000 68 23 91 0
7f62c9382000 23 15 130 0
7f62c7569000 71 27 229 1
7f62c5dbb000 70 22 322 1
7f62c5dc3000 73 33 429 1
7f62c5dc2000 51 19 500 2
7f62c590d000 24 12 537 2
7f62c5901000 20 12 570 2
7f62c5dc1000 78 19 668 2
7f62c5d8d000 40 14 722 2
7f62c5d8c000 37 16 776 2
7f62c5913000 22 12 810 2
7f62c5906000 27 15 853 3
7f62c5907000 26 12 891 3
7f62c590b000 21 11 924 3
7f62c590f000 23 12 960 3
7f62c5d8a000 46 16 1023 3
7f62c5d89000 36 15 1075 4
7f62c5d88000 67 14 1157 4
7f62c5da1000 82 18 1258 6
7f62c5da2000 79 7 1345 6
7f62c6fb5000 150 12 1508 7
7f62c5910000 22 2 1532 7
7f62c5905000 38 3 1574 7
7f62c590c000 21 2 1597 7
7f62c5d8b000 53 3 1654 7
7f62c590e000 41 2 1698 7
7f62c5903000 21 2 1722 7
7f62c5d87000 48 4 1775 7
7f62c5d85000 77 5 1858 7
7f62c5d84000 54 5 1918 7
7f62c5902000 21 2 1942 7
7f62c590a000 21 2 1966 7
7f62c6fdc000 62 13 2042 7
7f62c6fdb000 98 8 2149 7
7f62c5909000 23 2 2175 7
7f62c6fdd000 65 9 2250 7
7f62c5914000 23 2 2275 7
7f62c3cd1000 100 5 2380 7
7f62c3cc1000 16 2 2399 7
7f62c3cc2000 16 2 2417 7
7f62c9ca1000 66 5 2489 7
7f62c9ca0000 48 3 2540 7
7f62c9c9a000 46 3 2590 8
2601 8
0x7f62c9382000
7f62c9382000 22 16 38 0
38 0
0x7f62c7560000
7f62c7560000 152 43 195 1
7f62c7692000 62 29 287 2
7f62c7691000 77 18 383 3
7f62c5dbd000 91 17 491 3
7f62c5dbc000 47 15 554 3
7f62c5dbb000 70 15 640 3
7f62c5dc3000 73 22 736 4
7f62c5dc2000 51 12 800 4
7f62c590d000 24 9 833 4
7f62c5901000 20 9 863 4
7f62c5dc1000 78 13 954 4
7f62c5d8d000 39 11 1005 4
7f62c5d8c000 36 11 1053 4
7f62c5913000 23 8 1084 4
7f62c5906000 27 10 1122 4
7f62c5907000 25 10 1158 4
7f62c590b000 21 9 1188 4
7f62c590f000 22 9 1220 4
7f62c5d8a000 46 12 1279 4
7f62c5d89000 36 12 1328 5
7f62c5d88000 66 10 1405 5
7f62c5da1000 82 13 1501 6
7f62c5da2000 79 7 1588 6
7f62c6fb5000 151 11 1751 7
7f62c5910000 22 2 1776 7
7f62c5905000 37 3 1817 7
7f62c590c000 21 2 1841 7
7f62c5d8b000 52 3 1897 7
7f62c590e000 41 3 1942 7
7f62c5903000 21 2 1965 7
7f62c5d87000 49 4 2019 7
7f62c5d85000 76 5 2101 7
7f62c5d84000 54 5 2161 7
7f62c5902000 22 2 2186 7
7f62c590a000 21 2 2210 7
7f62c6fdc000 62 13 2286 7
7f62c6fdb000 98 8 2393 7
7f62c5909000 23 2 2419 7
7f62c6fdd000 65 9 2494 7
7f62c5914000 22 2 2518 7
7f62c3cd1000 100 5 2624 7
7f62c3cc1000 16 2 2643 7
7f62c3cc2000 16 2 2661 7
7f62c9ca1000 66 5 2733 7
7f62c9ca0000 48 3 2784 7
7f62c9c9a000 46 3 2834 8
2849 8
0x7f62c7692000
7f62c7692000 61 30 92 1
7f62c7691000 77 19 189 2
7f62c5dbd000 91 20 301 2
7f62c5dbc000 46 18 366 2
7f62c5dbb000 70 17 454 2
7f62c5dc3000 73 26 554 3
7f62c5dc2000 51 14 620 4
7f62c590d000 24 9 654 4
7f62c5901000 20 8 683 4
7f62c5dc1000 78 13 775 4
7f62c5d8d000 40 10 825 4
7f62c5d8c000 37 11 874 4
7f62c5913000 22 9 905 4
7f62c5906000 27 10 943 4
7f62c5907000 25 9 978 4
7f62c590b000 21 9 1009 4
7f62c590f000 22 9 1041 4
7f62c5d8a000 46 12 1100 4
7f62c5d89000 36 12 1149 5
7f62c5d88000 67 9 1226 5
7f62c5da1000 82 13 1322 6
7f62c5da2000 79 7 1409 6
7f62c6fb5000 150 12 1572 7
7f62c5910000 22 2 1597 7
7f62c5905000 37 3 1638 7
7f62c590c000 21 2 1662 7
7f62c5d8b000 52 3 1718 7
7f62c590e000 41 2 1762 7
7f62c5903000 21 2 1786 7
7f62c5d87000 48 4 1839 7
7f62c5d85000 76 6 1922 7
7f62c5d84000 54 5 1982 7
7f62c5902000 21 2 2006 7
7f62c590a000 22 2 2031 7
7f62c6fdc000 63 13 2107 7
7f62c6fdb000 98 8 2213 7
7f62c5909000 23 3 2240 7
7f62c6fdd000 65 9 2314 7
7f62c5914000 23 2 2339 7
7f62c3cd1000 99 5 2444 7
7f62c3cc1000 16 2 2463 7
7f62c3cc2000 16 2 2481 7
7f62c9ca1000 66 5 2553 7
7f62c9ca0000 48 3 2604 7
7f62c9c9a000 46 3 2654 8
2668 8
0x7f62c7dcd000
7f62c7dcd000 50 24 75 1
75 1
0x7f62c7c8d000
7f62c7c8d000 47 19 66 0
66 0
0x7f62c7ca2000
7f62c7ca2000 64 21 85 1
7f62c7ca1000 77 19 182 1
7f62c5dbd000 91 25 299 1
7f62c5dbc000 46 23 369 1
7f62c5dbb000 70 23 463 1
7f62c5dc3000 73 28 564 2
7f62c5dc2000 52 15 632 3
7f62c590d000 23 10 666 3
7f62c5901000 20 9 696 3
7f62c5dc1000 78 15 789 3
7f62c5d8d000 40 11 840 3
7f62c5d8c000 36 13 890 3
7f62c5913000 22 9 921 3
7f62c5906000 27 11 960 4
7f62c5907000 25 10 996 4
7f62c590b000 22 8 1026 4
7f62c590f000 22 9 1058 4
7f62c5d8a000 46 13 1118 4
7f62c5d89000 36 11 1166 5
7f62c5d88000 67 10 1244 5
7f62c5da1000 82 13 1340 6
7f62c5da2000 80 7 1428 6
7f62c6fb5000 151 12 1592 7
7f62c5910000 23 2 1617 7
7f62c5905000 38 2 1658 7
7f62c590c000 21 2 1682 7
7f62c5d8b000 53 3 1739 7
7f62c590e000 41 3 1784 7
7f62c5903000 22 2 1808 7
7f62c5d87000 49 4 1861 7
7f62c5d85000 77 5 1944 7
7f62c5d84000 55 5 2005 7
7f62c5902000 21 2 2029 7
7f62c590a000 21 2 2053 7
7f62c6fdc000 63 13 2130 7
7f62c6fdb000 99 8 2238 7
7f62c5909000 24 2 2264 7
7f62c6fdd000 65 9 2339 7
7f62c5914000 23 2 2364 7
7f62c3cd1000 100 5 2470 7
7f62c3cc1000 16 2 2489 7
7f62c3cc2000 17 1 2507 7
7f62c9ca1000 66 6 2580 7
7f62c9ca0000 48 4 2632 7
7f62c9c9a000 47 3 2682 8
2697 8
0x7f62c7ca1000
7f62c7ca1000 77 19 96 0
7f62c5dbd000 91 26 214 0
7f62c5dbc000 46 24 285 1
7f62c5dbb000 70 22 378 1
7f62c5dc3000 74 28 481 2
7f62c5dc2000 52 15 549 3
7f62c590d000 24 9 583 3
7f62c5901000 20 9 613 3
7f62c5dc1000 78 15 707 3
7f62c5d8d000 40 11 758 3
7f62c5d8c000 37 12 808 3
7f62c5913000 22 9 840 3
7f62c5906000 27 11 879 4
7f62c5907000 25 10 915 4
7f62c590b000 21 8 945 4
7f62c590f000 23 9 978 4
7f62c5d8a000 46 12 1037 4
7f62c5d89000 37 11 1086 5
7f62c5d88000 66 10 1163 5
7f62c5da1000 82 13 1259 6
7f62c5da2000 79 7 1346 6
7f62c6fb5000 151 11 1509 7
7f62c5910000 22 2 1534 7
7f62c5905000 37 3 1575 7
7f62c590c000 21 2 1599 7
7f62c5d8b000 52 3 1655 7
7f62c590e000 41 3 1700 7
7f62c5903000 22 2 1724 7
7f62c5d87000 49 4 1777 7
7f62c5d85000 76 5 1859 7
7f62c5d84000 55 4 1919 7
7f62c5902000 21 2 1944 7
7f62c590a000 21 2 1968 7
7f62c6fdc000 62 13 2044 7
7f62c6fdb000 98 8 2151 7
7f62c5909000 24 2 2177 7
7f62c6fdd000 64 9 2251 7
7f62c5914000 22 2 2276 7
7f62c3cd1000 99 6 2382 7
7f62c3cc1000 16 2 2400 7
7f62c3cc2000 17 2 2419 7
7f62c9ca1000 66 5 2490 7
7f62c9ca0000 47 4 2542 7
7f62c9c9a000 47 3 2592 8
2605 8
0x7f62c854e000
7f62c854e000 75 32 107 1
7f62c5dbb000 70 22 200 1
7f62c5dc3000 73 33 307 2
7f62c5dc2000 51 16 375 2
7f62c590d000 24 12 412 2
7f62c5901000 20 12 445 2
7f62c5dc1000 78 19 542 2
7f62c5d8d000 40 14 596 2
7f62c5d8c000 36 16 649 2
7f62c5913000 23 11 683 2
7f62c5906000 27 14 725 3
7f62c5907000 25 12 763 3
7f62c590b000 21 12 797 3
7f62c590f000 23 12 832 3
7f62c5d8a000 45 17 895 3
7f62c5d89000 36 14 946 4
7f62c5d88000 67 14 1028 4
7f62c5da1000 82 18 1129 6
7f62c5da2000 79 7 1216 6
7f62c6fb5000 150 12 1379 7
7f62c5910000 23 2 1404 7
7f62c5905000 37 3 1445 7
7f62c590c000 21 2 1469 7
7f62c5d8b000 52 3 1525 7
7f62c590e000 41 2 1569 7
7f62c5903000 21 2 1593 7
7f62c5d87000 49 3 1646 7
7f62c5d85000 76 5 1729 7
7f62c5d84000 56 5 1791 7
7f62c5902000 21 2 1815 7
7f62c590a000 21 2 1839 7
7f62c6fdc000 63 13 1916 7
7f62c6fdb000 99 8 2023 7
7f62c5909000 23 2 2049 7
7f62c6fdd000 65 9 2124 7
7f62c5914000 23 2 2149 7
7f62c3cd1000 100 6 2255 7
7f62c3cc1000 16 2 2273 7
7f62c3cc2000 16 2 2291 7
7f62c9ca1000 66 5 2363 7
7f62c9ca0000 47 4 2415 7
7f62c9c9a000 47 3 2465 8
2476 8
0x7f62c854d000
7f62c854d000 72 27 99 0
7f62c854c000 61 24 185 0
7f62c5da2000 79 27 292 1
7f62c590f000 22 14 330 2
7f62c5901000 20 12 362 2
7f62c5913000 22 11 395 2
7f62c6fb5000 151 32 579 4
7f62c5910000 22 9 611 4
7f62c5905000 38 11 661 5
7f62c590c000 21 6 689 5
7f62c5d8b000 52 11 753 6
7f62c5d8a000 46 6 806 6
7f62c5d89000 37 5 849 6
7f62c5d88000 67 7 924 6
7f62c5906000 27 5 957 6
7f62c5907000 26 4 987 6
7f62c5da1000 82 9 1079 6
7f62c5dad000 94 7 1181 7
7f62c5dac000 57 4 1243 8
1253 8
0x7f62c854c000
7f62c854c000 60 25 85 0
7f62c5da2000 79 27 192 1
7f62c590f000 23 14 230 2
7f62c5901000 20 12 262 2
7f62c5913000 22 11 295 2
7f62c6fb5000 151 32 479 4
7f62c5910000 22 9 510 4
7f62c5905000 38 11 560 5
7f62c590c000 21 7 589 5
7f62c5d8b000 52 11 653 6
7f62c5d8a000 46 6 706 6
7f62c5d89000 36 6 749 6
7f62c5d88000 66 7 823 6
7f62c5906000 27 5 856 6
7f62c5907000 25 5 887 6
7f62c5da1000 82 9 979 6
7f62c5dad000 93 8 1081 7
7f62c5dac000 56 5 1143 8
1151 8
0x7f62c854b000
7f62c854b000 106 35 141 0
7f62c8a7e000 78 35 255 1
7f62c755b000 21 16 293 1
7f62c7550000 20 16 330 1
7f62c755c000 82 33 445 2
7f62c7551000 21 15 482 2
7f62c8a5a000 49 28 560 2
7f62c8a59000 79 33 673 2
7f62c7556000 21 15 710 2
7f62c5d8b000 52 21 784 2
7f62c5d8a000 46 16 847 2
7f62c590f000 23 10 881 3
7f62c5901000 20 9 911 3
7f62c5d89000 36 12 959 3
7f62c5d88000 67 14 1041 3
7f62c5913000 22 9 1073 3
7f62c5906000 27 10 1111 4
7f62c5907000 25 9 1146 4
7f62c5da1000 81 18 1246 5
7f62c5da2000 79 10 1336 5
7f62c6fb5000 151 17 1505 6
7f62c5910000 23 4 1532 6
7f62c5905000 37 5 1575 6
7f62c590c000 21 4 1601 6
7f62c590d000 24 4 1630 6
7f62c5daa000 71 7 1709 6
7f62c5902000 21 5 1736 6
7f62c5911000 22 4 1762 6
7f62c590b000 21 4 1788 6
7f62c5909000 24 4 1817 6
7f62c590a000 21 4 1843 6
7f62c5dbc000 46 7 1897 6
7f62c5dbb000 70 6 1973 6
7f62c5dc3000 73 9 2056 7
7f62c5dc2000 51 3 2111 7
7f62c5dc1000 78 4 2194 7
7f62c5d8d000 40 2 2236 7
7f62c5d8c000 37 3 2277 7
7f62c5903000 21 2 2300 7
7f62c5d87000 48 4 2353 7
7f62c5d85000 77 5 2436 7
7f62c5d84000 54 5 2496 7
7f62c6fdc000 62 13 2573 7
7f62c6fdb000 98 9 2680 7
7f62c6fdd000 65 9 2754 7
7f62c5914000 23 2 2779 7
7f62c3cd1000 99 6 2885 7
7f62c3cc1000 16 2 2903 7
7f62c3cc2000 16 2 2922 7
7f62c9ca1000 66 5 2993 7
7f62c9ca0000 47 4 3045 7
7f62c9c9a000 47 3 3095 8
3109 8
0x7f62c89fa000
7f62c89fa000 73 61 134 2
7f62c8a57000 168 47 350 3
7f62c755b000 21 10 381 3
7f62c7550000 21 9 411 3
7f62c755c000 82 20 513 3
7f62c7556000 21 9 544 3
7f62c7551000 21 9 575 3
576 3
0x7f62c854a000
7f62c854a000 156 50 206 0
7f62c8549000 198 64 469 1
7f62c8547000 158 44 672 1
7f62c8546000 244 68 985 2
7f62c8a7e000 78 26 1090 3
7f62c755b000 21 9 1121 3
7f62c7550000 20 9 1151 3
7f62c755c000 82 20 1253 4
7f62c7551000 22 6 1281 4
7f62c8a5a000 49 12 1343 4
7f62c8a59000 78 15 1437 4
7f62c7556000 22 6 1465 4
7f62c5d8b000 53 10 1528 4
7f62c5d8a000 46 10 1585 4
7f62c590f000 23 6 1615 5
7f62c5901000 20 4 1640 5
7f62c5d89000 36 6 1683 5
7f62c5d88000 66 8 1758 5
7f62c5913000 23 4 1786 5
7f62c5906000 27 5 1819 6
7f62c5907000 25 4 1849 6
7f62c5da1000 82 9 1941 7
7f62c5da2000 79 3 2024 7
7f62c6fb5000 150 6 2182 8
2192 8
0x7f62c8549000
7f62c8549000 199 64 263 1
7f62c8547000 158 44 466 1
7f62c8546000 244 68 778 2
7f62c8a7e000 78 26 883 3
7f62c755b000 22 9 915 3
7f62c7550000 21 8 944 3
7f62c755c000 82 19 1046 4
7f62c7551000 21 6 1074 4
7f62c8a5a000 49 12 1136 4
7f62c8a59000 79 14 1230 4
7f62c7556000 21 6 1258 4
7f62c5d8b000 52 11 1322 4
7f62c5d8a000 47 9 1378 4
7f62c590f000 23 6 1408 5
7f62c5901000 20 4 1433 5
7f62c5d89000 36 6 1476 5
7f62c5d88000 67 8 1552 5
7f62c5913000 22 5 1580 5
7f62c5906000 28 5 1613 6
7f62c5907000 25 5 1644 6
7f62c5da1000 83 8 1735 7
7f62c5da2000 80 3 1819 7
7f62c6fb5000 150 7 1977 8
1986 8
0x7f62c8547000
7f62c8547000 160 44 204 0
7f62c8546000 244 68 517 1
7f62c8a7e000 78 35 631 2
7f62c755b000 21 11 664 2
7f62c7550000 20 11 696 2
7f62c755c000 82 24 802 3
7f62c7551000 22 8 832 3
7f62c8a5a000 49 16 898 3
7f62c8a59000 78 19 996 3
7f62c7556000 21 8 1026 3
7f62c5d8b000 52 14 1093 3
7f62c5d8a000 46 13 1153 3
7f62c590f000 22 9 1185 4
7f62c5901000 20 6 1212 4
7f62c5d89000 36 9 1258 4
7f62c5d88000 67 11 1337 4
7f62c5913000 22 6 1366 4
7f62c5906000 27 8 1402 5
7f62c5907000 25 7 1435 5
7f62c5da1000 82 13 1530 6
7f62c5da2000 80 7 1618 6
7f62c6fb5000 150 12 1781 7
7f62c5910000 22 3 1806 7
7f62c5905000 38 3 1847 7
7f62c590c000 22 2 1871 7
7f62c590d000 24 2 1898 7
7f62c5daa000 70 4 1973 7
7f62c5902000 21 2 1997 7
7f62c5911000 22 2 2022 7
7f62c590b000 21 2 2046 7
7f62c5909000 23 2 2072 7
7f62c590a000 21 2 2096 7
7f62c5dbc000 46 4 2147 7
7f62c5dbb000 69 4 2221 7
7f62c5dc3000 72 5 2299 8
2310 8
0x7f62c8546000
7f62c8546000 243 68 312 1
7f62c8a7e000 78 35 426 2
7f62c755b000 21 11 459 2
7f62c7550000 20 11 491 2
7f62c755c000 82 24 597 3
7f62c7551000 22 8 627 3
7f62c8a5a000 49 16 692 3
7f62c8a59000 79 19 791 3
7f62c7556000 21 8 821 3
7f62c5d8b000 53 14 888 3
7f62c5d8a000 46 12 947 3
7f62c590f000 23 9 980 4
7f62c5901000 20 7 1007 4
7f62c5d89000 36 9 1052 4
7f62c5d88000 67 11 1131 4
7f62c5913000 22 7 1161 4
7f62c5906000 27 8 1196 5
7f62c5907000 25 7 1229 5
7f62c5da1000 82 12 1324 6
7f62c5da2000 80 7 1412 6
7f62c6fb5000 151 12 1576 7
7f62c5910000 22 2 1600 7
7f62c5905000 38 2 1641 7
7f62c590c000 21 2 1665 7
7f62c590d000 24 2 1692 7
7f62c5daa000 70 4 1767 7
7f62c5902000 21 2 1792 7
7f62c5911000 21 2 1816 7
7f62c590b000 21 2 1840 7
7f62c5909000 24 2 1867 7
7f62c590a000 21 2 1891 7
7f62c5dbc000 46 3 1941 7
7f62c5dbb000 70 3 2015 7
7f62c5dc3000 73 5 2094 8
2105 8
0x7f62c8545000
7f62c8545000 218 60 278 1
7f62c8544000 254 100 633 2
7f62c7551000 21 16 671 2
7f62c7550000 21 15 707 2
7f62c89fa000 73 61 842 4
7f62c8a57000 168 32 1043 4
7f62c755b000 22 7 1072 4
7f62c755c000 82 16 1171 4
7f62c7556000 21 7 1200 4
7f62c7dcf000 55 17 1273 4
7f62c7db3000 66 13 1353 4
7f62c7db2000 74 13 1441 4
7f62c7558000 21 7 1470 4
7f62c7db1000 76 14 1561 5
7f62c5dbb000 70 8 1640 5
7f62c5dc3000 73 13 1726 6
7f62c5dc2000 51 5 1783 6
7f62c590d000 23 4 1811 6
7f62c5901000 20 3 1835 6
7f62c5dc1000 79 5 1919 6
7f62c5d8d000 40 4 1963 6
7f62c5d8c000 37 4 2005 6
7f62c5913000 22 3 2031 6
7f62c5906000 27 4 2063 7
7f62c5907000 25 3 2092 7
7f62c590b000 21 3 2117 7
7f62c590f000 22 3 2143 7
7f62c5d8a000 46 4 2194 7
7f62c5d89000 36 4 2235 7
7f62c5d88000 66 5 2307 7
7f62c5da1000 81 6 2395 8
2405 8
0x7f62c8544000
7f62c8544000 254 100 354 1
7f62c7551000 21 16 392 1
7f62c7550000 20 16 428 1
7f62c89fa000 73 61 563 3
7f62c8a57000 168 39 771 4
7f62c755b000 21 7 800 4
7f62c755c000 82 17 900 4
7f62c7556000 21 7 928 4
929 4
0x7f62c7dcf000
7f62c7dcf000 55 34 89 0
7f62c7db3000 67 25 182 0
7f62c7db2000 75 26 284 2
7f62c7558000 21 11 317 2
7f62c7550000 20 11 349 2
7f62c7db1000 77 20 446 3
7f62c5dbb000 70 13 530 3
7f62c5dc3000 73 20 624 4
7f62c5dc2000 52 9 686 5
7f62c590d000 24 6 717 5
7f62c5901000 20 5 743 5
7f62c5dc1000 79 8 830 5
7f62c5d8d000 40 6 877 5
7f62c5d8c000 37 7 922 5
7f62c5913000 23 5 950 5
7f62c5906000 27 6 984 6
7f62c5907000 25 6 1016 6
7f62c590b000 22 4 1042 6
7f62c590f000 23 5 1071 6
7f62c5d8a000 46 7 1125 6
7f62c5d89000 36 6 1168 6
7f62c5d88000 66 8 1243 6
7f62c5da1000 82 10 1336 7
7f62c5da2000 79 4 1420 7
7f62c6fb5000 150 7 1578 7
7f62c5910000 22 2 1603 7
7f62c5905000 37 3 1644 7
7f62c590c000 21 2 1668 7
7f62c5d8b000 52 4 1725 7
7f62c590e000 41 2 1769 7
7f62c5903000 21 2 1793 7
7f62c5d87000 48 4 1846 7
7f62c5d85000 77 5 1929 7
7f62c5d84000 55 5 1990 7
7f62c5902000 21 2 2014 7
7f62c590a000 21 2 2039 7
7f62c6fdc000 62 14 2116 7
7f62c6fdb000 100 8 2224 7
7f62c5909000 24 2 2250 7
7f62c6fdd000 65 9 2325 7
7f62c5914000 22 2 2350 7
7f62c3cd1000 100 6 2457 7
7f62c3cc1000 16 2 2475 7
7f62c3cc2000 16 2 2494 7
7f62c9ca1000 67 5 2566 7
7f62c9ca0000 48 4 2618 7
7f62c9c9a000 47 3 2668 8
2681 8
0x7f62c7db3000
7f62c7db3000 67 25 92 0
7f62c7db2000 75 26 194 2
7f62c7558000 22 10 227 2
7f62c7550000 20 11 259 2
7f62c7db1000 76 20 356 3
7f62c5dbb000 69 14 441 3
7f62c5dc3000 73 20 535 4
7f62c5dc2000 52 9 597 5
7f62c590d000 24 5 628 5
7f62c5901000 20 6 655 5
7f62c5dc1000 78 9 742 5
7f62c5d8d000 40 7 789 5
7f62c5d8c000 37 7 834 5
7f62c5913000 23 5 862 5
7f62c5906000 27 7 897 6
7f62c5907000 25 5 928 6
7f62c590b000 21 4 955 6
7f62c590f000 22 5 984 6
7f62c5d8a000 46 7 1038 6
7f62c5d89000 36 6 1082 6
7f62c5d88000 67 8 1158 6
7f62c5da1000 82 10 1251 7
7f62c5da2000 79 4 1335 7
7f62c6fb5000 150 7 1494 7
7f62c5910000 22 2 1519 7
7f62c5905000 38 2 1560 7
7f62c590c000 21 2 1585 7
7f62c5d8b000 52 4 1642 7
7f62c590e000 41 2 1686 7
7f62c5903000 21 2 1710 7
7f62c5d87000 48 3 1763 7
7f62c5d85000 76 6 1847 7
7f62c5d84000 54 5 1907 7
7f62c5902000 21 2 1932 7
7f62c590a000 21 2 1956 7
7f62c6fdc000 62 13 2033 7
7f62c6fdb000 98 8 2140 7
7f62c5909000 24 2 2167 7
7f62c6fdd000 65 9 2242 7
7f62c5914000 23 2 2267 7
7f62c3cd1000 99 6 2373 7
7f62c3cc1000 17 2 2392 7
7f62c3cc2000 16 2 2410 7
7f62c9ca1000 66 5 2482 7
7f62c9ca0000 47 4 2534 7
7f62c9c9a000 47 3 2584 8
2597 8
0x7f62c7db2000
7f62c7db2000 75 26 101 2
7f62c7558000 22 11 135 2
7f62c7550000 20 11 167 2
7f62c7db1000 76 20 264 3
7f62c5dbb000 70 13 348 3
7f62c5dc3000 72 21 443 4
7f62c5dc2000 51 10 505 5
7f62c590d000 24 6 536 5
7f62c5901000 20 5 562 5
7f62c5dc1000 78 8 649 5
7f62c5d8d000 40 6 696 5
7f62c5d8c000 37 7 741 5
7f62c5913000 22 6 770 5
7f62c5906000 27 6 804 6
7f62c5907000 26 5 836 6
7f62c590b000 21 5 863 6
7f62c590f000 23 5 892 6
7f62c5d8a000 46 7 946 6
7f62c5d89000 36 6 989 6
7f62c5d88000 67 8 1065 6
7f62c5da1000 82 10 1158 7
7f62c5da2000 80 4 1243 7
7f62c6fb5000 150 7 1401 7
7f62c5910000 22 2 1426 7
7f62c5905000 38 3 1468 7
7f62c590c000 21 2 1492 7
7f62c5d8b000 52 4 1549 7
7f62c590e000 41 2 1593 7
7f62c5903000 21 2 1618 7
7f62c5d87000 48 4 1671 7
7f62c5d85000 77 5 1754 7
7f62c5d84000 54 5 1814 7
7f62c5902000 21 2 1839 7
7f62c590a000 22 2 1864 7
7f62c6fdc000 62 13 1940 7
7f62c6fdb000 98 8 2047 7
7f62c5909000 24 2 2074 7
7f62c6fdd000 64 9 2148 7
7f62c5914000 22 3 2174 7
7f62c3cd1000 99 6 2280 7
7f62c3cc1000 16 2 2298 7
7f62c3cc2000 16 2 2317 7
7f62c9ca1000 66 5 2389 7
7f62c9ca0000 47 4 2441 7
7f62c9c9a000 47 3 2491 8
2502 8
0x7f62c7db1000
7f62c7db1000 76 28 105 1
7f62c5dbb000 70 22 198 1
7f62c5dc3000 73 29 301 2
7f62c5dc2000 52 15 369 3
7f62c590d000 23 11 405 3
7f62c5901000 20 9 435 3
7f62c5dc1000 78 16 530 3
7f62c5d8d000 40 12 582 3
7f62c5d8c000 37 12 632 3
7f62c5913000 23 9 665 3
7f62c5906000 27 12 705 4
7f62c5907000 26 10 742 4
7f62c590b000 21 9 773 4
7f62c590f000 23 10 807 4
7f62c5d8a000 46 13 867 4
7f62c5d89000 36 12 917 5
7f62c5d88000 67 10 995 5
7f62c5da1000 82 14 1092 6
7f62c5da2000 80 7 1180 6
7f62c6fb5000 152 11 1344 7
7f62c5910000 22 2 1369 7
7f62c5905000 38 3 1411 7
7f62c590c000 21 2 1435 7
7f62c5d8b000 53 3 1492 7
7f62c590e000 41 3 1537 7
7f62c5903000 21 2 1561 7
7f62c5d87000 48 4 1614 7
7f62c5d85000 77 5 1697 7
7f62c5d84000 55 5 1758 7
7f62c5902000 21 2 1782 7
7f62c590a000 21 2 1807 7
7f62c6fdc000 62 13 1883 7
7f62c6fdb000 98 8 1990 7
7f62c5909000 23 3 2017 7
7f62c6fdd000 64 9 2091 7
7f62c5914000 22 3 2117 7
7f62c3cd1000 99 6 2223 7
7f62c3cc1000 16 2 2241 7
7f62c3cc2000 16 2 2260 7
7f62c9ca1000 66 5 2332 7
7f62c9ca0000 48 3 2383 7
7f62c9c9a000 47 3 2434 8
2444 8
0x7f62c7db0000
7f62c7db0000 44 19 64 0
7f62c8a43000 49 20 134 0
7f62c8a42000 59 27 221 0
7f62c7558000 21 16 259 0
7f62c7550000 20 15 295 0
7f62c7552000 21 16 333 0
7f62c5dbd000 91 25 450 0
7f62c5dbc000 46 24 521 1
7f62c5dbb000 70 22 614 1
7f62c5dc3000 73 28 716 2
7f62c5dc2000 51 15 784 3
7f62c590d000 24 9 818 3
7f62c5901000 20 9 848 3
7f62c5dc1000 78 14 941 3
7f62c5d8d000 40 11 993 3
7f62c5d8c000 37 12 1043 3
7f62c5913000 22 9 1075 3
7f62c5906000 27 11 1114 4
7f62c5907000 26 9 1150 4
7f62c590b000 21 9 1181 4
7f62c590f000 22 9 1213 4
7f62c5d8a000 46 13 1273 4
7f62c5d89000 36 12 1322 5
7f62c5d88000 67 9 1399 5
7f62c5da1000 81 13 1495 6
7f62c5da2000 79 7 1583 6
7f62c6fb5000 150 12 1746 7
7f62c5910000 22 2 1771 7
7f62c5905000 38 2 1812 7
7f62c590c000 21 2 1837 7
7f62c5d8b000 52 3 1893 7
7f62c590e000 41 2 1938 7
7f62c5903000 21 2 1962 7
7f62c5d87000 48 4 2016 7
7f62c5d85000 77 5 2099 7
7f62c5d84000 55 5 2160 7
7f62c5902000 21 2 2184 7
7f62c590a000 21 2 2209 7
7f62c6fdc000 62 13 2285 7
7f62c6fdb000 98 8 2392 7
7f62c5909000 24 2 2419 7
7f62c6fdd000 64 9 2493 7
7f62c5914000 22 2 2518 7
7f62c3cd1000 100 5 2624 7
7f62c3cc1000 16 2 2643 7
7f62c3cc2000 16 2 2662 7
7f62c9ca1000 66 5 2733 7
7f62c9ca0000 48 3 2785 7
7f62c9c9a000 46 4 2836 8
2849 8
0x7f62c8a43000
7f62c8a43000 49 20 70 0
7f62c8a42000 59 27 157 0
7f62c7558000 21 15 194 0
7f62c7550000 20 16 231 0
7f62c7552000 21 15 268 0
7f62c5dbd000 91 25 385 0
7f62c5dbc000 46 23 456 1
7f62c5dbb000 70 22 549 1
7f62c5dc3000 72 29 652 2
7f62c5dc2000 51 15 719 3
7f62c590d000 24 10 754 3
7f62c5901000 20 9 784 3
7f62c5dc1000 78 14 877 3
7f62c5d8d000 40 11 929 3
7f62c5d8c000 37 12 979 3
7f62c5913000 23 9 1011 3
7f62c5906000 27 11 1050 4
7f62c5907000 26 9 1086 4
7f62c590b000 21 9 1117 4
7f62c590f000 23 8 1149 4
7f62c5d8a000 46 12 1209 4
7f62c5d89000 36 11 1258 5
7f62c5d88000 67 10 1336 5
7f62c5da1000 82 13 1432 6
7f62c5da2000 80 7 1520 6
7f62c6fb5000 151 11 1683 7
7f62c5910000 22 2 1708 7
7f62c5905000 38 3 1750 7
7f62c590c000 21 2 1774 7
7f62c5d8b000 52 4 1831 7
7f62c590e000 41 2 1875 7
7f62c5903000 22 2 1900 7
7f62c5d87000 48 4 1953 7
7f62c5d85000 77 5 2036 7
7f62c5d84000 55 5 2097 7
7f62c5902000 21 2 2121 7
7f62c590a000 21 2 2146 7
7f62c6fdc000 62 13 2222 7
7f62c6fdb000 98 8 2329 7
7f62c5909000 24 2 2356 7
7f62c6fdd000 65 9 2431 7
7f62c5914000 23 2 2456 7
7f62c3cd1000 100 5 2562 7
7f62c3cc1000 16 2 2581 7
7f62c3cc2000 17 1 2599 7
7f62c9ca1000 66 6 2672 7
7f62c9ca0000 48 3 2723 7
7f62c9c9a000 47 3 2774 8
2786 8
0x7f62c8a42000
7f62c8a42000 59 28 87 0
87 0
0x7f62c8a49000
7f62c8a49000 57 19 77 0
7f62c7550000 20 15 113 0
7f62c5dba000 63 30 207 1
7f62c590e000 41 18 267 1
7f62c5901000 20 15 303 1
7f62c5913000 22 16 342 1
7f62c5910000 22 16 381 1
7f62c590c000 21 16 419 1
7f62c5906000 27 19 466 2
7f62c5d8b000 52 24 543 3
7f62c5d8a000 46 15 605 3
7f62c590f000 22 11 640 3
7f62c5d89000 36 14 691 3
7f62c5d88000 66 17 776 3
7f62c5907000 25 11 814 3
7f62c5da1000 82 23 920 5
7f62c5da2000 79 11 1011 5
7f62c6fb5000 150 17 1179 6
7f62c5905000 38 5 1223 6
7f62c590d000 24 4 1252 6
7f62c5daa000 70 8 1331 6
7f62c5902000 22 4 1358 6
7f62c5911000 22 4 1385 6
7f62c590b000 21 4 1411 6
7f62c5909000 24 4 1440 6
7f62c590a000 21 4 1466 6
7f62c5dbc000 46 6 1520 6
7f62c5dbb000 70 6 1597 6
7f62c5dc3000 73 9 1680 7
7f62c5dc2000 51 3 1736 7
7f62c5dc1000 78 4 1819 7
7f62c5d8d000 40 3 1862 7
7f62c5d8c000 36 3 1902 7
7f62c5903000 21 2 1926 7
7f62c5d87000 48 3 1979 7
7f62c5d85000 76 6 2063 7
7f62c5d84000 54 5 2123 7
7f62c6fdc000 62 13 2200 7
7f62c6fdb000 98 8 2307 7
7f62c6fdd000 65 9 2382 7
7f62c5914000 22 2 2407 7
7f62c3cd1000 99 6 2514 7
7f62c3cc1000 17 2 2533 7
7f62c3cc2000 16 2 2551 7
7f62c9ca1000 66 5 2623 7
7f62c9ca0000 47 4 2675 7
7f62c9c9a000 47 3 2725 8
2737 8
0x7f62c8a48000
7f62c8a48000 49 18 67 0
67 0
0x7f62c8a4a000
7f62c8a4a000 56 25 81 1
7f62c7550000 20 16 118 1
7f62c5dba000 64 29 211 2
7f62c590e000 40 15 268 2
7f62c5901000 20 11 300 2
7f62c5913000 22 11 334 2
7f62c5910000 22 12 369 2
7f62c590c000 21 11 402 2
7f62c5906000 27 14 444 3
7f62c5d8b000 52 17 514 4
7f62c5d8a000 46 12 573 4
7f62c590f000 22 9 605 4
7f62c5d89000 36 10 652 4
7f62c5d88000 66 13 733 4
7f62c5907000 25 9 769 4
7f62c5da1000 82 17 869 5
7f62c5da2000 80 10 960 5
7f62c6fb5000 151 17 1129 6
7f62c5905000 38 5 1173 6
7f62c590d000 24 4 1202 6
7f62c5daa000 71 7 1281 6
7f62c5902000 21 4 1308 6
7f62c5911000 22 4 1335 6
7f62c590b000 21 4 1361 6
7f62c5909000 23 4 1390 6
7f62c590a000 21 5 1417 6
7f62c5dbc000 46 6 1470 6
7f62c5dbb000 69 6 1547 6
7f62c5dc3000 72 9 1630 7
7f62c5dc2000 51 3 1686 7
7f62c5dc1000 78 4 1769 7
7f62c5d8d000 40 2 1811 7
7f62c5d8c000 36 3 1852 7
7f62c5903000 21 2 1876 7
7f62c5d87000 48 4 1929 7
7f62c5d85000 77 5 2012 7
7f62c5d84000 54 5 2073 7
7f62c6fdc000 62 13 2150 7
7f62c6fdb000 98 8 2257 7
7f62c6fdd000 65 9 2332 7
7f62c5914000 22 2 2357 7
7f62c3cd1000 100 5 2463 7
7f62c3cc1000 16 2 2482 7
7f62c3cc2000 16 2 2501 7
7f62c9ca1000 67 5 2573 7
7f62c9ca0000 48 3 2624 7
7f62c9c9a000 47 3 2675 8
2686 8
0x7f62c8a4b000
7f62c8a4b000 49 19 68 0
7f62c8a4a000 56 25 150 1
7f62c7550000 20 16 187 1
7f62c5dba000 64 30 281 2
7f62c590e000 41 14 337 2
7f62c5901000 19 12 370 2
7f62c5913000 23 11 404 2
7f62c5910000 22 11 438 2
7f62c590c000 21 11 471 2
7f62c5906000 27 13 513 3
7f62c5d8b000 52 17 583 4
7f62c5d8a000 46 12 642 4
7f62c590f000 22 8 674 4
7f62c5d89000 36 10 722 4
7f62c5d88000 66 13 803 4
7f62c5907000 25 8 838 4
7f62c5da1000 82 17 939 5
7f62c5da2000 80 10 1030 5
7f62c6fb5000 151 17 1199 6
7f62c5905000 38 5 1242 6
7f62c590d000 23 5 1272 6
7f62c5daa000 70 8 1351 6
7f62c5902000 21 4 1377 6
7f62c5911000 21 4 1404 6
7f62c590b000 21 4 1431 6
7f62c5909000 23 5 1460 6
7f62c590a000 21 4 1486 6
7f62c5dbc000 47 6 1540 6
7f62c5dbb000 70 6 1617 6
7f62c5dc3000 73 9 1700 7
7f62c5dc2000 52 3 1756 7
7f62c5dc1000 78 4 1839 7
7f62c5d8d000 40 2 1881 7
7f62c5d8c000 36 3 1922 7
7f62c5903000 21 2 1946 7
7f62c5d87000 48 4 1999 7
7f62c5d85000 77 5 2082 7
7f62c5d84000 55 5 2143 7
7f62c6fdc000 62 14 2220 7
7f62c6fdb000 98 8 2326 7
7f62c6fdd000 64 9 2401 7
7f62c5914000 22 2 2426 7
7f62c3cd1000 100 5 2532 7
7f62c3cc1000 16 2 2551 7
7f62c3cc2000 17 1 2569 7
7f62c9ca1000 66 5 2641 7
7f62c9ca0000 48 3 2693 7
7f62c9c9a000 46 4 2744 8
2756 8
0x7f62c75a8000
7f62c75a8000 57 26 83 0
7f62c75a7000 43 16 143 0
7f62c5dbb000 70 22 236 0
7f62c5dc3000 73 33 343 1
7f62c5dc2000 52 18 414 2
7f62c590d000 24 12 451 2
7f62c5901000 20 12 484 2
7f62c5dc1000 78 18 581 2
7f62c5d8d000 39 15 636 2
7f62c5d8c000 36 16 689 2
7f62c5913000 23 11 723 2
7f62c5906000 27 14 766 3
7f62c5907000 25 12 804 3
7f62c590b000 22 11 838 3
7f62c590f000 22 12 873 3
7f62c5d8a000 46 16 936 3
7f62c5d89000 36 15 989 4
7f62c5d88000 67 13 1070 4
7f62c5da1000 81 18 1171 6
7f62c5da2000 79 7 1259 6
7f62c6fb5000 151 11 1422 7
7f62c5910000 22 2 1447 7
7f62c5905000 37 3 1489 7
7f62c590c000 21 2 1513 7
7f62c5d8b000 52 4 1570 7
7f62c590e000 41 3 1615 7
7f62c5903000 21 2 1639 7
7f62c5d87000 49 3 1692 7
7f62c5d85000 76 6 1776 7
7f62c5d84000 54 5 1836 7
7f62c5902000 22 2 1861 7
7f62c590a000 21 2 1885 7
7f62c6fdc000 63 13 1962 7
7f62c6fdb000 98 8 2069 7
7f62c5909000 23 2 2095 7
7f62c6fdd000 65 9 2170 7
7f62c5914000 22 2 2195 7
7f62c3cd1000 100 5 2301 7
7f62c3cc1000 16 2 2320 7
7f62c3cc2000 16 2 2339 7
7f62c9ca1000 66 5 2411 7
7f62c9ca0000 47 4 2463 7
7f62c9c9a000 47 3 2513 8
2523 8
0x7f62c75a7000
7f62c75a7000 44 16 60 0
60 0
