0x465000
465000 62 28 90 1
464000 46 24 161 2
5a0000 1052 159 1373 2
4fa000 92 27 1493 4
499000 74 19 1587 4
5a4000 1061 115 2764 4
498000 74 20 2859 4
497000 63 16 2939 4
496000 50 14 3004 4
5a3000 1055 111 4171 4
4e5000 74 17 4262 4
4e4000 55 11 4329 4
462000 21 6 4356 4
55a000 92 19 4468 4
7f127f3c8000 113 18 4600 4
7f127f3b2000 53 12 4666 5
7f127f19a000 24 4 4694 5
7f127f3b1000 38 5 4738 5
7f127f3b0000 38 7 4784 5
7f127f3af000 63 6 4853 5
7f127f1d7000 60 7 4921 5
7f127f1d6000 59 10 4990 5
7f127ece8000 61 17 5068 6
7f127ece4000 80 16 5164 6
7f127ece3000 57 19 5240 6
7f127ecde000 54 13 5308 6
7f127ecdd000 77 22 5408 7
7f127ecdc000 62 7 5477 7
7f127ebf2000 123 3 5604 7
7f127ecdb000 45 3 5653 7
7f127ecda000 44 3 5700 7
7f127ec6f000 83 9 5793 7
7f127ec6e000 86 7 5886 7
7f127ed2f000 100 6 5992 7
7f127ec6d000 61 5 6058 7
7f127ec6c000 82 5 6145 7
7f127ec64000 152 11 6308 7
7f127ec6b000 95 4 6408 7
7f127ec6a000 68 6 6482 7
7f127ec65000 61 7 6550 7
7f127ec31000 56 3 6609 7
7f127ecff000 90 5 6705 7
7f127ecfe000 108 5 6819 7
7f127ecfd000 68 10 6897 7
7f127ecfb000 75 4 6976 7
7f127ecd9000 54 2 7032 7
7f127ecd8000 49 3 7085 7
7f127ecd7000 35 2 7123 7
7f127ecd6000 46 3 7173 7
7f127ecd5000 39 3 7215 7
7f127ecd4000 44 3 7262 7
7f127ed0e000 53 3 7319 7
7f127ecf0000 68 13 7400 7
7f127ec5d000 61 4 7465 7
7f127ec5c000 48 5 7519 7
7f127ec63000 82 6 7608 7
7f127ecd2000 54 6 7669 7
7f127ec56000 30 4 7704 7
7f127ec62000 109 6 7820 7
7f127ec46000 73 4 7898 7
7f127ec5b000 48 3 7949 7
7f127ed0c000 67 7 8024 7
7f127ed0b000 44 4 8073 7
7f127ed0a000 38 4 8116 7
7f127ed09000 48 3 8167 7
7f127ed14000 45 4 8216 7
7f127ed13000 58 5 8279 7
7f127ed12000 49 4 8332 7
7f127ed11000 64 4 8401 7
7f127ed10000 87 4 8493 7
7f127ed0f000 56 4 8554 8
8564 8
0x464000
464000 45 24 70 1
5a0000 1048 204 1323 1
4fa000 92 33 1449 4
499000 74 19 1542 4
5a4000 1047 115 2705 4
498000 72 20 2798 4
497000 63 16 2878 4
496000 51 13 2943 4
5a3000 1049 110 4103 4
4e5000 73 17 4194 4
4e4000 54 11 4260 4
462000 20 7 4288 4
55a000 92 18 4398 4
7f127f3c8000 111 17 4528 4
7f127f3b2000 53 12 4594 5
7f127f19a000 23 5 4622 5
7f127f3b1000 38 6 4666 5
7f127f3b0000 37 7 4711 5
7f127f3af000 63 6 4780 5
7f127f1d7000 59 7 4847 5
7f127f1d6000 57 11 4916 5
7f127ece8000 60 17 4993 6
7f127ece4000 78 17 5089 6
7f127ece3000 56 20 5165 6
7f127ecde000 54 13 5232 6
7f127ecdd000 76 22 5331 7
7f127ecdc000 61 8 5400 7
7f127ebf2000 122 3 5526 7
7f127ecdb000 45 3 5575 7
7f127ecda000 44 2 5621 7
7f127ec6f000 84 9 5715 7
7f127ec6e000 86 6 5808 7
7f127ed2f000 101 5 5914 7
7f127ec6d000 61 4 5980 7
7f127ec6c000 81 5 6067 7
7f127ec64000 151 7 6226 7
7f127ec6b000 95 4 6325 7
7f127ec6a000 68 6 6399 7
7f127ec65000 61 6 6466 7
7f127ec31000 56 3 6526 7
7f127ecff000 91 5 6623 7
7f127ecfe000 109 4 6736 7
7f127ecfd000 68 10 6815 7
7f127ecfb000 75 3 6893 7
7f127ecd9000 54 2 6950 7
7f127ecd8000 49 3 7003 7
7f127ecd7000 35 3 7042 7
7f127ecd6000 46 3 7091 7
7f127ecd5000 39 2 7133 7
7f127ecd4000 43 3 7180 7
7f127ed0e000 53 3 7237 7
7f127ecf0000 68 13 7318 7
7f127ec5d000 61 4 7383 7
7f127ec5c000 48 5 7437 7
7f127ec63000 83 6 7526 7
7f127ecd2000 55 6 7587 7
7f127ec56000 30 4 7622 7
7f127ec62000 110 6 7738 7
7f127ec46000 74 4 7816 7
7f127ec5b000 47 4 7867 7
7f127ed0c000 68 7 7942 7
7f127ed0b000 45 3 7990 7
7f127ed0a000 39 3 8033 7
7f127ed09000 47 3 8084 7
7f127ed14000 44 4 8133 7
7f127ed13000 57 5 8196 7
7f127ed12000 48 4 8249 7
7f127ed11000 63 5 8318 7
7f127ed10000 87 5 8410 7
7f127ed0f000 56 4 8470 8
8479 8
0x5a0000
5a0000 1045 204 1249 0
4fa000 91 39 1380 4
499000 74 19 1473 4
5a4000 1044 115 2633 4
498000 73 20 2727 4
497000 63 15 2806 4
496000 51 13 2871 4
5a3000 1047 110 4029 4
4e5000 74 16 4120 4
4e4000 54 11 4186 4
462000 20 7 4214 4
55a000 92 19 4325 4
7f127f3c8000 112 18 4455 4
7f127f3b2000 54 11 4520 5
7f127f19a000 23 5 4549 5
7f127f3b1000 38 5 4592 5
7f127f3b0000 38 6 4637 5
7f127f3af000 62 6 4706 5
7f127f1d7000 60 7 4774 5
7f127f1d6000 57 11 4842 5
7f127ece8000 60 17 4919 6
7f127ece4000 78 17 5015 6
7f127ece3000 56 20 5091 6
7f127ecde000 54 13 5158 6
7f127ecdd000 76 22 5257 7
7f127ecdc000 61 8 5326 7
7f127ebf2000 122 3 5452 7
7f127ecdb000 45 3 5501 7
7f127ecda000 44 2 5547 7
7f127ec6f000 83 10 5641 7
7f127ec6e000 86 6 5733 7
7f127ed2f000 101 5 5839 7
7f127ec6d000 60 5 5905 7
7f127ec6c000 81 5 5992 7
7f127ec64000 150 7 6150 7
7f127ec6b000 94 4 6249 7
7f127ec6a000 68 6 6323 7
7f127ec65000 61 6 6390 7
7f127ec31000 56 3 6450 7
7f127ecff000 91 5 6547 7
7f127ecfe000 108 5 6660 7
7f127ecfd000 68 10 6738 7
7f127ecfb000 75 4 6817 7
7f127ecd9000 53 3 6873 7
7f127ecd8000 49 2 6925 7
7f127ecd7000 35 3 6964 7
7f127ecd6000 45 3 7013 7
7f127ecd5000 39 3 7056 7
7f127ecd4000 44 2 7102 7
7f127ed0e000 53 3 7159 7
7f127ecf0000 68 13 7241 7
7f127ec5d000 61 4 7306 7
7f127ec5c000 48 5 7360 7
7f127ec63000 83 6 7449 7
7f127ecd2000 55 6 7510 7
7f127ec56000 30 4 7545 7
7f127ec62000 110 6 7661 7
7f127ec46000 73 4 7738 7
7f127ec5b000 47 3 7789 7
7f127ed0c000 67 8 7865 7
7f127ed0b000 45 3 7913 7
7f127ed0a000 39 3 7956 7
7f127ed09000 48 3 8007 7
7f127ed14000 45 4 8056 7
7f127ed13000 58 5 8119 7
7f127ed12000 49 4 8172 7
7f127ed11000 63 4 8240 7
7f127ed10000 87 4 8332 7
7f127ed0f000 56 4 8393 8
8400 8
0x4fa000
4fa000 92 38 130 4
130 4
0x499000
499000 74 42 116 1
5a4000 1042 203 1362 1
498000 73 37 1473 3
497000 63 20 1556 3
496000 50 17 1624 3
5a0000 1045 138 2808 3
4fa000 91 23 2923 4
508000 61 15 2999 4
575000 73 18 3091 4
5a3000 1048 110 4250 4
4e5000 74 17 4342 4
4e4000 55 11 4408 4
462000 20 7 4436 4
55a000 92 19 4547 4
7f127f3c8000 112 17 4677 4
7f127f3b2000 54 11 4742 5
7f127f19a000 23 4 4770 5
7f127f3b1000 38 6 4815 5
7f127f3b0000 38 7 4860 5
7f127f3af000 63 6 4929 5
7f127f1d7000 59 8 4997 5
7f127f1d6000 57 11 5065 5
7f127ece8000 60 17 5142 6
7f127ece4000 79 16 5238 6
7f127ece3000 56 20 5314 6
7f127ecde000 54 14 5382 6
7f127ecdd000 77 21 5480 7
7f127ecdc000 61 8 5550 7
7f127ebf2000 123 3 5676 7
7f127ecdb000 46 3 5725 7
7f127ecda000 44 2 5771 7
7f127ec6f000 83 10 5865 7
7f127ec6e000 86 6 5957 7
7f127ed2f000 100 6 6064 7
7f127ec6d000 61 5 6130 7
7f127ec6c000 82 5 6217 7
7f127ec64000 151 7 6375 7
7f127ec6b000 94 4 6474 7
7f127ec6a000 68 6 6548 7
7f127ec65000 61 7 6616 7
7f127ec31000 56 4 6676 7
7f127ecff000 90 6 6772 7
7f127ecfe000 108 5 6885 7
7f127ecfd000 69 10 6964 7
7f127ecfb000 75 3 7042 7
7f127ecd9000 53 3 7099 7
7f127ecd8000 48 3 7151 7
7f127ecd7000 35 3 7190 7
7f127ecd6000 46 3 7239 7
7f127ecd5000 39 3 7282 7
7f127ecd4000 43 3 7328 7
7f127ed0e000 53 3 7385 7
7f127ecf0000 67 14 7467 7
7f127ec5d000 61 4 7532 7
7f127ec5c000 48 5 7585 7
7f127ec63000 83 6 7674 7
7f127ecd2000 55 6 7735 7
7f127ec56000 31 4 7770 7
7f127ec62000 110 6 7886 7
7f127ec46000 73 4 7963 7
7f127ec5b000 47 3 8014 7
7f127ed0c000 67 8 8090 7
7f127ed0b000 44 4 8138 7
7f127ed0a000 38 4 8181 7
7f127ed09000 48 3 8232 7
7f127ed14000 45 4 8281 7
7f127ed13000 57 5 8344 7
7f127ed12000 49 4 8397 7
7f127ed11000 63 4 8465 7
7f127ed10000 88 4 8558 7
7f127ed0f000 56 4 8618 8
8627 8
0x5a4000
5a4000 1045 203 1248 0
1249 0
0x498000
498000 73 43 117 3
497000 62 21 201 3
496000 50 17 269 3
5a0000 1045 138 1453 3
4fa000 92 22 1567 4
499000 73 20 1661 4
5a4000 1040 115 2817 4
463000 23 6 2846 4
462000 20 7 2874 4
7f127efd4000 99 17 2990 4
7f127efc4000 16 6 3013 4
7f127efc5000 16 6 3035 4
59f000 1041 112 4189 4
5a5000 778 79 5047 4
59e000 50 8 5105 4
7f127e9be000 43 10 5160 4
7f127e9bd000 59 9 5229 4
7f127e9bc000 69 11 5310 4
7f127e9c5000 56 19 5386 5
7f127e9c4000 53 7 5447 5
7f127e9c3000 58 9 5515 5
7f127e9c1000 60 8 5584 5
7f127e9c8000 237 21 5843 6
7f127e9c0000 94 6 5944 6
7f127e9bf000 35 5 5985 6
7f127e9c6000 36 6 6028 6
7f127e9c7000 121 10 6160 6
7f127e9bb000 51 5 6218 6
7f127e9c2000 35 5 6259 6
5a3000 1044 72 7378 6
4e5000 73 10 7462 6
4e4000 55 6 7523 6
55a000 92 10 7626 6
7f127f3c8000 112 9 7748 6
7f127f3b2000 53 7 7809 6
7f127f19a000 24 4 7837 6
7f127f3b1000 38 5 7880 6
7f127f3b0000 38 5 7923 6
7f127f3af000 62 5 7991 6
7f127f1d7000 59 6 8057 6
7f127f1d6000 57 8 8123 6
7f127ece8000 59 13 8196 6
7f127ece4000 78 17 8292 6
7f127ece3000 56 19 8367 6
7f127ecde000 54 13 8435 6
7f127ecdd000 76 22 8534 7
7f127ecdc000 61 8 8603 7
7f127ebf2000 122 3 8729 7
7f127ecdb000 46 3 8778 7
7f127ecda000 44 2 8824 7
7f127ec6f000 83 9 8917 7
7f127ec6e000 87 6 9011 7
7f127ed2f000 100 6 9118 7
7f127ec6d000 61 5 9184 7
7f127ec6c000 82 5 9271 7
7f127ec64000 151 7 9429 7
7f127ec6b000 94 4 9528 7
7f127ec6a000 68 5 9602 7
7f127ec65000 61 7 9670 7
7f127ec31000 56 4 9730 7
7f127ecff000 90 6 9826 7
7f127ecfe000 109 4 9939 7
7f127ecfd000 68 10 10018 7
7f127ecfb000 75 3 10096 7
7f127ecd9000 53 3 10153 7
7f127ecd8000 49 3 10206 7
7f127ecd7000 35 3 10244 7
7f127ecd6000 47 3 10294 7
7f127ecd5000 39 3 10336 7
7f127ecd4000 43 3 10382 7
7f127ed0e000 53 3 10439 7
7f127ecf0000 68 13 10521 7
7f127ec5d000 61 4 10586 7
7f127ec5c000 48 5 10639 7
7f127ec63000 82 6 10728 7
7f127ecd2000 54 6 10789 7
7f127ec56000 30 4 10824 7
7f127ec62000 110 6 10940 7
7f127ec46000 74 4 11018 7
7f127ec5b000 47 4 11069 7
7f127ed0c000 68 7 11144 7
7f127ed0b000 44 4 11193 7
7f127ed0a000 39 3 11235 7
7f127ed09000 47 3 11286 7
7f127ed14000 44 4 11335 7
7f127ed13000 57 5 11398 7
7f127ed12000 48 4 11451 7
7f127ed11000 63 4 11519 7
7f127ed10000 87 4 11611 7
7f127ed0f000 56 4 11672 8
11680 8
0x497000
497000 62 35 98 1
496000 50 30 179 3
5a0000 1045 205 1430 3
4fa000 92 33 1555 4
499000 74 19 1648 4
5a4000 1040 115 2804 4
498000 73 20 2898 4
5a2000 1043 117 4059 4
571000 77 26 4163 4
5a3000 1050 111 5325 4
4e5000 73 17 5416 4
4e4000 54 11 5482 4
462000 20 6 5509 4
55a000 92 19 5621 4
7f127f3c8000 111 18 5751 4
7f127f3b2000 54 11 5816 5
7f127f19a000 23 5 5845 5
7f127f3b1000 38 5 5888 5
7f127f3b0000 38 7 5934 5
7f127f3af000 62 7 6003 5
7f127f1d7000 60 7 6070 5
7f127f1d6000 57 11 6139 5
7f127ece8000 60 17 6216 6
7f127ece4000 78 17 6312 6
7f127ece3000 56 20 6388 6
7f127ecde000 54 14 6456 6
7f127ecdd000 77 21 6554 7
7f127ecdc000 61 7 6623 7
7f127ebf2000 122 3 6749 7
7f127ecdb000 46 2 6798 7
7f127ecda000 43 3 6845 7
7f127ec6f000 83 9 6938 7
7f127ec6e000 87 6 7031 7
7f127ed2f000 101 5 7137 7
7f127ec6d000 61 5 7203 7
7f127ec6c000 82 5 7290 7
7f127ec64000 151 7 7449 7
7f127ec6b000 95 4 7548 7
7f127ec6a000 68 6 7622 7
7f127ec65000 61 6 7689 7
7f127ec31000 56 3 7749 7
7f127ecff000 91 5 7846 7
7f127ecfe000 110 4 7960 7
7f127ecfd000 68 10 8039 7
7f127ecfb000 75 3 8117 7
7f127ecd9000 53 3 8174 7
7f127ecd8000 48 3 8226 7
7f127ecd7000 35 3 8265 7
7f127ecd6000 46 3 8314 7
7f127ecd5000 39 3 8357 7
7f127ecd4000 43 3 8403 7
7f127ed0e000 54 3 8461 7
7f127ecf0000 68 13 8542 7
7f127ec5d000 61 4 8607 7
7f127ec5c000 48 5 8660 7
7f127ec63000 82 6 8749 7
7f127ecd2000 54 7 8811 7
7f127ec56000 30 4 8845 7
7f127ec62000 110 6 8962 7
7f127ec46000 73 4 9039 7
7f127ec5b000 47 3 9090 7
7f127ed0c000 67 7 9165 7
7f127ed0b000 44 4 9214 7
7f127ed0a000 39 3 9256 7
7f127ed09000 48 2 9307 7
7f127ed14000 45 4 9357 7
7f127ed13000 58 5 9420 7
7f127ed12000 49 4 9473 7
7f127ed11000 63 4 9541 7
7f127ed10000 87 4 9633 7
7f127ed0f000 56 4 9694 8
9703 8
0x496000
496000 50 30 81 3
5a0000 1045 204 1331 3
4fa000 91 33 1456 4
499000 73 20 1550 4
5a4000 1039 115 2705 4
498000 73 20 2799 4
497000 63 15 2878 4
5a3000 1050 110 4039 4
4e5000 74 17 4131 4
4e4000 54 11 4197 4
462000 20 7 4225 4
55a000 92 19 4336 4
7f127f3c8000 113 17 4467 4
7f127f3b2000 53 12 4533 5
7f127f19a000 24 4 4561 5
7f127f3b1000 38 5 4605 5
7f127f3b0000 38 6 4650 5
7f127f3af000 62 6 4719 5
7f127f1d7000 60 7 4787 5
7f127f1d6000 58 10 4855 5
7f127ece8000 60 17 4932 6
7f127ece4000 79 16 5028 6
7f127ece3000 56 20 5104 6
7f127ecde000 54 13 5171 6
7f127ecdd000 77 21 5270 7
7f127ecdc000 62 7 5339 7
7f127ebf2000 123 3 5466 7
7f127ecdb000 46 2 5515 7
7f127ecda000 43 3 5562 7
7f127ec6f000 83 9 5655 7
7f127ec6e000 86 7 5748 7
7f127ed2f000 101 6 5855 7
7f127ec6d000 61 5 5921 7
7f127ec6c000 82 5 6008 7
7f127ec64000 152 7 6167 7
7f127ec6b000 94 4 6265 7
7f127ec6a000 68 6 6339 7
7f127ec65000 61 6 6406 7
7f127ec31000 56 3 6466 7
7f127ecff000 91 5 6563 7
7f127ecfe000 109 5 6677 7
7f127ecfd000 68 10 6755 7
7f127ecfb000 75 4 6834 7
7f127ecd9000 54 3 6891 7
7f127ecd8000 49 3 6943 7
7f127ecd7000 35 2 6981 7
7f127ecd6000 46 3 7031 7
7f127ecd5000 39 3 7073 7
7f127ecd4000 43 3 7120 7
7f127ed0e000 53 3 7177 7
7f127ecf0000 68 13 7258 7
7f127ec5d000 61 4 7323 7
7f127ec5c000 48 5 7376 7
7f127ec63000 82 6 7465 7
7f127ecd2000 54 7 7527 7
7f127ec56000 30 4 7561 7
7f127ec62000 109 6 7677 7
7f127ec46000 73 4 7755 7
7f127ec5b000 47 4 7806 7
7f127ed0c000 68 7 7881 7
7f127ed0b000 45 3 7929 7
7f127ed0a000 39 3 7972 7
7f127ed09000 48 3 8023 7
7f127ed14000 45 4 8072 7
7f127ed13000 58 5 8135 7
7f127ed12000 48 4 8188 7
7f127ed11000 63 5 8257 7
7f127ed10000 87 4 8348 7
7f127ed0f000 56 4 8409 8
8416 8
0x5a3000
5a3000 1052 195 1248 0
4e5000 74 36 1359 1
4e4000 54 25 1439 1
5a0000 1045 204 2688 1
4fa000 91 39 2819 4
499000 73 20 2912 4
5a4000 1046 115 4074 4
498000 73 20 4167 4
497000 63 16 4247 4
496000 50 14 4312 4
462000 20 7 4340 4
463000 22 7 4369 4
7f127efd4000 100 17 4486 4
7f127efc4000 16 7 4509 4
7f127efc5000 16 6 4531 4
59f000 1049 111 5691 4
5a2000 1046 116 6854 4
571000 77 26 6958 4
570000 126 19 7104 4
56f000 33 7 7145 4
56e000 68 11 7225 4
5a1000 1047 109 8382 4
7f127ec8b000 62 43 8488 5
7f127ec8a000 98 20 8607 5
5a5000 785 64 9458 5
59e000 50 6 9514 5
7f127e9be000 43 8 9567 5
7f127e9bd000 59 6 9633 5
7f127e9bc000 70 7 9711 5
7f127e9c5000 57 14 9783 6
7f127e9c4000 54 4 9842 6
7f127e9c3000 58 6 9907 6
7f127e9c1000 60 4 9972 6
7f127e9c8000 238 16 10227 7
7f127e9c0000 94 3 10324 7
7f127e9bf000 35 3 10364 7
7f127e9c6000 36 3 10404 7
7f127e9c7000 120 6 10532 7
7f127e9bb000 51 3 10587 7
7f127e9c2000 35 2 10626 7
7f127f256000 46 4 10680 7
7f127f1e1000 47 4 10731 7
7f127f1e0000 85 7 10823 7
7f127f23e000 50 3 10876 7
7f127f23d000 67 3 10946 7
7f127f22c000 63 5 11015 7
7f127f1e2000 64 4 11083 7
7f127f1e3000 53 5 11142 7
7f127ec6a000 69 5 11216 7
7f127f19a000 24 2 11242 7
7f127f19f000 51 3 11296 7
7f127f1c3000 72 4 11372 7
7f127f223000 166 14 11552 7
7f127f222000 62 7 11621 7
7f127f219000 65 4 11690 7
7f127f239000 63 3 11757 7
7f127f238000 71 3 11831 7
7f127f237000 57 3 11892 7
7f127efd2000 97 6 11996 7
7f127f236000 55 3 12055 7
7f127f25a000 82 5 12143 7
7f127f235000 68 3 12214 7
7f127f3da000 97 9 12320 7
7f127f3d9000 84 6 12410 7
7f127f234000 75 3 12488 7
7f127f233000 68 3 12560 7
7f127f22e000 72 5 12638 7
7f127f230000 87 5 12730 7
7f127f23c000 51 3 12784 7
7f127f22f000 51 3 12839 7
7f127f3dd000 101 6 12947 7
7f127f3dc000 117 5 13069 7
7f127f3aa000 44 3 13116 7
7f127f3b2000 53 4 13173 7
7f127f3b1000 38 3 13214 7
7f127f3b0000 37 3 13255 7
7f127f3af000 62 3 13321 7
7f127f1d7000 59 4 13385 7
7f127f1d6000 58 4 13447 7
7f127ece8000 60 8 13515 7
7f127ece4000 79 9 13603 7
7f127ece3000 56 11 13671 7
7f127ecde000 54 8 13733 7
7f127ecdd000 77 12 13822 7
7f127ecdc000 61 8 13892 7
7f127ebf2000 122 3 14018 7
7f127ecdb000 46 2 14067 7
7f127ecda000 44 2 14114 7
7f127ec6f000 83 9 14207 7
7f127ec6e000 86 6 14299 7
7f127ed2f000 100 6 14406 7
7f127ec6d000 61 5 14472 7
7f127ec6c000 82 5 14559 7
7f127ec64000 151 7 14717 7
7f127ec6b000 95 4 14816 7
7f127ec65000 61 6 14883 7
7f127ec31000 56 3 14943 7
7f127ecff000 90 5 15039 7
7f127ecfe000 108 5 15152 7
7f127ecfd000 69 9 15230 7
7f127ecfb000 75 3 15309 7
7f127ecd9000 53 3 15366 7
7f127ecd8000 48 3 15418 7
7f127ecd7000 35 3 15457 7
7f127ecd6000 46 3 15506 7
7f127ecd5000 39 2 15548 7
7f127ecd4000 43 3 15595 7
7f127ed0e000 53 3 15652 7
7f127ecf0000 68 14 15734 7
7f127ec5d000 61 4 15799 7
7f127ec5c000 48 5 15852 7
7f127ec63000 82 6 15941 7
7f127ecd2000 55 6 16002 7
7f127ec56000 30 4 16037 7
7f127ec62000 109 6 16153 7
7f127ec46000 73 4 16231 7
7f127ec5b000 48 3 16282 7
7f127ed0c000 67 7 16357 7
7f127ed0b000 44 4 16406 7
7f127ed0a000 38 4 16449 7
7f127ed09000 48 3 16500 7
7f127ed14000 45 4 16549 7
7f127ed13000 58 5 16612 7
7f127ed12000 49 4 16665 7
7f127ed11000 63 4 16733 7
7f127ed10000 87 4 16825 7
7f127ed0f000 56 4 16886 8
16895 8
0x4e5000
4e5000 74 36 110 1
4e4000 54 25 190 1
5a0000 1044 204 1438 1
4fa000 91 39 1569 4
499000 74 19 1662 4
5a4000 1044 115 2822 4
498000 73 20 2916 4
497000 63 15 2995 4
496000 51 13 3060 4
5a3000 1049 110 4220 4
572000 45 11 4277 4
5a1000 1046 109 5433 4
462000 21 6 5461 4
463000 22 7 5490 4
7f127efd4000 100 16 5607 4
7f127efc4000 16 6 5630 4
7f127efc5000 16 7 5653 4
59f000 1045 112 6810 4
573000 81 15 6907 5
55a000 92 14 7014 5
7f127f3c8000 112 12 7139 5
7f127f3b2000 54 8 7202 5
7f127f19a000 23 5 7231 5
7f127f3b1000 39 5 7275 5
7f127f3b0000 38 7 7321 5
7f127f3af000 63 6 7390 5
7f127f1d7000 60 7 7458 5
7f127f1d6000 57 11 7527 5
7f127ece8000 60 17 7604 6
7f127ece4000 79 16 7700 6
7f127ece3000 57 19 7776 6
7f127ecde000 55 13 7844 6
7f127ecdd000 77 21 7943 7
7f127ecdc000 61 8 8013 7
7f127ebf2000 123 3 8139 7
7f127ecdb000 46 3 8188 7
7f127ecda000 44 3 8235 7
7f127ec6f000 83 9 8328 7
7f127ec6e000 86 6 8421 7
7f127ed2f000 101 5 8528 7
7f127ec6d000 61 5 8594 7
7f127ec6c000 83 4 8681 7
7f127ec64000 151 7 8840 7
7f127ec6b000 95 3 8938 7
7f127ec6a000 68 5 9012 7
7f127ec65000 61 6 9080 7
7f127ec31000 56 4 9141 7
7f127ecff000 91 5 9237 7
7f127ecfe000 109 5 9351 7
7f127ecfd000 68 10 9429 7
7f127ecfb000 75 3 9508 7
7f127ecd9000 53 3 9565 7
7f127ecd8000 48 3 9617 7
7f127ecd7000 35 3 9656 7
7f127ecd6000 47 3 9706 7
7f127ecd5000 39 3 9748 7
7f127ecd4000 44 3 9795 7
7f127ed0e000 53 3 9852 7
7f127ecf0000 68 13 9933 7
7f127ec5d000 60 5 9999 7
7f127ec5c000 48 5 10052 7
7f127ec63000 83 6 10141 7
7f127ecd2000 55 7 10203 7
7f127ec56000 31 3 10237 7
7f127ec62000 110 6 10354 7
7f127ec46000 74 4 10432 7
7f127ec5b000 47 4 10483 7
7f127ed0c000 68 7 10558 7
7f127ed0b000 44 4 10607 7
7f127ed0a000 39 3 10649 7
7f127ed09000 48 2 10700 7
7f127ed14000 45 4 10750 7
7f127ed13000 58 5 10813 7
7f127ed12000 49 4 10866 7
7f127ed11000 63 5 10935 7
7f127ed10000 87 5 11027 7
7f127ed0f000 56 4 11087 8
11096 8
0x4e4000
4e4000 54 25 79 0
5a0000 1045 205 1330 0
4fa000 91 38 1460 4
499000 73 20 1554 4
5a4000 1045 115 2715 4
498000 73 20 2809 4
497000 62 16 2888 4
496000 51 13 2953 4
5a3000 1048 111 4113 4
4e5000 73 17 4204 4
55a000 91 19 4315 4
7f127f3c8000 113 17 4446 4
7f127f3b2000 54 12 4512 5
7f127f19a000 23 5 4540 5
7f127f3b1000 38 6 4584 5
7f127f3b0000 37 7 4629 5
7f127f3af000 63 6 4698 5
7f127f1d7000 60 7 4766 5
7f127f1d6000 58 10 4834 5
7f127ece8000 60 17 4911 6
7f127ece4000 79 16 5007 6
7f127ece3000 56 20 5083 6
7f127ecde000 54 14 5151 6
7f127ecdd000 77 21 5249 7
7f127ecdc000 62 7 5318 7
7f127ebf2000 123 3 5445 7
7f127ecdb000 46 3 5494 7
7f127ecda000 44 3 5541 7
7f127ec6f000 83 10 5634 7
7f127ec6e000 86 7 5727 7
7f127ed2f000 101 5 5833 7
7f127ec6d000 61 5 5899 7
7f127ec6c000 82 4 5986 7
7f127ec64000 151 7 6145 7
7f127ec6b000 95 4 6244 7
7f127ec6a000 68 5 6317 7
7f127ec65000 61 6 6385 7
7f127ec31000 56 4 6446 7
7f127ecff000 90 6 6542 7
7f127ecfe000 109 4 6655 7
7f127ecfd000 68 10 6734 7
7f127ecfb000 75 3 6812 7
7f127ecd9000 53 3 6869 7
7f127ecd8000 49 2 6921 7
7f127ecd7000 35 3 6960 7
7f127ecd6000 46 4 7010 7
7f127ecd5000 39 3 7052 7
7f127ecd4000 44 3 7099 7
7f127ed0e000 53 3 7155 7
7f127ecf0000 68 13 7237 7
7f127ec5d000 61 4 7302 7
7f127ec5c000 48 5 7356 7
7f127ec63000 82 7 7445 7
7f127ecd2000 55 6 7506 7
7f127ec56000 31 4 7541 7
7f127ec62000 110 5 7656 7
7f127ec46000 73 4 7734 7
7f127ec5b000 47 3 7785 7
7f127ed0c000 67 8 7861 7
7f127ed0b000 45 3 7909 7
7f127ed0a000 39 3 7952 7
7f127ed09000 48 3 8003 7
7f127ed14000 44 4 8052 7
7f127ed13000 58 4 8115 7
7f127ed12000 48 5 8169 7
7f127ed11000 64 4 8237 7
7f127ed10000 88 4 8329 7
7f127ed0f000 56 4 8390 8
8397 8
0x462000
462000 20 16 37 0
37 0
0x55a000
55a000 91 41 133 2
7f127f3c8000 111 26 271 2
7f127f3b2000 54 17 343 3
7f127f19a000 23 8 375 3
7f127f3b1000 38 10 424 3
7f127f3b0000 37 12 474 3
7f127f3af000 62 12 549 3
7f127f1d7000 60 12 621 5
7f127f1d6000 57 11 690 5
7f127ece8000 60 17 767 6
7f127ece4000 78 17 863 6
7f127ece3000 56 20 939 6
7f127ecde000 54 14 1007 6
7f127ecdd000 77 21 1105 7
7f127ecdc000 62 7 1174 7
7f127ebf2000 123 3 1301 7
7f127ecdb000 46 2 1349 7
7f127ecda000 44 2 1396 7
7f127ec6f000 83 9 1489 7
7f127ec6e000 85 7 1582 7
7f127ed2f000 101 5 1688 7
7f127ec6d000 61 5 1754 7
7f127ec6c000 82 5 1841 7
7f127ec64000 151 7 2000 7
7f127ec6b000 94 4 2098 7
7f127ec6a000 69 5 2172 7
7f127ec65000 61 7 2240 7
7f127ec31000 56 4 2300 7
7f127ecff000 91 5 2396 7
7f127ecfe000 109 5 2510 7
7f127ecfd000 68 10 2588 7
7f127ecfb000 74 4 2667 7
7f127ecd9000 54 2 2723 7
7f127ecd8000 49 3 2776 7
7f127ecd7000 35 2 2814 7
7f127ecd6000 46 3 2864 7
7f127ecd5000 40 2 2906 7
7f127ecd4000 43 3 2953 7
7f127ed0e000 53 3 3010 7
7f127ecf0000 68 13 3091 7
7f127ec5d000 60 5 3157 7
7f127ec5c000 48 5 3210 7
7f127ec63000 82 6 3299 7
7f127ecd2000 54 7 3361 7
7f127ec56000 31 4 3396 7
7f127ec62000 110 6 3512 7
7f127ec46000 73 4 3589 7
7f127ec5b000 47 3 3640 7
7f127ed0c000 67 8 3716 7
7f127ed0b000 45 3 3764 7
7f127ed0a000 38 4 3807 7
7f127ed09000 48 3 3858 7
7f127ed14000 45 4 3907 7
7f127ed13000 58 5 3970 7
7f127ed12000 48 4 4023 7
7f127ed11000 63 4 4091 7
7f127ed10000 87 4 4183 7
7f127ed0f000 56 4 4244 8
4247 8
0x463000
463000 22 16 39 0
462000 21 15 75 0
7f127efd4000 100 36 212 3
7f127efc4000 16 9 237 3
7f127efc5000 16 8 262 3
59f000 1043 134 1440 3
1441 3
0x59f000
59f000 1046 197 1243 0
1243 0
0x5a2000
5a2000 1043 207 1250 0
571000 78 55 1383 2
5a3000 1051 195 2630 2
4e5000 73 37 2741 3
4e4000 54 25 2820 3
5a0000 1048 204 4073 3
4fa000 91 34 4199 4
499000 74 19 4292 4
5a4000 1040 115 5448 4
498000 73 20 5542 4
497000 63 16 5621 4
496000 50 14 5686 4
462000 20 6 5713 4
463000 22 6 5742 4
7f127efd4000 100 17 5860 4
7f127efc4000 16 6 5882 4
7f127efc5000 16 6 5905 4
59f000 1044 111 7060 4
7f127ec8b000 62 42 7166 5
7f127ec8a000 98 20 7285 5
5a5000 780 64 8130 5
59e000 49 6 8186 5
7f127e9be000 43 8 8239 5
7f127e9bd000 59 6 8305 5
7f127e9bc000 70 7 8383 5
7f127e9c5000 57 14 8455 6
7f127e9c4000 53 4 8513 6
7f127e9c3000 59 5 8578 6
7f127e9c1000 60 5 8644 6
7f127e9c8000 238 16 8899 7
7f127e9c0000 94 4 8997 7
7f127e9bf000 35 3 9036 7
7f127e9c6000 36 3 9076 7
7f127e9c7000 121 5 9203 7
7f127e9bb000 51 3 9259 7
7f127e9c2000 35 3 9298 7
5a1000 1045 52 10398 7
7f127ec81000 57 4 10460 7
7f127ec80000 50 3 10513 7
7f127ec7f000 46 2 10561 7
7f127fc51000 62 4 10629 7
7f127f256000 46 3 10679 7
7f127f1e1000 47 4 10731 7
7f127f1e0000 85 6 10822 7
7f127f23e000 49 3 10875 7
7f127f23d000 66 4 10946 7
49a000 50 3 11000 7
7f127f25a000 82 5 11088 7
49b000 78 7 11175 8
11179 8
0x571000
571000 76 55 132 2
5a3000 1048 196 1377 2
4e5000 74 36 1487 3
4e4000 54 24 1566 3
5a0000 1046 204 2817 3
4fa000 91 33 2942 4
499000 74 19 3035 4
5a4000 1047 115 4198 4
498000 72 21 4292 4
497000 63 16 4371 4
496000 50 13 4435 4
462000 21 6 4463 4
463000 22 6 4492 4
7f127efd4000 99 17 4609 4
7f127efc4000 16 6 4632 4
7f127efc5000 16 6 4654 4
59f000 1041 112 5808 4
5a2000 1041 117 6967 4
4d4000 128 20 7116 6
4d3000 72 7 7196 6
4d2000 38 4 7239 6
5a1000 1046 69 8355 6
5a5000 780 47 9183 6
59e000 49 4 9237 6
7f127e9be000 43 5 9287 6
7f127e9bd000 59 3 9350 6
7f127e9bc000 70 4 9425 6
7f127e9c5000 57 9 9492 6
7f127e9c4000 53 5 9551 6
7f127e9c3000 58 5 9615 6
7f127e9c1000 60 5 9681 6
7f127e9c8000 239 15 9936 7
7f127e9c0000 93 4 10034 7
7f127e9bf000 35 3 10073 7
7f127e9c6000 36 3 10113 7
7f127e9c7000 120 6 10241 7
7f127e9bb000 52 2 10296 7
7f127e9c2000 35 3 10336 7
7f127ec8b000 62 13 10414 7
7f127ec8a000 98 8 10521 7
4c8000 117 6 10646 7
4c7000 75 2 10724 7
4c6000 68 3 10797 7
7f127ec81000 56 4 10858 7
7f127ec80000 50 2 10911 7
7f127ec7f000 45 2 10959 7
7f127ec8c000 65 9 11035 7
7f127f1e1000 48 4 11087 7
7f127f1e0000 85 7 11179 7
7f127f23e000 49 4 11232 7
7f127f23d000 67 3 11302 7
7f127f25a000 83 5 11391 7
7f127ff7e000 152 9 11552 7
7f127fe79000 17 2 11571 7
7f127ec18000 31 5 11607 7
7f127ec17000 54 8 11669 7
7f127ec16000 63 6 11738 7
7f127ebf2000 123 3 11864 7
7f127ec15000 59 3 11927 7
7f127ec14000 47 6 11981 7
7f127ecff000 91 5 12077 7
7f127ecfe000 109 5 12191 7
7f127ecfd000 68 10 12269 7
7f127ecfb000 76 3 12348 7
7f127ecb5000 41 4 12394 7
7f127ec64000 151 7 12552 7
7f127ec03000 75 5 12632 7
7f127ec02000 38 3 12673 7
7f127ec01000 53 3 12729 7
7f127ec00000 85 4 12819 7
7f127ebff000 34 3 12856 7
7f127ebf7000 46 3 12905 7
7f127ebf6000 42 4 12952 7
7f127ebf5000 63 3 13018 7
7f127ed2f000 101 6 13125 7
7f127ec52000 74 5 13204 8
13210 8
0x570000
570000 125 40 165 2
56f000 32 19 217 2
59f000 1046 197 1460 2
56e000 68 25 1554 2
462000 20 16 1591 2
5a4000 1044 204 2839 2
5a0000 1046 204 4089 2
4fa000 91 33 4214 4
499000 73 20 4308 4
498000 72 21 4402 4
497000 63 16 4481 4
496000 50 13 4545 4
5a3000 1055 110 5711 4
4e5000 73 17 5802 4
4e4000 54 11 5868 4
55a000 91 19 5979 4
7f127f3c8000 112 17 6109 4
7f127f3b2000 54 11 6174 5
7f127f19a000 23 5 6203 5
7f127f3b1000 38 6 6247 5
7f127f3b0000 37 7 6292 5
7f127f3af000 63 6 6361 5
7f127f1d7000 60 7 6428 5
7f127f1d6000 58 10 6496 5
7f127ece8000 60 17 6574 6
7f127ece4000 79 16 6669 6
7f127ece3000 56 19 6745 6
7f127ecde000 53 14 6813 6
7f127ecdd000 77 21 6911 7
7f127ecdc000 61 8 6981 7
7f127ebf2000 122 3 7107 7
7f127ecdb000 46 2 7156 7
7f127ecda000 43 3 7203 7
7f127ec6f000 83 9 7296 7
7f127ec6e000 85 7 7389 7
7f127ed2f000 101 5 7495 7
7f127ec6d000 61 5 7561 7
7f127ec6c000 82 5 7648 7
7f127ec64000 151 7 7806 7
7f127ec6b000 95 4 7905 7
7f127ec6a000 68 5 7978 7
7f127ec65000 61 7 8047 7
7f127ec31000 56 4 8107 7
7f127ecff000 90 6 8203 7
7f127ecfe000 108 5 8316 7
7f127ecfd000 68 10 8394 7
7f127ecfb000 74 4 8473 7
7f127ecd9000 54 3 8530 7
7f127ecd8000 48 3 8582 7
7f127ecd7000 35 2 8620 7
7f127ecd6000 46 3 8670 7
7f127ecd5000 39 2 8712 7
7f127ecd4000 43 3 8759 7
7f127ed0e000 53 3 8816 7
7f127ecf0000 68 13 8898 7
7f127ec5d000 61 4 8963 7
7f127ec5c000 48 5 9017 7
7f127ec63000 82 6 9105 7
7f127ecd2000 55 6 9167 7
7f127ec56000 31 4 9202 7
7f127ec62000 110 6 9318 7
7f127ec46000 74 3 9395 7
7f127ec5b000 47 3 9446 7
7f127ed0c000 67 8 9522 7
7f127ed0b000 44 4 9570 7
7f127ed0a000 38 4 9613 7
7f127ed09000 48 3 9664 7
7f127ed14000 45 4 9713 7
7f127ed13000 58 5 9776 7
7f127ed12000 49 4 9829 7
7f127ed11000 63 4 9897 7
7f127ed10000 87 4 9989 7
7f127ed0f000 56 4 10050 8
10058 8
0x56f000
56f000 32 18 51 0
59f000 1043 197 1292 0
570000 125 40 1458 2
56e000 67 25 1551 2
462000 20 16 1588 2
5a4000 1043 204 2836 2
5a0000 1046 205 4087 2
4fa000 91 33 4212 4
499000 74 19 4305 4
498000 73 20 4399 4
497000 62 16 4478 4
496000 51 13 4543 4
5a3000 1048 110 5702 4
4e5000 74 16 5793 4
4e4000 54 11 5859 4
55a000 92 19 5971 4
7f127f3c8000 112 17 6101 4
7f127f3b2000 53 12 6167 5
7f127f19a000 23 5 6195 5
7f127f3b1000 38 6 6239 5
7f127f3b0000 37 7 6284 5
7f127f3af000 63 6 6353 5
7f127f1d7000 60 7 6421 5
7f127f1d6000 58 10 6489 5
7f127ece8000 60 17 6567 6
7f127ece4000 79 16 6663 6
7f127ece3000 56 20 6739 6
7f127ecde000 54 14 6807 6
7f127ecdd000 77 22 6906 7
7f127ecdc000 61 8 6976 7
7f127ebf2000 123 3 7102 7
7f127ecdb000 45 3 7151 7
7f127ecda000 44 3 7198 7
7f127ec6f000 85 9 7292 7
7f127ec6e000 85 7 7385 7
7f127ed2f000 101 5 7491 7
7f127ec6d000 61 4 7557 7
7f127ec6c000 82 5 7645 7
7f127ec64000 151 7 7803 7
7f127ec6b000 95 4 7902 7
7f127ec6a000 68 6 7976 7
7f127ec65000 61 6 8043 7
7f127ec31000 56 4 8104 7
7f127ecff000 91 5 8200 7
7f127ecfe000 109 4 8313 7
7f127ecfd000 68 10 8392 7
7f127ecfb000 75 4 8471 7
7f127ecd9000 54 2 8527 7
7f127ecd8000 49 3 8580 7
7f127ecd7000 35 2 8618 7
7f127ecd6000 46 3 8668 7
7f127ecd5000 40 2 8710 7
7f127ecd4000 43 3 8757 7
7f127ed0e000 53 3 8814 7
7f127ecf0000 68 14 8896 7
7f127ec5d000 61 4 8961 7
7f127ec5c000 48 5 9014 7
7f127ec63000 82 6 9103 7
7f127ecd2000 54 7 9165 7
7f127ec56000 31 3 9199 7
7f127ec62000 110 6 9316 7
7f127ec46000 73 4 9394 7
7f127ec5b000 48 3 9445 7
7f127ed0c000 68 7 9521 7
7f127ed0b000 45 3 9569 7
7f127ed0a000 39 3 9612 7
7f127ed09000 47 3 9663 7
7f127ed14000 44 4 9712 7
7f127ed13000 58 4 9775 7
7f127ed12000 49 4 9829 7
7f127ed11000 64 4 9897 7
7f127ed10000 87 4 9989 7
7f127ed0f000 56 4 10050 8
10059 8
0x56e000
56e000 68 25 93 0
462000 20 16 130 0
5a4000 1045 203 1378 0
59f000 1046 197 2622 0
5a0000 1046 204 3873 0
4fa000 91 39 4004 4
499000 74 19 4097 4
498000 73 20 4191 4
497000 63 15 4270 4
496000 51 13 4335 4
5a3000 1050 111 5497 4
4e5000 73 17 5588 4
4e4000 54 10 5653 4
55a000 91 19 5765 4
7f127f3c8000 112 17 5895 4
7f127f3b2000 54 11 5960 5
7f127f19a000 23 5 5989 5
7f127f3b1000 38 6 6033 5
7f127f3b0000 37 7 6078 5
7f127f3af000 63 6 6147 5
7f127f1d7000 60 7 6214 5
7f127f1d6000 57 10 6282 5
7f127ece8000 60 17 6360 6
7f127ece4000 79 16 6456 6
7f127ece3000 56 19 6532 6
7f127ecde000 53 14 6600 6
7f127ecdd000 77 22 6699 7
7f127ecdc000 61 8 6768 7
7f127ebf2000 123 3 6895 7
7f127ecdb000 46 3 6944 7
7f127ecda000 44 2 6990 7
7f127ec6f000 84 9 7084 7
7f127ec6e000 86 7 7177 7
7f127ed2f000 101 5 7283 7
7f127ec6d000 61 4 7349 7
7f127ec6c000 82 4 7436 7
7f127ec64000 151 7 7595 7
7f127ec6b000 95 4 7694 7
7f127ec6a000 68 6 7768 7
7f127ec65000 61 6 7835 7
7f127ec31000 56 3 7895 7
7f127ecff000 90 6 7992 7
7f127ecfe000 108 5 8105 7
7f127ecfd000 68 10 8183 7
7f127ecfb000 74 4 8262 7
7f127ecd9000 54 3 8319 7
7f127ecd8000 48 3 8371 7
7f127ecd7000 35 2 8409 7
7f127ecd6000 46 3 8459 7
7f127ecd5000 39 2 8501 7
7f127ecd4000 43 3 8548 7
7f127ed0e000 53 3 8605 7
7f127ecf0000 68 13 8687 7
7f127ec5d000 61 4 8752 7
7f127ec5c000 48 5 8805 7
7f127ec63000 82 7 8895 7
7f127ecd2000 55 6 8956 7
7f127ec56000 31 4 8991 7
7f127ec62000 110 6 9107 7
7f127ec46000 74 4 9185 7
7f127ec5b000 47 4 9236 7
7f127ed0c000 68 7 9311 7
7f127ed0b000 45 3 9359 7
7f127ed0a000 39 3 9402 7
7f127ed09000 47 3 9453 7
7f127ed14000 45 3 9502 7
7f127ed13000 58 5 9566 7
7f127ed12000 49 4 9619 7
7f127ed11000 64 4 9687 7
7f127ed10000 87 4 9779 7
7f127ed0f000 56 4 9840 8
9848 8
