0x402000
402000 45 30 76 3
7fa1d78cb000 73 42 192 6
401000 35 17 245 7
7fa1d7c81000 63 50 359 7
403000 46 14 420 7
7fa1d78b5000 87 20 528 7
7fa1d793f000 56 33 618 7
7fa1d793e000 80 49 747 8
7fa1d793d000 65 28 841 8
7fa1d7853000 132 12 985 8
7fa1d793c000 49 11 1046 8
7fa1d793b000 47 10 1104 8
7fa1d78d0000 90 33 1228 8
7fa1d78cf000 95 23 1346 8
7fa1d7990000 112 22 1480 8
7fa1d78ce000 65 19 1564 8
7fa1d78cd000 87 19 1670 8
7fa1d78c5000 160 24 1854 9
7fa1d78cc000 101 11 1966 9
7fa1d78c6000 64 16 2046 9
7fa1d7892000 59 10 2116 9
7fa1d7960000 98 14 2228 9
7fa1d795f000 114 12 2354 9
7fa1d795e000 70 23 2448 9
7fa1d795c000 79 10 2538 9
7fa1d793a000 56 9 2604 9
7fa1d7939000 51 8 2664 9
7fa1d7938000 36 9 2710 9
7fa1d7937000 48 9 2767 9
7fa1d7936000 41 8 2817 9
7fa1d7935000 46 11 2874 9
7fa1d796f000 62 9 2946 9
7fa1d7951000 78 30 3055 9
7fa1d78be000 67 11 3133 9
7fa1d7949000 72 18 3224 10
7fa1d7945000 87 11 3323 10
7fa1d7944000 58 13 3394 10
7fa1d7947000 96 8 3499 10
7fa1d7946000 63 10 3573 10
7fa1d7948000 50 6 3630 10
7fa1d78bf000 81 8 3720 10
7fa1d78c2000 110 10 3841 10
7fa1d7893000 33 5 3880 10
7fa1d78bc000 50 5 3935 10
7fa1d7914000 50 5 3991 10
7fa1d7913000 62 9 4062 10
7fa1d7975000 48 5 4115 10
7fa1d7974000 62 9 4186 10
7fa1d7973000 50 6 4243 10
7fa1d7972000 66 6 4315 11
4319 11
0x401000
401000 35 26 61 5
61 5
0x403000
403000 44 28 73 1
7fa1d78b5000 84 40 198 4
7fa1d793f000 55 54 308 4
7fa1d793e000 79 85 472 5
7fa1d793d000 64 49 586 5
7fa1d7853000 130 21 737 5
7fa1d793c000 49 22 808 5
7fa1d793b000 47 18 873 5
7fa1d78d0000 93 58 1025 6
7fa1d78cf000 92 37 1154 6
7fa1d7990000 106 30 1290 6
7fa1d78ce000 64 26 1380 6
7fa1d78cd000 86 28 1494 6
7fa1d78c5000 160 34 1688 7
7fa1d78cc000 100 19 1807 7
7fa1d78cb000 72 24 1903 7
7fa1d78c6000 64 28 1995 7
7fa1d7892000 59 16 2070 7
7fa1d7960000 96 22 2188 8
7fa1d795f000 115 16 2319 8
7fa1d795e000 71 30 2420 8
7fa1d795c000 80 12 2513 8
7fa1d793a000 56 11 2581 8
7fa1d7939000 51 11 2644 9
7fa1d7938000 36 9 2690 9
7fa1d7937000 48 10 2748 9
7fa1d7936000 41 9 2798 9
7fa1d7935000 47 9 2854 9
7fa1d796f000 57 9 2920 9
7fa1d7951000 71 29 3021 9
7fa1d78be000 66 11 3098 9
7fa1d7949000 64 18 3181 10
7fa1d7945000 84 11 3277 10
7fa1d7944000 59 14 3351 10
7fa1d7947000 102 8 3462 10
7fa1d7946000 63 10 3535 10
7fa1d7948000 50 7 3593 10
7fa1d78bf000 81 8 3682 10
7fa1d78c2000 110 8 3800 10
7fa1d7893000 34 5 3839 10
7fa1d78bc000 49 5 3894 10
7fa1d7914000 50 6 3950 10
7fa1d7913000 58 10 4018 10
7fa1d7975000 46 6 4070 10
7fa1d7974000 61 6 4137 10
7fa1d7973000 51 6 4195 10
7fa1d7972000 69 6 4270 11
4273 11
