0x405000
405000 53 37 90 5
404000 17 10 118 5
420000 230 27 375 6
7fe680bc6000 111 17 505 8
7fe680bc5000 71 27 604 8
7fe680bc3000 77 10 691 8
410000 55 8 754 9
40f000 56 8 819 10
40e000 148 12 980 10
40d000 63 4 1048 10
40c000 69 6 1124 10
40b000 57 4 1186 10
7fe680b53000 66 15 1268 10
7fe680b52000 102 9 1380 11
1385 11
0x404000
404000 17 18 36 0
36 0
0x420000
420000 229 52 281 3
405000 46 28 356 6
404000 17 6 380 6
7fe680b4f000 87 41 509 8
7fe680b49000 59 7 575 9
7fe680b48000 51 2 629 9
7fe680b47000 47 2 678 9
7fe680bc6000 111 6 796 11
797 11
0x410000
410000 55 27 82 3
40f000 56 28 167 4
40e000 149 64 381 5
40d000 64 16 462 5
40c000 70 26 559 7
40b000 58 12 629 8
7fe680b53000 65 37 732 8
7fe680b52000 109 23 864 9
404000 17 4 885 9
405000 47 6 938 10
420000 233 4 1176 10
7fe680bc6000 118 2 1297 11
1301 11
0x40f000
40f000 56 34 91 3
40e000 150 72 314 5
40d000 64 17 396 5
40c000 69 26 492 7
40b000 58 11 562 8
7fe680b53000 66 37 666 8
7fe680b52000 102 23 792 9
404000 17 4 813 9
405000 47 7 867 10
420000 237 3 1108 10
7fe680bc6000 113 2 1224 11
1228 11
0x40e000
40e000 155 91 246 4
40d000 64 19 330 4
40c000 70 28 429 6
40b000 58 14 502 7
7fe680b53000 65 48 616 8
7fe680b52000 103 23 742 9
404000 17 4 763 9
405000 47 7 817 10
420000 231 3 1052 10
7fe680bc6000 114 2 1169 11
1172 11
0x40d000
40d000 65 26 91 1
40c000 70 39 201 5
40b000 58 14 274 6
7fe680b53000 65 56 397 7
7fe680b52000 104 27 528 8
404000 17 4 550 8
405000 47 9 606 10
420000 230 4 841 10
7fe680bc6000 115 3 960 11
964 11
0x40c000
40c000 70 41 111 5
40b000 58 15 185 6
7fe680b53000 65 56 307 7
7fe680b52000 102 28 438 8
404000 17 3 459 8
405000 47 9 516 10
420000 234 4 754 10
7fe680bc6000 112 2 869 11
872 11
0x40b000
40b000 58 24 82 2
7fe680b53000 66 99 248 7
7fe680b52000 122 28 398 8
404000 17 3 419 8
405000 47 9 476 10
420000 231 4 712 10
7fe680bc6000 112 3 828 11
829 11
0x40a000
40a000 45 35 81 1
7fe680b54000 68 76 226 5
7fe680b53000 65 67 359 7
7fe680b52000 103 28 491 7
404000 17 7 515 7
409000 68 18 601 7
408000 88 19 709 8
407000 52 10 772 8
420000 232 18 1023 9
405000 47 11 1081 11
1085 11
0x409000
409000 67 50 118 2
408000 100 44 263 3
407000 51 22 337 3
420000 230 42 610 5
405000 46 24 681 8
404000 17 5 704 8
7fe680b4f000 87 27 818 10
7fe680b49000 59 3 881 10
7fe680b48000 52 1 934 10
7fe680b47000 47 1 983 10
7fe680bc6000 112 3 1099 11
1103 11
0x408000
408000 85 51 136 2
407000 52 24 213 2
420000 230 47 491 4
405000 46 27 565 7
404000 17 6 589 7
7fe680b4f000 86 35 711 9
7fe680b49000 58 6 776 10
7fe680b48000 51 1 829 10
7fe680b47000 47 1 878 10
7fe680bc6000 112 4 995 11
998 11
0x407000
407000 52 26 78 1
420000 233 49 361 3
405000 47 28 437 6
404000 17 6 461 6
7fe680b4f000 86 42 590 8
7fe680b49000 58 8 656 9
7fe680b48000 51 2 710 9
7fe680b47000 47 2 759 9
7fe680bc6000 111 5 876 11
879 11
0x406000
406000 64 58 122 3
405000 47 28 198 7
404000 17 6 222 7
420000 234 18 474 7
7fe680bc6000 112 14 601 9
7fe680bc5000 70 21 693 9
7fe680bc3000 77 8 778 9
410000 55 6 839 9
40f000 57 8 905 10
40e000 148 12 1066 10
40d000 64 4 1135 10
40c000 69 6 1211 10
40b000 58 4 1274 10
7fe680b53000 66 16 1357 10
7fe680b52000 102 10 1470 11
1475 11
0x41f000
41f000 66 42 108 4
7fe680ff1000 45 22 176 6
405000 47 21 245 8
404000 17 8 271 8
420000 230 18 519 9
7fe680bc6000 112 10 642 9
7fe680bc5000 71 20 733 9
7fe680bc3000 76 8 818 9
410000 56 6 880 9
40f000 56 7 944 10
40e000 149 12 1106 10
40d000 64 4 1175 10
40c000 70 6 1252 10
40b000 59 4 1316 10
7fe680b53000 65 16 1398 10
7fe680b52000 102 10 1510 11
1515 11
0x41c000
41c000 45 32 77 3
41a000 48 27 153 4
405000 47 25 226 6
404000 17 9 253 6
420000 233 24 510 7
7fe680bc6000 113 14 638 9
7fe680bc5000 71 20 730 9
7fe680bc3000 77 8 816 9
410000 58 6 880 9
40f000 56 8 945 10
40e000 149 11 1106 10
40d000 64 4 1175 10
40c000 69 6 1251 10
40b000 57 4 1313 10
7fe680b53000 65 15 1394 10
7fe680b52000 103 10 1508 11
1514 11
0x41a000
41a000 48 32 80 2
405000 47 30 158 5
404000 17 9 185 5
420000 236 28 450 6
7fe680bc6000 112 17 580 8
7fe680bc5000 71 26 677 8
7fe680bc3000 77 9 764 8
410000 55 7 827 9
40f000 57 7 892 10
40e000 149 12 1054 10
40d000 64 4 1123 10
40c000 69 6 1199 10
40b000 57 4 1261 10
7fe680b53000 65 16 1343 10
7fe680b52000 103 10 1457 11
1462 11
0x419000
419000 59 33 92 2
405000 47 30 170 5
404000 17 10 198 5
420000 229 28 455 6
7fe680bc6000 112 17 585 8
7fe680bc5000 71 26 683 8
7fe680bc3000 80 9 772 8
410000 55 8 836 9
40f000 56 8 901 10
40e000 149 11 1062 10
40d000 64 4 1131 10
40c000 69 6 1207 10
40b000 57 4 1269 10
7fe680b53000 65 16 1351 10
7fe680b52000 102 10 1464 11
1468 11
0x417000
417000 59 39 99 2
420000 230 42 372 4
405000 47 23 443 6
404000 17 6 467 6
7fe680b4f000 86 41 595 8
7fe680b49000 59 7 662 9
7fe680b48000 51 2 716 9
7fe680b47000 46 2 765 9
7fe680bc6000 111 6 883 11
885 11
0x416000
416000 46 26 72 2
415000 51 27 152 3
412000 53 25 231 5
7fe680b7d000 42 17 292 6
404000 17 9 318 6
405000 47 18 383 7
420000 230 18 632 7
7fe680bc6000 112 15 760 9
7fe680bc5000 70 21 852 9
7fe680bc3000 77 8 937 9
410000 55 6 998 9
40f000 56 8 1063 10
40e000 149 11 1224 10
40d000 64 4 1293 10
40c000 70 6 1370 10
40b000 57 4 1432 10
7fe680b53000 65 15 1513 10
7fe680b52000 102 10 1626 11
1630 11
0x415000
415000 48 34 82 2
82 2
0x412000
412000 53 38 92 5
7fe680b7d000 42 17 152 6
404000 17 9 178 6
179 6
0x414000
414000 58 35 93 2
413000 62 40 196 3
410000 55 20 272 4
40f000 56 24 353 5
40e000 149 55 558 5
40d000 64 16 639 5
40c000 69 25 735 7
40b000 57 12 805 8
7fe680b53000 64 37 907 8
7fe680b52000 103 23 1034 9
404000 17 3 1054 9
405000 46 7 1108 10
420000 232 4 1345 10
7fe680bc6000 112 2 1460 11
1465 11
0x413000
413000 62 46 108 2
410000 55 21 185 4
40f000 56 24 266 5
40e000 149 54 470 5
40d000 64 16 551 5
40c000 69 25 646 7
40b000 58 11 716 8
7fe680b53000 65 37 819 8
7fe680b52000 102 23 945 9
404000 17 3 966 9
405000 47 7 1020 10
420000 230 4 1255 10
7fe680bc6000 112 2 1370 11
1374 11
0x418000
418000 72 39 111 2
417000 59 32 203 2
420000 229 42 475 4
405000 47 23 546 6
404000 17 6 570 6
7fe680b4f000 87 41 699 8
7fe680b49000 58 8 766 9
7fe680b48000 51 2 820 9
7fe680b47000 46 2 869 9
7fe680bc6000 111 6 987 11
989 11
0x41b000
41b000 37 26 63 1
405000 46 36 146 5
404000 17 10 173 5
420000 230 28 431 6
7fe680bc6000 112 17 561 8
7fe680bc5000 71 26 658 8
7fe680bc3000 77 9 745 8
410000 55 7 808 9
40f000 56 8 873 10
40e000 149 12 1035 10
40d000 64 4 1104 10
40c000 69 6 1180 10
40b000 58 4 1242 10
7fe680b53000 64 16 1323 10
7fe680b52000 102 10 1436 11
1441 11
0x41d000
41d000 59 25 84 2
41c000 46 29 159 3
41a000 47 29 236 4
405000 47 26 310 6
404000 17 9 336 6
420000 232 25 594 7
7fe680bc6000 112 15 722 9
7fe680bc5000 75 20 817 9
7fe680bc3000 77 8 903 9
410000 55 6 965 9
40f000 57 7 1030 10
40e000 150 12 1193 10
40d000 64 4 1262 10
40c000 70 6 1339 10
40b000 62 4 1406 10
7fe680b53000 66 16 1489 10
7fe680b52000 103 10 1602 11
1609 11
0x41e000
41e000 89 36 126 4
41d000 60 17 203 4
41c000 45 22 271 5
41a000 48 25 345 6
405000 46 18 410 8
404000 17 5 433 8
420000 230 15 678 8
7fe680bc6000 111 12 802 9
7fe680bc5000 71 20 893 9
7fe680bc3000 77 7 978 9
410000 55 6 1040 9
40f000 56 8 1105 10
40e000 148 12 1266 10
40d000 63 4 1334 10
40c000 69 6 1410 10
40b000 58 3 1472 10
7fe680b53000 66 15 1554 10
7fe680b52000 103 10 1668 11
1675 11
