0x408000
408000 40 28 69 1
407000 18 17 105 1
7f96a24e3000 56 55 216 3
7f96a2426000 123 21 360 3
7f96a24e2000 53 33 447 4
7f96a24e1000 69 35 552 5
7f96a24e0000 28 15 595 5
7f96a24df000 38 17 651 5
7f96a24de000 27 14 693 5
7f96a24dc000 45 16 755 5
7f96a24db000 41 17 813 5
7f96a24d8000 53 23 890 5
7f96a24d5000 53 22 965 5
7f96a2564000 99 36 1101 5
7f96a2563000 100 32 1234 5
7f96a2533000 90 30 1355 7
7f96a2532000 107 20 1482 7
7f96a2531000 68 41 1591 7
7f96a252f000 74 16 1681 7
7f96a2437000 75 20 1776 8
7f96a2436000 38 11 1825 8
7f96a2435000 53 10 1888 8
7f96a2434000 84 14 1986 8
7f96a2433000 34 9 2029 8
7f96a242b000 45 12 2086 8
7f96a242a000 42 13 2141 8
7f96a2429000 62 10 2213 8
7f96a2486000 72 17 2303 8
7f96a2493000 85 15 2403 8
7f96a2492000 77 21 2501 8
7f96a2517000 57 33 2591 8
7f96a2512000 54 24 2669 8
7f96a2511000 77 36 2782 8
7f96a2510000 61 24 2868 8
7f96a250f000 45 9 2923 8
7f96a250e000 43 8 2974 8
7f96a24a3000 83 29 3087 8
7f96a24a2000 85 19 3191 8
7f96a24a1000 60 16 3268 8
7f96a24a0000 81 16 3365 8
7f96a2498000 149 20 3534 9
7f96a249f000 93 8 3635 9
7f96a249e000 67 12 3715 9
7f96a2499000 61 14 3790 9
7f96a2465000 56 8 3854 9
7f96a250d000 53 6 3913 9
7f96a250c000 48 6 3968 10
7f96a250b000 35 4 4008 10
7f96a250a000 46 4 4058 10
7f96a2509000 39 4 4101 10
7f96a2508000 43 4 4149 10
7f96a2542000 53 4 4207 10
7f96a2524000 69 16 4293 10
7f96a2491000 61 6 4360 10
7f96a251c000 60 9 4429 11
4432 11
0x407000
407000 19 18 37 0
37 0
0x424000
424000 51 33 85 2
7f96a2486000 74 41 201 7
7f96a2493000 86 20 308 7
7f96a2492000 77 27 412 7
7f96a2517000 60 46 519 7
7f96a2512000 55 33 608 7
7f96a2511000 98 49 755 7
7f96a2510000 65 33 854 7
7f96a2426000 128 14 996 7
7f96a250f000 46 12 1054 7
7f96a250e000 43 11 1109 7
7f96a24a3000 83 38 1231 7
7f96a24a2000 86 27 1345 7
7f96a2563000 100 24 1469 7
7f96a24a1000 61 20 1550 7
7f96a24a0000 82 21 1654 7
7f96a2498000 150 27 1832 8
7f96a249f000 92 13 1938 8
7f96a249e000 67 18 2024 8
7f96a2499000 61 21 2106 8
7f96a2465000 57 12 2175 8
7f96a2533000 90 17 2282 8
7f96a2532000 108 15 2405 8
7f96a2531000 69 30 2504 8
7f96a252f000 82 11 2597 8
7f96a250d000 53 9 2660 8
7f96a250c000 48 11 2720 9
7f96a250b000 35 7 2763 9
7f96a250a000 51 8 2822 9
7f96a2509000 39 8 2870 9
7f96a2508000 50 11 2931 9
7f96a2542000 58 9 2999 9
7f96a2524000 69 29 3097 9
7f96a2491000 61 10 3168 9
7f96a251c000 60 17 3246 10
7f96a2518000 78 11 3336 10
7f96a251b000 48 6 3391 10
7f96a2495000 101 8 3501 10
7f96a251a000 92 8 3602 10
7f96a2519000 61 10 3673 10
7f96a2466000 31 5 3710 10
7f96a248f000 46 5 3762 10
7f96a24e7000 48 5 3815 10
7f96a24e6000 56 9 3881 10
7f96a2548000 45 4 3930 10
7f96a2547000 57 6 3994 10
7f96a2546000 48 6 4048 10
7f96a2545000 63 5 4116 11
4119 11
0x42d000
42d000 420 82 503 1
503 1
0x409000
409000 45 23 68 1
7f96a2ec7000 62 102 233 2
408000 36 25 294 2
407000 19 17 331 2
7f96a24e3000 53 51 435 3
7f96a2426000 121 22 578 3
7f96a24e2000 53 33 664 4
7f96a24e1000 69 34 768 5
7f96a24e0000 28 14 810 5
7f96a24df000 36 18 865 5
7f96a24de000 26 15 907 5
7f96a24dc000 45 15 967 5
7f96a24db000 40 17 1025 5
7f96a24d8000 52 23 1101 5
7f96a24d5000 54 22 1177 5
7f96a2564000 99 40 1317 5
7f96a2563000 114 36 1468 5
7f96a2533000 102 33 1603 7
7f96a2532000 109 20 1732 7
7f96a2531000 70 41 1844 7
7f96a252f000 75 16 1935 7
7f96a2437000 75 20 2031 8
7f96a2436000 37 11 2080 8
7f96a2435000 52 10 2143 8
7f96a2434000 83 15 2242 8
7f96a2433000 34 9 2285 8
7f96a242b000 45 12 2343 8
7f96a242a000 43 12 2398 8
7f96a2429000 63 12 2474 8
7f96a2486000 76 17 2567 8
7f96a2493000 88 14 2669 8
7f96a2492000 76 20 2766 8
7f96a2517000 57 33 2856 8
7f96a2512000 54 24 2934 8
7f96a2511000 77 36 3047 8
7f96a2510000 61 26 3135 8
7f96a250f000 49 9 3194 8
7f96a250e000 47 8 3249 8
7f96a24a3000 84 29 3363 8
7f96a24a2000 86 20 3469 8
7f96a24a1000 61 15 3545 8
7f96a24a0000 81 16 3643 8
7f96a2498000 150 21 3815 9
7f96a249f000 98 8 3921 9
7f96a249e000 67 12 4001 9
7f96a2499000 61 14 4076 9
7f96a2465000 56 7 4139 9
7f96a250d000 53 6 4199 9
7f96a250c000 49 6 4254 10
7f96a250b000 35 4 4294 10
7f96a250a000 45 5 4345 10
7f96a2509000 39 4 4388 10
7f96a2508000 44 7 4440 10
7f96a2542000 53 5 4499 10
7f96a2524000 69 16 4584 10
7f96a2491000 61 5 4650 10
7f96a251c000 60 9 4720 11
4724 11
0x425000
425000 56 24 80 1
80 1
0x42a000
42a000 47 27 74 2
74 2
0x417000
417000 38 28 67 1
407000 18 17 103 1
416000 48 30 181 1
42d000 438 79 699 1
408000 38 26 764 1
7f96a24e3000 53 55 873 3
7f96a2426000 123 22 1018 3
7f96a24e2000 56 36 1110 4
7f96a24e1000 69 34 1214 5
7f96a24e0000 28 15 1258 5
7f96a24df000 36 18 1312 5
7f96a24de000 26 16 1355 5
7f96a24dc000 47 16 1419 5
7f96a24db000 40 17 1477 5
7f96a24d8000 54 22 1553 5
7f96a24d5000 52 23 1629 5
7f96a2564000 99 37 1765 5
7f96a2563000 106 32 1903 5
7f96a2533000 90 31 2024 7
7f96a2532000 108 20 2152 7
7f96a2531000 68 41 2262 7
7f96a252f000 74 16 2352 7
7f96a2437000 74 20 2447 8
7f96a2436000 36 11 2495 8
7f96a2435000 52 10 2558 8
7f96a2434000 83 14 2656 8
7f96a2433000 33 9 2699 8
7f96a242b000 45 11 2756 8
7f96a242a000 42 12 2811 8
7f96a2429000 62 10 2884 8
7f96a2486000 73 16 2974 8
7f96a2493000 85 15 3074 8
7f96a2492000 76 20 3170 8
7f96a2517000 56 33 3260 8
7f96a2512000 54 24 3339 8
7f96a2511000 76 37 3453 8
7f96a2510000 61 24 3538 8
7f96a250f000 45 9 3593 8
7f96a250e000 43 8 3644 8
7f96a24a3000 82 29 3756 8
7f96a24a2000 85 20 3861 8
7f96a24a1000 61 16 3938 8
7f96a24a0000 81 16 4035 8
7f96a2498000 153 21 4210 9
7f96a249f000 92 9 4312 9
7f96a249e000 67 12 4391 9
7f96a2499000 60 14 4465 9
7f96a2465000 59 7 4531 9
7f96a250d000 53 5 4590 9
7f96a250c000 48 7 4646 10
7f96a250b000 34 4 4685 10
7f96a250a000 46 4 4735 10
7f96a2509000 39 4 4778 10
7f96a2508000 43 4 4826 10
7f96a2542000 53 4 4883 10
7f96a2524000 68 16 4968 10
7f96a2491000 60 6 5034 10
7f96a251c000 61 9 5104 11
5110 11
0x416000
416000 47 33 80 1
407000 19 18 118 1
42d000 440 76 635 1
408000 35 27 699 1
7f96a24e3000 53 54 806 3
7f96a2426000 122 21 950 3
7f96a24e2000 52 34 1037 4
7f96a24e1000 70 41 1148 5
7f96a24e0000 37 14 1200 5
7f96a24df000 36 17 1254 5
7f96a24de000 26 15 1296 5
7f96a24dc000 45 16 1357 5
7f96a24db000 39 18 1415 5
7f96a24d8000 54 22 1491 5
7f96a24d5000 53 22 1566 5
7f96a2564000 99 38 1704 5
7f96a2563000 99 32 1836 5
7f96a2533000 89 30 1956 7
7f96a2532000 106 20 2083 7
7f96a2531000 68 40 2192 7
7f96a252f000 74 16 2283 7
7f96a2437000 74 21 2378 8
7f96a2436000 37 11 2427 8
7f96a2435000 52 11 2491 8
7f96a2434000 83 15 2589 8
7f96a2433000 34 9 2632 8
7f96a242b000 45 12 2689 8
7f96a242a000 42 13 2744 8
7f96a2429000 64 10 2818 8
7f96a2486000 73 17 2908 8
7f96a2493000 85 14 3007 8
7f96a2492000 76 20 3104 8
7f96a2517000 56 33 3194 8
7f96a2512000 54 24 3272 8
7f96a2511000 77 36 3385 8
7f96a2510000 61 24 3471 8
7f96a250f000 45 9 3526 8
7f96a250e000 43 8 3577 8
7f96a24a3000 82 30 3690 8
7f96a24a2000 85 20 3795 8
7f96a24a1000 60 15 3871 8
7f96a24a0000 81 16 3968 8
7f96a2498000 151 20 4140 9
7f96a249f000 92 8 4241 9
7f96a249e000 67 11 4320 9
7f96a2499000 60 13 4394 9
7f96a2465000 55 8 4458 9
7f96a250d000 53 5 4516 9
7f96a250c000 48 7 4572 10
7f96a250b000 35 3 4610 10
7f96a250a000 46 4 4661 10
7f96a2509000 39 4 4704 10
7f96a2508000 43 4 4751 10
7f96a2542000 53 4 4809 10
7f96a2524000 69 15 4893 10
7f96a2491000 60 5 4959 10
7f96a251c000 59 9 5028 11
5033 11
0x42b000
42b000 53 30 83 1
7f96a2503000 58 30 172 2
408000 36 25 234 2
407000 18 17 270 2
7f96a24e3000 53 51 374 3
7f96a2426000 121 22 517 3
7f96a24e2000 52 33 602 4
7f96a24e1000 68 34 705 5
7f96a24e0000 28 14 748 5
7f96a24df000 36 17 801 5
7f96a24de000 26 15 843 5
7f96a24dc000 44 16 904 5
7f96a24db000 40 17 962 5
7f96a24d8000 53 23 1038 5
7f96a24d5000 52 22 1112 5
7f96a2564000 97 36 1246 5
7f96a2563000 99 32 1377 5
7f96a2533000 90 29 1497 7
7f96a2532000 107 20 1625 7
7f96a2531000 68 41 1734 7
7f96a252f000 74 16 1824 7
7f96a2437000 73 21 1919 8
7f96a2436000 37 11 1967 8
7f96a2435000 53 10 2031 8
7f96a2434000 84 14 2129 8
7f96a2433000 33 9 2172 8
7f96a242b000 45 12 2229 8
7f96a242a000 42 13 2284 8
7f96a2429000 62 10 2356 8
7f96a2486000 73 17 2446 8
7f96a2493000 84 15 2545 8
7f96a2492000 77 20 2642 8
7f96a2517000 56 33 2732 8
7f96a2512000 53 24 2810 8
7f96a2511000 76 36 2923 8
7f96a2510000 61 24 3009 8
7f96a250f000 45 9 3064 8
7f96a250e000 43 8 3115 8
7f96a24a3000 83 28 3227 8
7f96a24a2000 85 19 3332 8
7f96a24a1000 60 15 3408 8
7f96a24a0000 80 16 3505 8
7f96a2498000 148 21 3675 9
7f96a249f000 93 8 3776 9
7f96a249e000 68 11 3855 9
7f96a2499000 60 14 3930 9
7f96a2465000 56 7 3993 9
7f96a250d000 53 6 4052 9
7f96a250c000 48 6 4107 10
7f96a250b000 34 4 4146 10
7f96a250a000 46 4 4196 10
7f96a2509000 39 4 4239 10
7f96a2508000 43 4 4286 10
7f96a2542000 53 4 4344 10
7f96a2524000 69 15 4428 10
7f96a2491000 60 5 4494 10
7f96a251c000 60 9 4564 11
4568 11
0x40c000
40c000 58 35 94 3
42d000 420 63 578 3
40b000 44 29 652 3
40a000 31 21 705 3
42a000 47 21 774 3
7f96a2486000 72 37 884 7
7f96a2493000 85 20 989 7
7f96a2492000 77 27 1093 7
7f96a2517000 56 44 1194 7
7f96a2512000 54 32 1281 7
7f96a2511000 77 48 1406 7
7f96a2510000 61 33 1501 7
7f96a2426000 121 13 1635 7
7f96a250f000 46 12 1693 7
7f96a250e000 44 11 1748 7
7f96a24a3000 82 38 1869 7
7f96a24a2000 84 27 1981 7
7f96a2563000 99 24 2104 7
7f96a24a1000 61 20 2185 7
7f96a24a0000 81 22 2288 7
7f96a2498000 148 27 2464 8
7f96a249f000 92 13 2570 8
7f96a249e000 67 17 2655 8
7f96a2499000 60 21 2737 8
7f96a2465000 56 12 2805 8
7f96a2533000 90 16 2911 8
7f96a2532000 106 15 3033 8
7f96a2531000 68 30 3131 8
7f96a252f000 74 12 3217 8
7f96a250d000 54 9 3280 8
7f96a250c000 48 10 3339 9
7f96a250b000 35 6 3381 9
7f96a250a000 45 8 3435 9
7f96a2509000 39 7 3482 9
7f96a2508000 43 8 3533 9
7f96a2542000 64 8 3606 9
7f96a2524000 68 28 3703 9
7f96a2491000 60 11 3774 9
7f96a251c000 60 17 3851 10
7f96a2518000 79 11 3941 10
7f96a251b000 48 7 3996 10
7f96a2495000 103 7 4106 10
7f96a251a000 93 7 4207 10
7f96a2519000 60 10 4278 10
7f96a2466000 32 4 4315 10
7f96a248f000 46 5 4367 10
7f96a24e7000 49 5 4421 10
7f96a24e6000 56 9 4486 10
7f96a2548000 44 5 4536 10
7f96a2547000 57 6 4599 10
7f96a2546000 48 5 4653 10
7f96a2545000 62 6 4722 11
4727 11
0x40b000
40b000 44 36 80 1
42d000 420 77 578 1
40a000 31 25 635 2
42a000 47 24 706 3
7f96a2486000 72 37 816 7
7f96a2493000 85 19 920 7
7f96a2492000 76 27 1024 7
7f96a2517000 56 44 1125 7
7f96a2512000 53 32 1211 7
7f96a2511000 76 49 1337 7
7f96a2510000 61 33 1431 7
7f96a2426000 121 13 1565 7
7f96a250f000 45 12 1622 7
7f96a250e000 43 11 1677 7
7f96a24a3000 83 38 1799 7
7f96a24a2000 85 26 1910 7
7f96a2563000 99 23 2033 7
7f96a24a1000 60 21 2115 7
7f96a24a0000 81 22 2218 7
7f96a2498000 149 28 2395 8
7f96a249f000 92 13 2500 8
7f96a249e000 67 17 2585 8
7f96a2499000 60 21 2667 8
7f96a2465000 56 12 2735 8
7f96a2533000 90 16 2841 8
7f96a2532000 107 15 2964 8
7f96a2531000 68 30 3063 8
7f96a252f000 74 12 3150 8
7f96a250d000 53 9 3212 8
7f96a250c000 49 10 3272 9
7f96a250b000 35 6 3314 9
7f96a250a000 46 8 3369 9
7f96a2509000 39 8 3416 9
7f96a2508000 43 8 3467 9
7f96a2542000 53 8 3529 9
7f96a2524000 69 28 3626 9
7f96a2491000 60 11 3698 9
7f96a251c000 60 17 3775 10
7f96a2518000 78 12 3866 10
7f96a251b000 48 7 3921 10
7f96a2495000 103 8 4032 10
7f96a251a000 94 7 4133 10
7f96a2519000 61 10 4205 10
7f96a2466000 32 4 4242 10
7f96a248f000 47 5 4295 10
7f96a24e7000 49 5 4349 10
7f96a24e6000 57 8 4414 10
7f96a2548000 45 5 4465 10
7f96a2547000 58 6 4529 10
7f96a2546000 48 6 4583 10
7f96a2545000 63 6 4652 11
4656 11
0x40a000
40a000 32 26 58 2
42d000 423 71 553 2
42a000 47 24 625 3
7f96a2486000 72 37 735 7
7f96a2493000 85 20 840 7
7f96a2492000 76 28 944 7
7f96a2517000 56 45 1045 7
7f96a2512000 54 32 1131 7
7f96a2511000 77 48 1256 7
7f96a2510000 61 32 1350 7
7f96a2426000 121 13 1485 7
7f96a250f000 45 12 1543 7
7f96a250e000 44 11 1598 7
7f96a24a3000 83 39 1721 7
7f96a24a2000 86 26 1833 7
7f96a2563000 99 24 1957 7
7f96a24a1000 60 21 2039 7
7f96a24a0000 82 22 2143 7
7f96a2498000 150 27 2320 8
7f96a249f000 94 13 2427 8
7f96a249e000 68 18 2513 8
7f96a2499000 61 20 2594 8
7f96a2465000 56 12 2663 8
7f96a2533000 90 17 2770 8
7f96a2532000 108 14 2892 8
7f96a2531000 68 30 2991 8
7f96a252f000 74 12 3078 8
7f96a250d000 53 10 3141 8
7f96a250c000 50 10 3201 9
7f96a250b000 35 7 3243 9
7f96a250a000 46 8 3297 9
7f96a2509000 39 7 3343 9
7f96a2508000 43 7 3394 9
7f96a2542000 53 8 3456 9
7f96a2524000 69 28 3553 9
7f96a2491000 60 11 3624 9
7f96a251c000 60 17 3701 10
7f96a2518000 78 11 3790 10
7f96a251b000 48 6 3845 10
7f96a2495000 102 7 3955 10
7f96a251a000 93 7 4056 10
7f96a2519000 60 10 4127 10
7f96a2466000 32 4 4164 10
7f96a248f000 46 5 4216 10
7f96a24e7000 49 5 4270 10
7f96a24e6000 56 9 4335 10
7f96a2548000 44 5 4385 10
7f96a2547000 57 6 4448 10
7f96a2546000 48 5 4502 10
7f96a2545000 62 6 4571 11
4574 11
0x420000
420000 34 33 67 1
408000 36 25 129 1
407000 19 16 165 1
7f96a24e3000 52 54 272 3
7f96a2426000 121 22 416 3
7f96a24e2000 52 34 502 4
7f96a24e1000 68 35 605 5
7f96a24e0000 28 14 647 5
7f96a24df000 35 18 701 5
7f96a24de000 26 14 742 5
7f96a24dc000 45 15 803 5
7f96a24db000 40 17 861 5
7f96a24d8000 53 22 937 5
7f96a24d5000 53 22 1012 5
7f96a2564000 98 36 1146 5
7f96a2563000 99 32 1277 5
7f96a2533000 89 30 1397 7
7f96a2532000 107 20 1524 7
7f96a2531000 68 41 1633 7
7f96a252f000 74 16 1723 7
7f96a2437000 75 20 1818 8
7f96a2436000 36 11 1866 8
7f96a2435000 52 10 1929 8
7f96a2434000 83 15 2028 8
7f96a2433000 33 9 2070 8
7f96a242b000 45 11 2127 8
7f96a242a000 42 12 2182 8
7f96a2429000 61 10 2254 8
7f96a2486000 73 16 2344 8
7f96a2493000 84 15 2444 8
7f96a2492000 77 20 2541 8
7f96a2517000 57 33 2631 8
7f96a2512000 54 24 2709 8
7f96a2511000 77 36 2822 8
7f96a2510000 61 24 2908 8
7f96a250f000 45 9 2963 8
7f96a250e000 43 8 3014 8
7f96a24a3000 83 29 3127 8
7f96a24a2000 85 20 3232 8
7f96a24a1000 60 15 3307 8
7f96a24a0000 80 17 3405 8
7f96a2498000 149 20 3574 9
7f96a249f000 92 8 3675 9
7f96a249e000 67 11 3754 9
7f96a2499000 60 14 3829 9
7f96a2465000 56 7 3892 9
7f96a250d000 52 6 3951 9
7f96a250c000 48 6 4006 10
7f96a250b000 35 3 4045 10
7f96a250a000 45 4 4095 10
7f96a2509000 39 3 4138 10
7f96a2508000 43 4 4186 10
7f96a2542000 52 4 4243 10
7f96a2524000 68 16 4328 10
7f96a2491000 60 6 4394 10
7f96a251c000 60 9 4463 11
4467 11
0x41f000
41f000 45 29 74 2
41e000 33 21 129 2
41d000 50 26 206 3
41c000 40 20 267 3
7f96a24b5000 56 28 352 4
7f96a24b4000 50 13 415 4
7f96a24b3000 46 13 475 4
407000 18 12 506 4
7f96a249e000 67 34 608 7
408000 36 12 656 7
7f96a24e3000 53 24 734 7
7f96a2426000 122 12 868 7
7f96a24e2000 53 17 938 8
7f96a24e1000 68 15 1022 8
7f96a24e0000 28 6 1057 8
7f96a24df000 36 8 1102 8
7f96a24de000 26 7 1136 8
7f96a24dc000 45 7 1188 8
7f96a24db000 40 8 1237 8
7f96a24d8000 53 10 1301 8
7f96a24d5000 52 11 1365 8
7f96a2564000 98 18 1481 8
7f96a2563000 99 16 1596 8
7f96a2533000 90 15 1701 10
7f96a2532000 108 6 1815 10
7f96a2531000 69 12 1896 10
7f96a252f000 75 5 1976 10
7f96a2437000 75 6 2057 10
7f96a2436000 37 5 2099 10
7f96a2435000 53 4 2156 10
7f96a2434000 85 5 2246 10
7f96a2433000 33 4 2284 10
7f96a242b000 45 5 2335 10
7f96a242a000 43 4 2382 10
7f96a2429000 62 4 2449 10
7f96a2486000 73 6 2529 10
7f96a2493000 85 5 2620 10
7f96a2492000 76 8 2705 10
7f96a2517000 56 13 2775 10
7f96a2512000 53 10 2839 10
7f96a2511000 77 14 2930 10
7f96a2510000 61 9 3001 10
7f96a250f000 45 4 3051 10
7f96a250e000 43 3 3097 10
7f96a24a3000 83 11 3192 10
7f96a24a2000 84 8 3285 10
7f96a24a1000 61 6 3352 10
7f96a24a0000 81 6 3439 10
7f96a2498000 148 9 3597 11
3604 11
0x41e000
41e000 33 25 59 1
41d000 50 31 141 2
41c000 39 24 205 2
7f96a24b5000 56 32 294 3
7f96a24b4000 49 17 361 3
7f96a24b3000 45 16 423 3
407000 18 15 457 3
7f96a249e000 67 40 565 6
408000 35 17 618 6
7f96a24e3000 52 32 703 6
7f96a2426000 122 15 840 6
7f96a24e2000 52 23 915 7
7f96a24e1000 68 21 1005 7
7f96a24e0000 29 9 1043 7
7f96a24df000 35 12 1091 7
7f96a24de000 26 10 1128 7
7f96a24dc000 44 11 1184 7
7f96a24db000 40 11 1235 7
7f96a24d8000 53 15 1304 7
7f96a24d5000 52 15 1372 7
7f96a2564000 98 25 1495 7
7f96a2563000 99 22 1616 7
7f96a2533000 89 21 1726 9
7f96a2532000 107 11 1844 9
7f96a2531000 68 22 1935 9
7f96a252f000 74 9 2019 9
7f96a2437000 74 12 2105 9
7f96a2436000 37 9 2151 9
7f96a2435000 52 8 2211 9
7f96a2434000 83 11 2306 9
7f96a2433000 33 7 2347 9
7f96a242b000 45 9 2402 9
7f96a242a000 42 10 2454 9
7f96a2429000 61 8 2524 9
7f96a2486000 72 13 2610 9
7f96a2493000 85 11 2706 9
7f96a2492000 76 15 2798 9
7f96a2517000 56 25 2880 9
7f96a2512000 54 18 2952 9
7f96a2511000 77 27 3056 9
7f96a2510000 61 19 3136 9
7f96a250f000 46 7 3189 9
7f96a250e000 43 7 3239 9
7f96a24a3000 82 21 3343 9
7f96a24a2000 84 15 3443 9
7f96a24a1000 60 12 3516 9
7f96a24a0000 81 12 3609 9
7f96a2498000 148 16 3774 10
7f96a249f000 93 5 3872 10
7f96a2499000 60 9 3942 10
7f96a2465000 56 4 4002 10
7f96a250d000 53 4 4060 10
7f96a250c000 48 4 4113 10
7f96a250b000 35 3 4152 10
7f96a250a000 46 4 4203 10
7f96a2509000 39 3 4246 10
7f96a2508000 43 4 4294 10
7f96a2542000 53 4 4352 10
7f96a2524000 68 16 4437 10
7f96a2491000 60 6 4504 10
7f96a251c000 60 9 4573 11
4580 11
0x41d000
41d000 50 33 84 2
41c000 39 24 148 2
7f96a24b5000 57 32 238 3
7f96a24b4000 49 17 305 3
7f96a24b3000 45 17 368 3
407000 18 15 402 3
7f96a249e000 67 40 510 6
408000 36 16 563 6
7f96a24e3000 53 31 648 6
7f96a2426000 121 15 785 6
7f96a24e2000 53 22 860 7
7f96a24e1000 68 21 950 7
7f96a24e0000 28 9 988 7
7f96a24df000 35 12 1036 7
7f96a24de000 26 10 1073 7
7f96a24dc000 45 11 1129 7
7f96a24db000 40 11 1180 7
7f96a24d8000 53 15 1249 7
7f96a24d5000 52 15 1317 7
7f96a2564000 98 24 1439 7
7f96a2563000 99 21 1560 7
7f96a2533000 89 20 1670 9
7f96a2532000 106 12 1789 9
7f96a2531000 68 23 1880 9
7f96a252f000 74 10 1964 9
7f96a2437000 74 11 2049 9
7f96a2436000 36 9 2095 9
7f96a2435000 52 8 2156 9
7f96a2434000 84 11 2251 9
7f96a2433000 34 7 2292 9
7f96a242b000 45 9 2346 9
7f96a242a000 42 10 2399 9
7f96a2429000 61 9 2469 9
7f96a2486000 73 12 2554 9
7f96a2493000 84 11 2650 9
7f96a2492000 76 16 2743 9
7f96a2517000 56 25 2824 9
7f96a2512000 53 18 2896 9
7f96a2511000 77 27 3000 9
7f96a2510000 61 18 3079 9
7f96a250f000 45 7 3132 9
7f96a250e000 43 6 3182 9
7f96a24a3000 83 21 3287 9
7f96a24a2000 85 15 3387 9
7f96a24a1000 60 11 3459 9
7f96a24a0000 81 12 3553 9
7f96a2498000 149 16 3718 10
7f96a249f000 93 5 3816 10
7f96a2499000 60 8 3885 10
7f96a2465000 55 5 3946 10
7f96a250d000 53 4 4003 10
7f96a250c000 49 4 4056 10
7f96a250b000 35 4 4095 10
7f96a250a000 45 5 4145 10
7f96a2509000 39 4 4188 10
7f96a2508000 43 4 4235 10
7f96a2542000 52 4 4292 10
7f96a2524000 68 16 4377 10
7f96a2491000 60 6 4443 10
7f96a251c000 60 9 4512 11
4518 11
0x41c000
41c000 39 27 66 1
7f96a24b5000 56 35 158 2
7f96a24b4000 49 18 225 2
7f96a24b3000 45 17 288 2
407000 18 16 323 2
7f96a249e000 68 43 434 6
408000 36 16 486 6
7f96a24e3000 52 32 571 6
7f96a2426000 121 16 708 6
7f96a24e2000 52 23 783 7
7f96a24e1000 69 21 873 7
7f96a24e0000 28 10 911 7
7f96a24df000 35 12 959 7
7f96a24de000 26 10 996 7
7f96a24dc000 45 10 1051 7
7f96a24db000 40 11 1103 7
7f96a24d8000 53 15 1172 7
7f96a24d5000 52 15 1239 7
7f96a2564000 98 24 1362 7
7f96a2563000 99 22 1483 7
7f96a2533000 90 20 1593 9
7f96a2532000 107 11 1711 9
7f96a2531000 68 22 1802 9
7f96a252f000 74 9 1886 9
7f96a2437000 74 12 1972 9
7f96a2436000 37 9 2018 9
7f96a2435000 52 8 2078 9
7f96a2434000 83 11 2173 9
7f96a2433000 33 7 2214 9
7f96a242b000 45 9 2269 9
7f96a242a000 42 10 2321 9
7f96a2429000 62 8 2391 9
7f96a2486000 73 13 2477 9
7f96a2493000 84 11 2572 9
7f96a2492000 76 16 2665 9
7f96a2517000 57 24 2746 9
7f96a2512000 54 18 2819 9
7f96a2511000 77 27 2923 9
7f96a2510000 60 19 3003 9
7f96a250f000 46 7 3056 9
7f96a250e000 43 7 3106 9
7f96a24a3000 83 21 3210 9
7f96a24a2000 84 15 3310 9
7f96a24a1000 60 12 3383 9
7f96a24a0000 81 12 3476 9
7f96a2498000 149 16 3641 10
7f96a249f000 93 5 3739 10
7f96a2499000 61 8 3808 10
7f96a2465000 56 5 3869 10
7f96a250d000 53 3 3925 10
7f96a250c000 48 4 3978 10
7f96a250b000 35 3 4017 10
7f96a250a000 45 4 4067 10
7f96a2509000 39 3 4110 10
7f96a2508000 43 4 4158 10
7f96a2542000 53 4 4215 10
7f96a2524000 68 16 4300 10
7f96a2491000 60 6 4366 10
7f96a251c000 60 9 4435 11
4439 11
0x429000
429000 36 22 59 1
7f96a24b5000 57 33 150 2
7f96a24b4000 49 18 218 2
7f96a24b3000 45 17 281 3
407000 18 15 315 3
428000 41 21 377 3
408000 35 23 436 3
7f96a24e3000 52 45 534 5
7f96a2426000 121 18 674 5
7f96a24e2000 52 27 754 6
7f96a24e1000 68 27 850 6
7f96a24e0000 28 12 891 6
7f96a24df000 35 16 943 6
7f96a24de000 26 13 983 6
7f96a24dc000 45 14 1042 6
7f96a24db000 40 15 1097 6
7f96a24d8000 53 20 1171 6
7f96a24d5000 52 20 1243 6
7f96a2564000 98 31 1372 6
7f96a2563000 99 28 1499 6
7f96a2533000 89 26 1614 8
7f96a2532000 107 17 1739 8
7f96a2531000 68 33 1841 8
7f96a252f000 75 13 1929 8
7f96a2437000 74 17 2021 9
7f96a2436000 37 8 2067 9
7f96a2435000 53 8 2129 9
7f96a2434000 84 11 2224 9
7f96a2433000 33 8 2266 9
7f96a242b000 46 9 2321 9
7f96a242a000 42 10 2373 9
7f96a2429000 62 8 2444 9
7f96a2486000 73 13 2530 9
7f96a2493000 85 11 2627 9
7f96a2492000 77 16 2720 9
7f96a2517000 57 25 2802 9
7f96a2512000 54 18 2874 9
7f96a2511000 77 27 2979 9
7f96a2510000 66 18 3064 9
7f96a250f000 46 7 3118 9
7f96a250e000 44 6 3168 9
7f96a24a3000 83 22 3274 9
7f96a24a2000 86 15 3375 9
7f96a24a1000 61 12 3448 9
7f96a24a0000 82 12 3542 9
7f96a2498000 150 16 3708 10
7f96a249f000 93 5 3807 10
7f96a249e000 68 7 3883 10
7f96a2499000 60 9 3953 10
7f96a2465000 56 5 4014 10
7f96a250d000 53 4 4071 10
7f96a250c000 48 4 4124 10
7f96a250b000 34 4 4164 10
7f96a250a000 46 4 4214 10
7f96a2509000 39 4 4258 10
7f96a2508000 43 4 4305 10
7f96a2542000 53 4 4363 10
7f96a2524000 69 16 4448 10
7f96a2491000 60 6 4515 10
7f96a251c000 60 9 4584 11
4589 11
0x428000
428000 41 26 68 1
68 1
0x412000
412000 36 25 62 1
7f96a24ae000 76 28 167 4
408000 36 20 223 4
407000 18 14 256 4
7f96a24e3000 52 41 350 6
7f96a2426000 122 17 489 6
7f96a24e2000 53 24 566 7
7f96a24e1000 69 23 659 7
7f96a24e0000 28 11 698 7
7f96a24df000 36 13 748 7
7f96a24de000 26 12 787 7
7f96a24dc000 45 12 844 7
7f96a24db000 40 13 898 7
7f96a24d8000 53 17 969 7
7f96a24d5000 53 17 1039 7
7f96a2564000 98 26 1163 7
7f96a2563000 99 24 1287 7
7f96a2533000 90 22 1399 8
7f96a2532000 107 17 1524 8
7f96a2531000 69 33 1626 8
7f96a252f000 75 13 1714 8
7f96a2437000 74 17 1806 9
7f96a2436000 36 9 1852 9
7f96a2435000 52 8 1913 9
7f96a2434000 84 11 2009 9
7f96a2433000 34 7 2050 9
7f96a242b000 45 9 2105 9
7f96a242a000 42 10 2158 9
7f96a2429000 62 8 2228 9
7f96a2486000 73 13 2315 9
7f96a2493000 85 12 2412 9
7f96a2492000 77 16 2505 9
7f96a2517000 57 25 2587 9
7f96a2512000 54 18 2659 9
7f96a2511000 77 27 2764 9
7f96a2510000 62 18 2844 9
7f96a250f000 45 7 2897 9
7f96a250e000 43 7 2948 9
7f96a24a3000 83 21 3053 9
7f96a24a2000 85 15 3154 9
7f96a24a1000 60 12 3227 9
7f96a24a0000 81 12 3321 9
7f96a2498000 150 15 3487 10
7f96a249f000 93 6 3587 10
7f96a249e000 68 7 3662 10
7f96a2499000 61 8 3731 10
7f96a2465000 56 4 3792 10
7f96a250d000 53 4 3850 10
7f96a250c000 49 4 3903 10
7f96a250b000 35 3 3942 10
7f96a250a000 45 5 3993 10
7f96a2509000 39 4 4036 10
7f96a2508000 44 4 4084 10
7f96a2542000 53 4 4142 10
7f96a2524000 68 16 4227 10
7f96a2491000 61 5 4293 10
7f96a251c000 60 9 4363 11
4367 11
0x411000
411000 26 22 49 1
407000 19 17 85 1
7f96a24b5000 57 34 176 2
7f96a24b4000 50 17 244 2
7f96a24b3000 45 18 308 3
7f96a249e000 67 40 416 6
408000 36 16 469 6
7f96a24e3000 53 32 555 6
7f96a2426000 122 15 692 6
7f96a24e2000 53 23 768 7
7f96a24e1000 69 22 859 7
7f96a24e0000 28 10 897 7
7f96a24df000 35 12 945 7
7f96a24de000 26 10 982 7
7f96a24dc000 45 10 1038 7
7f96a24db000 40 11 1090 7
7f96a24d8000 53 16 1160 7
7f96a24d5000 53 15 1228 7
7f96a2564000 98 25 1351 7
7f96a2563000 100 22 1473 7
7f96a2533000 90 20 1583 9
7f96a2532000 107 12 1703 9
7f96a2531000 69 22 1794 9
7f96a252f000 74 9 1878 9
7f96a2437000 74 12 1965 9
7f96a2436000 36 9 2011 9
7f96a2435000 52 8 2072 9
7f96a2434000 84 11 2168 9
7f96a2433000 34 7 2209 9
7f96a242b000 45 9 2264 9
7f96a242a000 42 10 2317 9
7f96a2429000 62 8 2387 9
7f96a2486000 73 12 2473 9
7f96a2493000 85 11 2570 9
7f96a2492000 77 15 2663 9
7f96a2517000 57 25 2745 9
7f96a2512000 54 17 2817 9
7f96a2511000 77 27 2922 9
7f96a2510000 61 19 3003 9
7f96a250f000 46 7 3056 9
7f96a250e000 44 6 3106 9
7f96a24a3000 83 21 3211 9
7f96a24a2000 85 15 3312 9
7f96a24a1000 60 12 3385 9
7f96a24a0000 82 12 3479 9
7f96a2498000 150 16 3646 10
7f96a249f000 94 5 3746 10
7f96a2499000 61 8 3816 10
7f96a2465000 56 5 3877 10
7f96a250d000 53 3 3934 10
7f96a250c000 49 4 3988 10
7f96a250b000 35 3 4027 10
7f96a250a000 45 5 4078 10
7f96a2509000 39 4 4121 10
7f96a2508000 44 4 4169 10
7f96a2542000 53 5 4227 10
7f96a2524000 69 16 4312 10
7f96a2491000 60 6 4378 10
7f96a251c000 60 10 4448 11
4452 11
0x427000
427000 48 39 87 1
87 1
0x426000
426000 36 26 62 1
7f96a2524000 69 106 238 2
407000 18 17 274 2
408000 36 25 336 2
7f96a24e3000 52 51 440 3
7f96a2426000 121 22 583 3
7f96a24e2000 52 33 668 4
7f96a24e1000 69 34 772 5
7f96a24e0000 28 14 814 5
7f96a24df000 35 17 867 5
7f96a24de000 27 15 910 5
7f96a24dc000 45 16 971 5
7f96a24db000 40 17 1028 5
7f96a24d8000 53 22 1104 5
7f96a24d5000 52 22 1179 5
7f96a2564000 97 36 1313 5
7f96a2563000 98 32 1444 5
7f96a2533000 89 30 1564 7
7f96a2532000 107 20 1691 7
7f96a2531000 68 41 1800 7
7f96a252f000 74 16 1890 7
7f96a2437000 74 20 1985 8
7f96a2436000 36 11 2033 8
7f96a2435000 52 10 2096 8
7f96a2434000 83 14 2194 8
7f96a2433000 33 9 2237 8
7f96a242b000 45 11 2294 8
7f96a242a000 41 13 2349 8
7f96a2429000 62 10 2421 8
7f96a2486000 72 17 2511 8
7f96a2493000 85 14 2610 8
7f96a2492000 76 20 2707 8
7f96a2517000 56 33 2797 8
7f96a2512000 54 24 2875 8
7f96a2511000 77 36 2988 8
7f96a2510000 61 24 3074 8
7f96a250f000 45 9 3129 8
7f96a250e000 43 8 3180 8
7f96a24a3000 83 28 3292 8
7f96a24a2000 84 20 3397 8
7f96a24a1000 60 15 3473 8
7f96a24a0000 81 16 3570 8
7f96a2498000 149 21 3741 9
7f96a249f000 93 8 3842 9
7f96a249e000 67 11 3921 9
7f96a2499000 61 13 3995 9
7f96a2465000 56 7 4059 9
7f96a250d000 53 5 4118 9
7f96a250c000 49 6 4174 10
7f96a250b000 35 3 4213 10
7f96a250a000 45 5 4264 10
7f96a2509000 39 4 4307 10
7f96a2508000 43 4 4354 10
7f96a2542000 52 4 4411 10
7f96a2491000 60 6 4478 10
7f96a251c000 60 10 4548 11
4552 11
0x41b000
41b000 53 31 84 4
84 4
0x42c000
42c000 49 29 78 3
414000 33 18 130 3
408000 35 18 184 3
407000 19 11 215 3
7f96a24e3000 52 41 308 5
7f96a2426000 121 15 444 5
7f96a24e2000 53 24 522 5
7f96a24e1000 70 28 620 6
7f96a24e0000 28 10 659 6
7f96a24df000 36 13 709 6
7f96a24de000 26 12 748 6
7f96a24dc000 45 12 805 6
7f96a24db000 39 14 859 6
7f96a24d8000 52 18 930 6
7f96a24d5000 52 18 1001 6
7f96a2564000 98 29 1128 6
7f96a2563000 99 26 1254 6
7f96a2533000 91 24 1369 8
7f96a2532000 107 15 1492 8
7f96a2531000 68 31 1591 8
7f96a252f000 77 12 1680 8
7f96a2437000 75 16 1771 8
7f96a2436000 38 11 1820 8
7f96a2435000 52 11 1883 8
7f96a2434000 83 15 1981 8
7f96a2433000 34 9 2024 8
7f96a242b000 45 11 2080 8
7f96a242a000 42 12 2135 8
7f96a2429000 61 11 2208 8
7f96a2486000 74 16 2298 8
7f96a2493000 84 15 2398 8
7f96a2492000 77 20 2495 8
7f96a2517000 57 33 2585 8
7f96a2512000 53 24 2663 8
7f96a2511000 77 36 2776 8
7f96a2510000 61 25 2863 8
7f96a250f000 45 9 2917 8
7f96a250e000 43 8 2969 8
7f96a24a3000 83 29 3082 8
7f96a24a2000 85 20 3187 8
7f96a24a1000 60 15 3262 8
7f96a24a0000 81 16 3360 8
7f96a2498000 151 20 3531 9
7f96a249f000 93 8 3633 9
7f96a249e000 67 12 3713 9
7f96a2499000 61 14 3788 9
7f96a2465000 56 7 3851 9
7f96a250d000 53 5 3910 9
7f96a250c000 49 6 3966 10
7f96a250b000 35 3 4005 10
7f96a250a000 46 4 4056 10
7f96a2509000 39 4 4099 10
7f96a2508000 43 4 4147 10
7f96a2542000 52 5 4205 10
7f96a2524000 68 16 4289 10
7f96a2491000 59 6 4355 10
7f96a251c000 60 9 4424 11
4431 11
0x414000
414000 33 26 59 1
408000 36 26 122 1
407000 18 17 158 1
7f96a24e3000 53 54 265 3
7f96a2426000 121 22 409 3
7f96a24e2000 53 33 495 4
7f96a24e1000 69 34 598 5
7f96a24e0000 28 14 640 5
7f96a24df000 36 17 694 5
7f96a24de000 26 15 736 5
7f96a24dc000 45 16 797 5
7f96a24db000 39 17 854 5
7f96a24d8000 53 23 931 5
7f96a24d5000 53 22 1006 5
7f96a2564000 98 35 1139 5
7f96a2563000 99 32 1271 5
7f96a2533000 90 30 1391 7
7f96a2532000 108 19 1518 7
7f96a2531000 68 40 1627 7
7f96a252f000 74 16 1718 7
7f96a2437000 74 21 1813 8
7f96a2436000 37 11 1861 8
7f96a2435000 52 10 1924 8
7f96a2434000 83 15 2023 8
7f96a2433000 34 9 2066 8
7f96a242b000 46 11 2123 8
7f96a242a000 42 12 2178 8
7f96a2429000 61 11 2251 8
7f96a2486000 73 16 2340 8
7f96a2493000 85 14 2440 8
7f96a2492000 76 20 2537 8
7f96a2517000 56 34 2628 8
7f96a2512000 54 24 2706 8
7f96a2511000 77 36 2819 8
7f96a2510000 61 24 2905 8
7f96a250f000 45 9 2960 8
7f96a250e000 43 8 3011 8
7f96a24a3000 83 28 3123 8
7f96a24a2000 85 20 3229 8
7f96a24a1000 61 15 3305 8
7f96a24a0000 81 16 3402 8
7f96a2498000 149 20 3572 9
7f96a249f000 93 8 3673 9
7f96a249e000 67 11 3752 9
7f96a2499000 60 14 3827 9
7f96a2465000 55 8 3891 9
7f96a250d000 53 6 3950 9
7f96a250c000 47 7 4005 10
7f96a250b000 34 4 4044 10
7f96a250a000 46 4 4094 10
7f96a2509000 39 4 4137 10
7f96a2508000 42 4 4184 10
7f96a2542000 53 4 4242 10
7f96a2524000 69 16 4327 10
7f96a2491000 60 6 4393 10
7f96a251c000 60 9 4462 11
4467 11
0x413000
413000 43 24 67 1
7f96a2ebe000 57 57 182 3
7f96a2ebd000 54 52 288 6
7f96a2ec7000 62 49 400 6
7f96a2eba000 205 19 625 7
408000 36 10 671 7
407000 18 7 697 7
7f96a24e3000 53 21 771 8
7f96a2426000 122 8 902 8
7f96a24e2000 53 13 968 8
7f96a24e1000 69 16 1053 8
7f96a24e0000 28 7 1088 8
7f96a24df000 36 8 1132 8
7f96a24de000 27 6 1166 8
7f96a24dc000 45 7 1219 8
7f96a24db000 40 8 1268 8
7f96a24d8000 53 11 1333 8
7f96a24d5000 53 11 1397 8
7f96a2564000 99 17 1513 8
7f96a2563000 99 16 1629 8
7f96a2533000 90 15 1735 9
7f96a2532000 108 9 1852 9
7f96a2531000 68 19 1940 9
7f96a252f000 74 7 2022 9
7f96a2437000 74 9 2106 9
7f96a2436000 36 7 2150 9
7f96a2435000 52 6 2209 9
7f96a2434000 83 9 2302 9
7f96a2433000 34 5 2341 9
7f96a242b000 45 7 2394 9
7f96a242a000 42 7 2444 9
7f96a2429000 62 6 2513 9
7f96a2486000 73 10 2596 9
7f96a2493000 84 10 2691 9
7f96a2492000 76 13 2780 9
7f96a2517000 56 22 2859 9
7f96a2512000 54 15 2928 9
7f96a2511000 80 24 3033 9
7f96a2510000 62 15 3110 9
7f96a250f000 45 6 3162 9
7f96a250e000 43 5 3210 9
7f96a24a3000 83 19 3313 9
7f96a24a2000 86 12 3411 9
7f96a24a1000 60 10 3482 9
7f96a24a0000 82 10 3574 9
7f96a2498000 151 13 3738 10
7f96a249f000 94 3 3836 10
7f96a249e000 68 5 3909 10
7f96a2499000 61 6 3976 10
7f96a2465000 56 3 4035 10
7f96a250d000 53 3 4091 10
7f96a250c000 49 2 4142 11
4146 11
0x415000
415000 34 25 60 1
60 1
0x410000
410000 35 24 59 1
59 1
0x40d000
40d000 39 30 70 2
42d000 424 71 566 2
7f96a2ebe000 58 53 678 4
7f96a2ebd000 54 49 781 7
7f96a2ec7000 62 42 885 7
7f96a2eba000 205 15 1106 7
408000 36 10 1153 7
407000 18 6 1178 7
7f96a24e3000 52 22 1253 8
7f96a2426000 122 8 1383 8
7f96a24e2000 53 12 1449 8
7f96a24e1000 70 15 1534 8
7f96a24e0000 29 6 1569 8
7f96a24df000 36 8 1614 8
7f96a24de000 27 6 1647 8
7f96a24dc000 45 7 1700 8
7f96a24db000 40 8 1749 8
7f96a24d8000 53 10 1813 8
7f96a24d5000 53 10 1877 8
7f96a2564000 98 18 1994 8
7f96a2563000 100 16 2110 8
7f96a2533000 90 15 2215 9
7f96a2532000 107 10 2332 9
7f96a2531000 69 20 2421 9
7f96a252f000 75 7 2503 9
7f96a2437000 75 9 2587 9
7f96a2436000 37 7 2632 9
7f96a2435000 53 6 2691 9
7f96a2434000 84 9 2785 9
7f96a2433000 34 5 2824 9
7f96a242b000 45 7 2877 9
7f96a242a000 42 8 2928 9
7f96a2429000 62 7 2997 9
7f96a2486000 74 10 3081 9
7f96a2493000 86 9 3176 9
7f96a2492000 77 13 3266 9
7f96a2517000 57 21 3345 9
7f96a2512000 54 15 3415 9
7f96a2511000 77 24 3517 9
7f96a2510000 61 16 3595 9
7f96a250f000 46 5 3646 9
7f96a250e000 43 5 3695 9
7f96a24a3000 83 19 3798 9
7f96a24a2000 85 13 3896 9
7f96a24a1000 60 10 3967 9
7f96a24a0000 82 10 4059 9
7f96a2498000 150 14 4223 10
7f96a249f000 93 4 4320 10
7f96a249e000 68 5 4393 10
7f96a2499000 61 6 4460 10
7f96a2465000 56 3 4519 10
7f96a250d000 53 3 4575 10
7f96a250c000 49 2 4626 11
4630 11
0x421000
421000 44 30 74 1
42d000 424 77 576 1
7f96a2503000 57 31 665 2
408000 35 26 727 2
407000 18 17 763 2
7f96a24e3000 53 51 867 3
7f96a2426000 122 22 1012 3
7f96a24e2000 53 33 1098 4
7f96a24e1000 69 34 1202 5
7f96a24e0000 29 14 1245 5
7f96a24df000 35 18 1299 5
7f96a24de000 26 15 1341 5
7f96a24dc000 45 16 1402 5
7f96a24db000 41 17 1460 5
7f96a24d8000 53 22 1536 5
7f96a24d5000 53 22 1612 5
7f96a2564000 99 36 1747 5
7f96a2563000 99 33 1880 5
7f96a2533000 90 30 2000 7
7f96a2532000 107 20 2128 7
7f96a2531000 68 41 2238 7
7f96a252f000 75 16 2329 7
7f96a2437000 74 21 2425 8
7f96a2436000 37 12 2474 8
7f96a2435000 53 10 2537 8
7f96a2434000 85 14 2636 8
7f96a2433000 33 9 2679 8
7f96a242b000 45 12 2737 8
7f96a242a000 43 12 2792 8
7f96a2429000 62 10 2865 8
7f96a2486000 73 17 2956 8
7f96a2493000 86 15 3057 8
7f96a2492000 77 20 3154 8
7f96a2517000 57 33 3245 8
7f96a2512000 55 23 3323 8
7f96a2511000 77 37 3438 8
7f96a2510000 61 25 3524 8
7f96a250f000 46 9 3579 8
7f96a250e000 44 8 3631 8
7f96a24a3000 84 28 3743 8
7f96a24a2000 85 20 3849 8
7f96a24a1000 60 15 3925 8
7f96a24a0000 81 16 4023 8
7f96a2498000 150 20 4194 9
7f96a249f000 93 8 4296 9
7f96a249e000 67 12 4376 9
7f96a2499000 61 13 4450 9
7f96a2465000 56 7 4514 9
7f96a250d000 53 6 4573 9
7f96a250c000 48 7 4629 10
7f96a250b000 35 4 4668 10
7f96a250a000 46 4 4718 10
7f96a2509000 39 4 4762 10
7f96a2508000 43 4 4809 10
7f96a2542000 53 4 4867 10
7f96a2524000 68 16 4952 10
7f96a2491000 60 6 5019 10
7f96a251c000 60 9 5088 11
5093 11
0x423000
423000 51 34 86 2
422000 47 21 155 2
42d000 424 70 650 2
7f96a2589000 56 39 746 4
408000 36 20 803 4
407000 19 13 836 4
7f96a24e3000 52 42 931 6
7f96a2426000 122 17 1070 6
7f96a24e2000 52 25 1148 7
7f96a24e1000 69 23 1241 7
7f96a24e0000 28 11 1281 7
7f96a24df000 36 13 1331 7
7f96a24de000 26 12 1370 7
7f96a24dc000 45 12 1428 7
7f96a24db000 40 13 1482 7
7f96a24d8000 53 17 1553 7
7f96a24d5000 53 17 1624 7
7f96a2564000 99 27 1750 7
7f96a2563000 100 24 1874 7
7f96a2533000 90 23 1987 8
7f96a2532000 108 17 2113 8
7f96a2531000 69 33 2215 8
7f96a252f000 75 13 2303 8
7f96a2437000 74 17 2395 9
7f96a2436000 37 9 2442 9
7f96a2435000 53 8 2503 9
7f96a2434000 84 11 2599 9
7f96a2433000 33 8 2641 9
7f96a242b000 46 9 2696 9
7f96a242a000 42 10 2748 9
7f96a2429000 62 8 2819 9
7f96a2486000 73 13 2906 9
7f96a2493000 86 11 3003 9
7f96a2492000 77 16 3096 9
7f96a2517000 57 25 3178 9
7f96a2512000 54 18 3251 9
7f96a2511000 77 27 3355 9
7f96a2510000 61 19 3436 9
7f96a250f000 46 7 3489 9
7f96a250e000 44 6 3539 9
7f96a24a3000 84 21 3645 9
7f96a24a2000 86 15 3746 9
7f96a24a1000 61 11 3818 9
7f96a24a0000 80 13 3912 9
7f96a2498000 149 16 4077 10
7f96a249f000 93 5 4175 10
7f96a249e000 68 7 4250 10
7f96a2499000 61 8 4319 10
7f96a2465000 56 5 4380 10
7f96a250d000 53 4 4437 10
7f96a250c000 49 4 4490 10
7f96a250b000 34 4 4529 10
7f96a250a000 46 4 4579 10
7f96a2509000 39 4 4622 10
7f96a2508000 43 4 4669 10
7f96a2542000 52 5 4727 10
7f96a2524000 68 16 4811 10
7f96a2491000 60 6 4877 10
7f96a251c000 60 9 4946 11
4952 11
0x422000
422000 47 23 70 1
42d000 421 77 569 1
7f96a2589000 55 43 668 3
408000 36 22 726 3
407000 18 15 760 3
7f96a24e3000 52 46 859 5
7f96a2426000 121 19 999 5
7f96a24e2000 52 28 1079 6
7f96a24e1000 69 27 1175 6
7f96a24e0000 29 12 1216 6
7f96a24df000 35 16 1268 6
7f96a24de000 27 13 1308 6
7f96a24dc000 45 14 1367 6
7f96a24db000 40 15 1422 6
7f96a24d8000 53 20 1496 6
7f96a24d5000 52 20 1568 6
7f96a2564000 98 31 1697 6
7f96a2563000 99 28 1824 6
7f96a2533000 90 26 1940 8
7f96a2532000 107 17 2064 8
7f96a2531000 68 33 2165 8
7f96a252f000 74 14 2253 8
7f96a2437000 74 17 2344 9
7f96a2436000 37 9 2390 9
7f96a2435000 52 8 2450 9
7f96a2434000 83 11 2545 9
7f96a2433000 33 8 2587 9
7f96a242b000 45 9 2641 9
7f96a242a000 42 9 2693 9
7f96a2429000 61 8 2763 9
7f96a2486000 73 12 2849 9
7f96a2493000 84 12 2946 9
7f96a2492000 76 16 3038 9
7f96a2517000 57 24 3119 9
7f96a2512000 54 17 3191 9
7f96a2511000 76 28 3296 9
7f96a2510000 61 18 3375 9
7f96a250f000 45 7 3428 9
7f96a250e000 44 6 3478 9
7f96a24a3000 82 22 3583 9
7f96a24a2000 85 15 3683 9
7f96a24a1000 60 12 3755 9
7f96a24a0000 81 12 3849 9
7f96a2498000 148 16 4014 10
7f96a249f000 93 5 4112 10
7f96a249e000 67 7 4187 10
7f96a2499000 60 9 4256 10
7f96a2465000 56 4 4316 10
7f96a250d000 53 3 4373 10
7f96a250c000 48 4 4426 10
7f96a250b000 35 3 4465 10
7f96a250a000 45 4 4515 10
7f96a2509000 39 4 4559 10
7f96a2508000 43 4 4606 10
7f96a2542000 52 4 4663 10
7f96a2524000 68 16 4748 10
7f96a2491000 61 5 4814 10
7f96a251c000 59 10 4884 11
4888 11
0x40e000
40e000 30 18 48 0
7f96a24a3000 82 85 216 4
7f96a24a2000 84 40 341 5
7f96a2563000 99 32 472 5
7f96a24a1000 60 27 560 5
7f96a24a0000 81 29 671 5
7f96a2498000 149 36 856 7
7f96a249f000 92 16 965 7
7f96a249e000 68 22 1055 7
7f96a2499000 60 27 1142 7
7f96a2426000 121 12 1275 7
7f96a2465000 56 15 1346 7
7f96a2533000 89 21 1456 8
7f96a2532000 107 14 1577 8
7f96a2531000 68 30 1676 8
7f96a252f000 74 12 1762 8
407000 19 7 1788 8
40d000 39 11 1838 8
42d000 420 29 2288 8
7f96a2ebe000 57 21 2367 8
7f96a2ebd000 54 23 2444 10
7f96a2ec7000 62 11 2518 10
7f96a2eba000 203 4 2726 10
408000 35 3 2765 10
7f96a24e3000 52 5 2823 10
7f96a24e2000 53 3 2879 10
7f96a24e1000 68 5 2953 10
7f96a24e0000 28 2 2983 10
7f96a24df000 36 2 3021 10
7f96a24de000 26 2 3050 10
7f96a24dc000 45 2 3097 10
7f96a24db000 40 2 3139 10
7f96a24d8000 53 3 3196 10
7f96a24d5000 52 3 3251 10
7f96a2564000 98 5 3355 10
7f96a2437000 74 4 3433 10
7f96a2436000 36 3 3473 10
7f96a2435000 53 2 3528 10
7f96a2434000 83 4 3616 10
7f96a2433000 33 2 3651 10
7f96a242b000 45 3 3700 10
7f96a242a000 42 3 3745 10
7f96a2429000 62 2 3809 10
7f96a2486000 72 5 3887 10
7f96a2493000 85 3 3975 10
7f96a2492000 76 6 4058 10
7f96a2517000 56 10 4125 10
7f96a2512000 54 7 4187 10
7f96a2511000 77 11 4275 10
7f96a2510000 61 7 4344 10
7f96a250f000 45 2 4391 10
7f96a250e000 43 1 4436 10
7f96a250d000 53 2 4492 10
7f96a250c000 48 2 4543 11
4548 11
0x40f000
40f000 25 20 45 1
7f96a24a3000 83 78 207 4
7f96a24a2000 84 40 332 5
7f96a2563000 99 32 463 5
7f96a24a1000 60 28 552 5
7f96a24a0000 81 29 662 5
7f96a2498000 148 36 847 7
7f96a249f000 92 16 956 7
7f96a249e000 67 22 1045 7
7f96a2499000 60 26 1132 7
7f96a2426000 121 12 1266 7
7f96a2465000 56 14 1336 7
7f96a2533000 89 20 1446 8
7f96a2532000 107 14 1568 8
7f96a2531000 68 30 1667 8
7f96a252f000 74 12 1753 8
407000 18 7 1778 8
40e000 30 7 1816 8
40d000 39 10 1866 8
42d000 421 29 2317 8
7f96a2ebe000 57 21 2396 8
7f96a2ebd000 54 24 2474 10
7f96a2ec7000 62 12 2548 10
7f96a2eba000 205 3 2756 10
408000 36 2 2795 10
7f96a24e3000 52 5 2853 10
7f96a24e2000 52 4 2910 10
7f96a24e1000 68 5 2983 10
7f96a24e0000 28 1 3013 10
7f96a24df000 35 2 3051 10
7f96a24de000 26 2 3080 10
7f96a24dc000 44 2 3127 10
7f96a24db000 39 2 3169 10
7f96a24d8000 53 3 3226 10
7f96a24d5000 53 3 3282 10
7f96a2564000 99 5 3386 10
7f96a2437000 75 4 3465 10
7f96a2436000 37 3 3505 10
7f96a2435000 53 2 3560 10
7f96a2434000 84 3 3648 10
7f96a2433000 33 2 3684 10
7f96a242b000 45 3 3733 10
7f96a242a000 42 4 3779 10
7f96a2429000 62 3 3844 10
7f96a2486000 73 5 3922 10
7f96a2493000 85 4 4011 10
7f96a2492000 77 6 4094 10
7f96a2517000 57 11 4162 10
7f96a2512000 54 7 4223 10
7f96a2511000 78 11 4312 10
7f96a2510000 61 7 4381 10
7f96a250f000 45 2 4429 10
7f96a250e000 44 1 4474 10
7f96a250d000 53 2 4530 10
7f96a250c000 48 3 4582 11
4588 11
0x41a000
41a000 41 32 73 2
42d000 423 70 567 2
408000 36 24 628 2
407000 18 16 663 2
7f96a24e3000 53 50 766 4
7f96a2426000 123 20 909 4
7f96a24e2000 53 30 992 5
7f96a24e1000 69 31 1092 6
7f96a24e0000 29 12 1133 6
7f96a24df000 36 15 1185 6
7f96a24de000 26 13 1225 6
7f96a24dc000 45 14 1285 6
7f96a24db000 41 15 1341 6
7f96a24d8000 53 20 1415 6
7f96a24d5000 53 19 1487 6
7f96a2564000 98 32 1618 6
7f96a2563000 99 29 1746 6
7f96a2533000 90 27 1863 7
7f96a2532000 107 20 1990 7
7f96a2531000 68 41 2100 7
7f96a252f000 75 16 2191 7
7f96a2437000 75 20 2286 8
7f96a2436000 37 11 2335 8
7f96a2435000 53 10 2398 8
7f96a2434000 85 14 2497 8
7f96a2433000 33 9 2540 8
7f96a242b000 45 12 2598 8
7f96a242a000 42 13 2653 8
7f96a2429000 62 11 2726 8
7f96a2486000 73 17 2816 8
7f96a2493000 89 18 2923 8
7f96a2492000 77 20 3021 8
7f96a2517000 56 34 3112 8
7f96a2512000 54 24 3190 8
7f96a2511000 78 36 3304 8
7f96a2510000 61 24 3390 8
7f96a250f000 46 8 3445 8
7f96a250e000 43 8 3497 8
7f96a24a3000 83 29 3610 8
7f96a24a2000 85 20 3716 8
7f96a24a1000 61 15 3792 8
7f96a24a0000 82 16 3890 8
7f96a2498000 150 21 4061 9
7f96a249f000 93 8 4162 9
7f96a249e000 67 12 4242 9
7f96a2499000 61 13 4316 9
7f96a2465000 56 7 4380 9
7f96a250d000 53 6 4439 9
7f96a250c000 48 6 4494 10
7f96a250b000 35 4 4534 10
7f96a250a000 46 4 4584 10
7f96a2509000 39 3 4627 10
7f96a2508000 43 4 4675 10
7f96a2542000 53 4 4733 10
7f96a2524000 68 16 4818 10
7f96a2491000 60 6 4885 10
7f96a251c000 60 10 4955 11
4959 11
0x419000
419000 42 20 62 2
408000 36 24 123 2
407000 19 16 159 2
7f96a24e3000 53 51 263 4
7f96a2426000 122 21 406 4
7f96a24e2000 53 31 490 5
7f96a24e1000 69 31 590 5
7f96a24e0000 28 14 633 5
7f96a24df000 35 18 687 5
7f96a24de000 27 14 728 5
7f96a24dc000 45 16 790 5
7f96a24db000 40 17 847 5
7f96a24d8000 54 22 924 5
7f96a24d5000 52 23 1000 5
7f96a2564000 98 36 1134 5
7f96a2563000 99 32 1266 5
7f96a2533000 90 30 1386 7
7f96a2532000 107 20 1514 7
7f96a2531000 68 40 1623 7
7f96a252f000 74 16 1714 7
7f96a2437000 74 21 1810 8
7f96a2436000 37 11 1858 8
7f96a2435000 53 10 1922 8
7f96a2434000 84 14 2020 8
7f96a2433000 33 10 2064 8
7f96a242b000 45 12 2121 8
7f96a242a000 43 12 2176 8
7f96a2429000 62 10 2249 8
7f96a2486000 74 16 2339 8
7f96a2493000 85 14 2439 8
7f96a2492000 77 20 2537 8
7f96a2517000 57 33 2627 8
7f96a2512000 54 24 2706 8
7f96a2511000 77 37 2820 8
7f96a2510000 62 24 2906 8
7f96a250f000 45 9 2961 8
7f96a250e000 44 8 3013 8
7f96a24a3000 83 28 3125 8
7f96a24a2000 85 20 3231 8
7f96a24a1000 61 15 3307 8
7f96a24a0000 82 19 3409 8
7f96a2498000 150 20 3580 9
7f96a249f000 94 8 3683 9
7f96a249e000 68 11 3762 9
7f96a2499000 60 14 3837 9
7f96a2465000 55 8 3901 9
7f96a250d000 53 6 3960 9
7f96a250c000 48 6 4015 10
7f96a250b000 34 4 4055 10
7f96a250a000 45 4 4105 10
7f96a2509000 39 3 4148 10
7f96a2508000 43 4 4196 10
7f96a2542000 52 5 4254 10
7f96a2524000 69 16 4339 10
7f96a2491000 61 6 4406 10
7f96a251c000 60 9 4475 11
4480 11
0x418000
418000 51 23 74 2
7f96a2ec7000 61 94 231 3
408000 35 24 291 3
407000 19 16 327 3
7f96a24e3000 53 47 427 4
7f96a2426000 121 20 569 4
7f96a24e2000 52 31 653 5
7f96a24e1000 68 32 754 5
7f96a24e0000 28 14 796 5
7f96a24df000 36 17 850 5
7f96a24de000 26 15 892 5
7f96a24dc000 45 16 954 5
7f96a24db000 41 17 1012 5
7f96a24d8000 54 22 1089 5
7f96a24d5000 53 22 1165 5
7f96a2564000 98 36 1300 5
7f96a2563000 100 32 1433 5
7f96a2533000 90 30 1553 7
7f96a2532000 106 20 1680 7
7f96a2531000 68 41 1790 7
7f96a252f000 74 17 1881 7
7f96a2437000 74 21 1976 8
7f96a2436000 36 11 2024 8
7f96a2435000 52 10 2087 8
7f96a2434000 84 14 2186 8
7f96a2433000 33 9 2229 8
7f96a242b000 45 12 2287 8
7f96a242a000 42 12 2342 8
7f96a2429000 62 10 2415 8
7f96a2486000 73 17 2505 8
7f96a2493000 85 14 2605 8
7f96a2492000 76 21 2703 8
7f96a2517000 57 33 2793 8
7f96a2512000 54 24 2871 8
7f96a2511000 77 37 2985 8
7f96a2510000 61 25 3071 8
7f96a250f000 46 8 3125 8
7f96a250e000 44 8 3178 8
7f96a24a3000 84 28 3291 8
7f96a24a2000 85 20 3397 8
7f96a24a1000 61 15 3474 8
7f96a24a0000 81 16 3572 8
7f96a2498000 150 20 3743 9
7f96a249f000 93 9 3846 9
7f96a249e000 68 11 3925 9
7f96a2499000 61 14 4001 9
7f96a2465000 56 8 4065 9
7f96a250d000 53 6 4124 9
7f96a250c000 48 7 4180 10
7f96a250b000 35 3 4219 10
7f96a250a000 46 4 4270 10
7f96a2509000 39 4 4314 10
7f96a2508000 43 4 4361 10
7f96a2542000 52 5 4420 10
7f96a2524000 69 16 4505 10
7f96a2491000 61 5 4571 10
7f96a251c000 60 9 4641 11
4646 11
