0x404000
404000 84 51 135 1
632000 1062 206 1405 2
403000 32 26 1464 2
402000 17 16 1498 2
634000 1073 189 2761 3
5f8000 56 31 2849 3
5c7000 56 27 2934 3
5c6000 51 35 3022 5
59f000 53 21 3097 6
633000 1069 118 4285 6
505000 72 15 4373 7
504000 54 10 4438 7
549000 87 17 4543 7
7f736669f000 76 36 4656 7
599000 79 16 4751 7
4df000 32 10 4794 7
58a000 50 9 4854 8
589000 90 18 4963 8
50f000 68 12 5044 8
412000 57 11 5113 8
5b3000 47 9 5169 8
617000 68 12 5251 9
5b2000 30 5 5286 9
635000 129 8 5424 9
631000 248 14 5687 9
7f736644b000 43 7 5739 9
7f736644a000 59 6 5805 9
7f7366449000 71 7 5884 9
7f7366452000 57 12 5954 10
7f7366451000 54 4 6013 10
7f7366450000 59 5 6078 10
7f736644e000 61 5 6145 11
6158 11
0x632000
632000 1069 221 1291 1
1291 1
0x403000
403000 32 29 61 1
402000 17 18 97 1
634000 1068 202 1367 2
5f8000 56 33 1456 3
5c7000 57 28 1542 3
5c6000 52 34 1629 5
59f000 53 20 1703 6
633000 1070 116 2890 6
505000 73 15 2979 7
504000 54 10 3044 7
549000 88 17 3150 7
632000 1066 93 4309 7
7f736669f000 77 35 4421 7
599000 79 15 4516 7
4df000 33 9 4559 7
58a000 50 9 4619 8
589000 89 19 4728 8
50f000 67 12 4808 8
412000 57 11 4877 8
5b3000 47 10 4934 8
617000 68 12 5015 9
5b2000 30 5 5050 9
635000 130 8 5189 9
631000 247 16 5453 9
7f736644b000 48 8 5512 9
7f736644a000 60 5 5578 9
7f7366449000 71 7 5657 9
7f7366452000 58 12 5728 10
7f7366451000 54 5 5788 10
7f7366450000 59 5 5853 10
7f736644e000 61 5 5920 11
5931 11
0x402000
402000 16 18 35 0
36 0
0x634000
634000 1080 218 1298 1
1298 1
0x5f8000
5f8000 58 38 96 2
5c7000 56 29 182 3
634000 1072 174 1428 3
5c6000 52 34 1515 5
59f000 53 21 1590 6
633000 1082 116 2789 6
505000 72 16 2878 7
504000 54 10 2943 7
403000 35 9 2987 7
402000 19 6 3013 7
45c000 54 12 3080 7
45b000 47 12 3140 7
7f73666a5000 32 14 3187 9
7f73666a4000 56 12 3255 11
3260 11
0x5c7000
5c7000 55 33 89 3
634000 1075 174 1339 3
5c6000 52 34 1426 5
59f000 53 21 1501 6
633000 1067 116 2685 6
505000 73 15 2773 7
504000 55 9 2838 7
403000 32 10 2881 7
402000 17 5 2904 7
5f8000 55 13 2973 7
538000 67 14 3055 7
537000 41 11 3108 7
575000 43 9 3161 7
536000 46 11 3218 8
535000 47 7 3273 8
424000 52 9 3335 8
5ab000 53 8 3396 8
5aa000 46 9 3452 8
5a9000 52 7 3512 8
44c000 61 11 3584 8
632000 1060 76 4721 8
4d1000 66 11 4799 8
482000 58 9 4867 8
49f000 65 11 4944 8
49e000 47 8 5000 9
49d000 61 5 5067 9
49c000 49 6 5123 9
49b000 45 5 5174 9
5c1000 62 5 5242 9
7f73667ea000 82 7 5332 9
528000 46 5 5383 9
7f736669f000 77 19 5480 9
530000 39 5 5525 9
52f000 55 6 5587 9
7f736670e000 58 6 5652 9
7f736670d000 50 4 5707 9
7f736670c000 46 3 5757 9
564000 110 11 5879 10
563000 38 2 5920 10
7f7366707000 77 2 6000 10
631000 245 5 6250 10
47a000 69 3 6323 10
51e000 55 3 6382 10
51d000 65 1 6449 10
51c000 60 2 6512 10
51b000 73 1 6586 10
472000 62 2 6651 10
471000 37 1 6690 10
470000 48 1 6739 10
568000 73 3 6815 10
4b8000 57 1 6874 10
4b7000 71 4 6950 10
4b6000 43 0 6994 10
515000 38 1 7034 10
525000 88 3 7126 10
509000 54 2 7183 10
508000 59 1 7244 10
507000 40 0 7285 10
475000 51 2 7339 10
474000 66 2 7408 10
473000 70 2 7481 10
543000 64 1 7547 10
542000 53 1 7602 10
541000 65 2 7670 10
5be000 82 1 7754 10
540000 30 1 7786 10
53f000 21 0 7808 10
53e000 34 1 7844 10
53d000 61 2 7907 10
7f7366718000 63 11 7982 10
7f7366717000 101 5 8088 10
4f1000 67 2 8159 10
5d1000 48 2 8210 10
4f6000 57 2 8270 10
4df000 33 1 8305 10
58a000 51 1 8357 10
589000 90 5 8453 10
50f000 68 3 8525 10
412000 57 2 8585 10
5b3000 46 2 8633 10
617000 68 3 8705 11
8739 11
0x5c6000
5c6000 52 42 95 4
59f000 53 22 171 6
633000 1063 116 1351 6
505000 73 15 1439 7
634000 1059 91 2590 7
504000 55 9 2654 7
403000 32 10 2697 7
402000 17 6 2720 7
5f8000 56 12 2788 7
5c7000 56 11 2856 7
7f736670e000 57 13 2927 8
7f736670d000 51 5 2983 8
7f736670c000 46 5 3034 8
7f7366718000 63 33 3131 9
7f7366717000 100 14 3246 9
4f0000 45 6 3298 9
632000 1063 60 4421 9
7f736669f000 77 19 4517 9
532000 55 7 4580 9
552000 105 11 4697 9
631000 245 12 4955 9
551000 75 21 5053 9
584000 78 7 5139 9
44b000 45 7 5192 9
4a8000 70 8 5272 9
4a7000 77 9 5359 9
61f000 63 6 5429 9
61e000 43 3 5476 9
5a8000 59 7 5543 9
507000 40 4 5587 9
475000 50 9 5647 9
474000 66 8 5721 9
473000 69 8 5799 9
472000 62 8 5870 9
471000 37 5 5912 9
470000 47 5 5965 9
568000 73 9 6048 9
4b8000 57 5 6110 9
4b7000 71 11 6193 9
4b6000 44 4 6241 9
515000 38 5 6285 9
525000 88 10 6384 9
509000 55 6 6445 10
508000 58 2 6507 10
5d0000 65 3 6576 10
7f7366707000 77 1 6655 10
4e9000 36 1 6693 10
5e0000 63 2 6759 10
5df000 49 1 6810 10
45f000 31 1 6843 11
6863 11
0x59f000
59f000 53 36 89 4
633000 1061 153 1304 5
505000 72 20 1396 6
634000 1057 112 2566 6
504000 55 13 2634 6
403000 32 14 2681 6
402000 17 9 2707 6
5f8000 55 18 2780 6
5c7000 56 15 2852 6
5c6000 52 20 2925 7
45d000 57 13 2995 8
503000 64 11 3071 8
4d8000 57 11 3140 9
632000 1063 59 4263 9
4d7000 67 8 4339 9
4d6000 64 8 4412 9
631000 245 12 4669 9
5f7000 56 7 4733 9
5f6000 43 6 4783 9
4a8000 71 8 4863 9
4a7000 76 10 4950 9
61f000 64 6 5020 9
61e000 42 4 5067 9
5a8000 59 6 5133 9
7f7366718000 63 24 5221 9
7f7366717000 100 14 5335 9
507000 39 4 5379 9
475000 50 9 5439 9
474000 65 8 5513 9
473000 69 8 5591 9
472000 62 8 5662 9
471000 36 5 5704 9
470000 47 6 5758 9
568000 73 9 5840 9
4b8000 57 5 5902 9
4b7000 71 11 5985 9
4b6000 43 5 6033 9
515000 37 6 6077 9
525000 89 10 6176 9
509000 55 6 6237 10
7f736669f000 77 8 6323 10
508000 59 2 6384 10
5d0000 65 3 6453 10
7f7366707000 77 1 6532 10
4e9000 37 1 6570 10
5e0000 64 1 6635 10
5df000 49 1 6686 10
45f000 32 0 6719 11
6741 11
0x633000
633000 1062 228 1291 1
505000 72 34 1398 4
634000 1063 155 2617 4
504000 55 22 2694 5
403000 33 17 2744 5
402000 17 11 2773 5
5f8000 55 23 2852 5
5c7000 56 20 2929 5
5c6000 52 25 3007 6
59f000 53 17 3078 7
59e000 52 10 3141 7
511000 68 16 3226 7
510000 45 9 3281 8
50f000 68 12 3362 8
412000 57 11 3430 8
5b3000 46 10 3486 8
632000 1061 76 4624 8
617000 68 12 4704 9
5b2000 30 5 4739 9
635000 128 9 4877 9
631000 245 13 5135 9
7f736644b000 43 7 5187 9
7f736644a000 60 6 5254 9
7f7366449000 70 7 5331 9
7f7366452000 57 12 5401 9
7f7366451000 54 6 5462 9
7f7366450000 59 8 5530 9
7f736644e000 60 7 5598 10
7f7366455000 242 9 5850 10
7f736644d000 94 3 5948 10
7f736644c000 36 2 5987 10
7f7366453000 37 2 6026 10
7f7366454000 121 5 6154 10
7f7366448000 52 2 6209 10
7f736644f000 35 2 6248 10
408000 60 2 6313 10
7f736669f000 76 10 6400 10
7f7366707000 77 2 6480 10
594000 48 3 6532 10
593000 67 3 6603 10
7f7366718000 63 11 6678 11
6688 11
0x505000
505000 72 36 108 4
634000 1070 154 1333 4
504000 55 21 1410 5
633000 1071 141 2623 5
60f000 91 29 2744 6
5e4000 75 36 2855 6
451000 67 17 2940 6
7f7366718000 63 60 3064 7
7f7366717000 100 32 3197 8
403000 33 9 3239 8
402000 17 6 3262 8
5f8000 55 12 3330 8
5c7000 55 11 3397 8
5c6000 51 14 3463 9
59f000 52 7 3523 9
59e000 52 6 3582 9
511000 68 8 3659 9
510000 45 5 3710 9
50f000 68 8 3787 9
412000 57 7 3852 9
5b3000 46 7 3906 9
632000 1059 60 5025 9
617000 68 8 5101 10
5b2000 30 4 5135 10
635000 129 6 5270 10
631000 245 9 5524 10
7f736644b000 44 5 5574 10
7f736644a000 60 4 5638 10
7f7366449000 71 4 5713 10
7f7366452000 58 7 5779 10
7f7366451000 54 4 5838 10
7f7366450000 59 5 5903 10
7f736644e000 61 4 5969 11
5982 11
0x504000
504000 54 29 84 2
84 2
0x549000
549000 88 48 136 2
632000 1061 190 1388 3
633000 1058 182 2629 3
505000 72 30 2732 4
634000 1056 155 3944 4
504000 54 22 4021 5
403000 32 18 4071 5
402000 17 11 4100 5
5f8000 55 23 4179 5
5c7000 55 20 4255 5
5c6000 52 25 4333 6
59f000 53 17 4404 7
59e000 52 10 4467 7
511000 68 16 4552 7
510000 46 9 4607 8
50f000 67 12 4687 8
412000 57 10 4755 8
5b3000 46 9 4811 8
617000 68 12 4892 9
5b2000 30 5 4927 9
635000 129 8 5065 9
631000 245 14 5325 9
7f736644b000 44 7 5377 9
7f736644a000 59 6 5443 9
7f7366449000 70 7 5521 9
7f7366452000 57 11 5590 9
7f7366451000 55 6 5652 9
7f7366450000 59 8 5720 9
7f736644e000 60 7 5788 10
7f7366455000 241 10 6040 10
7f736644d000 95 3 6138 10
7f736644c000 35 2 6176 10
7f7366453000 37 2 6216 10
7f7366454000 122 5 6345 10
7f7366448000 51 3 6400 10
7f736644f000 35 2 6438 10
408000 60 2 6503 10
7f736669f000 76 10 6590 10
7f7366707000 77 3 6670 10
594000 49 3 6722 10
593000 67 3 6792 10
7f7366718000 63 12 6868 11
6878 11
0x599000
599000 79 45 125 3
4df000 32 24 182 3
632000 1060 176 1418 3
633000 1064 183 2666 3
505000 72 30 2769 4
634000 1074 155 3999 4
504000 55 22 4077 5
403000 33 18 4128 5
402000 17 12 4157 5
5f8000 56 23 4236 5
5c7000 56 20 4313 5
5c6000 52 25 4391 6
59f000 54 17 4463 7
59e000 52 10 4526 7
511000 69 15 4611 7
510000 46 9 4667 8
50f000 68 12 4748 8
412000 57 11 4817 8
5b3000 46 10 4873 8
617000 68 12 4954 9
5b2000 30 5 4989 9
635000 130 9 5129 9
631000 248 14 5391 9
7f736644b000 44 7 5443 9
7f736644a000 60 6 5510 9
7f7366449000 70 7 5588 9
7f7366452000 58 11 5658 9
7f7366451000 55 6 5720 9
7f7366450000 60 7 5788 9
7f736644e000 61 7 5857 10
7f7366455000 243 9 6110 10
7f736644d000 95 3 6209 10
7f736644c000 36 2 6248 10
7f7366453000 36 3 6288 10
7f7366454000 123 5 6417 10
7f7366448000 53 2 6473 10
7f736644f000 36 2 6512 10
408000 59 3 6577 10
7f736669f000 77 9 6664 10
7f7366707000 78 2 6745 10
594000 49 2 6797 10
593000 68 3 6869 10
7f7366718000 63 12 6945 11
6956 11
0x4df000
4df000 33 28 61 2
632000 1068 191 1321 2
633000 1070 199 2591 2
505000 72 32 2696 4
634000 1070 156 3923 4
504000 55 22 4000 5
403000 33 18 4051 5
402000 17 12 4080 5
5f8000 56 23 4159 5
5c7000 56 20 4236 5
5c6000 52 25 4314 6
59f000 53 18 4386 7
59e000 53 10 4449 7
511000 69 15 4534 7
510000 46 9 4590 8
50f000 68 12 4671 8
412000 57 11 4740 8
5b3000 46 10 4796 8
617000 68 12 4877 9
5b2000 30 5 4913 9
635000 129 9 5052 9
631000 248 14 5314 9
7f736644b000 44 7 5366 9
7f736644a000 60 5 5432 9
7f7366449000 71 7 5511 9
7f7366452000 58 11 5581 9
7f7366451000 55 6 5643 9
7f7366450000 59 8 5711 9
7f736644e000 61 7 5780 10
7f7366455000 242 9 6032 10
7f736644d000 96 2 6131 10
7f736644c000 36 2 6170 10
7f7366453000 37 2 6210 10
7f7366454000 124 5 6340 10
7f7366448000 52 2 6395 10
7f736644f000 36 2 6434 10
408000 60 2 6499 10
7f736669f000 77 10 6587 10
7f7366707000 78 2 6667 10
594000 49 3 6720 10
593000 67 3 6791 10
7f7366718000 64 11 6867 11
6878 11
0x58a000
58a000 51 27 78 3
634000 1067 174 1319 3
589000 90 53 1463 5
50f000 68 28 1560 5
412000 57 25 1643 5
5b3000 47 23 1713 6
632000 1071 118 2903 6
617000 68 22 2994 7
5b2000 30 10 3034 7
635000 130 19 3184 7
631000 246 27 3457 7
7f736644b000 43 15 3517 7
7f736644a000 60 11 3588 7
7f7366449000 70 15 3674 7
7f7366452000 57 24 3755 10
7f7366451000 54 4 3814 10
7f7366450000 59 5 3879 10
7f736644e000 61 4 3945 11
3951 11
0x589000
589000 90 66 156 4
50f000 68 31 256 4
412000 57 28 341 4
5b3000 46 25 413 5
632000 1058 134 1606 5
617000 68 25 1699 6
5b2000 30 12 1741 6
635000 128 20 1890 6
631000 245 32 2168 6
7f736644b000 44 17 2230 6
7f736644a000 60 14 2304 6
7f7366449000 71 16 2391 6
7f7366452000 57 28 2477 9
7f7366451000 55 6 2538 9
7f7366450000 59 7 2605 9
7f736644e000 61 7 2674 10
7f7366455000 241 9 2925 10
7f736644d000 95 2 3023 10
7f736644c000 36 2 3062 10
7f7366453000 36 3 3102 10
7f7366454000 122 5 3230 10
7f7366448000 52 2 3285 10
7f736644f000 36 2 3324 10
403000 32 2 3361 10
402000 17 1 3380 10
634000 1068 38 4487 10
5f8000 55 3 4546 10
5c7000 56 2 4605 10
5c6000 52 3 4661 10
59f000 53 3 4718 10
633000 1059 40 5818 10
505000 71 3 5893 10
504000 55 2 5951 10
549000 89 4 6044 10
7f736669f000 76 10 6131 10
599000 80 3 6214 10
4df000 33 2 6250 10
58a000 50 3 6304 11
6313 11
0x50f000
50f000 67 45 113 2
412000 56 36 206 3
5b3000 46 31 283 5
632000 1061 133 1478 5
617000 68 24 1571 6
5b2000 29 12 1613 6
635000 129 20 1763 6
631000 246 32 2041 6
7f736644b000 43 17 2103 6
7f736644a000 59 14 2177 6
7f7366449000 71 16 2264 6
7f7366452000 57 28 2350 9
7f7366451000 54 6 2411 9
7f7366450000 59 8 2479 9
7f736644e000 60 7 2547 10
7f7366455000 242 10 2800 10
7f736644d000 95 3 2899 10
7f736644c000 36 2 2937 10
7f7366453000 36 3 2977 10
7f7366454000 122 5 3105 10
7f7366448000 52 2 3160 10
7f736644f000 35 2 3199 10
403000 32 3 3237 10
402000 16 2 3256 10
634000 1060 38 4354 10
5f8000 55 3 4413 10
5c7000 56 2 4472 10
5c6000 52 3 4528 10
59f000 53 3 4585 10
633000 1060 40 5686 10
505000 71 3 5761 10
504000 55 2 5819 10
549000 89 4 5912 10
7f736669f000 76 10 5999 10
599000 78 4 6082 10
4df000 33 2 6118 10
58a000 50 2 6171 11
6180 11
0x412000
412000 56 41 98 2
98 2
0x5b3000
5b3000 45 37 83 4
632000 1066 149 1299 4
617000 73 28 1401 5
5b2000 30 13 1445 5
635000 130 23 1599 6
631000 258 32 1889 6
7f736644b000 44 16 1951 6
7f736644a000 60 14 2026 6
7f7366449000 70 17 2114 6
7f7366452000 58 28 2200 9
7f7366451000 55 7 2263 9
7f7366450000 61 7 2331 9
7f736644e000 65 7 2404 10
7f7366455000 243 9 2657 10
7f736644d000 96 2 2756 10
7f736644c000 36 2 2795 10
7f7366453000 37 2 2835 10
7f7366454000 127 5 2969 10
7f7366448000 52 2 3024 10
7f736644f000 35 2 3063 10
403000 33 2 3101 10
402000 17 1 3120 10
634000 1081 38 4240 10
5f8000 56 3 4299 10
5c7000 56 3 4359 10
5c6000 52 3 4415 10
59f000 53 3 4472 10
633000 1108 40 5621 10
505000 72 3 5697 10
504000 55 2 5755 10
549000 88 4 5848 10
7f736669f000 77 10 5936 10
599000 83 4 6024 10
4df000 34 2 6061 10
58a000 50 2 6114 11
6123 11
0x617000
617000 68 45 113 4
113 4
0x5b2000
5b2000 31 21 52 1
635000 131 36 220 3
631000 254 50 524 3
7f736644b000 43 27 596 3
7f736644a000 59 22 678 3
7f7366449000 71 26 776 3
7f7366452000 58 43 877 8
7f7366451000 59 7 944 8
7f7366450000 60 9 1014 8
7f736644e000 62 8 1084 9
7f7366455000 240 14 1339 10
7f736644d000 95 2 1437 10
7f736644c000 36 2 1476 10
7f7366453000 37 2 1516 10
7f7366454000 123 5 1645 10
7f7366448000 52 2 1700 10
7f736644f000 36 2 1739 10
403000 32 2 1776 10
402000 17 1 1795 10
634000 1060 37 2893 10
5f8000 55 4 2953 10
5c7000 55 3 3012 10
5c6000 51 4 3068 10
59f000 52 3 3124 10
633000 1060 40 4225 10
505000 72 3 4301 10
504000 54 2 4358 10
549000 88 4 4451 10
632000 1077 39 5568 10
7f736669f000 77 10 5656 10
599000 83 4 5743 10
4df000 33 2 5779 10
58a000 50 2 5832 11
5840 11
0x635000
635000 130 38 168 3
631000 247 52 468 3
7f736644b000 44 26 540 3
7f736644a000 60 21 622 3
7f7366449000 71 26 720 3
7f7366452000 57 44 822 8
7f7366451000 54 7 884 8
7f7366450000 60 9 954 8
7f736644e000 61 8 1024 9
7f7366455000 242 14 1281 10
7f736644d000 95 3 1380 10
7f736644c000 36 2 1419 10
7f7366453000 37 3 1459 10
7f7366454000 123 5 1588 10
7f7366448000 52 2 1643 10
7f736644f000 36 2 1682 10
403000 32 3 1720 10
402000 16 2 1739 10
634000 1067 38 2844 10
5f8000 55 3 2903 10
5c7000 56 3 2963 10
5c6000 52 3 3019 10
59f000 53 3 3076 10
633000 1064 40 4181 10
505000 72 3 4257 10
504000 54 3 4315 10
549000 88 4 4407 10
632000 1061 38 5507 10
7f736669f000 76 10 5594 10
599000 79 4 5677 10
4df000 33 2 5713 10
58a000 50 3 5767 11
5774 11
0x631000
631000 247 61 308 0
309 0
0x408000
408000 60 29 89 3
632000 1059 169 1318 4
7f736669f000 77 65 1461 5
403000 32 18 1512 5
402000 16 12 1541 5
634000 1058 134 2733 5
5f8000 56 23 2812 5
5c7000 56 20 2889 5
5c6000 51 26 2967 6
59f000 53 17 3038 7
633000 1062 96 4197 7
505000 72 12 4282 7
504000 54 10 4347 7
549000 88 17 4452 7
599000 79 15 4547 7
4df000 33 9 4590 7
58a000 50 9 4650 8
589000 90 18 4759 8
50f000 68 12 4840 8
412000 57 11 4909 8
5b3000 46 10 4965 8
617000 68 12 5046 9
5b2000 30 5 5081 9
635000 128 9 5219 9
631000 246 14 5479 9
7f736644b000 44 7 5531 9
7f736644a000 59 6 5597 9
7f7366449000 70 7 5675 9
7f7366452000 58 11 5745 10
7f7366451000 55 4 5805 10
7f7366450000 59 5 5870 10
7f736644e000 61 4 5936 11
5949 11
0x594000
594000 49 33 82 2
5b3000 46 33 162 4
632000 1059 149 1370 4
617000 67 28 1466 5
5b2000 30 13 1509 5
635000 129 23 1661 6
631000 246 32 1939 6
7f736644b000 44 16 2000 6
7f736644a000 59 14 2074 6
7f7366449000 70 16 2161 6
7f7366452000 58 27 2247 9
7f7366451000 54 6 2308 9
7f7366450000 60 7 2376 9
7f736644e000 60 7 2444 10
7f7366455000 241 9 2695 10
7f736644d000 95 2 2793 10
7f736644c000 36 2 2832 10
7f7366453000 36 3 2872 10
7f7366454000 122 5 3000 10
7f7366448000 52 2 3055 10
7f736644f000 36 1 3093 10
403000 33 2 3131 10
402000 16 2 3150 10
634000 1060 37 4247 10
5f8000 55 4 4307 10
5c7000 56 3 4366 10
5c6000 52 4 4422 10
59f000 52 3 4478 10
633000 1066 40 5585 10
505000 72 3 5661 10
504000 54 2 5718 10
549000 87 4 5810 10
7f736669f000 77 9 5897 10
599000 79 4 5981 10
4df000 32 3 6017 10
58a000 51 2 6070 11
6079 11
0x593000
593000 67 33 101 2
634000 1060 188 1350 3
403000 32 24 1407 3
402000 17 16 1441 3
5f8000 55 31 1527 3
5c7000 56 27 1611 3
5c6000 52 34 1698 5
59f000 53 20 1772 6
633000 1059 116 2948 6
505000 71 16 3036 7
504000 54 10 3101 7
549000 89 16 3206 7
632000 1057 92 4356 7
7f736669f000 76 35 4468 7
599000 79 15 4563 7
4df000 33 9 4606 7
58a000 50 9 4666 8
589000 90 18 4775 8
50f000 68 12 4856 8
412000 56 11 4924 8
5b3000 46 9 4980 8
617000 68 12 5061 9
5b2000 30 5 5096 9
635000 130 8 5235 9
631000 246 14 5496 9
7f736644b000 43 7 5548 9
7f736644a000 59 6 5614 9
7f7366449000 70 8 5693 9
7f7366452000 58 12 5763 10
7f7366451000 54 4 5822 10
7f7366450000 60 5 5888 10
7f736644e000 60 5 5954 11
5966 11
0x618000
618000 72 47 119 3
434000 61 32 213 3
5c6000 51 35 300 5
59f000 53 20 374 6
633000 1061 115 1551 6
505000 72 16 1640 7
634000 1057 91 2788 7
504000 54 10 2853 7
403000 32 10 2895 7
402000 16 6 2918 7
5f8000 55 13 2987 7
5c7000 56 11 3054 7
7f736670e000 57 13 3125 8
7f736670d000 50 5 3181 8
7f736670c000 46 5 3233 8
7f7366718000 64 33 3330 9
7f7366717000 100 14 3444 9
4f0000 46 5 3496 9
632000 1066 59 4622 9
7f736669f000 76 20 4719 9
532000 56 6 4781 9
552000 105 11 4898 9
631000 246 13 5158 9
551000 75 21 5255 9
584000 79 7 5342 9
44b000 46 6 5395 9
4a8000 71 9 5477 9
4a7000 76 10 5564 9
61f000 64 6 5634 9
61e000 43 3 5681 9
5a8000 59 7 5748 9
507000 39 5 5792 9
475000 50 8 5851 9
474000 66 8 5926 9
473000 69 8 6004 9
472000 62 8 6075 9
471000 37 5 6118 9
470000 47 6 6172 9
568000 74 9 6255 9
4b8000 57 4 6317 9
4b7000 72 11 6401 9
4b6000 43 5 6450 9
515000 37 5 6493 9
525000 89 10 6593 9
509000 55 7 6655 10
508000 59 2 6717 10
5d0000 66 3 6787 10
7f7366707000 77 2 6867 10
4e9000 37 0 6904 10
5e0000 64 2 6971 10
5df000 50 1 7022 10
45f000 31 1 7055 11
7076 11
0x434000
434000 63 39 102 2
102 2
0x5d4000
5d4000 53 50 104 4
633000 1069 157 1331 5
505000 72 22 1426 5
634000 1070 134 2631 5
504000 55 18 2705 6
403000 33 13 2751 6
402000 17 9 2778 6
5f8000 56 18 2852 6
5c7000 56 15 2924 6
5c6000 52 20 2997 6
59f000 53 18 3069 7
59e000 52 10 3132 7
511000 69 15 3217 7
510000 46 9 3273 8
50f000 68 12 3354 8
412000 57 11 3423 8
5b3000 47 9 3479 8
632000 1078 75 4633 8
617000 69 11 4713 9
5b2000 30 5 4749 9
635000 129 9 4887 9
631000 246 13 5146 9
7f736644b000 43 7 5198 9
7f736644a000 59 6 5264 9
7f7366449000 70 7 5342 9
7f7366452000 57 11 5411 9
7f7366451000 55 6 5473 9
7f7366450000 59 7 5540 9
7f736644e000 61 7 5609 10
7f7366455000 242 9 5861 10
7f736644d000 95 2 5959 10
7f736644c000 36 2 5998 10
7f7366453000 36 3 6038 10
7f7366454000 123 5 6167 10
7f7366448000 51 3 6222 10
7f736644f000 36 1 6260 10
408000 60 2 6325 10
7f736669f000 76 10 6412 10
7f7366707000 78 2 6492 10
594000 48 3 6544 10
593000 67 3 6615 10
7f7366718000 63 12 6691 11
6701 11
0x4dc000
4dc000 41 28 70 3
633000 1065 178 1314 4
505000 72 26 1413 4
634000 1060 154 2628 4
504000 55 21 2705 5
403000 32 18 2756 5
402000 17 11 2785 5
5f8000 55 23 2864 5
5c7000 55 20 2940 5
5c6000 52 25 3018 6
59f000 53 17 3089 7
59e000 53 10 3153 7
511000 68 16 3238 7
510000 45 9 3293 8
50f000 68 12 3374 8
412000 56 11 3442 8
5b3000 46 9 3498 8
632000 1061 75 4635 8
617000 67 12 4715 9
5b2000 30 5 4750 9
635000 129 8 4888 9
631000 244 13 5146 9
7f736644b000 43 7 5198 9
7f736644a000 60 5 5264 9
7f7366449000 70 7 5342 9
7f7366452000 57 12 5412 9
7f7366451000 54 6 5473 9
7f7366450000 60 7 5541 9
7f736644e000 61 7 5610 10
7f7366455000 241 9 5861 10
7f736644d000 95 3 5960 10
7f736644c000 35 2 5998 10
7f7366453000 37 2 6038 10
7f7366454000 123 5 6167 10
7f7366448000 52 2 6222 10
7f736644f000 36 2 6261 10
408000 59 2 6325 10
7f736669f000 77 9 6412 10
7f7366707000 77 2 6492 10
594000 48 3 6544 10
593000 67 3 6615 10
7f7366718000 63 12 6691 11
6701 11
0x4f8000
4f8000 54 38 93 4
632000 1065 157 1316 4
4f7000 46 23 1385 4
633000 1060 163 2609 4
505000 72 26 2708 4
634000 1058 154 3921 4
504000 54 22 3998 5
403000 32 18 4049 5
402000 16 12 4078 5
5f8000 56 23 4157 5
5c7000 56 20 4233 5
5c6000 52 25 4311 6
59f000 53 17 4382 7
59e000 52 10 4445 7
511000 69 15 4530 7
510000 45 10 4586 8
50f000 67 12 4666 8
412000 57 10 4734 8
5b3000 46 9 4790 8
617000 68 12 4871 9
5b2000 30 5 4906 9
635000 128 9 5044 9
631000 246 14 5304 9
7f736644b000 44 7 5356 9
7f736644a000 59 6 5422 9
7f7366449000 70 7 5500 9
7f7366452000 57 11 5569 9
7f7366451000 55 6 5631 9
7f7366450000 59 8 5699 9
7f736644e000 61 7 5767 10
7f7366455000 241 9 6018 10
7f736644d000 95 3 6117 10
7f736644c000 36 1 6155 10
7f7366453000 37 2 6195 10
7f7366454000 121 5 6323 10
7f7366448000 52 2 6378 10
7f736644f000 35 2 6417 10
408000 59 2 6481 10
7f736669f000 77 10 6569 10
7f7366707000 77 3 6649 10
594000 49 3 6701 10
593000 68 2 6771 10
7f7366718000 63 12 6847 11
6858 11
0x4f7000
4f7000 46 30 77 2
633000 1061 198 1337 2
505000 72 32 1442 4
634000 1059 155 2657 4
504000 54 22 2733 5
403000 32 18 2784 5
402000 16 12 2813 5
5f8000 56 23 2892 5
5c7000 56 20 2968 5
5c6000 51 26 3046 6
59f000 52 18 3117 7
59e000 52 10 3180 7
511000 68 15 3264 7
510000 45 10 3320 8
50f000 67 12 3400 8
412000 57 10 3468 8
5b3000 46 9 3524 8
632000 1060 75 4660 8
617000 68 11 4740 9
5b2000 29 5 4775 9
635000 129 8 4913 9
631000 245 14 5172 9
7f736644b000 44 7 5224 9
7f736644a000 59 6 5290 9
7f7366449000 71 6 5367 9
7f7366452000 57 12 5437 9
7f7366451000 55 6 5499 9
7f7366450000 59 8 5567 9
7f736644e000 60 7 5635 10
7f7366455000 241 10 5887 10
7f736644d000 95 3 5985 10
7f736644c000 35 2 6023 10
7f7366453000 37 2 6063 10
7f7366454000 122 5 6192 10
7f7366448000 52 2 6247 10
7f736644f000 36 1 6285 10
408000 59 2 6350 10
7f736669f000 76 10 6437 10
7f7366707000 77 2 6517 10
594000 48 3 6569 10
593000 66 3 6639 10
7f7366718000 63 12 6715 11
6726 11
0x42b000
42b000 53 27 80 2
7f7366707000 77 27 185 5
403000 33 19 237 5
402000 17 13 268 5
634000 1061 138 1467 5
5f8000 55 25 1548 5
5c7000 56 21 1626 5
5c6000 52 27 1706 7
59f000 53 14 1774 8
633000 1065 78 2918 8
505000 72 9 3000 8
504000 54 8 3063 8
549000 88 12 3163 8
632000 1065 75 4304 8
7f736669f000 76 27 4408 8
599000 79 12 4500 8
4df000 33 7 4541 8
58a000 50 7 4599 9
589000 89 13 4702 9
50f000 68 8 4779 9
412000 57 7 4844 9
5b3000 46 6 4897 9
617000 68 8 4974 10
5b2000 29 4 5008 10
635000 128 6 5143 10
631000 245 9 5397 10
7f736644b000 44 4 5447 10
7f736644a000 60 4 5512 10
7f7366449000 70 5 5587 10
7f7366452000 57 7 5652 10
7f7366451000 55 4 5712 10
7f7366450000 59 5 5777 10
7f736644e000 60 5 5843 11
5856 11
0x42a000
42a000 46 31 77 2
632000 1060 191 1329 2
429000 60 32 1422 3
485000 40 24 1487 3
633000 1063 176 2726 3
505000 72 27 2826 5
634000 1056 134 4017 5
504000 54 18 4090 6
403000 33 13 4136 6
402000 17 9 4163 6
5f8000 56 18 4237 6
5c7000 55 16 4309 6
5c6000 51 20 4381 6
59f000 53 17 4452 7
59e000 53 10 4516 7
511000 68 19 4604 7
510000 47 10 4662 8
50f000 67 12 4742 8
412000 57 11 4811 8
5b3000 46 10 4867 8
617000 68 11 4947 9
5b2000 29 5 4982 9
635000 129 9 5121 9
631000 246 13 5380 9
7f736644b000 44 7 5433 9
7f736644a000 60 5 5499 9
7f7366449000 70 7 5577 9
7f7366452000 57 12 5647 9
7f7366451000 54 7 5709 9
7f7366450000 59 7 5776 9
7f736644e000 61 7 5845 10
7f7366455000 241 10 6097 10
7f736644d000 95 2 6195 10
7f736644c000 36 2 6234 10
7f7366453000 36 2 6273 10
7f7366454000 122 5 6402 10
7f7366448000 52 2 6457 10
7f736644f000 36 1 6495 10
408000 60 2 6560 10
7f736669f000 77 9 6647 10
7f7366707000 77 2 6727 10
594000 48 3 6779 10
593000 67 3 6850 10
7f7366718000 63 12 6926 11
6936 11
0x429000
429000 60 37 98 2
98 2
0x485000
485000 40 32 72 1
72 1
0x419000
419000 58 38 97 3
97 3
0x520000
520000 33 25 58 2
51f000 31 21 111 5
51e000 55 26 193 6
51d000 65 16 275 6
632000 1061 111 1448 6
51c000 60 14 1522 6
51b000 72 15 1610 6
633000 1059 117 2787 6
505000 72 16 2876 7
634000 1073 92 4042 7
504000 55 9 4106 7
403000 32 10 4149 7
402000 17 7 4174 7
5f8000 62 13 4250 7
5c7000 56 11 4318 7
5c6000 52 14 4385 7
59f000 53 12 4451 7
59e000 52 10 4514 7
511000 69 15 4599 7
510000 45 10 4655 8
50f000 70 12 4738 8
412000 58 11 4808 8
5b3000 46 10 4864 8
617000 68 11 4944 9
5b2000 30 5 4980 9
635000 128 8 5117 9
631000 246 15 5379 9
7f736644b000 44 7 5431 9
7f736644a000 60 5 5497 9
7f7366449000 70 7 5575 9
7f7366452000 58 11 5645 9
7f7366451000 55 6 5707 9
7f7366450000 59 8 5775 9
7f736644e000 60 7 5843 10
7f7366455000 250 10 6104 10
7f736644d000 95 3 6202 10
7f736644c000 36 1 6240 10
7f7366453000 37 2 6280 10
7f7366454000 122 5 6409 10
7f7366448000 52 2 6464 10
7f736644f000 36 2 6503 10
408000 59 2 6567 10
7f736669f000 77 9 6654 10
7f7366707000 77 2 6734 10
594000 49 2 6786 10
593000 67 3 6857 10
7f7366718000 63 12 6933 11
6948 11
0x51f000
51f000 32 27 59 4
51e000 55 34 148 5
51d000 65 21 235 5
632000 1075 135 1446 5
51c000 61 18 1525 5
51b000 73 19 1617 5
633000 1064 140 2822 5
505000 72 21 2916 6
634000 1076 114 4107 6
504000 54 14 4176 6
403000 32 14 4223 6
402000 17 9 4250 6
5f8000 56 18 4324 6
5c7000 56 16 4397 6
5c6000 52 20 4470 6
59f000 53 17 4541 7
59e000 53 10 4605 7
511000 68 15 4689 7
510000 45 9 4744 8
50f000 68 12 4825 8
412000 57 10 4893 8
5b3000 46 9 4949 8
617000 68 12 5030 9
5b2000 30 5 5065 9
635000 129 8 5203 9
631000 245 14 5463 9
7f736644b000 43 7 5515 9
7f736644a000 59 6 5581 9
7f7366449000 71 6 5659 9
7f7366452000 58 11 5729 9
7f7366451000 54 7 5791 9
7f7366450000 59 7 5858 9
7f736644e000 61 7 5927 10
7f7366455000 242 9 6179 10
7f736644d000 96 2 6278 10
7f736644c000 36 2 6317 10
7f7366453000 36 3 6357 10
7f7366454000 122 5 6485 10
7f7366448000 52 2 6540 10
7f736644f000 35 2 6579 10
408000 59 3 6644 10
7f736669f000 77 9 6731 10
7f7366707000 77 3 6812 10
594000 49 2 6863 10
593000 67 3 6934 10
7f7366718000 64 12 7011 11
7025 11
0x51e000
51e000 55 47 103 3
51d000 66 27 197 3
632000 1079 172 1449 3
51c000 61 24 1535 4
51b000 73 24 1633 4
633000 1080 162 2876 4
505000 72 25 2974 5
634000 1058 134 4167 5
504000 55 17 4239 5
403000 32 18 4290 5
402000 16 12 4319 5
5f8000 60 23 4403 5
5c7000 56 20 4480 5
5c6000 52 26 4559 6
59f000 53 17 4630 7
59e000 53 10 4694 7
511000 68 16 4779 7
510000 45 10 4835 8
50f000 68 12 4916 8
412000 62 11 4989 8
5b3000 47 9 5045 8
617000 68 12 5126 9
5b2000 30 5 5162 9
635000 129 9 5301 9
631000 252 14 5567 9
7f736644b000 44 7 5619 9
7f736644a000 59 6 5685 9
7f7366449000 71 7 5764 9
7f7366452000 57 12 5834 9
7f7366451000 55 6 5896 9
7f7366450000 60 7 5964 9
7f736644e000 61 7 6033 10
7f7366455000 248 9 6291 10
7f736644d000 96 3 6391 10
7f736644c000 36 2 6429 10
7f7366453000 37 2 6469 10
7f7366454000 123 5 6599 10
7f7366448000 52 2 6654 10
7f736644f000 36 2 6693 10
408000 64 3 6763 10
7f736669f000 76 10 6850 10
7f7366707000 77 3 6931 10
594000 49 3 6983 10
593000 68 2 7054 10
7f7366718000 64 12 7131 11
7143 11
0x51d000
51d000 66 37 103 2
632000 1089 193 1386 2
51c000 65 29 1480 4
51b000 74 24 1578 4
633000 1088 162 2829 4
505000 73 26 2928 5
634000 1083 134 4145 5
504000 55 18 4219 5
403000 33 17 4269 5
402000 17 12 4299 5
5f8000 56 23 4378 5
5c7000 60 20 4459 5
5c6000 52 26 4538 6
59f000 53 17 4609 7
59e000 53 10 4673 7
511000 68 16 4758 7
510000 45 10 4814 8
50f000 68 12 4895 8
412000 57 10 4963 8
5b3000 46 10 5020 8
617000 69 12 5101 9
5b2000 30 5 5136 9
635000 130 8 5275 9
631000 246 13 5534 9
7f736644b000 43 7 5586 9
7f736644a000 59 6 5652 9
7f7366449000 70 7 5730 9
7f7366452000 57 12 5800 9
7f7366451000 54 6 5861 9
7f7366450000 59 8 5929 9
7f736644e000 60 7 5997 10
7f7366455000 241 10 6249 10
7f736644d000 95 3 6347 10
7f736644c000 35 2 6385 10
7f7366453000 37 2 6425 10
7f7366454000 122 5 6554 10
7f7366448000 51 2 6608 10
7f736644f000 35 2 6647 10
408000 59 3 6712 10
7f736669f000 76 10 6799 10
7f7366707000 77 3 6879 10
594000 49 2 6930 10
593000 67 3 7001 10
7f7366718000 63 12 7077 11
7088 11
0x51c000
51c000 60 33 93 3
51b000 73 25 191 4
633000 1061 161 1414 4
505000 72 25 1511 5
634000 1057 134 2703 5
504000 54 18 2776 5
403000 32 18 2827 5
402000 16 12 2856 5
5f8000 56 22 2934 5
5c7000 56 20 3011 5
5c6000 51 26 3089 6
59f000 53 17 3160 7
59e000 52 10 3223 7
511000 68 15 3307 7
510000 45 10 3363 8
50f000 67 12 3443 8
412000 57 11 3512 8
5b3000 46 10 3568 8
632000 1056 75 4700 8
617000 67 12 4780 9
5b2000 30 5 4815 9
635000 129 9 4954 9
631000 246 13 5213 9
7f736644b000 43 8 5266 9
7f736644a000 59 6 5331 9
7f7366449000 70 7 5409 9
7f7366452000 57 12 5479 9
7f7366451000 54 6 5540 9
7f7366450000 59 8 5608 9
7f736644e000 60 7 5676 10
7f7366455000 241 10 5928 10
7f736644d000 95 3 6026 10
7f736644c000 35 2 6064 10
7f7366453000 36 3 6104 10
7f7366454000 122 5 6232 10
7f7366448000 52 2 6287 10
7f736644f000 36 2 6326 10
408000 59 2 6390 10
7f736669f000 77 9 6477 10
7f7366707000 77 3 6558 10
594000 49 2 6609 10
593000 67 3 6680 10
7f7366718000 63 12 6756 11
6766 11
0x51b000
51b000 73 33 106 2
633000 1063 198 1368 2
505000 72 32 1472 4
634000 1060 155 2688 4
504000 54 22 2765 5
403000 33 17 2815 5
402000 17 11 2844 5
5f8000 55 23 2923 5
5c7000 55 20 2999 5
5c6000 52 25 3077 6
59f000 53 17 3148 7
59e000 52 10 3211 7
511000 68 16 3296 7
510000 46 9 3351 8
50f000 68 11 3431 8
412000 57 11 3500 8
5b3000 46 9 3555 8
632000 1055 75 4686 8
617000 67 12 4766 9
5b2000 30 5 4801 9
635000 129 8 4939 9
631000 245 14 5199 9
7f736644b000 43 7 5250 9
7f736644a000 59 6 5316 9
7f7366449000 70 7 5394 9
7f7366452000 57 12 5464 9
7f7366451000 55 6 5525 9
7f7366450000 59 8 5593 9
7f736644e000 60 7 5661 10
7f7366455000 242 9 5913 10
7f736644d000 96 2 6012 10
7f736644c000 36 2 6051 10
7f7366453000 36 3 6091 10
7f7366454000 122 5 6219 10
7f7366448000 51 2 6273 10
7f736644f000 36 1 6312 10
408000 59 2 6377 10
7f736669f000 76 10 6464 10
7f7366707000 77 3 6544 10
594000 49 3 6596 10
593000 67 3 6666 10
7f7366718000 63 12 6742 11
6752 11
0x472000
472000 63 39 102 5
471000 37 19 159 5
470000 48 19 226 5
403000 32 20 279 5
402000 17 13 309 5
634000 1057 140 1507 5
5f8000 56 25 1588 5
5c7000 55 22 1666 5
5c6000 52 27 1746 7
59f000 53 15 1815 8
633000 1061 80 2957 8
505000 72 9 3039 8
504000 54 8 3102 8
549000 88 13 3203 8
632000 1058 77 4339 8
7f736669f000 77 28 4444 8
599000 79 12 4535 8
4df000 33 7 4576 8
58a000 50 7 4634 8
589000 89 19 4743 8
50f000 67 12 4823 8
412000 57 11 4892 8
5b3000 46 9 4948 8
617000 68 12 5029 9
5b2000 30 5 5064 9
635000 129 9 5203 9
631000 246 14 5463 9
7f736644b000 43 7 5515 9
7f736644a000 60 5 5581 9
7f7366449000 70 7 5659 9
7f7366452000 57 12 5729 10
7f7366451000 55 4 5789 10
7f7366450000 59 5 5854 10
7f736644e000 60 5 5920 11
5934 11
0x471000
471000 36 28 65 2
470000 48 25 138 2
403000 32 26 197 2
402000 17 17 231 2
634000 1059 188 1478 2
5f8000 56 33 1567 3
5c7000 55 27 1650 3
5c6000 52 34 1737 5
59f000 53 20 1811 6
633000 1063 116 2991 6
505000 72 15 3079 7
504000 54 10 3144 7
549000 88 17 3249 7
632000 1060 93 4403 7
7f736669f000 76 35 4514 7
599000 79 15 4609 7
4df000 33 9 4652 7
58a000 50 9 4712 8
589000 90 18 4821 8
50f000 68 12 4902 8
412000 57 11 4971 8
5b3000 46 10 5027 8
617000 68 12 5108 9
5b2000 30 5 5143 9
635000 129 8 5281 9
631000 246 14 5542 9
7f736644b000 43 7 5594 9
7f736644a000 60 6 5661 9
7f7366449000 71 7 5739 9
7f7366452000 57 12 5809 10
7f7366451000 54 4 5868 10
7f7366450000 59 5 5933 10
7f736644e000 61 4 5999 11
6012 11
0x470000
470000 48 28 76 0
76 0
0x568000
568000 73 46 120 3
4b8000 56 22 199 3
4b7000 71 46 317 5
4b6000 43 17 378 5
515000 37 18 434 5
525000 88 32 555 5
632000 1064 140 1760 5
402000 17 12 1789 5
633000 1061 144 2994 5
505000 72 23 3090 6
634000 1072 119 4281 6
504000 55 15 4352 6
403000 32 16 4401 6
5f8000 56 20 4478 6
5c7000 56 17 4552 6
5c6000 52 23 4628 7
59f000 53 14 4696 8
59e000 53 8 4758 8
511000 69 11 4839 8
510000 46 7 4893 9
50f000 69 8 4971 9
412000 57 8 5037 9
5b3000 46 7 5090 9
617000 68 9 5168 10
5b2000 30 3 5201 10
635000 130 5 5337 10
631000 248 9 5595 10
7f736644b000 44 5 5645 10
7f736644a000 59 4 5709 10
7f7366449000 71 4 5785 10
7f7366452000 58 7 5851 10
7f7366451000 55 4 5911 10
7f7366450000 60 5 5977 10
7f736644e000 61 4 6043 11
6058 11
0x4b8000
4b8000 57 26 83 2
4b7000 71 51 206 5
4b6000 44 17 267 5
515000 38 18 323 5
525000 89 32 445 5
632000 1065 139 1650 5
402000 17 12 1679 5
633000 1065 145 2889 5
505000 73 22 2985 6
634000 1069 119 4174 6
504000 54 16 4245 6
403000 33 15 4293 6
5f8000 56 20 4370 6
5c7000 56 18 4445 6
5c6000 52 22 4520 7
59f000 53 14 4588 8
59e000 53 7 4649 8
511000 70 12 4732 8
510000 45 7 4785 9
50f000 68 9 4863 9
412000 57 7 4928 9
5b3000 46 7 4982 9
617000 68 8 5059 10
5b2000 30 3 5093 10
635000 130 5 5229 10
631000 247 9 5486 10
7f736644b000 44 5 5536 10
7f736644a000 59 4 5600 10
7f7366449000 71 4 5676 10
7f7366452000 58 7 5742 10
7f7366451000 55 4 5802 10
7f7366450000 60 5 5868 10
7f736644e000 61 5 5934 11
5948 11
0x4b7000
4b7000 71 58 129 5
4b6000 43 17 190 5
515000 38 17 246 5
525000 89 32 368 5
632000 1071 140 1580 5
402000 17 12 1609 5
633000 1061 145 2815 5
505000 72 22 2910 6
634000 1061 118 4090 6
504000 54 16 4161 6
403000 33 15 4209 6
5f8000 55 20 4285 6
5c7000 56 17 4359 6
5c6000 52 22 4434 7
59f000 53 14 4502 8
59e000 52 8 4563 8
511000 69 12 4645 8
510000 45 7 4698 9
50f000 68 8 4775 9
412000 57 8 4841 9
5b3000 46 7 4894 9
617000 67 9 4971 10
5b2000 30 3 5004 10
635000 129 5 5139 10
631000 245 9 5394 10
7f736644b000 44 4 5444 10
7f736644a000 59 4 5508 10
7f7366449000 70 5 5584 10
7f7366452000 57 7 5649 10
7f7366451000 55 4 5709 10
7f7366450000 59 5 5774 10
7f736644e000 60 5 5840 11
5853 11
0x4b6000
4b6000 43 27 70 1
515000 37 27 135 1
525000 88 50 273 2
632000 1060 191 1525 2
402000 17 16 1558 2
633000 1061 198 2818 2
505000 72 32 2923 4
634000 1064 155 4143 4
504000 54 22 4220 5
403000 33 17 4270 5
5f8000 56 23 4350 5
5c7000 55 20 4426 5
5c6000 52 25 4504 6
59f000 52 17 4575 7
59e000 53 10 4639 7
511000 68 15 4723 7
510000 46 9 4779 8
50f000 68 12 4860 8
412000 57 11 4929 8
5b3000 46 9 4984 8
617000 68 12 5065 9
5b2000 30 5 5100 9
635000 128 9 5238 9
631000 246 13 5497 9
7f736644b000 43 8 5550 9
7f736644a000 60 5 5615 9
7f7366449000 70 7 5693 9
7f7366452000 57 12 5763 9
7f7366451000 54 6 5824 9
7f7366450000 60 7 5892 9
7f736644e000 61 7 5961 10
7f7366455000 240 9 6211 10
7f736644d000 95 3 6310 10
7f736644c000 35 2 6348 10
7f7366453000 37 2 6388 10
7f7366454000 122 5 6516 10
7f7366448000 51 2 6571 10
7f736644f000 35 2 6610 10
408000 59 3 6675 10
7f736669f000 76 10 6762 10
7f7366707000 77 3 6842 10
594000 49 3 6894 10
593000 67 2 6964 10
7f7366718000 64 11 7040 11
7052 11
0x515000
515000 37 28 65 1
525000 88 50 204 2
632000 1062 191 1457 2
402000 17 16 1490 2
633000 1061 198 2750 2
505000 72 32 2855 4
634000 1060 154 4070 4
504000 54 22 4147 5
403000 32 18 4198 5
5f8000 56 23 4277 5
5c7000 56 20 4353 5
5c6000 51 26 4431 6
59f000 53 17 4502 7
59e000 52 10 4565 7
511000 68 15 4649 7
510000 45 10 4705 8
50f000 67 12 4785 8
412000 57 10 4853 8
5b3000 46 9 4909 8
617000 68 12 4990 9
5b2000 30 5 5025 9
635000 129 8 5163 9
631000 245 14 5423 9
7f736644b000 44 7 5475 9
7f736644a000 59 6 5541 9
7f7366449000 70 7 5619 9
7f7366452000 57 11 5688 9
7f7366451000 55 6 5750 9
7f7366450000 59 8 5818 9
7f736644e000 61 7 5886 10
7f7366455000 242 9 6138 10
7f736644d000 95 2 6236 10
7f736644c000 36 2 6275 10
7f7366453000 36 3 6315 10
7f7366454000 122 5 6443 10
7f7366448000 52 2 6498 10
7f736644f000 36 2 6537 10
408000 59 3 6602 10
7f736669f000 77 9 6688 10
7f7366707000 77 2 6768 10
594000 48 3 6820 10
593000 68 2 6891 10
7f7366718000 63 12 6967 11
6977 11
0x525000
525000 88 53 142 2
142 2
0x509000
509000 55 35 90 3
632000 1058 169 1318 3
7f736669f000 76 72 1467 5
403000 32 15 1515 5
402000 16 9 1541 5
634000 1073 127 2742 6
5f8000 55 18 2816 6
5c7000 55 16 2888 6
5c6000 51 20 2960 7
59f000 53 12 3026 8
633000 1060 72 4159 8
505000 72 7 4239 8
504000 54 6 4300 8
549000 88 11 4399 8
599000 79 10 4489 8
4df000 33 5 4527 8
58a000 51 5 4584 9
589000 89 10 4684 9
50f000 68 6 4759 9
412000 57 6 4823 9
5b3000 46 5 4874 9
617000 67 6 4948 10
5b2000 29 2 4980 10
635000 129 4 5114 10
631000 245 7 5366 10
7f736644b000 44 3 5414 10
7f736644a000 60 2 5476 10
7f7366449000 70 2 5549 10
7f7366452000 57 5 5612 11
5625 11
0x508000
508000 59 38 97 3
507000 39 15 152 4
475000 50 29 232 6
474000 65 19 317 7
473000 70 16 404 7
472000 62 16 483 8
471000 36 9 529 8
470000 47 9 586 8
403000 32 9 628 8
402000 17 6 652 8
634000 1067 80 1800 8
5f8000 56 12 1868 8
5c7000 56 11 1936 8
5c6000 52 13 2002 9
59f000 53 7 2063 9
633000 1071 62 3197 9
505000 73 6 3277 9
504000 55 5 3338 9
549000 89 9 3437 9
632000 1073 60 4571 9
7f736669f000 78 19 4668 9
599000 80 8 4757 9
4df000 33 5 4796 9
58a000 51 4 4852 9
589000 91 13 4957 9
50f000 69 8 5034 9
412000 57 8 5100 9
5b3000 47 6 5153 9
617000 69 8 5231 10
5b2000 30 4 5265 10
635000 129 6 5401 10
631000 248 9 5658 10
7f736644b000 44 4 5708 10
7f736644a000 60 4 5773 10
7f7366449000 71 4 5849 10
7f7366452000 58 7 5915 10
7f7366451000 55 4 5975 10
7f7366450000 60 5 6041 10
7f736644e000 61 5 6108 11
6125 11
0x507000
507000 40 23 64 2
475000 50 41 156 5
474000 66 25 248 6
473000 70 22 340 6
472000 63 21 425 7
471000 36 13 475 7
470000 48 13 537 7
403000 32 14 584 7
402000 17 9 610 7
634000 1065 102 1778 7
5f8000 56 17 1852 7
5c7000 56 15 1924 7
5c6000 52 19 1996 8
59f000 54 11 2061 9
633000 1071 62 3195 9
505000 73 6 3275 9
504000 55 5 3336 9
549000 89 9 3435 9
632000 1076 60 4572 9
7f736669f000 77 20 4669 9
599000 79 9 4758 9
4df000 33 5 4797 9
58a000 50 5 4853 9
589000 90 13 4957 9
50f000 68 9 5035 9
412000 57 7 5100 9
5b3000 46 7 5154 9
617000 68 8 5231 10
5b2000 30 3 5265 10
635000 130 5 5401 10
631000 249 9 5660 10
7f736644b000 45 4 5710 10
7f736644a000 60 4 5775 10
7f7366449000 70 5 5851 10
7f7366452000 58 7 5917 10
7f7366451000 55 4 5977 10
7f7366450000 60 5 6043 10
7f736644e000 61 4 6109 11
6126 11
0x475000
475000 51 46 97 5
474000 66 25 189 6
473000 70 22 282 6
472000 62 21 366 7
471000 37 13 417 7
470000 48 13 478 7
403000 32 14 525 7
402000 16 9 551 7
634000 1068 101 1721 7
5f8000 56 17 1795 7
5c7000 56 15 1867 7
5c6000 52 19 1939 8
59f000 53 11 2004 9
633000 1068 62 3135 9
505000 72 7 3215 9
504000 54 6 3276 9
549000 89 9 3374 9
632000 1071 60 4506 9
7f736669f000 76 20 4603 9
599000 79 9 4692 9
4df000 33 5 4731 9
58a000 50 5 4787 9
589000 90 13 4891 9
50f000 68 9 4969 9
412000 58 7 5034 9
5b3000 46 7 5088 9
617000 68 8 5165 10
5b2000 29 4 5199 10
635000 129 6 5335 10
631000 249 9 5593 10
7f736644b000 44 5 5643 10
7f736644a000 60 4 5708 10
7f7366449000 71 5 5784 10
7f7366452000 58 7 5850 10
7f7366451000 55 4 5910 10
7f7366450000 59 5 5975 10
7f736644e000 61 5 6042 11
6058 11
0x474000
474000 66 43 109 3
473000 70 34 214 3
472000 63 32 310 5
471000 37 19 367 5
470000 48 19 435 5
403000 33 20 488 5
402000 16 14 519 5
634000 1066 140 1725 5
5f8000 56 25 1806 5
5c7000 56 22 1885 5
5c6000 52 27 1965 7
59f000 53 14 2033 8
633000 1059 80 3173 8
505000 72 9 3255 8
504000 54 8 3318 8
549000 88 13 3419 8
632000 1068 76 4564 8
7f736669f000 76 28 4669 8
599000 79 12 4761 8
4df000 33 7 4802 8
58a000 51 7 4860 8
589000 91 18 4969 8
50f000 68 12 5050 8
412000 56 11 5118 8
5b3000 45 10 5174 8
617000 68 12 5255 9
5b2000 30 5 5290 9
635000 129 8 5428 9
631000 245 14 5688 9
7f736644b000 43 7 5740 9
7f736644a000 60 6 5807 9
7f7366449000 71 7 5885 9
7f7366452000 57 12 5955 10
7f7366451000 54 5 6015 10
7f7366450000 60 5 6080 10
7f736644e000 61 5 6146 11
6161 11
0x473000
473000 69 42 112 3
472000 63 32 208 5
471000 36 19 264 5
470000 48 19 332 5
403000 33 19 384 5
402000 17 13 415 5
634000 1058 140 1613 5
5f8000 56 25 1694 5
5c7000 55 22 1772 5
5c6000 52 27 1852 7
59f000 53 14 1920 8
633000 1059 80 3060 8
505000 72 10 3143 8
504000 54 7 3205 8
549000 88 13 3307 8
632000 1060 77 4445 8
7f736669f000 77 27 4549 8
599000 79 12 4641 8
4df000 33 7 4682 8
58a000 50 7 4740 8
589000 89 19 4849 8
50f000 67 12 4929 8
412000 57 11 4998 8
5b3000 46 10 5054 8
617000 68 12 5135 9
5b2000 30 5 5170 9
635000 128 9 5308 9
631000 245 14 5568 9
7f736644b000 43 7 5620 9
7f736644a000 60 6 5687 9
7f7366449000 70 7 5765 9
7f7366452000 57 12 5835 10
7f7366451000 54 4 5894 10
7f7366450000 60 5 5960 10
7f736644e000 60 5 6026 11
6040 11
0x543000
543000 64 30 94 2
403000 33 24 151 2
402000 17 15 184 2
634000 1061 183 1429 3
5f8000 56 29 1515 4
5c7000 57 24 1597 4
5c6000 52 31 1681 6
59f000 52 17 1751 7
633000 1068 96 2916 7
505000 72 12 3001 7
504000 54 10 3066 7
549000 88 17 3171 7
632000 1059 92 4322 7
7f736669f000 76 35 4434 7
599000 79 15 4529 7
4df000 33 9 4572 7
58a000 50 9 4632 8
589000 90 19 4742 8
50f000 67 12 4822 8
412000 57 11 4891 8
5b3000 46 10 4947 8
617000 68 12 5028 9
5b2000 30 5 5063 9
635000 128 9 5201 9
631000 245 15 5462 9
7f736644b000 44 7 5514 9
7f736644a000 59 6 5580 9
7f7366449000 70 7 5658 9
7f7366452000 57 12 5728 10
7f7366451000 55 4 5788 10
7f7366450000 59 5 5853 10
7f736644e000 61 4 5919 11
5932 11
0x542000
542000 53 30 84 1
634000 1058 202 1344 2
541000 64 32 1441 5
5be000 81 23 1546 6
538000 66 19 1631 6
537000 41 15 1688 6
575000 42 14 1745 6
536000 45 16 1806 6
535000 46 14 1867 6
424000 52 16 1936 6
5ab000 52 15 2004 6
5aa000 46 15 2066 7
5a9000 52 9 2128 7
44c000 60 15 2204 7
633000 1060 100 3364 7
505000 72 13 3449 8
504000 55 7 3512 8
403000 32 8 3553 8
402000 17 5 3575 8
5f8000 56 10 3641 8
5c7000 56 9 3707 8
5c6000 51 12 3771 8
59f000 53 9 3834 8
59e000 53 8 3896 8
511000 69 12 3978 8
510000 46 7 4031 9
50f000 68 9 4109 9
412000 57 8 4175 9
5b3000 46 7 4228 9
632000 1067 60 5356 9
617000 68 8 5433 10
5b2000 30 4 5467 10
635000 129 6 5603 10
631000 247 9 5859 10
7f736644b000 43 5 5909 10
7f736644a000 60 4 5974 10
7f7366449000 70 5 6050 10
7f7366452000 57 8 6116 10
7f7366451000 54 5 6176 10
7f7366450000 59 5 6241 10
7f736644e000 61 5 6308 11
6323 11
0x541000
541000 65 36 101 4
634000 1067 153 1322 5
5be000 82 22 1427 6
538000 66 19 1513 6
537000 42 14 1570 6
575000 43 13 1627 6
536000 45 16 1689 6
535000 46 15 1751 6
424000 51 17 1820 6
5ab000 53 15 1888 6
5aa000 46 16 1951 7
5a9000 51 10 2013 7
44c000 61 15 2089 7
633000 1071 100 3260 7
505000 72 13 3346 8
504000 55 7 3409 8
403000 32 7 3449 8
402000 17 5 3472 8
5f8000 56 10 3538 8
5c7000 56 8 3603 8
5c6000 52 12 3668 8
59f000 53 9 3731 8
59e000 53 8 3793 8
511000 68 12 3874 8
510000 46 7 3928 9
50f000 68 8 4005 9
412000 58 7 4071 9
5b3000 46 7 4125 9
632000 1066 60 5252 9
617000 69 8 5329 10
5b2000 30 4 5363 10
635000 129 6 5499 10
631000 247 9 5755 10
7f736644b000 44 5 5805 10
7f736644a000 60 4 5869 10
7f7366449000 71 4 5945 10
7f7366452000 58 8 6012 10
7f7366451000 55 4 6071 10
7f7366450000 60 5 6137 10
7f736644e000 61 5 6204 11
6218 11
0x5be000
5be000 81 37 119 5
119 5
0x538000
538000 66 39 106 3
537000 42 22 171 3
575000 43 21 236 3
536000 46 24 306 5
535000 47 18 372 5
424000 52 21 446 5
5ab000 52 20 519 5
5aa000 46 21 587 6
5a9000 51 14 653 6
44c000 61 20 734 6
633000 1070 123 1927 6
505000 72 18 2018 7
634000 1069 98 3186 7
504000 54 12 3253 7
403000 33 11 3297 7
402000 17 8 3323 7
5f8000 56 15 3394 7
5c7000 56 13 3464 7
5c6000 52 17 3534 7
59f000 53 15 3603 8
59e000 52 8 3664 8
511000 69 12 3746 8
510000 45 8 3800 9
50f000 68 8 3877 9
412000 57 8 3943 9
5b3000 46 7 3996 9
632000 1073 59 5129 9
617000 68 9 5207 10
5b2000 30 4 5241 10
635000 129 6 5377 10
631000 247 9 5633 10
7f736644b000 44 5 5683 10
7f736644a000 60 4 5748 10
7f7366449000 71 5 5824 10
7f7366452000 57 8 5890 10
7f7366451000 54 5 5950 10
7f7366450000 59 5 6015 10
7f736644e000 61 5 6082 11
6095 11
0x537000
537000 42 30 72 1
575000 43 26 142 3
536000 45 25 212 5
535000 47 18 278 5
424000 51 22 352 5
5ab000 52 20 424 5
5aa000 46 21 492 6
5a9000 52 13 558 6
44c000 62 19 639 6
633000 1073 123 1836 6
505000 72 18 1927 7
634000 1067 99 3094 7
504000 55 12 3161 7
403000 32 12 3205 7
402000 17 7 3230 7
5f8000 56 16 3302 7
5c7000 56 14 3372 7
5c6000 51 17 3441 7
59f000 53 15 3510 8
59e000 52 8 3571 8
511000 69 12 3653 8
510000 45 7 3706 9
50f000 68 9 3784 9
412000 57 7 3849 9
5b3000 46 7 3903 9
632000 1073 59 5036 9
617000 68 9 5114 10
5b2000 30 3 5147 10
635000 130 5 5283 10
631000 245 9 5538 10
7f736644b000 43 5 5588 10
7f736644a000 59 4 5652 10
7f7366449000 70 5 5728 10
7f7366452000 57 7 5793 10
7f7366451000 55 4 5853 10
7f7366450000 59 5 5918 10
7f736644e000 61 4 5984 11
5997 11
0x575000
575000 42 28 71 3
71 3
0x536000
536000 45 33 78 4
535000 46 23 148 5
424000 51 21 221 5
5ab000 53 19 293 5
5aa000 46 20 360 6
5a9000 52 14 427 6
44c000 61 20 508 6
633000 1073 123 1704 6
505000 71 18 1794 7
634000 1059 98 2952 7
504000 54 12 3018 7
403000 33 11 3062 7
402000 17 7 3087 7
5f8000 55 15 3158 7
5c7000 55 14 3228 7
5c6000 52 17 3297 7
59f000 53 14 3365 8
59e000 52 8 3426 8
511000 68 12 3507 8
510000 46 7 3561 9
50f000 67 9 3638 9
412000 56 8 3703 9
5b3000 46 7 3756 9
632000 1058 60 4875 9
617000 68 8 4951 10
5b2000 29 4 4985 10
635000 129 5 5120 10
631000 245 9 5375 10
7f736644b000 44 5 5425 10
7f736644a000 59 4 5489 10
7f7366449000 71 4 5565 10
7f7366452000 58 7 5631 10
7f7366451000 55 4 5691 10
7f7366450000 60 5 5757 10
7f736644e000 61 5 5824 11
5837 11
0x535000
535000 47 29 76 3
424000 52 26 155 3
5ab000 53 23 231 3
5aa000 46 25 303 5
5a9000 52 15 371 5
44c000 61 23 456 5
633000 1075 139 1670 5
505000 73 20 1764 6
634000 1068 114 2947 6
504000 55 13 3016 6
403000 32 14 3063 6
402000 17 8 3089 6
5f8000 56 18 3164 6
5c7000 56 15 3236 6
5c6000 53 20 3310 6
59f000 53 17 3381 7
59e000 53 10 3445 7
511000 68 16 3530 7
510000 45 10 3586 8
50f000 68 12 3667 8
412000 57 10 3735 8
5b3000 46 9 3791 8
632000 1069 76 4937 8
617000 68 12 5017 9
5b2000 29 6 5053 9
635000 131 8 5193 9
631000 250 13 5457 9
7f736644b000 44 7 5510 9
7f736644a000 60 6 5577 9
7f7366449000 71 7 5656 9
7f7366452000 58 11 5726 9
7f7366451000 55 7 5789 9
7f7366450000 60 8 5858 9
7f736644e000 61 7 5927 10
7f7366455000 246 9 6183 10
7f736644d000 96 3 6283 10
7f736644c000 36 2 6322 10
7f7366453000 37 2 6362 10
7f7366454000 124 5 6493 10
7f7366448000 52 2 6548 10
7f736644f000 36 2 6588 10
408000 60 3 6654 10
7f736669f000 77 10 6742 10
7f7366707000 79 2 6823 10
594000 49 3 6876 10
593000 68 3 6947 10
7f7366718000 64 12 7024 11
7035 11
0x424000
424000 52 34 87 2
87 2
0x5ab000
5ab000 52 32 85 1
5aa000 46 31 163 3
5a9000 52 21 237 3
44c000 62 30 330 5
633000 1085 140 1556 5
505000 73 21 1650 6
634000 1074 114 2839 6
504000 55 14 2909 6
403000 32 14 2956 6
402000 17 8 2982 6
5f8000 56 18 3057 6
5c7000 57 15 3130 6
5c6000 52 21 3204 6
59f000 54 17 3276 7
59e000 53 10 3340 7
511000 69 15 3425 7
510000 46 10 3482 8
50f000 68 12 3563 8
412000 57 11 3632 8
5b3000 46 10 3689 8
632000 1068 75 4833 8
617000 68 12 4914 9
5b2000 30 5 4949 9
635000 130 8 5088 9
631000 247 14 5350 9
7f736644b000 44 7 5403 9
7f736644a000 60 5 5469 9
7f7366449000 71 7 5548 9
7f7366452000 58 11 5618 9
7f7366451000 55 6 5680 9
7f7366450000 60 7 5748 9
7f736644e000 61 7 5817 10
7f7366455000 243 10 6071 10
7f736644d000 96 3 6170 10
7f736644c000 35 2 6208 10
7f7366453000 37 2 6248 10
7f7366454000 123 5 6378 10
7f7366448000 52 2 6433 10
7f736644f000 35 2 6472 10
408000 60 2 6537 10
7f736669f000 77 10 6625 10
7f7366707000 78 3 6706 10
594000 49 3 6758 10
593000 68 3 6830 10
7f7366718000 63 12 6906 11
6917 11
0x5aa000
5aa000 46 32 78 3
5a9000 52 20 151 3
44c000 61 30 243 5
633000 1066 139 1449 5
505000 72 20 1542 6
634000 1058 113 2714 6
504000 54 14 2783 6
403000 32 14 2830 6
402000 17 9 2856 6
5f8000 55 18 2929 6
5c7000 56 16 3002 6
5c6000 52 20 3074 6
59f000 53 17 3145 7
59e000 52 10 3208 7
511000 68 16 3293 7
510000 45 9 3348 8
50f000 68 12 3429 8
412000 57 11 3497 8
5b3000 46 10 3553 8
632000 1061 74 4689 8
617000 68 11 4769 9
5b2000 29 6 4805 9
635000 128 8 4942 9
631000 247 13 5203 9
7f736644b000 43 7 5255 9
7f736644a000 60 5 5321 9
7f7366449000 70 7 5399 9
7f7366452000 57 12 5469 9
7f7366451000 54 6 5530 9
7f7366450000 59 8 5598 9
7f736644e000 61 6 5666 10
7f7366455000 241 9 5918 10
7f736644d000 95 3 6017 10
7f736644c000 35 2 6055 10
7f7366453000 37 2 6095 10
7f7366454000 123 5 6224 10
7f7366448000 52 2 6279 10
7f736644f000 36 2 6318 10
408000 59 2 6382 10
7f736669f000 77 9 6469 10
7f7366707000 77 3 6550 10
594000 49 3 6602 10
593000 67 3 6673 10
7f7366718000 63 11 6748 11
6759 11
0x5a9000
5a9000 51 28 79 1
79 1
0x44c000
44c000 61 40 101 4
101 4
0x4d1000
4d1000 66 42 108 3
108 3
0x482000
482000 58 36 94 2
94 2
0x49f000
49f000 65 43 108 2
49e000 47 23 179 4
49d000 62 16 258 6
49c000 49 15 323 7
49b000 44 11 379 7
5c1000 62 11 452 7
632000 1060 94 1606 7
7f73667ea000 82 13 1701 7
403000 32 10 1744 7
402000 16 6 1767 7
634000 1059 93 2920 7
5f8000 56 13 2989 7
5c7000 55 12 3057 7
5c6000 52 15 3124 7
59f000 53 12 3190 7
633000 1067 97 4355 7
505000 72 13 4441 8
504000 54 7 4503 8
549000 87 13 4604 8
7f736669f000 76 27 4708 8
599000 79 12 4800 8
4df000 33 7 4841 8
58a000 50 7 4899 9
589000 89 13 5002 9
50f000 68 9 5080 9
412000 57 7 5145 9
5b3000 46 7 5199 9
617000 68 8 5276 10
5b2000 29 4 5310 10
635000 130 5 5446 10
631000 248 9 5704 10
7f736644b000 44 5 5754 10
7f736644a000 59 4 5818 10
7f7366449000 70 5 5894 10
7f7366452000 57 8 5960 10
7f7366451000 54 4 6019 10
7f7366450000 59 5 6084 10
7f736644e000 61 5 6151 11
6167 11
0x49e000
49e000 47 29 76 3
49d000 62 21 159 5
49c000 49 20 228 6
49b000 44 15 288 7
5c1000 61 11 361 7
632000 1060 94 1516 7
7f73667ea000 82 13 1611 7
403000 32 10 1654 7
402000 16 6 1677 7
634000 1059 93 2830 7
5f8000 56 13 2899 7
5c7000 55 11 2966 7
5c6000 52 15 3034 7
59f000 53 12 3100 7
633000 1060 98 4259 7
505000 72 12 4344 8
504000 54 8 4407 8
549000 88 13 4508 8
7f736669f000 76 27 4612 8
599000 79 12 4704 8
4df000 33 7 4745 8
58a000 50 7 4803 9
589000 90 13 4906 9
50f000 67 9 4983 9
412000 56 8 5048 9
5b3000 46 7 5101 9
617000 68 8 5178 10
5b2000 29 4 5212 10
635000 129 5 5347 10
631000 245 9 5602 10
7f736644b000 44 5 5652 10
7f736644a000 59 4 5716 10
7f7366449000 70 4 5791 10
7f7366452000 58 7 5857 10
7f7366451000 54 4 5916 10
7f7366450000 60 4 5981 10
7f736644e000 61 5 6048 11
6063 11
0x49d000
49d000 62 28 90 3
49c000 49 27 167 4
49b000 45 21 233 5
5c1000 61 18 313 5
632000 1060 134 1507 5
7f73667ea000 82 22 1611 6
403000 32 14 1657 6
402000 17 8 1683 6
634000 1059 114 2857 6
5f8000 56 18 2932 6
5c7000 55 16 3004 6
5c6000 52 20 3077 6
59f000 53 17 3148 7
633000 1063 97 4309 7
505000 72 12 4394 8
504000 54 8 4457 8
549000 88 13 4558 8
7f736669f000 76 27 4662 8
599000 79 12 4754 8
4df000 33 7 4794 8
58a000 50 7 4852 9
589000 89 13 4955 9
50f000 68 8 5032 9
412000 57 7 5097 9
5b3000 46 7 5151 9
617000 67 9 5228 10
5b2000 30 3 5261 10
635000 129 6 5397 10
631000 246 9 5652 10
7f736644b000 43 5 5702 10
7f736644a000 60 3 5766 10
7f7366449000 70 5 5842 10
7f7366452000 57 7 5907 10
7f7366451000 55 4 5967 10
7f7366450000 59 5 6032 10
7f736644e000 60 5 6098 11
6113 11
0x49c000
49c000 49 32 81 2
49b000 44 24 150 4
5c1000 61 19 231 5
632000 1079 134 1445 5
7f73667ea000 82 22 1550 6
403000 33 14 1597 6
402000 17 9 1623 6
634000 1069 115 2808 6
5f8000 55 19 2883 6
5c7000 56 16 2956 6
5c6000 52 20 3029 6
59f000 54 17 3101 7
633000 1071 98 4271 7
505000 72 13 4357 8
504000 54 8 4420 8
549000 89 13 4522 8
7f736669f000 77 27 4627 8
599000 80 12 4719 8
4df000 33 7 4760 8
58a000 50 7 4818 9
589000 90 13 4922 9
50f000 68 9 5000 9
412000 58 7 5065 9
5b3000 46 7 5119 9
617000 68 8 5196 10
5b2000 30 3 5230 10
635000 130 6 5367 10
631000 248 9 5624 10
7f736644b000 43 5 5674 10
7f736644a000 60 4 5739 10
7f7366449000 70 5 5815 10
7f7366452000 57 8 5881 10
7f7366451000 54 5 5941 10
7f7366450000 59 5 6006 10
7f736644e000 61 5 6073 11
6087 11
0x49b000
49b000 45 31 76 3
5c1000 62 24 162 5
632000 1068 135 1366 5
7f73667ea000 82 22 1470 6
403000 33 14 1517 6
402000 16 9 1543 6
634000 1080 115 2739 6
5f8000 56 18 2814 6
5c7000 56 16 2887 6
5c6000 52 20 2960 6
59f000 53 18 3032 7
633000 1073 98 4204 7
505000 72 13 4290 8
504000 54 8 4353 8
549000 88 13 4454 8
7f736669f000 78 27 4560 8
599000 80 12 4652 8
4df000 33 7 4692 8
58a000 51 7 4751 9
589000 90 13 4855 9
50f000 68 8 4932 9
412000 58 7 4998 9
5b3000 46 7 5052 9
617000 68 8 5129 10
5b2000 30 3 5163 10
635000 130 6 5300 10
631000 250 9 5560 10
7f736644b000 44 5 5610 10
7f736644a000 60 4 5675 10
7f7366449000 70 5 5751 10
7f7366452000 57 8 5817 10
7f7366451000 55 4 5877 10
7f7366450000 60 4 5942 10
7f736644e000 62 4 6009 11
6023 11
0x5c1000
5c1000 62 31 93 4
632000 1056 155 1305 4
7f73667ea000 82 26 1413 5
403000 32 18 1464 5
402000 17 12 1493 5
634000 1061 135 2689 5
5f8000 55 24 2769 5
5c7000 55 20 2845 5
5c6000 52 26 2924 6
59f000 53 17 2995 7
633000 1064 98 4158 7
505000 72 13 4244 8
504000 54 7 4306 8
549000 89 12 4408 8
7f736669f000 77 27 4513 8
599000 79 12 4605 8
4df000 33 7 4646 8
58a000 50 7 4704 9
589000 90 13 4808 9
50f000 68 9 4886 9
412000 57 8 4952 9
5b3000 46 7 5005 9
617000 68 9 5083 10
5b2000 30 4 5117 10
635000 130 6 5253 10
631000 247 9 5510 10
7f736644b000 44 4 5560 10
7f736644a000 60 4 5625 10
7f7366449000 70 5 5701 10
7f7366452000 57 8 5767 10
7f7366451000 55 4 5827 10
7f7366450000 59 5 5892 10
7f736644e000 61 5 5959 11
5972 11
0x528000
528000 46 27 73 2
403000 33 25 132 2
402000 17 17 167 2
634000 1075 189 1431 2
5f8000 56 33 1520 3
5c7000 56 27 1604 3
5c6000 51 35 1691 5
59f000 53 20 1765 6
633000 1066 115 2947 6
505000 72 15 3035 7
504000 54 10 3100 7
549000 88 17 3205 7
632000 1060 92 4358 7
7f736669f000 77 35 4471 7
599000 79 16 4567 7
4df000 33 9 4610 7
58a000 51 9 4671 8
589000 90 19 4781 8
50f000 68 12 4862 8
412000 57 11 4931 8
5b3000 46 10 4988 8
617000 68 12 5069 9
5b2000 30 5 5104 9
635000 130 9 5244 9
631000 248 14 5506 9
7f736644b000 43 8 5559 9
7f736644a000 59 6 5625 9
7f7366449000 71 7 5704 9
7f7366452000 57 12 5774 10
7f7366451000 55 4 5834 10
7f7366450000 60 5 5900 10
7f736644e000 61 4 5966 11
5979 11
0x530000
530000 39 28 68 1
634000 1076 203 1347 2
52f000 55 28 1431 3
7f736670e000 58 31 1521 4
7f736670d000 50 17 1589 4
7f736670c000 47 16 1652 4
403000 32 22 1707 4
402000 17 14 1739 4
5f8000 56 28 1824 4
5c7000 56 24 1905 4
5c6000 52 32 1990 6
59f000 54 17 2061 7
633000 1072 99 3233 7
505000 73 12 3318 8
504000 55 7 3381 8
549000 88 13 3483 8
632000 1073 75 4632 8
7f736669f000 77 27 4737 8
599000 79 12 4829 8
4df000 33 7 4870 8
58a000 51 6 4928 9
589000 91 12 5032 9
50f000 69 8 5110 9
412000 57 8 5176 9
5b3000 47 6 5229 9
617000 69 8 5307 10
5b2000 29 4 5341 10
635000 130 5 5477 10
631000 249 9 5736 10
7f736644b000 44 4 5786 10
7f736644a000 60 4 5851 10
7f7366449000 70 5 5927 10
7f7366452000 58 7 5993 10
7f7366451000 55 4 6053 10
7f7366450000 60 5 6119 10
7f736644e000 61 5 6186 11
6199 11
0x52f000
52f000 56 32 88 2
7f736670e000 59 32 179 3
7f736670d000 51 17 248 3
7f736670c000 46 17 311 3
403000 32 24 368 3
402000 17 15 400 3
634000 1060 170 1631 4
5f8000 56 28 1716 4
5c7000 56 25 1797 4
5c6000 52 31 1880 6
59f000 53 17 1951 7
633000 1059 97 3108 7
505000 72 13 3194 8
504000 54 7 3256 8
549000 87 13 3357 8
632000 1059 75 4492 8
7f736669f000 76 27 4596 8
599000 79 12 4688 8
4df000 33 7 4729 8
58a000 50 7 4787 9
589000 90 13 4890 9
50f000 67 9 4967 9
412000 57 7 5032 9
5b3000 46 6 5085 9
617000 68 8 5162 10
5b2000 30 3 5196 10
635000 128 6 5331 10
631000 247 9 5587 10
7f736644b000 44 4 5636 10
7f736644a000 60 4 5701 10
7f7366449000 71 4 5776 10
7f7366452000 57 8 5842 10
7f7366451000 54 4 5901 10
7f7366450000 59 5 5966 10
7f736644e000 61 5 6033 11
6045 11
0x564000
564000 109 61 171 7
633000 1061 97 1330 7
505000 72 12 1415 8
634000 1064 75 2555 8
504000 55 7 2617 8
403000 32 8 2658 8
402000 17 4 2679 8
5f8000 56 9 2745 8
5c7000 56 9 2811 8
5c6000 52 11 2875 8
59f000 53 9 2938 9
59e000 53 3 2995 9
511000 69 6 3071 9
510000 46 3 3121 9
50f000 69 5 3196 9
412000 58 5 3260 9
5b3000 46 5 3311 9
632000 1082 52 4446 9
617000 68 6 4521 10
5b2000 30 2 4553 10
635000 128 4 4686 10
631000 248 6 4940 10
7f736644b000 43 3 4988 10
7f736644a000 59 2 5050 10
7f7366449000 70 3 5124 10
7f7366452000 57 5 5187 10
7f7366451000 54 2 5244 10
7f7366450000 60 2 5307 10
7f736644e000 61 3 5372 10
7f7366455000 241 9 5623 10
7f736644d000 95 3 5722 10
7f736644c000 35 2 5760 10
7f7366453000 36 3 5800 10
7f7366454000 122 5 5928 10
7f7366448000 51 2 5983 10
7f736644f000 35 2 6022 10
408000 59 3 6087 10
7f736669f000 76 10 6174 10
7f7366707000 78 2 6254 10
594000 49 2 6306 10
593000 67 3 6377 10
7f7366718000 64 11 6453 11
6464 11
0x563000
563000 38 35 73 1
633000 1092 214 1380 2
505000 73 32 1486 4
634000 1075 156 2718 4
504000 54 22 2795 5
403000 33 18 2846 5
402000 17 12 2875 5
5f8000 56 23 2954 5
5c7000 55 21 3031 5
5c6000 51 26 3109 6
59f000 53 17 3180 7
59e000 53 10 3244 7
511000 68 16 3329 7
510000 45 10 3385 8
50f000 68 11 3465 8
412000 57 11 3534 8
5b3000 46 9 3590 8
632000 1074 76 4741 8
617000 68 12 4821 9
5b2000 29 6 4857 9
635000 130 8 4995 9
631000 247 14 5257 9
7f736644b000 44 7 5309 9
7f736644a000 60 5 5375 9
7f7366449000 71 7 5454 9
7f7366452000 57 12 5524 9
7f7366451000 54 6 5585 9
7f7366450000 60 7 5653 9
7f736644e000 61 7 5722 10
7f7366455000 245 9 5977 10
7f736644d000 96 3 6077 10
7f736644c000 36 2 6116 10
7f7366453000 37 3 6156 10
7f7366454000 123 5 6285 10
7f7366448000 52 3 6341 10
7f736644f000 36 2 6380 10
408000 59 2 6444 10
7f736669f000 77 10 6532 10
7f7366707000 77 3 6613 10
594000 49 3 6665 10
593000 68 2 6736 10
7f7366718000 64 11 6812 11
6824 11
0x47a000
47a000 69 47 116 4
634000 1060 155 1332 4
633000 1061 163 2557 4
505000 71 27 2656 4
504000 54 22 2733 5
403000 32 18 2783 5
402000 17 11 2812 5
5f8000 55 23 2891 5
5c7000 55 20 2967 5
5c6000 52 25 3045 6
59f000 52 18 3116 7
59e000 52 10 3179 7
511000 68 15 3263 7
510000 45 10 3319 8
50f000 67 12 3399 8
412000 57 10 3467 8
5b3000 46 9 3523 8
632000 1062 75 4661 8
617000 69 12 4743 9
5b2000 30 5 4778 9
635000 128 9 4916 9
631000 245 14 5175 9
7f736644b000 44 7 5227 9
7f736644a000 59 6 5293 9
7f7366449000 70 7 5371 9
7f7366452000 58 11 5440 9
7f7366451000 54 6 5501 9
7f7366450000 60 7 5569 9
7f736644e000 61 7 5638 10
7f7366455000 240 10 5889 10
7f736644d000 94 3 5987 10
7f736644c000 36 1 6025 10
7f7366453000 37 2 6065 10
7f7366454000 122 5 6194 10
7f7366448000 52 2 6249 10
7f736644f000 36 1 6287 10
408000 59 2 6352 10
7f736669f000 76 10 6439 10
7f7366707000 77 3 6519 10
594000 48 3 6570 10
593000 67 3 6641 10
7f7366718000 63 12 6717 11
6727 11
0x4c1000
4c1000 58 41 100 3
100 3
0x511000
511000 68 44 112 2
510000 45 26 184 4
50f000 67 30 282 4
412000 56 27 366 5
5b3000 46 22 435 6
632000 1059 117 1612 6
617000 67 21 1701 7
5b2000 29 11 1742 7
635000 128 17 1888 7
631000 245 27 2160 7
7f736644b000 44 14 2219 7
7f736644a000 59 11 2290 7
7f7366449000 71 13 2375 7
7f7366452000 57 23 2456 9
7f7366451000 54 7 2518 9
7f7366450000 59 7 2585 9
7f736644e000 61 7 2654 10
7f7366455000 241 9 2905 10
7f736644d000 95 3 3004 10
7f736644c000 35 2 3042 10
7f7366453000 36 3 3082 10
7f7366454000 122 5 3210 10
7f7366448000 52 2 3265 10
7f736644f000 36 2 3304 10
403000 32 2 3341 10
402000 17 1 3360 10
634000 1057 38 4456 10
5f8000 55 3 4515 10
5c7000 56 3 4575 10
5c6000 51 4 4631 10
59f000 52 3 4687 10
633000 1058 40 5786 10
505000 72 3 5862 10
504000 54 2 5919 10
549000 88 4 6012 10
7f736669f000 76 9 6098 10
599000 79 4 6182 10
4df000 33 2 6217 10
58a000 50 2 6270 11
6280 11
0x510000
510000 45 28 74 3
50f000 67 33 175 4
412000 56 28 260 5
5b3000 46 23 329 6
632000 1057 117 1504 6
617000 68 21 1593 7
5b2000 30 10 1633 7
635000 129 17 1780 7
631000 245 27 2053 7
7f736644b000 44 14 2112 7
7f736644a000 59 11 2183 7
7f7366449000 70 14 2268 7
7f7366452000 57 23 2349 9
7f7366451000 55 6 2411 9
7f7366450000 59 7 2478 9
7f736644e000 61 7 2547 10
7f7366455000 243 9 2799 10
7f736644d000 95 2 2897 10
7f736644c000 36 2 2936 10
7f7366453000 36 2 2975 10
7f7366454000 122 5 3104 10
7f7366448000 51 3 3159 10
7f736644f000 35 2 3197 10
403000 33 2 3235 10
402000 16 2 3254 10
634000 1054 38 4346 10
5f8000 56 3 4405 10
5c7000 55 3 4464 10
5c6000 51 4 4520 10
59f000 53 3 4577 10
633000 1056 40 5674 10
505000 72 3 5750 10
504000 54 2 5807 10
549000 88 4 5900 10
7f736669f000 76 10 5987 10
599000 79 4 6070 10
4df000 33 2 6106 10
58a000 50 2 6159 11
6169 11
0x5d5000
5d5000 68 45 113 4
5d4000 53 37 204 6
633000 1058 123 1386 6
505000 71 19 1477 6
634000 1061 117 2656 6
504000 54 16 2727 7
403000 32 12 2771 7
402000 16 8 2796 7
5f8000 55 15 2866 7
5c7000 56 13 2936 7
5c6000 51 17 3005 7
59f000 53 14 3073 8
59e000 52 8 3134 8
511000 68 12 3215 8
510000 45 7 3268 8
50f000 68 12 3349 8
412000 56 11 3417 8
5b3000 46 10 3473 8
632000 1061 76 4611 8
617000 68 11 4690 9
5b2000 29 6 4726 9
635000 129 9 4864 9
631000 246 14 5124 9
7f736644b000 43 8 5176 9
7f736644a000 60 5 5241 9
7f7366449000 70 7 5319 9
7f7366452000 57 12 5389 9
7f7366451000 54 6 5450 9
7f7366450000 60 7 5518 9
7f736644e000 61 7 5587 10
7f7366455000 241 9 5838 10
7f736644d000 94 3 5936 10
7f736644c000 36 1 5974 10
7f7366453000 37 2 6014 10
7f7366454000 122 5 6143 10
7f7366448000 52 2 6198 10
7f736644f000 36 2 6237 10
408000 59 2 6301 10
7f736669f000 76 10 6388 10
7f7366707000 77 3 6468 10
594000 49 3 6520 10
593000 67 3 6590 10
7f7366718000 63 12 6666 11
6678 11
0x5bc000
5bc000 78 47 125 4
5bb000 54 24 204 5
5ba000 40 23 268 6
633000 1064 121 1454 6
505000 71 18 1544 7
634000 1058 96 2699 7
504000 54 12 2766 7
403000 32 12 2810 7
402000 16 8 2835 7
5f8000 56 15 2906 7
5c7000 55 13 2975 7
5c6000 51 17 3044 7
59f000 53 14 3112 8
59e000 52 8 3173 8
511000 68 11 3253 8
510000 45 8 3307 8
50f000 67 12 3387 8
412000 57 10 3455 8
5b3000 46 9 3511 8
632000 1060 75 4647 8
617000 67 12 4727 9
5b2000 29 5 4762 9
635000 128 9 4900 9
631000 245 13 5159 9
7f736644b000 43 7 5211 9
7f736644a000 59 6 5277 9
7f7366449000 70 7 5355 9
7f7366452000 57 12 5425 9
7f7366451000 54 6 5486 9
7f7366450000 59 8 5554 9
7f736644e000 61 6 5622 10
7f7366455000 241 9 5873 10
7f736644d000 95 3 5972 10
7f736644c000 35 2 6010 10
7f7366453000 36 3 6050 10
7f7366454000 122 5 6178 10
7f7366448000 52 2 6233 10
7f736644f000 36 2 6272 10
408000 59 2 6336 10
7f736669f000 77 9 6423 10
7f7366707000 77 2 6503 10
594000 48 3 6555 10
593000 67 3 6626 10
7f7366718000 63 11 6701 11
6713 11
0x5bb000
5bb000 53 35 89 3
5ba000 39 31 160 5
633000 1063 136 1360 5
505000 72 19 1452 7
634000 1057 97 2607 7
504000 54 12 2673 7
403000 33 11 2717 7
402000 17 7 2742 7
5f8000 56 15 2813 7
5c7000 55 13 2882 7
5c6000 52 16 2951 7
59f000 53 14 3019 8
59e000 52 8 3080 8
511000 68 12 3161 8
510000 45 7 3214 8
50f000 68 12 3295 8
412000 57 11 3363 8
5b3000 46 10 3419 8
632000 1058 75 4553 8
617000 67 12 4633 9
5b2000 29 5 4668 9
635000 128 9 4806 9
631000 246 14 5066 9
7f736644b000 44 7 5118 9
7f736644a000 60 5 5183 9
7f7366449000 70 7 5261 9
7f7366452000 57 12 5331 9
7f7366451000 54 6 5392 9
7f7366450000 59 8 5460 9
7f736644e000 61 6 5528 10
7f7366455000 242 10 5781 10
7f736644d000 94 3 5879 10
7f736644c000 36 2 5918 10
7f7366453000 36 2 5957 10
7f7366454000 122 5 6086 10
7f7366448000 52 2 6141 10
7f736644f000 36 1 6179 10
408000 59 2 6244 10
7f736669f000 76 10 6331 10
7f7366707000 77 3 6411 10
594000 49 2 6462 10
593000 67 3 6533 10
7f7366718000 63 11 6608 11
6620 11
0x5ba000
5ba000 40 38 78 4
633000 1062 154 1295 4
505000 71 23 1390 6
634000 1060 113 2564 6
504000 54 14 2633 6
403000 33 13 2679 6
402000 17 8 2705 6
5f8000 55 18 2779 6
5c7000 56 15 2851 6
5c6000 52 20 2924 6
59f000 52 18 2995 7
59e000 52 10 3058 7
511000 68 15 3142 7
510000 45 10 3198 8
50f000 68 12 3279 8
412000 57 11 3347 8
5b3000 46 10 3403 8
632000 1064 75 4543 8
617000 68 12 4623 9
5b2000 30 5 4658 9
635000 128 9 4796 9
631000 246 13 5055 9
7f736644b000 43 7 5107 9
7f736644a000 60 5 5173 9
7f7366449000 70 7 5251 9
7f7366452000 57 12 5321 9
7f7366451000 54 6 5382 9
7f7366450000 60 7 5450 9
7f736644e000 61 7 5519 10
7f7366455000 241 9 5770 10
7f736644d000 95 2 5868 10
7f736644c000 36 2 5907 10
7f7366453000 36 3 5947 10
7f7366454000 123 5 6076 10
7f7366448000 52 2 6131 10
7f736644f000 36 2 6170 10
408000 59 2 6234 10
7f736669f000 76 10 6321 10
7f7366707000 78 2 6401 10
594000 48 3 6453 10
593000 67 3 6524 10
7f7366718000 63 11 6599 11
6610 11
0x592000
592000 73 60 133 2
591000 36 19 189 2
590000 48 40 278 5
58f000 70 27 376 5
58e000 73 26 476 5
403000 32 20 529 5
402000 17 13 559 5
634000 1066 139 1764 5
5f8000 56 24 1845 5
5c7000 56 21 1923 5
5c6000 52 27 2003 6
59f000 53 19 2076 7
633000 1067 102 3246 7
505000 72 14 3333 8
504000 55 9 3398 8
549000 89 14 3501 8
632000 1069 79 4650 8
7f736669f000 77 29 4756 8
599000 79 14 4850 8
4df000 33 8 4892 8
58a000 50 9 4952 9
589000 90 15 5058 9
50f000 68 10 5137 9
412000 57 9 5204 9
5b3000 46 9 5260 9
617000 69 10 5339 9
5b2000 30 5 5374 9
635000 130 8 5513 9
631000 247 14 5775 9
7f736644b000 44 7 5828 9
7f736644a000 60 6 5895 9
7f7366449000 71 7 5973 9
7f7366452000 58 12 6044 10
7f7366451000 55 4 6104 10
7f7366450000 59 5 6169 10
7f736644e000 61 5 6236 11
6251 11
0x591000
591000 36 22 58 1
590000 47 43 149 4
58f000 71 29 250 4
58e000 73 28 352 4
403000 33 20 406 4
402000 17 13 437 4
634000 1069 153 1659 4
5f8000 56 26 1741 4
5c7000 55 23 1820 4
5c6000 51 29 1901 5
59f000 53 21 1976 6
633000 1063 116 3155 6
505000 71 16 3243 7
504000 54 10 3308 7
549000 88 17 3413 7
632000 1058 92 4563 7
7f736669f000 76 35 4675 7
599000 79 15 4770 7
4df000 33 9 4813 7
58a000 50 9 4873 8
589000 89 19 4982 8
50f000 68 12 5062 8
412000 57 11 5131 8
5b3000 46 10 5187 8
617000 67 12 5267 9
5b2000 30 5 5302 9
635000 129 9 5441 9
631000 245 14 5700 9
7f736644b000 44 7 5752 9
7f736644a000 59 6 5818 9
7f7366449000 70 7 5896 9
7f7366452000 57 12 5966 10
7f7366451000 54 4 6025 10
7f7366450000 59 5 6090 10
7f736644e000 61 4 6156 11
6170 11
0x590000
590000 47 46 94 4
58f000 71 28 193 4
58e000 73 28 295 4
403000 33 20 349 4
402000 17 13 379 4
634000 1060 153 1593 4
5f8000 55 26 1675 4
5c7000 55 23 1754 4
5c6000 51 29 1835 5
59f000 53 20 1909 6
633000 1062 115 3087 6
505000 71 16 3175 7
504000 54 10 3240 7
549000 88 17 3345 7
632000 1063 92 4501 7
7f736669f000 76 36 4614 7
599000 79 16 4709 7
4df000 32 9 4751 7
58a000 50 9 4811 8
589000 90 18 4920 8
50f000 67 13 5001 8
412000 57 11 5069 8
5b3000 46 10 5125 8
617000 68 12 5206 9
5b2000 30 5 5241 9
635000 129 8 5379 9
631000 245 14 5639 9
7f736644b000 43 7 5691 9
7f736644a000 59 6 5757 9
7f7366449000 70 7 5835 9
7f7366452000 57 12 5905 10
7f7366451000 55 4 5965 10
7f7366450000 59 5 6030 10
7f736644e000 60 5 6096 11
6110 11
0x58f000
58f000 71 41 112 2
58e000 73 36 222 3
403000 32 24 279 3
402000 17 16 313 3
634000 1065 173 1551 3
5f8000 55 31 1638 3
5c7000 56 27 1722 3
5c6000 52 34 1809 5
59f000 52 21 1883 6
633000 1068 116 3068 6
505000 71 16 3156 7
504000 54 10 3221 7
549000 88 17 3326 7
632000 1058 92 4477 7
7f736669f000 76 35 4589 7
599000 79 16 4684 7
4df000 32 9 4726 7
58a000 50 9 4786 8
589000 90 18 4895 8
50f000 68 12 4976 8
412000 56 11 5044 8
5b3000 46 9 5100 8
617000 68 12 5181 9
5b2000 29 6 5217 9
635000 130 8 5355 9
631000 246 14 5616 9
7f736644b000 44 7 5668 9
7f736644a000 60 6 5735 9
7f7366449000 70 7 5813 9
7f7366452000 58 12 5884 10
7f7366451000 54 5 5944 10
7f7366450000 59 5 6009 10
7f736644e000 61 5 6076 11
6090 11
0x58e000
58e000 73 41 115 2
403000 33 26 174 2
402000 17 17 208 2
634000 1073 189 1470 3
5f8000 56 31 1557 3
5c7000 56 27 1641 3
5c6000 52 35 1729 5
59f000 53 20 1803 6
633000 1072 116 2992 6
505000 72 16 3081 7
504000 54 10 3146 7
549000 89 16 3251 7
632000 1064 93 4409 7
7f736669f000 76 36 4521 7
599000 79 16 4616 7
4df000 32 9 4658 7
58a000 50 9 4718 8
589000 90 18 4827 8
50f000 68 12 4908 8
412000 56 11 4976 8
5b3000 45 10 5032 8
617000 68 12 5113 9
5b2000 30 5 5148 9
635000 129 9 5287 9
631000 246 14 5547 9
7f736644b000 43 8 5600 9
7f736644a000 60 6 5666 9
7f7366449000 70 7 5743 9
7f7366452000 57 12 5813 10
7f7366451000 55 4 5873 10
7f7366450000 59 5 5938 10
7f736644e000 61 5 6004 11
6017 11
0x58d000
58d000 32 21 53 2
53 2
0x57f000
57f000 53 33 86 1
634000 1054 203 1344 2
57e000 45 25 1415 2
4fc000 52 38 1505 4
633000 1058 156 2720 5
505000 71 22 2814 5
504000 54 18 2887 5
403000 33 17 2937 5
402000 17 11 2966 5
5f8000 56 23 3046 5
5c7000 56 20 3122 5
5c6000 52 26 3201 6
59f000 53 17 3272 7
59e000 52 11 3336 7
511000 68 16 3421 7
510000 46 9 3476 8
50f000 68 12 3557 8
412000 57 11 3626 8
5b3000 46 10 3682 8
632000 1075 75 4833 8
617000 69 12 4914 9
5b2000 30 5 4949 9
635000 129 9 5088 9
631000 248 14 5350 9
7f736644b000 44 7 5402 9
7f736644a000 59 6 5468 9
7f7366449000 70 7 5546 9
7f7366452000 58 12 5617 9
7f7366451000 54 7 5679 9
7f7366450000 59 8 5747 9
7f736644e000 61 7 5816 10
7f7366455000 242 9 6068 10
7f736644d000 95 3 6167 10
7f736644c000 36 2 6206 10
7f7366453000 36 3 6246 10
7f7366454000 123 5 6375 10
7f7366448000 52 2 6430 10
7f736644f000 35 2 6469 10
408000 59 3 6534 10
7f736669f000 77 9 6621 10
7f7366707000 77 3 6702 10
594000 49 3 6754 10
593000 67 3 6825 10
7f7366718000 63 12 6901 11
6913 11
