0x61b000
61b000 95 54 149 4
7f7b114dc000 59 24 234 5
454000 21 9 265 5
453000 19 10 295 5
7f7b10e63000 51 19 365 6
7f7b10e38000 239 10 614 6
7f7b10e62000 58 15 688 8
455000 21 3 713 8
7f7b10d4f000 43 9 766 8
67b000 919 65 1751 8
615000 100 12 1865 8
67c000 1020 75 2961 8
614000 79 9 3049 9
602000 88 7 3145 9
7f7b10a3a000 67 7 3220 10
4b5000 148 8 3377 11
3383 11
0x454000
454000 21 19 40 0
453000 20 17 78 0
78 0
0x453000
453000 18 17 35 0
35 0
0x455000
455000 22 17 39 0
453000 19 17 75 0
75 0
0x67b000
67b000 943 214 1157 1
615000 101 47 1306 4
67c000 1019 149 2475 4
614000 78 25 2579 6
602000 89 20 2689 6
7f7b10a3a000 69 23 2781 8
453000 18 5 2805 8
4b5000 146 25 2977 9
680000 1029 64 4071 9
4d8000 86 12 4169 9
67f000 1022 62 5254 9
454000 22 4 5281 9
7f7b1138a000 33 6 5321 9
7f7b1132f000 16 4 5342 9
7f7b11332000 16 4 5362 9
7f7b11333000 16 4 5382 9
7f7b11522000 69 7 5459 9
7f7b1132e000 225 4 5689 9
7f7b11406000 57 8 5754 9
7f7b11405000 48 6 5808 9
7f7b11331000 16 4 5829 9
7f7b11330000 17 5 5851 9
7f7b11510000 50 21 5923 9
7f7b1134e000 60 6 5989 9
7f7b11334000 16 4 6009 9
7f7b11512000 52 9 6071 9
7f7b1134d000 63 6 6140 9
7f7b1134c000 56 9 6206 10
7f7b1134b000 54 5 6266 10
7f7b1133b000 42 4 6313 10
7f7b1133a000 54 6 6374 10
7f7b11339000 73 5 6453 10
7f7b1144d000 59 4 6517 10
7f7b113ee000 48 5 6571 10
7f7b1133c000 43 6 6621 10
7f7b11525000 41 4 6666 10
7f7b11388000 83 8 6758 10
7f7b11389000 59 4 6821 10
7f7b10e63000 49 5 6876 10
7f7b10e38000 233 3 7112 10
7f7b10e62000 56 5 7174 11
7178 11
0x615000
615000 101 50 152 4
67c000 1019 148 1320 4
614000 78 25 1424 6
602000 87 20 1532 6
7f7b10a3a000 70 21 1623 8
453000 19 6 1648 8
4b5000 146 25 1819 9
67b000 921 54 2795 9
681000 486 25 3307 9
5f7000 62 9 3379 9
67e000 1028 63 4471 9
524000 57 10 4539 10
567000 59 3 4602 10
67d000 1022 39 5664 10
490000 76 4 5745 10
5c6000 101 6 5852 10
454000 21 2 5876 10
5c3000 79 3 5958 10
5c2000 86 4 6048 10
67f000 1032 41 7122 10
596000 67 4 7194 10
595000 82 3 7280 10
680000 1030 40 8351 10
55b000 86 4 8441 10
5c9000 68 2 8512 10
56b000 97 5 8615 10
504000 78 5 8699 11
8720 11
0x67c000
67c000 1032 221 1254 0
1255 0
0x614000
614000 78 43 122 5
602000 89 22 234 6
7f7b10a3a000 68 21 324 8
453000 18 5 348 8
4b5000 146 25 520 9
67c000 1030 61 1612 9
67b000 922 54 2589 9
615000 101 10 2701 9
454000 22 4 2728 9
680000 1038 63 3829 9
57a000 53 8 3891 9
579000 86 11 3989 9
67d000 1040 62 5091 9
490000 80 10 5182 9
5c6000 100 14 5297 10
5c3000 79 3 5380 10
5c2000 85 4 5470 10
67f000 1038 39 6548 10
596000 68 4 6621 10
595000 87 3 6712 10
55b000 86 4 6803 10
5c9000 68 3 6875 10
56b000 94 5 6975 10
504000 79 5 7060 11
7077 11
0x602000
602000 94 47 142 2
142 2
0x4b5000
4b5000 146 82 229 3
67c000 1020 174 1424 3
67b000 919 157 2501 3
615000 101 40 2643 5
614000 78 22 2744 7
602000 87 15 2847 7
7f7b10a3a000 68 18 2934 9
453000 18 4 2956 9
680000 1025 62 4044 9
613000 30 6 4081 9
454000 21 4 4106 9
4ca000 74 12 4193 9
455000 22 4 4219 9
4bc000 61 9 4290 9
4bb000 62 12 4365 9
4ba000 60 10 4436 9
7f7b10a51000 57 8 4503 9
7f7b10a50000 51 4 4558 9
7f7b10a4f000 46 5 4610 9
48a000 52 9 4672 9
67e000 1023 63 5759 9
524000 56 10 5826 10
567000 58 3 5888 10
67d000 1030 39 6958 10
490000 78 4 7041 10
5c6000 99 6 7147 10
5c3000 79 2 7229 10
5c2000 85 4 7319 10
67f000 1023 40 8383 10
596000 73 3 8459 10
595000 82 3 8545 10
55b000 86 4 8636 10
5c9000 68 3 8708 10
56b000 94 5 8808 10
504000 78 5 8892 11
8916 11
0x680000
680000 1031 226 1258 0
1258 0
0x4d8000
4d8000 86 58 144 1
67c000 1037 213 1395 1
680000 1024 210 2630 1
67f000 1024 208 3863 2
454000 21 16 3901 2
453000 19 15 3935 2
67b000 917 174 5027 2
615000 101 44 5173 4
614000 78 25 5277 6
602000 87 19 5384 6
7f7b10a3a000 67 21 5473 8
4b5000 144 25 5643 9
494000 85 11 5740 9
493000 92 12 5845 9
67e000 1037 62 6945 9
524000 57 10 7013 10
567000 58 3 7075 10
67d000 1027 40 8143 10
490000 79 4 8226 10
5c6000 101 6 8334 10
5c3000 79 2 8416 10
5c2000 86 4 8507 10
596000 68 3 8579 10
595000 91 4 8676 10
55b000 86 4 8767 10
5c9000 68 3 8840 10
56b000 95 5 8941 10
504000 80 5 9027 11
9050 11
0x67f000
67f000 1037 226 1264 2
1264 2
0x456000
456000 44 30 74 2
453000 18 16 109 2
67c000 1024 192 1325 2
67b000 915 172 2412 2
615000 102 43 2558 4
614000 78 25 2662 6
602000 89 20 2772 6
7f7b10a3a000 69 21 2862 8
4b5000 147 24 3033 9
680000 1015 62 4111 9
4d8000 85 12 4209 9
67f000 1026 62 5298 9
454000 21 4 5324 9
7f7b1138a000 33 7 5365 9
7f7b1132f000 16 4 5385 9
7f7b11332000 16 4 5406 9
7f7b11333000 16 4 5426 9
7f7b11522000 68 6 5501 9
7f7b1132e000 222 4 5728 9
7f7b11406000 58 8 5794 9
7f7b11405000 47 7 5848 9
7f7b11331000 16 4 5868 9
7f7b11330000 16 4 5889 9
7f7b11510000 56 19 5964 9
7f7b1134e000 60 5 6030 9
7f7b11334000 16 4 6051 9
7f7b11512000 52 8 6112 9
7f7b1134d000 63 6 6182 9
7f7b1134c000 56 9 6247 10
7f7b1134b000 54 5 6307 10
7f7b1133b000 41 3 6352 10
7f7b1133a000 53 10 6416 10
7f7b11339000 76 5 6497 10
7f7b1144d000 60 4 6561 10
7f7b113ee000 49 5 6616 10
7f7b1133c000 44 6 6666 10
7f7b11525000 41 4 6712 10
7f7b11388000 86 7 6805 10
7f7b11389000 57 5 6868 10
7f7b10e63000 50 5 6923 10
7f7b10e38000 234 3 7160 10
7f7b10e62000 57 4 7221 11
7227 11
0x515000
515000 73 55 128 2
128 2
0x67d000
67d000 1033 229 1262 1
490000 75 47 1385 4
5c6000 100 41 1526 5
454000 21 7 1555 5
453000 19 7 1582 5
5c3000 81 16 1680 5
5c2000 86 21 1788 5
67c000 1019 126 2934 5
67f000 1027 128 4090 5
67b000 917 113 5121 5
615000 101 25 5248 5
614000 77 20 5346 7
602000 87 14 5448 7
7f7b10a3a000 68 14 5530 9
4b5000 143 17 5691 10
680000 1014 40 6746 10
4d8000 84 5 6835 10
7f7b1138a000 33 2 6872 10
7f7b1132f000 16 1 6890 10
7f7b11332000 16 1 6908 10
7f7b11333000 16 2 6926 10
7f7b11522000 68 3 6997 10
7f7b1132e000 222 1 7220 10
7f7b11406000 58 3 7281 10
7f7b11405000 47 2 7330 10
7f7b11331000 16 1 7348 10
7f7b11330000 16 2 7366 10
7f7b11510000 51 9 7426 10
7f7b1134e000 60 1 7487 10
7f7b11334000 16 1 7505 10
7f7b11512000 52 3 7561 10
7f7b1134d000 62 2 7626 10
7f7b1134c000 56 3 7686 11
7696 11
0x490000
490000 75 49 125 4
125 4
0x5c6000
5c6000 100 65 165 4
454000 21 11 198 4
453000 19 11 228 4
5c3000 79 19 326 4
5c2000 85 28 440 4
67c000 1020 148 1609 4
67f000 1034 152 2796 4
67b000 917 133 3846 4
615000 100 31 3978 5
614000 80 20 4079 7
602000 88 13 4181 7
7f7b10a3a000 67 14 4263 9
4b5000 143 15 4422 10
680000 1020 39 5482 10
4d8000 85 5 5573 10
7f7b1138a000 33 2 5610 10
7f7b1132f000 16 1 5628 10
7f7b11332000 16 1 5645 10
7f7b11333000 16 1 5663 10
7f7b11522000 69 3 5735 10
7f7b1132e000 222 2 5959 10
7f7b11406000 58 3 6020 10
7f7b11405000 47 2 6069 10
7f7b11331000 16 2 6088 10
7f7b11330000 16 1 6105 10
7f7b11510000 51 9 6166 10
7f7b1134e000 61 2 6229 10
7f7b11334000 17 1 6247 10
7f7b11512000 53 4 6304 10
7f7b1134d000 63 2 6369 10
7f7b1134c000 57 3 6430 11
6440 11
0x5c3000
5c3000 79 30 109 1
5c2000 84 42 236 2
453000 19 16 271 2
67c000 1017 191 1479 2
67f000 1025 193 2698 2
67b000 926 175 3800 2
615000 101 44 3946 4
614000 78 26 4051 6
602000 88 19 4159 6
7f7b10a3a000 67 22 4249 8
4b5000 144 24 4417 9
680000 1021 63 5503 9
4d8000 85 13 5601 9
454000 21 4 5627 9
7f7b1138a000 32 7 5668 9
7f7b1132f000 16 4 5689 9
7f7b11332000 16 4 5709 9
7f7b11333000 16 4 5729 9
7f7b11522000 72 6 5808 9
7f7b1132e000 226 4 6039 9
7f7b11406000 57 8 6105 9
7f7b11405000 47 7 6159 9
7f7b11331000 16 4 6179 9
7f7b11330000 16 4 6199 9
7f7b11510000 51 19 6270 9
7f7b1134e000 65 6 6341 9
7f7b11334000 17 4 6362 9
7f7b11512000 53 8 6423 9
7f7b1134d000 62 6 6492 9
7f7b1134c000 56 9 6558 10
7f7b1134b000 54 6 6619 10
7f7b1133b000 41 3 6663 10
7f7b1133a000 53 6 6723 10
7f7b11339000 74 5 6803 10
7f7b1144d000 62 4 6870 10
7f7b113ee000 48 6 6925 10
7f7b1133c000 44 5 6974 10
7f7b11525000 41 4 7020 10
7f7b11388000 85 7 7112 10
7f7b11389000 58 5 7176 10
7f7b10e63000 50 5 7231 10
7f7b10e38000 241 4 7477 10
7f7b10e62000 57 5 7539 11
7546 11
0x5c2000
5c2000 85 44 130 1
453000 18 17 166 1
67c000 1037 211 1414 1
67f000 1028 207 2650 2
67b000 913 173 3737 2
615000 100 44 3882 4
614000 77 26 3986 6
602000 87 19 4093 6
7f7b10a3a000 68 20 4181 8
4b5000 145 25 4352 9
680000 1012 63 5428 9
4d8000 85 12 5526 9
454000 21 4 5552 9
7f7b1138a000 33 6 5593 9
7f7b1132f000 16 4 5614 9
7f7b11332000 17 3 5634 9
7f7b11333000 17 4 5656 9
7f7b11522000 70 6 5732 9
7f7b1132e000 222 4 5959 9
7f7b11406000 58 8 6025 9
7f7b11405000 47 6 6079 9
7f7b11331000 16 4 6100 9
7f7b11330000 17 4 6121 9
7f7b11510000 51 19 6191 9
7f7b1134e000 59 6 6257 9
7f7b11334000 17 4 6279 9
7f7b11512000 53 9 6341 9
7f7b1134d000 63 6 6410 9
7f7b1134c000 56 9 6476 10
7f7b1134b000 55 5 6536 10
7f7b1133b000 41 3 6580 10
7f7b1133a000 53 6 6639 10
7f7b11339000 74 4 6718 10
7f7b1144d000 60 4 6783 10
7f7b113ee000 49 5 6837 10
7f7b1133c000 44 5 6886 10
7f7b11525000 41 4 6932 10
7f7b11388000 85 7 7024 10
7f7b11389000 58 4 7086 10
7f7b10e63000 50 5 7142 10
7f7b10e38000 237 3 7382 10
7f7b10e62000 58 5 7445 11
7451 11
0x596000
596000 68 43 111 1
67c000 1026 208 1346 1
67b000 929 186 2462 2
615000 101 44 2607 4
614000 78 25 2711 6
602000 88 20 2820 6
7f7b10a3a000 68 22 2910 8
453000 18 6 2934 8
4b5000 143 25 3102 9
680000 1037 62 4202 9
4d8000 90 14 4307 9
67f000 1040 63 5411 9
454000 21 4 5437 9
7f7b1138a000 34 6 5478 9
7f7b1132f000 16 5 5500 9
7f7b11332000 16 4 5520 9
7f7b11333000 16 4 5541 9
7f7b11522000 70 7 5618 9
7f7b1132e000 221 4 5843 9
7f7b11406000 58 10 5911 9
7f7b11405000 47 7 5965 9
7f7b11331000 16 4 5985 9
7f7b11330000 16 4 6006 9
7f7b11510000 51 20 6077 9
7f7b1134e000 60 6 6143 9
7f7b11334000 16 4 6163 9
7f7b11512000 52 8 6224 9
7f7b1134d000 62 6 6293 9
7f7b1134c000 57 9 6361 10
7f7b1134b000 55 5 6421 10
7f7b1133b000 40 4 6466 10
7f7b1133a000 53 6 6525 10
7f7b11339000 73 5 6604 10
7f7b1144d000 59 4 6667 10
7f7b113ee000 48 5 6721 10
7f7b1133c000 43 6 6771 10
7f7b11525000 44 4 6819 10
7f7b11388000 85 7 6912 10
7f7b11389000 58 4 6975 10
7f7b10e63000 51 5 7032 10
7f7b10e38000 238 4 7274 10
7f7b10e62000 59 5 7338 11
7344 11
0x595000
595000 82 40 122 4
67c000 1028 149 1300 4
680000 1025 155 2481 4
454000 21 10 2513 4
453000 18 10 2542 4
55b000 86 29 2658 5
67b000 927 118 3704 5
615000 103 27 3835 6
614000 78 17 3931 7
602000 87 16 4035 7
7f7b10a3a000 68 16 4119 9
4b5000 143 18 4281 9
4d8000 85 12 4379 9
67f000 1026 62 5468 9
7f7b1138a000 33 6 5509 9
7f7b1132f000 16 4 5530 9
7f7b11332000 17 6 5553 9
7f7b11333000 17 4 5574 9
7f7b11522000 68 7 5649 9
7f7b1132e000 220 4 5873 9
7f7b11406000 59 8 5940 9
7f7b11405000 47 7 5994 9
7f7b11331000 16 4 6015 9
7f7b11330000 16 4 6035 9
7f7b11510000 50 20 6106 9
7f7b1134e000 59 6 6171 9
7f7b11334000 17 3 6191 9
7f7b11512000 52 8 6252 9
7f7b1134d000 62 6 6321 9
7f7b1134c000 55 9 6386 10
7f7b1134b000 54 5 6446 10
7f7b1133b000 41 3 6491 10
7f7b1133a000 53 6 6550 10
7f7b11339000 74 5 6629 10
7f7b1144d000 60 5 6695 10
7f7b113ee000 50 5 6750 10
7f7b1133c000 44 6 6800 10
7f7b11525000 41 4 6846 10
7f7b11388000 85 7 6939 10
7f7b11389000 58 5 7003 10
7f7b10e63000 50 5 7058 10
7f7b10e38000 233 4 7296 10
7f7b10e62000 57 5 7358 11
7365 11
0x55b000
55b000 85 47 132 4
67c000 1022 152 1307 4
67b000 922 136 2366 4
615000 100 33 2500 5
614000 77 23 2601 7
602000 87 15 2704 7
7f7b10a3a000 67 17 2789 9
453000 19 4 2812 9
4b5000 143 17 2972 9
680000 1019 63 4055 9
4d8000 86 12 4154 9
67f000 1030 62 5247 9
454000 22 4 5273 9
7f7b1138a000 34 6 5314 9
7f7b1132f000 17 4 5336 9
7f7b11332000 16 4 5356 9
7f7b11333000 16 4 5377 9
7f7b11522000 73 6 5456 9
7f7b1132e000 225 4 5686 9
7f7b11406000 58 8 5753 9
7f7b11405000 48 6 5807 9
7f7b11331000 16 4 5828 9
7f7b11330000 16 4 5848 9
7f7b11510000 52 21 5921 9
7f7b1134e000 60 5 5986 9
7f7b11334000 16 4 6006 9
7f7b11512000 54 8 6069 9
7f7b1134d000 65 6 6141 9
7f7b1134c000 57 9 6208 10
7f7b1134b000 56 5 6269 10
7f7b1133b000 42 3 6314 10
7f7b1133a000 55 6 6376 10
7f7b11339000 76 5 6457 10
7f7b1144d000 59 4 6521 10
7f7b113ee000 49 5 6575 10
7f7b1133c000 44 5 6625 10
7f7b11525000 41 4 6671 10
7f7b11388000 84 7 6762 10
7f7b11389000 57 5 6825 10
7f7b10e63000 49 5 6879 10
7f7b10e38000 234 3 7117 10
7f7b10e62000 57 5 7179 11
7184 11
0x5c9000
5c9000 67 33 101 1
56b000 95 52 249 4
67c000 1030 156 1436 4
504000 79 37 1553 6
681000 482 56 2092 6
5f7000 61 23 2177 8
67e000 1015 84 3277 8
524000 57 15 3351 10
567000 59 2 3413 10
67d000 1026 37 4477 10
490000 74 3 4555 10
5c6000 100 5 4660 10
454000 21 0 4682 10
453000 18 0 4701 10
5c3000 80 1 4782 10
5c2000 88 2 4873 10
67f000 1030 38 5942 10
67b000 919 32 6894 10
615000 102 3 7000 10
614000 78 2 7081 10
602000 92 3 7177 10
7f7b10a3a000 69 3 7249 11
7267 11
0x56b000
56b000 97 56 154 4
67c000 1025 157 1337 4
504000 78 38 1453 6
681000 488 56 1997 6
5f7000 60 22 2080 8
67e000 1018 88 3186 8
524000 58 15 3260 10
567000 60 1 3323 10
67d000 1027 37 4388 10
490000 76 3 4468 10
5c6000 100 4 4573 10
454000 22 0 4596 10
453000 19 0 4616 10
5c3000 81 1 4699 10
5c2000 87 2 4789 10
67f000 1027 38 5856 10
67b000 928 31 6816 10
615000 101 3 6922 10
614000 78 2 7003 10
602000 88 3 7096 10
7f7b10a3a000 70 3 7169 11
7184 11
0x504000
504000 79 57 136 4
681000 488 75 700 4
5f7000 63 30 794 6
67e000 1025 121 1940 6
524000 57 26 2024 8
67c000 1032 73 3130 8
567000 58 9 3198 8
67d000 1036 73 4308 8
490000 76 12 4397 8
5c6000 103 17 4517 8
454000 21 3 4542 8
453000 18 3 4564 8
5c3000 78 7 4650 8
5c2000 87 11 4749 8
67f000 1026 75 5851 8
67b000 919 65 6835 8
615000 101 14 6952 8
614000 78 10 7041 9
602000 89 6 7137 9
7f7b10a3a000 69 8 7214 11
7227 11
0x681000
681000 485 106 591 2
5f7000 60 35 687 4
67e000 1018 155 1861 4
524000 57 31 1950 6
67c000 1031 107 3089 6
567000 60 15 3165 6
67d000 1028 106 4300 6
490000 76 20 4397 6
5c6000 99 28 4525 6
454000 23 6 4555 6
453000 18 7 4581 6
5c3000 81 12 4674 6
5c2000 87 18 4780 6
67f000 1024 108 5913 6
67b000 922 95 6931 6
615000 100 21 7053 6
614000 77 17 7148 8
602000 87 10 7246 8
7f7b10a3a000 67 11 7324 10
4b5000 143 8 7475 10
680000 1029 39 8544 10
4d8000 85 5 8635 10
7f7b1138a000 33 2 8672 10
7f7b1132f000 16 2 8691 10
7f7b11332000 17 1 8709 10
7f7b11333000 20 2 8731 10
7f7b11522000 69 3 8803 10
7f7b1132e000 221 2 9026 10
7f7b11406000 57 3 9086 10
7f7b11405000 47 2 9136 10
7f7b11331000 16 2 9154 10
7f7b11330000 16 1 9171 10
7f7b11510000 51 10 9232 10
7f7b1134e000 60 2 9294 10
7f7b11334000 16 1 9311 10
7f7b11512000 52 3 9367 10
7f7b1134d000 62 2 9432 10
7f7b1134c000 56 4 9493 11
9507 11
0x5f7000
5f7000 60 42 102 4
67e000 1033 156 1292 4
524000 58 31 1382 6
67c000 1035 107 2525 6
567000 61 15 2601 6
67d000 1032 112 3746 6
490000 74 21 3842 6
5c6000 100 27 3969 6
454000 22 5 3997 6
453000 18 6 4022 6
5c3000 79 12 4114 6
5c2000 85 18 4218 6
67f000 1032 108 5359 6
67b000 918 95 6373 6
615000 100 21 6495 6
614000 78 17 6590 8
602000 88 9 6688 8
7f7b10a3a000 68 10 6766 10
4b5000 143 8 6917 10
680000 1023 39 7980 10
4d8000 84 6 8071 10
7f7b1138a000 33 2 8107 10
7f7b1132f000 16 1 8125 10
7f7b11332000 16 1 8143 10
7f7b11333000 16 1 8160 10
7f7b11522000 71 3 8235 10
7f7b1132e000 223 1 8459 10
7f7b11406000 58 3 8520 10
7f7b11405000 47 3 8570 10
7f7b11331000 16 1 8587 10
7f7b11330000 16 1 8605 10
7f7b11510000 52 9 8666 10
7f7b1134e000 60 2 8728 10
7f7b11334000 16 1 8745 10
7f7b11512000 52 3 8801 10
7f7b1134d000 62 3 8867 10
7f7b1134c000 56 4 8927 11
8941 11
0x67e000
67e000 1023 226 1249 1
524000 58 46 1354 5
67c000 1035 128 2518 5
567000 59 19 2597 5
67d000 1027 128 3753 5
490000 74 26 3854 6
5c6000 102 27 3983 6
454000 21 6 4011 6
453000 19 6 4037 6
5c3000 81 11 4129 6
5c2000 85 19 4234 6
67f000 1031 110 5375 6
67b000 925 95 6396 6
615000 100 21 6518 6
614000 81 17 6617 8
602000 89 9 6716 8
7f7b10a3a000 70 10 6796 10
4b5000 145 8 6950 10
680000 1030 40 8021 10
4d8000 85 5 8112 10
7f7b1138a000 32 3 8149 10
7f7b1132f000 16 2 8167 10
7f7b11332000 16 1 8184 10
7f7b11333000 16 1 8202 10
7f7b11522000 72 2 8276 10
7f7b1132e000 226 1 8503 10
7f7b11406000 58 3 8565 10
7f7b11405000 46 3 8615 10
7f7b11331000 17 1 8633 10
7f7b11330000 16 1 8651 10
7f7b11510000 52 9 8712 10
7f7b1134e000 60 2 8774 10
7f7b11334000 16 1 8792 10
7f7b11512000 53 3 8849 10
7f7b1134d000 63 2 8914 10
7f7b1134c000 57 3 8975 11
8988 11
0x524000
524000 56 49 106 5
67c000 1028 128 1263 5
567000 59 19 1342 5
67d000 1039 128 2510 5
490000 74 26 2611 6
5c6000 99 27 2738 6
454000 21 6 2766 6
453000 18 6 2791 6
5c3000 79 12 2882 6
5c2000 88 18 2989 6
67f000 1038 108 4136 6
67b000 920 95 5152 6
615000 100 21 5274 6
614000 78 17 5370 8
602000 87 9 5467 8
7f7b10a3a000 67 10 5545 10
4b5000 143 7 5696 10
680000 1023 40 6760 10
4d8000 87 5 6853 10
7f7b1138a000 32 3 6890 10
7f7b1132f000 16 2 6908 10
7f7b11332000 16 2 6926 10
7f7b11333000 16 1 6943 10
7f7b11522000 68 3 7015 10
7f7b1132e000 221 1 7237 10
7f7b11406000 57 4 7299 10
7f7b11405000 47 2 7348 10
7f7b11331000 17 2 7367 10
7f7b11330000 16 1 7384 10
7f7b11510000 51 9 7445 10
7f7b1134e000 62 2 7509 10
7f7b11334000 16 1 7526 10
7f7b11512000 54 4 7585 10
7f7b1134d000 63 2 7650 10
7f7b1134c000 56 3 7710 11
7723 11
0x567000
567000 60 37 97 2
67d000 1024 191 1313 2
490000 74 43 1431 4
5c6000 99 41 1572 5
454000 22 7 1602 5
453000 18 7 1628 5
5c3000 79 15 1723 5
5c2000 85 21 1830 5
67c000 1024 126 2981 5
67f000 1039 131 4151 5
67b000 922 112 5185 5
615000 101 25 5313 5
614000 79 20 5413 7
602000 87 14 5515 7
7f7b10a3a000 69 15 5599 9
4b5000 145 15 5760 10
680000 1021 40 6822 10
4d8000 84 5 6912 10
7f7b1138a000 32 3 6949 10
7f7b1132f000 16 1 6967 10
7f7b11332000 16 1 6984 10
7f7b11333000 16 1 7002 10
7f7b11522000 69 2 7073 10
7f7b1132e000 219 2 7295 10
7f7b11406000 57 3 7355 10
7f7b11405000 47 2 7405 10
7f7b11331000 16 2 7423 10
7f7b11330000 16 2 7441 10
7f7b11510000 51 9 7501 10
7f7b1134e000 65 2 7568 10
7f7b11334000 16 2 7586 10
7f7b11512000 52 4 7642 10
7f7b1134d000 63 2 7707 10
7f7b1134c000 55 3 7766 11
7778 11
0x566000
566000 46 34 80 3
565000 86 40 207 3
564000 71 29 307 4
67c000 1019 156 1483 4
67b000 927 140 2551 4
615000 101 35 2688 5
614000 78 25 2792 7
602000 88 17 2898 7
7f7b10a3a000 70 18 2986 8
453000 19 5 3010 8
4b5000 143 25 3179 9
680000 1028 62 4270 9
4d8000 87 12 4370 9
67f000 1031 62 5464 9
454000 23 4 5492 9
7f7b1138a000 33 7 5533 9
7f7b1132f000 16 4 5553 9
7f7b11332000 17 4 5575 9
7f7b11333000 16 4 5595 9
7f7b11522000 71 7 5674 9
7f7b1132e000 223 4 5901 9
7f7b11406000 59 8 5969 9
7f7b11405000 47 6 6022 9
7f7b11331000 16 4 6043 9
7f7b11330000 16 4 6063 9
7f7b11510000 51 19 6133 9
7f7b1134e000 59 5 6198 9
7f7b11334000 17 3 6218 9
7f7b11512000 52 9 6280 9
7f7b1134d000 62 6 6348 9
7f7b1134c000 56 9 6414 10
7f7b1134b000 55 5 6474 10
7f7b1133b000 41 3 6518 10
7f7b1133a000 53 6 6577 10
7f7b11339000 74 5 6656 10
7f7b1144d000 58 4 6719 10
7f7b113ee000 51 8 6779 10
7f7b1133c000 44 6 6829 10
7f7b11525000 41 4 6874 10
7f7b11388000 85 7 6967 10
7f7b11389000 58 4 7030 10
7f7b10e63000 50 4 7085 10
7f7b10e38000 232 4 7322 10
7f7b10e62000 56 5 7383 11
7392 11
0x565000
565000 87 53 140 2
564000 71 33 244 4
67c000 1025 156 1426 4
67b000 927 140 2494 4
615000 103 35 2634 5
614000 78 23 2735 7
602000 87 16 2839 7
7f7b10a3a000 67 18 2925 8
453000 18 6 2949 8
4b5000 143 25 3117 9
680000 1036 63 4217 9
4d8000 86 12 4316 9
67f000 1031 63 5411 9
454000 22 4 5438 9
7f7b1138a000 33 6 5478 9
7f7b1132f000 16 4 5499 9
7f7b11332000 16 4 5519 9
7f7b11333000 17 4 5540 9
7f7b11522000 69 6 5615 9
7f7b1132e000 224 4 5844 9
7f7b11406000 57 8 5909 9
7f7b11405000 47 7 5964 9
7f7b11331000 16 4 5984 9
7f7b11330000 16 4 6005 9
7f7b11510000 51 21 6077 9
7f7b1134e000 59 5 6142 9
7f7b11334000 16 4 6163 9
7f7b11512000 53 8 6224 9
7f7b1134d000 62 7 6294 9
7f7b1134c000 56 9 6359 10
7f7b1134b000 55 5 6419 10
7f7b1133b000 40 4 6464 10
7f7b1133a000 53 6 6523 10
7f7b11339000 74 4 6601 10
7f7b1144d000 59 4 6665 10
7f7b113ee000 49 5 6720 10
7f7b1133c000 44 6 6770 10
7f7b11525000 41 5 6816 10
7f7b11388000 87 7 6910 10
7f7b11389000 58 5 6974 10
7f7b10e63000 50 5 7029 10
7f7b10e38000 232 3 7264 10
7f7b10e62000 57 4 7325 11
7333 11
0x564000
564000 73 38 111 3
67c000 1042 171 1325 3
67b000 928 153 2407 4
615000 102 36 2546 5
614000 78 23 2648 7
602000 88 17 2754 7
7f7b10a3a000 68 18 2840 8
453000 18 6 2864 8
4b5000 145 26 3035 9
680000 1024 62 4122 9
4d8000 85 12 4220 9
67f000 1024 64 5309 9
454000 21 4 5335 9
7f7b1138a000 33 6 5375 9
7f7b1132f000 16 4 5396 9
7f7b11332000 17 4 5417 9
7f7b11333000 16 4 5437 9
7f7b11522000 69 7 5513 9
7f7b1132e000 228 4 5745 9
7f7b11406000 58 8 5811 9
7f7b11405000 47 7 5865 9
7f7b11331000 16 4 5885 9
7f7b11330000 16 4 5906 9
7f7b11510000 51 19 5976 9
7f7b1134e000 60 5 6041 9
7f7b11334000 16 4 6062 9
7f7b11512000 52 8 6123 9
7f7b1134d000 62 6 6192 9
7f7b1134c000 56 9 6257 10
7f7b1134b000 55 5 6317 10
7f7b1133b000 41 3 6362 10
7f7b1133a000 54 6 6422 10
7f7b11339000 75 5 6503 10
7f7b1144d000 61 4 6568 10
7f7b113ee000 49 5 6623 10
7f7b1133c000 45 5 6673 10
7f7b11525000 41 5 6720 10
7f7b11388000 85 7 6812 10
7f7b11389000 59 5 6877 10
7f7b10e63000 50 5 6932 10
7f7b10e38000 234 4 7170 10
7f7b10e62000 57 5 7232 11
7237 11
0x653000
653000 62 40 102 4
67c000 1036 155 1294 4
7f7b10ace000 108 28 1431 6
7f7b10acd000 68 48 1548 6
7f7b10acb000 75 19 1642 6
453000 18 11 1671 6
67b000 920 112 2704 6
615000 101 28 2834 7
614000 78 18 2932 9
602000 86 12 3031 9
7f7b10a3a000 67 11 3109 9
4b5000 145 19 3274 10
680000 1026 47 4348 10
4d8000 84 8 4441 10
67f000 1030 46 5518 10
454000 22 2 5543 10
7f7b1138a000 35 4 5584 10
7f7b1132f000 16 2 5603 10
7f7b11332000 16 3 5623 10
7f7b11333000 16 3 5642 10
7f7b11522000 68 5 5715 10
7f7b1132e000 221 2 5938 10
7f7b11406000 58 5 6002 10
7f7b11405000 47 4 6054 10
7f7b11331000 16 3 6074 10
7f7b11330000 16 3 6093 10
7f7b11510000 51 13 6157 10
7f7b1134e000 60 4 6221 10
7f7b11334000 17 3 6241 10
7f7b11512000 53 6 6300 10
7f7b1134d000 63 4 6367 10
7f7b1134c000 57 6 6431 10
7f7b1134b000 54 5 6490 10
7f7b1133b000 40 4 6535 10
7f7b1133a000 53 6 6594 10
7f7b11339000 74 5 6673 10
7f7b1144d000 59 4 6737 10
7f7b113ee000 50 5 6792 10
7f7b1133c000 50 5 6847 10
7f7b11525000 41 5 6894 10
7f7b11388000 86 7 6987 10
7f7b11389000 59 4 7051 10
7f7b10e63000 50 5 7107 10
7f7b10e38000 236 3 7346 10
7f7b10e62000 56 5 7408 11
7414 11
0x518000
518000 66 39 105 2
105 2
0x4f9000
4f9000 74 38 112 1
112 1
0x5ae000
5ae000 70 39 109 3
109 3
0x580000
580000 70 38 108 2
57f000 92 52 253 3
67c000 1032 177 1463 3
67b000 943 162 2569 3
615000 114 41 2725 5
614000 80 23 2829 7
602000 95 17 2942 7
7f7b10a3a000 72 20 3034 8
453000 19 6 3059 8
4b5000 146 25 3230 9
680000 1034 63 4328 9
4d8000 85 13 4427 9
67f000 1040 62 5530 9
454000 21 5 5557 9
7f7b1138a000 34 6 5598 9
7f7b1132f000 16 6 5621 9
7f7b11332000 16 4 5641 9
7f7b11333000 16 4 5661 9
7f7b11522000 70 7 5739 9
7f7b1132e000 225 5 5969 9
7f7b11406000 57 8 6034 9
7f7b11405000 48 6 6088 9
7f7b11331000 16 4 6108 9
7f7b11330000 16 4 6129 9
7f7b11510000 51 20 6200 9
7f7b1134e000 60 5 6265 9
7f7b11334000 16 4 6286 9
7f7b11512000 52 9 6347 9
7f7b1134d000 63 6 6416 9
7f7b1134c000 55 9 6481 10
7f7b1134b000 55 5 6542 10
7f7b1133b000 41 3 6587 10
7f7b1133a000 53 6 6646 10
7f7b11339000 76 5 6727 10
7f7b1144d000 58 5 6791 10
7f7b113ee000 49 5 6845 10
7f7b1133c000 43 6 6894 10
7f7b11525000 41 4 6939 10
7f7b11388000 84 7 7031 10
7f7b11389000 58 4 7094 10
7f7b10e63000 50 5 7150 10
7f7b10e38000 233 3 7386 10
7f7b10e62000 56 4 7447 11
7455 11
0x57f000
57f000 92 64 156 3
67c000 1052 178 1387 3
67b000 939 159 2486 3
615000 102 45 2634 5
614000 83 24 2742 7
602000 88 17 2848 7
7f7b10a3a000 68 18 2934 8
453000 18 6 2958 8
4b5000 143 25 3126 9
680000 1028 64 4219 9
4d8000 87 12 4318 9
67f000 1027 64 5410 9
454000 21 4 5436 9
7f7b1138a000 33 6 5476 9
7f7b1132f000 16 4 5497 9
7f7b11332000 16 4 5517 9
7f7b11333000 16 3 5537 9
7f7b11522000 69 11 5618 9
7f7b1132e000 226 4 5849 9
7f7b11406000 57 8 5915 9
7f7b11405000 48 6 5970 9
7f7b11331000 17 4 5991 9
7f7b11330000 16 4 6011 9
7f7b11510000 52 20 6083 9
7f7b1134e000 61 5 6149 9
7f7b11334000 17 3 6170 9
7f7b11512000 53 9 6233 9
7f7b1134d000 64 6 6303 9
7f7b1134c000 60 10 6374 10
7f7b1134b000 55 6 6436 10
7f7b1133b000 43 3 6482 10
7f7b1133a000 54 7 6544 10
7f7b11339000 75 5 6625 10
7f7b1144d000 61 4 6691 10
7f7b113ee000 49 5 6745 10
7f7b1133c000 44 6 6796 10
7f7b11525000 43 4 6843 10
7f7b11388000 87 7 6937 10
7f7b11389000 59 5 7002 10
7f7b10e63000 51 4 7057 10
7f7b10e38000 235 3 7296 10
7f7b10e62000 57 6 7360 11
7366 11
0x531000
531000 58 31 90 2
64a000 67 33 191 3
67e000 1038 183 1413 3
524000 56 39 1510 6
67c000 1034 114 2660 6
567000 58 17 2736 6
67d000 1025 113 3876 6
490000 76 23 3976 7
5c6000 99 23 4098 7
454000 22 6 4127 7
453000 18 5 4151 7
5c3000 78 11 4241 7
5c2000 85 16 4343 7
67f000 1031 92 5467 7
67b000 937 81 6486 7
615000 101 18 6606 7
614000 78 14 6699 9
602000 92 7 6799 9
7f7b10a3a000 68 7 6874 10
4b5000 144 8 7026 10
680000 1020 41 8088 10
4d8000 87 5 8180 10
7f7b1138a000 32 3 8217 10
7f7b1132f000 17 1 8235 10
7f7b11332000 17 1 8253 10
7f7b11333000 17 1 8271 10
7f7b11522000 68 2 8341 10
7f7b1132e000 221 1 8564 10
7f7b11406000 57 3 8624 10
7f7b11405000 46 2 8673 10
7f7b11331000 16 1 8691 10
7f7b11330000 18 1 8710 10
7f7b11510000 51 9 8770 10
7f7b1134e000 60 2 8833 10
7f7b11334000 16 1 8850 10
7f7b11512000 53 3 8907 10
7f7b1134d000 63 2 8972 10
7f7b1134c000 56 3 9032 11
9048 11
0x64a000
64a000 66 35 102 3
67e000 1029 181 1313 3
524000 56 39 1409 6
67c000 1025 113 2548 6
567000 59 17 2625 6
67d000 1045 113 3784 6
490000 76 23 3884 7
5c6000 100 23 4007 7
454000 21 5 4034 7
453000 19 5 4059 7
5c3000 79 10 4149 7
5c2000 87 17 4254 7
67f000 1038 92 5385 7
67b000 929 81 6396 7
615000 102 17 6516 7
614000 79 14 6610 9
602000 89 7 6707 9
7f7b10a3a000 69 7 6783 10
4b5000 144 8 6936 10
680000 1035 41 8013 10
4d8000 85 5 8104 10
7f7b1138a000 33 3 8141 10
7f7b1132f000 16 2 8159 10
7f7b11332000 17 2 8178 10
7f7b11333000 16 1 8195 10
7f7b11522000 69 2 8267 10
7f7b1132e000 220 1 8489 10
7f7b11406000 57 3 8550 10
7f7b11405000 47 3 8600 10
7f7b11331000 16 1 8617 10
7f7b11330000 16 1 8635 10
7f7b11510000 53 9 8697 10
7f7b1134e000 59 2 8759 10
7f7b11334000 16 2 8777 10
7f7b11512000 52 4 8833 10
7f7b1134d000 62 2 8897 10
7f7b1134c000 56 3 8957 11
8971 11
0x4fa000
4fa000 68 57 125 4
125 4
0x5d7000
5d7000 87 53 140 5
4ff000 91 27 259 5
67c000 1021 138 1418 5
482000 69 30 1518 7
481000 64 17 1600 7
480000 70 15 1686 8
7f7b10a51000 58 10 1754 8
7f7b10a50000 51 5 1810 8
7f7b10a4f000 45 5 1861 8
454000 22 4 1888 8
453000 18 4 1911 8
681000 487 33 2432 8
5f7000 60 11 2504 9
67e000 1044 64 3613 9
524000 56 9 3679 10
567000 59 2 3741 10
67d000 1026 37 4805 10
490000 75 3 4884 10
5c6000 99 4 4988 10
5c3000 79 1 5069 10
5c2000 87 3 5160 10
67f000 1024 38 6223 10
67b000 934 32 7190 10
615000 104 3 7298 10
614000 77 2 7378 10
602000 87 3 7469 10
7f7b10a3a000 68 3 7540 11
7557 11
0x4ff000
4ff000 92 44 136 2
136 2
0x482000
482000 69 50 120 6
481000 63 19 203 6
480000 71 17 292 8
7f7b10a51000 57 10 360 8
7f7b10a50000 50 6 416 8
7f7b10a4f000 46 5 467 8
454000 21 5 494 8
453000 19 4 517 8
681000 484 34 1035 8
5f7000 61 11 1107 9
67e000 1022 61 2191 9
524000 57 9 2257 10
67c000 1022 37 3317 10
567000 59 2 3378 10
67d000 1023 37 4439 10
490000 76 3 4519 10
5c6000 102 4 4626 10
5c3000 80 1 4708 10
5c2000 86 2 4797 10
67f000 1042 38 5878 10
67b000 933 31 6842 10
615000 100 3 6947 10
614000 78 2 7028 10
602000 90 2 7121 10
7f7b10a3a000 68 3 7193 11
7209 11
0x481000
481000 62 47 110 4
480000 70 26 207 8
7f7b10a51000 57 10 275 8
7f7b10a50000 49 5 330 8
7f7b10a4f000 46 5 382 8
454000 22 4 409 8
453000 18 5 433 8
681000 484 34 951 8
5f7000 61 11 1023 9
67e000 1024 61 2109 9
524000 56 9 2175 10
67c000 1024 37 3237 10
567000 59 2 3299 10
67d000 1020 37 4357 10
490000 78 3 4439 10
5c6000 100 4 4544 10
5c3000 79 1 4625 10
5c2000 86 3 4715 10
67f000 1020 38 5774 10
67b000 914 32 6721 10
615000 101 3 6827 10
614000 78 2 6908 10
602000 87 2 6998 10
7f7b10a3a000 68 3 7070 11
7084 11
0x480000
480000 73 42 115 6
7f7b10a51000 57 20 193 6
7f7b10a50000 51 11 255 6
7f7b10a4f000 46 11 313 6
454000 21 10 345 6
453000 19 10 374 6
681000 486 57 918 6
5f7000 60 22 1001 8
67e000 1029 84 2115 8
524000 58 15 2189 10
67c000 1026 37 3253 10
567000 58 2 3314 10
67d000 1028 38 4381 10
490000 76 3 4461 10
5c6000 100 5 4566 10
5c3000 86 1 4654 10
5c2000 86 3 4744 10
67f000 1031 37 5813 10
67b000 922 32 6768 10
615000 102 3 6874 10
614000 78 2 6955 10
602000 88 2 7046 10
7f7b10a3a000 68 5 7120 11
7135 11
0x47f000
47f000 61 48 109 6
109 6
0x52b000
52b000 80 43 124 2
52a000 69 43 237 4
67f000 1060 162 1460 4
529000 66 25 1552 4
528000 89 31 1673 6
67c000 1036 116 2826 6
454000 21 8 2856 6
453000 18 9 2884 6
680000 1032 118 4034 6
455000 21 9 4065 6
7f7b1151a000 63 18 4146 6
7f7b11331000 16 8 4170 6
456000 44 15 4229 6
67b000 936 104 5270 6
615000 102 24 5397 7
614000 78 14 5490 7
602000 88 17 5596 7
7f7b10a3a000 68 18 5682 8
4b5000 144 25 5851 9
4d8000 85 12 5949 9
7f7b1138a000 33 6 5990 9
7f7b1132f000 16 4 6011 9
7f7b11332000 16 4 6031 9
7f7b11333000 16 4 6052 9
7f7b11522000 74 7 6133 9
7f7b1132e000 222 4 6359 9
7f7b11406000 59 8 6426 9
7f7b11405000 46 7 6480 9
7f7b11330000 16 4 6500 9
7f7b11510000 51 19 6571 9
7f7b1134e000 59 5 6636 9
7f7b11334000 16 4 6657 9
7f7b11512000 53 9 6719 9
7f7b1134d000 63 6 6788 9
7f7b1134c000 69 9 6867 10
7f7b1134b000 60 6 6934 10
7f7b1133b000 41 3 6978 10
7f7b1133a000 53 6 7037 10
7f7b11339000 74 5 7117 10
7f7b1144d000 59 4 7180 10
7f7b113ee000 51 5 7236 10
7f7b1133c000 44 5 7286 10
7f7b11525000 47 4 7338 10
7f7b11388000 84 7 7430 10
7f7b11389000 58 4 7493 10
7f7b10e63000 49 5 7548 10
7f7b10e38000 234 3 7785 10
7f7b10e62000 56 5 7847 11
7858 11
0x52a000
52a000 67 49 116 4
67f000 1042 155 1314 4
529000 68 25 1408 4
528000 101 32 1542 6
67c000 1031 116 2690 6
454000 21 9 2721 6
453000 18 9 2748 6
680000 1051 118 3917 6
455000 22 9 3949 6
7f7b1151a000 64 18 4032 6
7f7b11331000 17 9 4058 6
456000 46 15 4119 6
67b000 941 103 5164 6
615000 102 24 5291 7
614000 77 15 5384 7
602000 94 18 5497 7
7f7b10a3a000 73 18 5589 8
4b5000 143 24 5756 9
4d8000 84 13 5855 9
7f7b1138a000 33 7 5896 9
7f7b1132f000 16 4 5916 9
7f7b11332000 16 4 5937 9
7f7b11333000 16 4 5957 9
7f7b11522000 69 7 6034 9
7f7b1132e000 241 7 6282 9
7f7b11406000 57 8 6347 9
7f7b11405000 51 6 6405 9
7f7b11330000 17 4 6426 9
7f7b11510000 52 21 6499 9
7f7b1134e000 60 5 6565 9
7f7b11334000 16 4 6586 9
7f7b11512000 53 8 6647 9
7f7b1134d000 62 6 6716 9
7f7b1134c000 55 9 6781 10
7f7b1134b000 54 5 6841 10
7f7b1133b000 40 3 6885 10
7f7b1133a000 52 6 6944 10
7f7b11339000 77 5 7027 10
7f7b1144d000 59 4 7091 10
7f7b113ee000 49 5 7145 10
7f7b1133c000 44 6 7195 10
7f7b11525000 44 4 7243 10
7f7b11388000 87 7 7338 10
7f7b11389000 59 4 7402 10
7f7b10e63000 52 5 7460 10
7f7b10e38000 236 3 7699 10
7f7b10e62000 59 5 7763 11
7772 11
