0x41a000
41a000 41 25 67 1
415000 21 18 107 1
413000 17 17 141 1
419000 56 22 220 1
418000 38 24 283 2
414000 21 16 321 2
46d000 163 45 530 2
46c000 115 35 680 2
417000 34 18 732 2
7ff88e5ba000 71 37 841 4
7ff88e5b8000 115 46 1003 4
7ff88e335000 84 67 1155 6
7ff88e4fa000 18 9 1183 6
7ff88e5b7000 84 25 1292 6
7ff88e5b6000 75 16 1384 6
7ff88e5bb000 106 27 1518 6
7ff88e4fc000 81 20 1620 8
7ff88e4fb000 73 24 1718 8
7ff88e55d000 46 11 1776 9
7ff88e55c000 55 8 1840 9
7ff88e56f000 43 5 1890 10
7ff88e562000 47 2 1940 10
7ff88e33a000 65 6 2012 10
7ff88e339000 63 10 2085 10
7ff88e338000 99 6 2190 10
7ff88e5b9000 37 1 2228 10
7ff88e565000 55 2 2287 10
7ff88e564000 34 1 2323 10
7ff88e55f000 59 1 2384 10
7ff88e55e000 55 1 2441 10
7ff88e559000 37 1 2482 10
7ff88e55a000 39 0 2522 10
7ff88e55b000 31 0 2555 10
7ff88e56b000 30 1 2587 10
7ff88e56a000 32 0 2619 10
7ff88e566000 63 2 2685 10
7ff88e567000 29 0 2715 10
7ff88e569000 33 1 2750 10
7ff88e568000 36 1 2787 10
7ff88e4fe000 73 2 2864 10
7ff88e5b4000 77 2 2944 10
7ff88e4fd000 58 2 3004 10
7ff88e5b3000 46 1 3051 10
7ff88e5a9000 75 4 3132 10
7ff88e5a4000 71 5 3209 10
7ff88e4ff000 88 4 3301 10
7ff88e5d3000 48 1 3351 10
7ff88e5d2000 44 0 3397 10
7ff88e501000 61 1 3460 10
7ff88e500000 48 1 3510 10
7ff88e560000 61 2 3575 10
7ff88e561000 84 2 3662 10
7ff88e5ab000 58 2 3723 10
7ff88e5af000 53 1 3778 10
7ff88e5ad000 64 1 3844 11
3869 11
0x415000
415000 22 18 40 0
413000 17 18 75 0
75 0
0x413000
413000 17 18 35 0
35 0
0x419000
419000 56 23 80 1
80 1
0x418000
418000 39 25 64 2
413000 17 16 98 2
415000 22 16 136 2
414000 21 16 174 2
46d000 163 45 382 2
46c000 120 35 538 2
417000 34 19 591 2
7ff88e5ba000 73 36 700 4
7ff88e5b8000 115 46 862 4
7ff88e335000 84 67 1013 6
7ff88e4fa000 18 9 1040 6
7ff88e5b7000 82 25 1148 6
7ff88e5b6000 71 16 1236 6
7ff88e5bb000 107 28 1371 6
7ff88e4fc000 80 20 1472 8
7ff88e4fb000 76 25 1574 8
7ff88e55d000 46 11 1632 9
7ff88e55c000 51 9 1693 9
7ff88e56f000 40 5 1739 10
7ff88e562000 47 2 1789 10
7ff88e33a000 65 7 1862 10
7ff88e339000 63 10 1935 10
7ff88e338000 100 7 2043 10
7ff88e5b9000 39 2 2085 10
7ff88e565000 57 2 2147 10
7ff88e564000 35 1 2184 10
7ff88e55f000 60 1 2245 10
7ff88e55e000 56 1 2303 10
7ff88e559000 38 0 2343 10
7ff88e55a000 38 1 2384 10
7ff88e55b000 32 0 2417 10
7ff88e56b000 31 0 2449 10
7ff88e56a000 32 0 2482 10
7ff88e566000 64 2 2548 10
7ff88e567000 30 0 2579 10
7ff88e569000 34 0 2613 10
7ff88e568000 40 0 2654 10
7ff88e4fe000 74 2 2733 10
7ff88e5b4000 73 2 2809 10
7ff88e4fd000 63 3 2875 10
7ff88e5b3000 46 2 2923 10
7ff88e5a9000 75 5 3004 10
7ff88e5a4000 71 5 3081 10
7ff88e4ff000 90 3 3174 10
7ff88e5d3000 48 1 3225 10
7ff88e5d2000 49 1 3277 10
7ff88e501000 64 1 3344 10
7ff88e500000 49 1 3395 10
7ff88e560000 63 1 3460 10
7ff88e561000 85 2 3548 10
7ff88e5ab000 59 2 3610 10
7ff88e5af000 54 1 3666 10
7ff88e5ad000 64 1 3732 11
3755 11
0x414000
414000 22 18 40 0
413000 17 18 76 0
76 0
0x46d000
46d000 170 53 223 1
46c000 117 38 379 1
417000 35 20 434 1
413000 17 18 469 1
469 1
0x46c000
46c000 116 45 162 1
163 1
0x417000
417000 39 21 60 0
413000 16 19 96 0
96 0
0x416000
416000 21 19 41 0
413000 17 18 76 0
76 0
0x461000
461000 30 20 51 1
46c000 117 38 207 1
460000 28 19 255 1
7ff88e5ab000 66 45 367 3
417000 34 18 419 3
413000 17 16 453 3
7ff88e5a9000 75 53 581 8
7ff88e5a4000 71 21 674 8
7ff88e5b9000 37 11 722 8
7ff88e4fc000 80 13 816 9
7ff88e4fb000 72 17 906 9
7ff88e55d000 46 7 960 9
7ff88e55c000 51 9 1021 9
7ff88e56f000 40 5 1067 10
7ff88e562000 46 2 1116 10
7ff88e33a000 65 7 1189 10
7ff88e339000 62 11 1262 10
7ff88e338000 99 5 1366 10
7ff88e4fa000 18 0 1385 10
7ff88e565000 55 2 1443 10
7ff88e564000 35 0 1479 10
7ff88e55f000 59 1 1540 10
7ff88e55e000 56 1 1598 10
7ff88e559000 37 0 1638 10
7ff88e55a000 39 0 1679 10
7ff88e55b000 31 0 1712 10
7ff88e56b000 30 1 1744 10
7ff88e56a000 32 0 1776 10
7ff88e566000 63 2 1842 10
7ff88e567000 29 0 1872 10
7ff88e569000 33 1 1907 10
7ff88e568000 36 1 1944 10
7ff88e4fe000 73 2 2021 10
7ff88e5b4000 68 2 2092 10
7ff88e4fd000 59 2 2153 10
7ff88e5b3000 46 2 2201 10
7ff88e2a2000 70 3 2275 11
2289 11
0x460000
460000 29 19 48 0
7ff88e5ab000 58 45 152 3
417000 34 18 205 3
413000 16 16 238 3
7ff88e5a9000 75 53 367 8
7ff88e5a4000 71 21 460 8
7ff88e5b9000 37 11 508 8
7ff88e4fc000 80 13 602 9
7ff88e4fb000 73 18 694 9
7ff88e55d000 45 8 748 9
7ff88e55c000 52 8 809 9
7ff88e56f000 41 5 856 10
7ff88e562000 47 2 906 10
7ff88e33a000 65 7 979 10
7ff88e339000 63 11 1053 10
7ff88e338000 101 5 1159 10
7ff88e4fa000 18 0 1178 10
7ff88e565000 55 2 1236 10
7ff88e564000 34 1 1272 10
7ff88e55f000 59 1 1333 10
7ff88e55e000 55 1 1390 10
7ff88e559000 37 0 1430 10
7ff88e55a000 38 1 1471 10
7ff88e55b000 31 1 1504 10
7ff88e56b000 30 0 1535 10
7ff88e56a000 32 0 1568 10
7ff88e566000 65 2 1635 10
7ff88e567000 29 0 1665 10
7ff88e569000 33 1 1700 10
7ff88e568000 36 1 1737 10
7ff88e4fe000 73 2 1814 10
7ff88e5b4000 68 2 1885 10
7ff88e4fd000 57 2 1945 10
7ff88e5b3000 46 1 1993 10
7ff88e2a2000 71 2 2068 11
2080 11
0x45f000
45f000 44 25 69 3
69 3
0x462000
462000 35 23 59 1
415000 22 17 99 1
413000 17 17 134 1
461000 30 19 184 1
46c000 116 39 340 1
460000 29 18 387 1
7ff88e5ab000 59 43 490 3
417000 34 18 543 3
7ff88e5a9000 76 53 673 8
7ff88e5a4000 72 21 767 8
7ff88e5b9000 37 11 815 8
7ff88e4fc000 81 13 910 9
7ff88e4fb000 72 18 1001 9
7ff88e55d000 45 8 1055 9
7ff88e55c000 51 8 1115 9
7ff88e56f000 41 4 1161 10
7ff88e562000 47 2 1211 10
7ff88e33a000 65 6 1283 10
7ff88e339000 63 11 1357 10
7ff88e338000 102 6 1465 10
7ff88e4fa000 17 1 1484 10
7ff88e565000 55 2 1541 10
7ff88e564000 35 0 1577 10
7ff88e55f000 59 1 1638 10
7ff88e55e000 55 1 1695 10
7ff88e559000 37 0 1735 10
7ff88e55a000 38 1 1776 10
7ff88e55b000 35 0 1812 10
7ff88e56b000 31 0 1844 10
7ff88e56a000 40 1 1886 10
7ff88e566000 65 2 1953 10
7ff88e567000 30 0 1984 10
7ff88e569000 34 0 2018 10
7ff88e568000 36 0 2055 10
7ff88e4fe000 74 2 2133 10
7ff88e5b4000 68 2 2204 10
7ff88e4fd000 58 2 2264 10
7ff88e5b3000 47 1 2312 10
7ff88e2a2000 71 3 2387 11
2402 11
0x463000
463000 24 19 43 0
46d000 164 53 261 1
46c000 115 38 414 1
417000 33 20 468 1
413000 17 17 503 1
462000 35 22 560 1
415000 21 18 600 1
461000 30 19 650 1
460000 29 18 698 1
7ff88e5ab000 58 43 800 3
7ff88e5a9000 74 53 928 8
7ff88e5a4000 72 20 1021 8
7ff88e5b9000 36 11 1069 8
7ff88e4fc000 80 14 1164 9
7ff88e4fb000 72 17 1254 9
7ff88e55d000 46 8 1309 9
7ff88e55c000 50 9 1369 9
7ff88e56f000 40 5 1415 10
7ff88e562000 47 1 1464 10
7ff88e33a000 65 6 1537 10
7ff88e339000 63 10 1610 10
7ff88e338000 98 6 1715 10
7ff88e4fa000 18 1 1734 10
7ff88e565000 55 2 1791 10
7ff88e564000 35 1 1828 10
7ff88e55f000 59 1 1889 10
7ff88e55e000 56 1 1947 10
7ff88e559000 37 1 1987 10
7ff88e55a000 38 0 2027 10
7ff88e55b000 31 1 2061 10
7ff88e56b000 30 0 2092 10
7ff88e56a000 32 0 2125 10
7ff88e566000 64 2 2191 10
7ff88e567000 29 0 2221 10
7ff88e569000 33 1 2256 10
7ff88e568000 36 1 2293 10
7ff88e4fe000 74 2 2371 10
7ff88e5b4000 69 2 2442 10
7ff88e4fd000 58 2 2502 10
7ff88e5b3000 45 2 2550 10
7ff88e2a2000 71 3 2625 11
2642 11
0x465000
465000 22 20 43 0
417000 34 21 99 0
413000 17 18 134 0
416000 22 18 174 0
415000 22 18 214 0
46d000 163 54 432 1
46c000 116 38 586 1
462000 35 22 643 1
461000 30 19 693 1
460000 29 18 741 1
7ff88e5ab000 58 43 843 3
7ff88e5a9000 75 53 971 8
7ff88e5a4000 72 21 1065 8
7ff88e5b9000 37 11 1113 8
7ff88e4fc000 79 14 1207 9
7ff88e4fb000 72 17 1297 9
7ff88e55d000 45 8 1351 9
7ff88e55c000 51 9 1412 9
7ff88e56f000 40 5 1458 10
7ff88e562000 48 2 1508 10
7ff88e33a000 64 7 1580 10
7ff88e339000 63 10 1653 10
7ff88e338000 98 6 1758 10
7ff88e4fa000 17 1 1777 10
7ff88e565000 56 1 1834 10
7ff88e564000 35 1 1871 10
7ff88e55f000 60 1 1932 10
7ff88e55e000 55 1 1989 10
7ff88e559000 37 0 2029 10
7ff88e55a000 38 1 2070 10
7ff88e55b000 32 0 2103 10
7ff88e56b000 30 1 2135 10
7ff88e56a000 32 0 2167 10
7ff88e566000 63 2 2233 10
7ff88e567000 30 0 2264 10
7ff88e569000 33 0 2298 10
7ff88e568000 36 0 2335 10
7ff88e4fe000 74 2 2413 10
7ff88e5b4000 68 2 2484 10
7ff88e4fd000 57 3 2544 10
7ff88e5b3000 46 1 2591 10
7ff88e2a2000 70 3 2666 11
2683 11
0x422000
422000 41 22 63 1
414000 21 17 102 1
413000 17 17 137 1
421000 29 20 187 2
415000 22 17 226 2
7ff88e32f000 57 33 317 3
7ff88e32e000 50 18 385 3
7ff88e32d000 45 18 449 4
416000 21 15 486 4
417000 34 17 538 4
46d000 164 42 745 4
46c000 116 31 892 4
7ff88e4fc000 81 31 1004 8
7ff88e4fb000 73 26 1104 8
7ff88e55d000 46 13 1164 9
7ff88e55c000 51 10 1226 9
7ff88e56f000 41 7 1275 11
1279 11
0x421000
421000 31 35 67 2
67 2
0x423000
423000 36 22 58 1
7ff88e5a9000 75 62 196 8
7ff88e5a4000 72 21 290 8
7ff88e5b9000 37 11 338 8
7ff88e4fc000 81 13 432 9
7ff88e4fb000 73 17 523 9
7ff88e55d000 48 8 580 9
7ff88e55c000 51 8 640 9
7ff88e56f000 40 5 687 10
7ff88e562000 47 2 736 10
7ff88e33a000 65 6 808 10
7ff88e339000 62 11 882 10
7ff88e338000 99 5 986 10
7ff88e4fa000 18 0 1005 10
7ff88e565000 56 1 1062 10
7ff88e564000 35 0 1098 10
7ff88e55f000 59 1 1159 10
7ff88e55e000 56 1 1217 10
7ff88e559000 38 0 1257 10
7ff88e55a000 38 1 1298 10
7ff88e55b000 31 1 1331 10
7ff88e56b000 30 0 1362 10
7ff88e56a000 32 0 1395 10
7ff88e566000 63 2 1461 10
7ff88e567000 30 0 1492 10
7ff88e569000 33 1 1527 10
7ff88e568000 37 0 1564 10
7ff88e4fe000 74 2 1642 10
7ff88e5b4000 69 2 1714 10
7ff88e4fd000 58 2 1774 10
7ff88e5b3000 46 1 1822 10
7ff88e2a2000 70 3 1897 11
1909 11
0x424000
424000 25 20 45 0
414000 22 18 86 0
413000 17 18 121 0
415000 22 18 162 0
418000 39 26 227 2
46d000 165 45 437 2
46c000 117 35 589 2
417000 35 18 642 2
7ff88e5ba000 72 36 751 4
7ff88e5b8000 115 46 913 4
7ff88e335000 84 67 1065 6
7ff88e4fa000 18 9 1093 6
7ff88e5b7000 83 25 1201 6
7ff88e5b6000 72 16 1289 6
7ff88e5bb000 107 27 1424 6
7ff88e4fc000 81 20 1526 8
7ff88e4fb000 73 24 1624 8
7ff88e55d000 46 10 1681 9
7ff88e55c000 51 8 1742 9
7ff88e56f000 40 5 1789 10
7ff88e562000 47 2 1839 10
7ff88e33a000 65 6 1911 10
7ff88e339000 63 10 1985 10
7ff88e338000 99 5 2090 10
7ff88e5b9000 37 1 2129 10
7ff88e565000 55 2 2188 10
7ff88e564000 35 0 2224 10
7ff88e55f000 59 2 2286 10
7ff88e55e000 55 1 2343 10
7ff88e559000 37 1 2384 10
7ff88e55a000 38 0 2424 10
7ff88e55b000 32 0 2458 10
7ff88e56b000 31 0 2490 10
7ff88e56a000 33 0 2523 10
7ff88e566000 64 2 2589 10
7ff88e567000 29 1 2620 10
7ff88e569000 34 0 2654 10
7ff88e568000 36 0 2691 10
7ff88e4fe000 74 1 2769 10
7ff88e5b4000 70 2 2842 10
7ff88e4fd000 57 2 2901 10
7ff88e5b3000 45 2 2949 10
7ff88e5a9000 75 5 3030 10
7ff88e5a4000 70 5 3106 10
7ff88e4ff000 88 3 3198 10
7ff88e5d3000 48 1 3249 10
7ff88e5d2000 44 1 3295 10
7ff88e501000 60 1 3357 10
7ff88e500000 48 1 3407 10
7ff88e560000 62 2 3472 10
7ff88e561000 84 1 3558 10
7ff88e5ab000 58 2 3620 10
7ff88e5af000 53 2 3676 10
7ff88e5ad000 63 1 3741 11
3765 11
0x425000
425000 26 24 50 1
423000 35 21 107 1
7ff88e5a9000 75 62 244 8
7ff88e5a4000 71 20 336 8
7ff88e5b9000 36 11 384 8
7ff88e4fc000 80 13 478 9
7ff88e4fb000 73 17 569 9
7ff88e55d000 45 8 623 9
7ff88e55c000 50 9 683 9
7ff88e56f000 41 4 729 10
7ff88e562000 47 2 779 10
7ff88e33a000 65 6 851 10
7ff88e339000 63 10 924 10
7ff88e338000 99 5 1029 10
7ff88e4fa000 18 0 1048 10
7ff88e565000 55 1 1105 10
7ff88e564000 35 1 1142 10
7ff88e55f000 60 1 1203 10
7ff88e55e000 55 1 1260 10
7ff88e559000 37 0 1300 10
7ff88e55a000 38 1 1341 10
7ff88e55b000 32 0 1374 10
7ff88e56b000 30 0 1405 10
7ff88e56a000 32 0 1438 10
7ff88e566000 63 2 1504 10
7ff88e567000 29 0 1534 10
7ff88e569000 33 1 1569 10
7ff88e568000 36 1 1606 10
7ff88e4fe000 73 2 1683 10
7ff88e5b4000 68 2 1754 10
7ff88e4fd000 58 2 1814 10
7ff88e5b3000 46 1 1861 10
7ff88e2a2000 70 3 1936 11
1950 11
0x46a000
46a000 68 30 99 2
415000 21 17 138 2
413000 16 17 172 2
469000 31 18 221 2
468000 30 23 275 3
467000 37 19 332 3
466000 35 18 386 3
417000 34 17 437 3
414000 21 15 474 3
418000 39 20 534 3
46d000 163 42 740 3
46c000 115 32 887 3
7ff88e5ba000 71 34 993 4
7ff88e5b8000 114 46 1154 4
7ff88e335000 83 66 1304 6
7ff88e4fa000 18 9 1332 6
7ff88e5b7000 82 24 1438 6
7ff88e5b6000 71 16 1526 6
7ff88e5bb000 106 27 1660 6
7ff88e4fc000 80 20 1761 8
7ff88e4fb000 72 24 1858 8
7ff88e55d000 45 11 1915 9
7ff88e55c000 51 9 1976 9
7ff88e56f000 40 5 2022 10
7ff88e562000 47 2 2071 10
7ff88e33a000 65 7 2144 10
7ff88e339000 62 11 2217 10
7ff88e338000 99 5 2321 10
7ff88e5b9000 36 2 2360 10
7ff88e565000 55 2 2418 10
7ff88e564000 35 0 2454 10
7ff88e55f000 59 1 2515 10
7ff88e55e000 55 1 2572 10
7ff88e559000 37 1 2613 10
7ff88e55a000 39 0 2653 10
7ff88e55b000 31 0 2686 10
7ff88e56b000 30 1 2718 10
7ff88e56a000 32 0 2750 10
7ff88e566000 63 2 2816 10
7ff88e567000 30 0 2847 10
7ff88e569000 34 0 2881 10
7ff88e568000 36 0 2918 10
7ff88e4fe000 73 2 2995 10
7ff88e5b4000 68 2 3066 10
7ff88e4fd000 57 2 3126 10
7ff88e5b3000 45 2 3174 10
7ff88e5a9000 75 5 3255 10
7ff88e5a4000 71 5 3332 10
7ff88e4ff000 88 4 3424 10
7ff88e5d3000 48 1 3474 10
7ff88e5d2000 43 1 3520 10
7ff88e501000 61 1 3583 10
7ff88e500000 48 1 3633 10
7ff88e560000 62 2 3698 10
7ff88e561000 83 2 3784 10
7ff88e5ab000 57 3 3846 10
7ff88e5af000 53 2 3902 10
7ff88e5ad000 64 1 3967 11
3996 11
0x469000
469000 30 20 51 1
468000 30 24 106 2
467000 37 20 164 2
466000 35 18 218 2
417000 34 18 271 2
413000 17 16 304 2
414000 22 15 341 2
418000 39 21 402 2
415000 22 16 441 2
46d000 164 45 650 2
46c000 115 35 800 2
7ff88e5ba000 71 37 909 4
7ff88e5b8000 114 45 1069 4
7ff88e335000 83 67 1220 6
7ff88e4fa000 18 9 1247 6
7ff88e5b7000 81 25 1354 6
7ff88e5b6000 71 15 1441 6
7ff88e5bb000 107 28 1577 6
7ff88e4fc000 80 20 1678 8
7ff88e4fb000 72 24 1775 8
7ff88e55d000 45 11 1832 9
7ff88e55c000 50 9 1892 9
7ff88e56f000 40 5 1938 10
7ff88e562000 47 2 1988 10
7ff88e33a000 65 6 2060 10
7ff88e339000 63 10 2133 10
7ff88e338000 98 5 2237 10
7ff88e5b9000 36 2 2276 10
7ff88e565000 54 2 2334 10
7ff88e564000 35 0 2370 10
7ff88e55f000 59 1 2431 10
7ff88e55e000 56 1 2489 10
7ff88e559000 38 0 2529 10
7ff88e55a000 38 1 2570 10
7ff88e55b000 31 1 2603 10
7ff88e56b000 30 0 2634 10
7ff88e56a000 32 0 2667 10
7ff88e566000 64 2 2733 10
7ff88e567000 29 0 2763 10
7ff88e569000 33 0 2797 10
7ff88e568000 36 0 2834 10
7ff88e4fe000 74 2 2912 10
7ff88e5b4000 68 2 2983 10
7ff88e4fd000 57 3 3043 10
7ff88e5b3000 46 1 3090 10
7ff88e5a9000 75 5 3171 10
7ff88e5a4000 71 4 3247 10
7ff88e4ff000 88 3 3339 10
7ff88e5d3000 48 1 3390 10
7ff88e5d2000 44 1 3436 10
7ff88e501000 60 1 3498 10
7ff88e500000 49 1 3549 10
7ff88e560000 61 2 3613 10
7ff88e561000 84 2 3700 10
7ff88e5ab000 58 3 3762 10
7ff88e5af000 54 1 3817 10
7ff88e5ad000 63 1 3882 11
3910 11
0x468000
468000 30 25 55 2
467000 38 19 113 2
466000 36 18 168 2
417000 34 18 220 2
413000 17 15 253 2
414000 21 16 291 2
418000 38 22 352 2
415000 21 16 390 2
46d000 163 45 599 2
46c000 115 34 749 2
7ff88e5ba000 72 37 858 4
7ff88e5b8000 113 46 1018 4
7ff88e335000 83 67 1169 6
7ff88e4fa000 18 9 1196 6
7ff88e5b7000 81 25 1303 6
7ff88e5b6000 71 15 1390 6
7ff88e5bb000 106 28 1525 6
7ff88e4fc000 80 19 1625 8
7ff88e4fb000 72 24 1722 8
7ff88e55d000 46 10 1779 9
7ff88e55c000 51 9 1840 9
7ff88e56f000 40 5 1886 10
7ff88e562000 46 2 1935 10
7ff88e33a000 65 7 2008 10
7ff88e339000 63 10 2081 10
7ff88e338000 99 6 2186 10
7ff88e5b9000 37 1 2224 10
7ff88e565000 55 2 2283 10
7ff88e564000 35 1 2319 10
7ff88e55f000 58 2 2380 10
7ff88e55e000 55 1 2437 10
7ff88e559000 37 0 2477 10
7ff88e55a000 38 1 2518 10
7ff88e55b000 32 0 2551 10
7ff88e56b000 30 0 2582 10
7ff88e56a000 32 0 2615 10
7ff88e566000 64 2 2681 10
7ff88e567000 29 0 2711 10
7ff88e569000 33 1 2746 10
7ff88e568000 36 0 2782 10
7ff88e4fe000 73 2 2860 10
7ff88e5b4000 68 2 2931 10
7ff88e4fd000 58 2 2991 10
7ff88e5b3000 46 1 3038 10
7ff88e5a9000 74 5 3119 10
7ff88e5a4000 71 4 3195 10
7ff88e4ff000 88 4 3288 10
7ff88e5d3000 48 2 3339 10
7ff88e5d2000 44 0 3384 10
7ff88e501000 61 1 3447 10
7ff88e500000 48 1 3497 10
7ff88e560000 62 2 3562 10
7ff88e561000 84 1 3648 10
7ff88e5ab000 57 3 3710 10
7ff88e5af000 53 1 3765 10
7ff88e5ad000 64 1 3831 11
3857 11
0x467000
467000 37 23 60 1
466000 36 20 117 1
417000 34 20 171 1
413000 16 18 206 1
414000 21 17 244 1
418000 39 24 308 2
415000 21 16 346 2
46d000 163 45 555 2
46c000 115 34 705 2
7ff88e5ba000 71 37 814 4
7ff88e5b8000 113 46 974 4
7ff88e335000 83 67 1125 6
7ff88e4fa000 18 9 1152 6
7ff88e5b7000 82 24 1258 6
7ff88e5b6000 71 16 1346 6
7ff88e5bb000 106 27 1480 6
7ff88e4fc000 80 20 1581 8
7ff88e4fb000 72 24 1678 8
7ff88e55d000 45 11 1735 9
7ff88e55c000 50 9 1795 9
7ff88e56f000 41 4 1841 10
7ff88e562000 47 2 1891 10
7ff88e33a000 65 6 1963 10
7ff88e339000 62 10 2036 10
7ff88e338000 98 6 2141 10
7ff88e5b9000 36 2 2180 10
7ff88e565000 55 2 2238 10
7ff88e564000 34 1 2274 10
7ff88e55f000 59 1 2335 10
7ff88e55e000 55 1 2392 10
7ff88e559000 37 0 2432 10
7ff88e55a000 38 1 2473 10
7ff88e55b000 32 0 2506 10
7ff88e56b000 30 1 2538 10
7ff88e56a000 32 0 2570 10
7ff88e566000 64 2 2637 10
7ff88e567000 29 0 2667 10
7ff88e569000 33 0 2701 10
7ff88e568000 36 0 2738 10
7ff88e4fe000 73 2 2816 10
7ff88e5b4000 68 2 2887 10
7ff88e4fd000 57 2 2946 10
7ff88e5b3000 45 2 2994 10
7ff88e5a9000 75 4 3074 10
7ff88e5a4000 71 5 3151 10
7ff88e4ff000 89 3 3243 10
7ff88e5d3000 48 1 3294 10
7ff88e5d2000 44 1 3340 10
7ff88e501000 60 1 3402 10
7ff88e500000 48 1 3452 10
7ff88e560000 62 2 3517 10
7ff88e561000 83 2 3603 10
7ff88e5ab000 58 2 3665 10
7ff88e5af000 53 1 3720 10
7ff88e5ad000 64 1 3786 11
3810 11
0x466000
466000 36 21 57 1
57 1
0x45b000
45b000 26 22 49 1
415000 22 17 88 1
413000 17 17 123 1
414000 22 17 162 1
45a000 26 20 209 1
458000 44 26 280 3
417000 34 17 331 3
459000 29 16 377 3
416000 21 16 415 3
46c000 116 32 563 3
46d000 164 42 769 3
7ff88e617000 82 39 891 5
7ff88e5b4000 68 20 980 7
7ff88e616000 42 11 1034 8
7ff88e604000 61 12 1108 8
7ff88e615000 37 8 1153 8
7ff88e60e000 77 12 1243 9
7ff88e603000 70 8 1322 9
7ff88e60d000 41 5 1368 9
7ff88e32f000 57 7 1433 9
7ff88e32e000 50 4 1487 9
7ff88e32d000 45 3 1536 9
7ff88e4fa000 18 3 1558 9
7ff88e60c000 68 6 1633 9
7ff88e5a9000 75 13 1722 9
7ff88e5a4000 72 13 1808 9
7ff88e5b9000 36 7 1851 9
7ff88e4fc000 80 8 1939 9
7ff88e4fb000 72 17 2029 9
7ff88e55d000 46 7 2083 9
7ff88e55c000 51 9 2144 9
7ff88e56f000 40 5 2190 10
7ff88e562000 46 2 2239 10
7ff88e33a000 65 6 2312 10
7ff88e339000 63 10 2385 10
7ff88e338000 98 6 2490 10
7ff88e565000 55 2 2547 10
7ff88e564000 35 0 2583 10
7ff88e55f000 59 1 2644 10
7ff88e55e000 55 1 2701 10
7ff88e559000 37 1 2742 10
7ff88e55a000 38 1 2782 10
7ff88e55b000 31 0 2815 10
7ff88e56b000 30 1 2847 10
7ff88e56a000 32 0 2879 10
7ff88e566000 63 2 2945 10
7ff88e567000 29 1 2976 10
7ff88e569000 33 1 3010 10
7ff88e568000 35 1 3047 10
7ff88e4fe000 73 2 3124 10
7ff88e4fd000 58 2 3185 10
7ff88e5b3000 46 1 3232 10
7ff88e2a2000 70 3 3307 11
3329 11
0x45a000
45a000 26 22 49 1
458000 44 26 119 3
417000 34 18 171 3
413000 17 15 203 3
459000 28 17 249 3
415000 22 15 287 3
416000 21 15 324 3
46c000 115 32 472 3
46d000 163 42 678 3
7ff88e617000 82 39 800 5
7ff88e5b4000 68 20 889 7
7ff88e616000 43 11 943 8
7ff88e604000 61 12 1017 8
7ff88e615000 37 8 1062 8
7ff88e60e000 77 12 1152 9
7ff88e603000 70 8 1231 9
7ff88e60d000 41 5 1277 9
7ff88e32f000 57 7 1342 9
7ff88e32e000 50 4 1396 9
7ff88e32d000 45 4 1446 9
7ff88e4fa000 18 3 1468 9
7ff88e60c000 68 7 1543 9
7ff88e5a9000 75 13 1632 9
7ff88e5a4000 71 12 1716 9
7ff88e5b9000 36 7 1760 9
7ff88e4fc000 80 7 1848 9
7ff88e4fb000 72 18 1939 9
7ff88e55d000 45 8 1993 9
7ff88e55c000 50 9 2053 9
7ff88e56f000 40 5 2099 10
7ff88e562000 47 2 2149 10
7ff88e33a000 65 6 2221 10
7ff88e339000 63 10 2294 10
7ff88e338000 99 5 2398 10
7ff88e565000 55 2 2456 10
7ff88e564000 35 0 2492 10
7ff88e55f000 59 1 2553 10
7ff88e55e000 55 1 2610 10
7ff88e559000 37 1 2651 10
7ff88e55a000 39 0 2691 10
7ff88e55b000 31 0 2724 10
7ff88e56b000 31 0 2756 10
7ff88e56a000 32 0 2788 10
7ff88e566000 64 2 2855 10
7ff88e567000 29 0 2885 10
7ff88e569000 33 0 2919 10
7ff88e568000 36 0 2956 10
7ff88e4fe000 73 2 3034 10
7ff88e4fd000 57 3 3095 10
7ff88e5b3000 46 1 3142 10
7ff88e2a2000 70 3 3217 11
3238 11
0x458000
458000 44 27 71 3
71 3
0x459000
459000 29 20 49 0
458000 43 27 120 3
415000 22 15 158 3
413000 17 15 190 3
416000 21 15 227 3
46c000 115 32 375 3
46d000 163 42 580 3
417000 34 18 632 3
7ff88e617000 82 40 754 5
7ff88e5b4000 68 20 843 7
7ff88e616000 43 11 897 8
7ff88e604000 60 12 970 8
7ff88e615000 37 7 1015 8
7ff88e60e000 78 12 1106 9
7ff88e603000 70 7 1184 9
7ff88e60d000 40 6 1231 9
7ff88e32f000 57 7 1296 9
7ff88e32e000 50 4 1350 9
7ff88e32d000 46 4 1400 9
7ff88e4fa000 18 3 1422 9
7ff88e60c000 68 7 1497 9
7ff88e5a9000 75 13 1586 9
7ff88e5a4000 71 13 1671 9
7ff88e5b9000 37 6 1714 9
7ff88e4fc000 80 8 1803 9
7ff88e4fb000 72 17 1893 9
7ff88e55d000 45 8 1947 9
7ff88e55c000 51 8 2007 9
7ff88e56f000 41 4 2053 10
7ff88e562000 47 2 2103 10
7ff88e33a000 65 6 2175 10
7ff88e339000 62 10 2248 10
7ff88e338000 99 5 2353 10
7ff88e565000 55 2 2411 10
7ff88e564000 35 0 2447 10
7ff88e55f000 59 1 2508 10
7ff88e55e000 55 1 2565 10
7ff88e559000 37 1 2606 10
7ff88e55a000 38 0 2646 10
7ff88e55b000 31 1 2680 10
7ff88e56b000 30 0 2711 10
7ff88e56a000 32 0 2744 10
7ff88e566000 63 2 2810 10
7ff88e567000 29 0 2840 10
7ff88e569000 33 1 2875 10
7ff88e568000 35 1 2912 10
7ff88e4fe000 73 2 2989 10
7ff88e4fd000 57 3 3050 10
7ff88e5b3000 46 1 3097 10
7ff88e2a2000 71 3 3172 11
3191 11
0x45c000
45c000 51 28 79 2
7ff88e32f000 57 33 170 3
7ff88e32e000 50 17 237 3
7ff88e32d000 46 16 300 4
414000 22 14 337 4
413000 17 15 370 4
416000 22 14 406 4
415000 22 15 444 4
45b000 27 16 488 4
45a000 27 17 533 4
458000 43 21 598 5
417000 34 15 648 5
459000 29 14 691 5
46c000 115 26 833 5
46d000 162 34 1030 5
7ff88e617000 82 32 1145 7
7ff88e5b4000 68 15 1229 8
7ff88e616000 43 8 1280 8
7ff88e604000 60 12 1354 8
7ff88e615000 38 7 1399 8
7ff88e60e000 78 12 1490 9
7ff88e603000 70 7 1568 9
7ff88e60d000 40 6 1615 9
7ff88e4fa000 18 3 1637 9
7ff88e60c000 68 7 1712 9
7ff88e5a9000 75 13 1801 9
7ff88e5a4000 71 12 1885 9
7ff88e5b9000 36 7 1929 9
7ff88e4fc000 81 7 2017 9
7ff88e4fb000 72 18 2109 9
7ff88e55d000 45 8 2163 9
7ff88e55c000 50 9 2223 9
7ff88e56f000 41 5 2270 10
7ff88e562000 47 2 2319 10
7ff88e33a000 65 7 2392 10
7ff88e339000 63 10 2465 10
7ff88e338000 99 5 2569 10
7ff88e565000 55 2 2627 10
7ff88e564000 35 0 2663 10
7ff88e55f000 59 1 2724 10
7ff88e55e000 55 1 2781 10
7ff88e559000 37 1 2822 10
7ff88e55a000 38 1 2862 10
7ff88e55b000 31 0 2895 10
7ff88e56b000 31 0 2927 10
7ff88e56a000 32 0 2959 10
7ff88e566000 63 2 3025 10
7ff88e567000 30 0 3056 10
7ff88e569000 34 0 3090 10
7ff88e568000 36 0 3127 10
7ff88e4fe000 74 2 3205 10
7ff88e4fd000 57 2 3265 10
7ff88e5b3000 45 2 3313 10
7ff88e2a2000 71 3 3388 11
3411 11
0xffffffff80c66000
0 0
0x46b000
46b000 46 25 71 1
71 1
0x41b000
41b000 61 31 92 2
41a000 32 20 145 2
415000 22 17 185 2
413000 17 17 219 2
419000 57 21 297 2
418000 39 22 358 3
414000 21 15 395 3
46d000 163 42 601 3
46c000 115 32 748 3
417000 34 18 800 3
7ff88e5ba000 72 34 906 4
7ff88e5b8000 114 45 1066 4
7ff88e335000 83 67 1217 6
7ff88e4fa000 18 9 1244 6
7ff88e5b7000 81 25 1351 6
7ff88e5b6000 71 15 1438 6
7ff88e5bb000 107 27 1573 6
7ff88e4fc000 81 19 1674 8
7ff88e4fb000 72 24 1771 8
7ff88e55d000 45 11 1828 9
7ff88e55c000 51 9 1889 9
7ff88e56f000 40 5 1935 10
7ff88e562000 47 2 1984 10
7ff88e33a000 65 6 2056 10
7ff88e339000 62 10 2129 10
7ff88e338000 99 5 2234 10
7ff88e5b9000 36 2 2273 10
7ff88e565000 55 2 2331 10
7ff88e564000 35 0 2367 10
7ff88e55f000 59 1 2428 10
7ff88e55e000 55 1 2485 10
7ff88e559000 37 1 2526 10
7ff88e55a000 38 0 2566 10
7ff88e55b000 31 1 2600 10
7ff88e56b000 30 0 2631 10
7ff88e56a000 32 0 2664 10
7ff88e566000 64 2 2730 10
7ff88e567000 29 1 2761 10
7ff88e569000 34 0 2795 10
7ff88e568000 36 0 2832 10
7ff88e4fe000 73 2 2909 10
7ff88e5b4000 69 2 2981 10
7ff88e4fd000 58 2 3041 10
7ff88e5b3000 46 1 3088 10
7ff88e5a9000 74 5 3169 10
7ff88e5a4000 71 5 3246 10
7ff88e4ff000 89 4 3339 10
7ff88e5d3000 49 1 3390 10
7ff88e5d2000 44 1 3436 10
7ff88e501000 60 1 3498 10
7ff88e500000 48 1 3548 10
7ff88e560000 62 1 3613 10
7ff88e561000 84 2 3700 10
7ff88e5ab000 58 3 3762 10
7ff88e5af000 54 1 3817 10
7ff88e5ad000 63 2 3883 11
3909 11
0x41c000
41c000 37 21 59 1
415000 21 17 98 1
413000 17 17 133 1
7ff88e4fc000 80 39 253 7
7ff88e4fb000 72 32 358 7
7ff88e55d000 45 15 419 8
7ff88e55c000 50 13 483 8
7ff88e56f000 40 8 532 10
7ff88e562000 47 2 581 10
7ff88e33a000 65 7 654 10
7ff88e339000 63 10 727 10
7ff88e338000 100 6 833 10
7ff88e4fa000 18 0 851 10
7ff88e5b9000 36 2 890 10
7ff88e5b8000 113 5 1009 10
7ff88e335000 83 8 1101 10
7ff88e5b7000 83 3 1187 10
7ff88e5b6000 71 2 1261 10
7ff88e5bb000 106 4 1371 10
7ff88e5ba000 72 2 1446 10
7ff88e32f000 57 2 1506 10
7ff88e32e000 49 1 1557 10
7ff88e32d000 45 0 1603 10
7ff88e5a9000 75 5 1684 10
7ff88e5a4000 71 4 1760 10
7ff88e4ff000 88 3 1852 10
7ff88e5b4000 68 2 1923 10
7ff88e5b3000 46 1 1971 10
7ff88e2a2000 71 3 2046 11
2060 11
0x41d000
41d000 48 23 72 2
415000 22 17 111 2
413000 16 17 145 2
414000 22 16 183 2
41c000 37 19 240 2
7ff88e4fc000 80 37 358 7
7ff88e4fb000 73 31 462 7
7ff88e55d000 46 14 523 8
7ff88e55c000 51 13 588 8
7ff88e56f000 40 7 636 10
7ff88e562000 47 2 686 10
7ff88e33a000 65 6 758 10
7ff88e339000 62 10 831 10
7ff88e338000 99 5 936 10
7ff88e4fa000 18 0 955 10
7ff88e5b9000 37 1 993 10
7ff88e5b8000 114 4 1112 10
7ff88e335000 83 8 1204 10
7ff88e5b7000 82 3 1289 10
7ff88e5b6000 71 2 1363 10
7ff88e5bb000 106 4 1474 10
7ff88e5ba000 72 3 1549 10
7ff88e32f000 56 2 1608 10
7ff88e32e000 50 0 1659 10
7ff88e32d000 45 1 1706 10
7ff88e5a9000 74 5 1786 10
7ff88e5a4000 71 5 1863 10
7ff88e4ff000 89 3 1955 10
7ff88e5b4000 68 2 2026 10
7ff88e5b3000 45 2 2074 10
7ff88e2a2000 71 2 2148 11
2164 11
0x426000
426000 39 24 63 2
417000 34 19 117 2
413000 17 16 151 2
425000 26 22 200 2
423000 36 20 256 2
7ff88e5a9000 74 58 389 8
7ff88e5a4000 71 21 482 8
7ff88e5b9000 37 10 529 8
7ff88e4fc000 80 14 624 9
7ff88e4fb000 72 17 714 9
7ff88e55d000 45 8 768 9
7ff88e55c000 51 9 829 9
7ff88e56f000 40 5 875 10
7ff88e562000 47 2 924 10
7ff88e33a000 65 7 997 10
7ff88e339000 62 10 1069 10
7ff88e338000 99 5 1174 10
7ff88e4fa000 18 0 1193 10
7ff88e565000 56 1 1250 10
7ff88e564000 35 0 1286 10
7ff88e55f000 59 2 1348 10
7ff88e55e000 55 1 1405 10
7ff88e559000 37 1 1445 10
7ff88e55a000 38 0 1485 10
7ff88e55b000 31 1 1519 10
7ff88e56b000 30 0 1550 10
7ff88e56a000 32 0 1583 10
7ff88e566000 64 2 1649 10
7ff88e567000 29 0 1679 10
7ff88e569000 33 1 1714 10
7ff88e568000 36 1 1751 10
7ff88e4fe000 73 2 1828 10
7ff88e5b4000 68 2 1899 10
7ff88e4fd000 57 3 1960 10
7ff88e5b3000 46 1 2007 10
7ff88e2a2000 70 3 2082 11
2097 11
0x44c000
44c000 38 24 62 1
44b000 42 29 134 2
449000 35 21 191 2
7ff88e2c1000 55 70 317 3
415000 22 17 356 3
413000 17 17 390 3
46d000 163 44 597 3
46c000 115 34 746 3
417000 34 19 800 3
414000 21 17 839 3
416000 21 17 878 3
418000 39 22 939 4
7ff88e5ba000 72 31 1043 5
7ff88e5b8000 114 42 1200 5
7ff88e335000 83 60 1344 7
7ff88e4fa000 18 9 1372 7
7ff88e5b7000 82 22 1476 7
7ff88e5b6000 71 15 1562 7
7ff88e5bb000 107 24 1694 7
7ff88e4fc000 81 17 1793 9
7ff88e4fb000 72 19 1885 9
7ff88e55d000 45 10 1941 10
7ff88e55c000 50 7 1999 10
7ff88e56f000 40 4 2044 11
2057 11
0x44b000
44b000 43 30 73 2
449000 35 21 130 2
7ff88e2c1000 55 70 256 3
415000 22 17 295 3
413000 17 17 329 3
46d000 163 44 536 3
46c000 115 34 686 3
417000 34 19 739 3
414000 21 16 778 3
416000 21 17 817 3
418000 39 21 878 4
7ff88e5ba000 72 32 983 5
7ff88e5b8000 114 42 1140 5
7ff88e335000 83 60 1284 7
7ff88e4fa000 18 9 1312 7
7ff88e5b7000 83 22 1417 7
7ff88e5b6000 71 15 1503 7
7ff88e5bb000 106 24 1634 7
7ff88e4fc000 80 18 1733 9
7ff88e4fb000 72 19 1825 9
7ff88e55d000 45 9 1880 10
7ff88e55c000 51 6 1938 10
7ff88e56f000 40 4 1984 11
1995 11
0x449000
449000 35 23 58 1
7ff88e2c1000 56 75 190 3
415000 22 16 228 3
413000 17 16 262 3
46d000 163 44 470 3
46c000 115 34 620 3
417000 34 19 673 3
414000 22 17 713 3
416000 22 16 751 3
418000 39 22 813 4
7ff88e5ba000 72 31 917 5
7ff88e5b8000 114 42 1074 5
7ff88e335000 83 61 1219 7
7ff88e4fa000 18 9 1246 7
7ff88e5b7000 81 22 1350 7
7ff88e5b6000 71 14 1436 7
7ff88e5bb000 106 25 1568 7
7ff88e4fc000 80 18 1667 9
7ff88e4fb000 72 18 1758 9
7ff88e55d000 46 9 1814 10
7ff88e55c000 50 7 1872 10
7ff88e56f000 40 4 1917 11
1927 11
0x44a000
44a000 20 18 38 0
415000 22 18 79 0
413000 16 18 114 0
417000 34 20 169 0
449000 35 23 228 1
7ff88e2c1000 55 75 359 3
46d000 163 44 567 3
46c000 115 34 716 3
414000 21 16 755 3
416000 22 16 794 3
418000 39 22 856 4
7ff88e5ba000 72 32 960 5
7ff88e5b8000 114 42 1117 5
7ff88e335000 83 60 1261 7
7ff88e4fa000 18 9 1289 7
7ff88e5b7000 82 22 1393 7
7ff88e5b6000 71 15 1479 7
7ff88e5bb000 106 24 1610 7
7ff88e4fc000 80 18 1709 9
7ff88e4fb000 72 19 1801 9
7ff88e55d000 45 9 1856 10
7ff88e55c000 51 6 1914 10
7ff88e56f000 40 4 1959 11
1971 11
0x44d000
44d000 26 20 46 0
415000 21 18 86 0
413000 17 18 122 0
416000 22 18 162 0
44c000 39 23 224 1
44b000 43 29 297 2
449000 35 20 353 2
7ff88e2c1000 56 70 480 3
46d000 163 44 687 3
46c000 115 34 837 3
417000 35 18 890 3
414000 21 17 930 3
418000 39 22 991 4
7ff88e5ba000 72 32 1096 5
7ff88e5b8000 114 42 1253 5
7ff88e335000 83 61 1398 7
7ff88e4fa000 18 9 1425 7
7ff88e5b7000 82 22 1530 7
7ff88e5b6000 71 15 1617 7
7ff88e5bb000 105 25 1748 7
7ff88e4fc000 80 18 1847 9
7ff88e4fb000 72 19 1939 9
7ff88e55d000 46 9 1994 10
7ff88e55c000 50 7 2052 10
7ff88e56f000 40 4 2097 11
2111 11
0x44e000
44e000 25 20 46 1
44d000 26 19 91 1
415000 21 18 131 1
413000 17 17 165 1
416000 21 17 204 1
44c000 38 23 266 1
44b000 42 29 338 2
449000 35 20 394 2
7ff88e2c1000 56 70 521 3
46d000 163 43 728 3
46c000 115 34 878 3
417000 34 19 931 3
414000 22 16 970 3
418000 39 22 1032 4
7ff88e5ba000 72 32 1136 5
7ff88e5b8000 114 42 1293 5
7ff88e335000 83 61 1438 7
7ff88e4fa000 18 9 1465 7
7ff88e5b7000 82 22 1569 7
7ff88e5b6000 71 14 1655 7
7ff88e5bb000 106 25 1787 7
7ff88e4fc000 80 18 1886 9
7ff88e4fb000 72 19 1978 9
7ff88e55d000 45 9 2033 10
7ff88e55c000 51 6 2091 10
7ff88e56f000 40 5 2137 11
2152 11
0x44f000
44f000 58 25 83 1
416000 21 17 122 1
413000 18 17 158 1
417000 34 20 212 1
44e000 25 19 257 1
44d000 25 19 302 1
415000 22 18 343 1
44c000 38 23 405 1
44b000 42 29 477 2
449000 35 20 533 2
7ff88e2c1000 56 69 659 3
46d000 163 44 867 3
46c000 115 34 1016 3
414000 21 17 1055 3
418000 38 22 1116 4
7ff88e5ba000 72 32 1221 5
7ff88e5b8000 113 43 1378 5
7ff88e335000 84 60 1522 7
7ff88e4fa000 18 9 1550 7
7ff88e5b7000 82 22 1654 7
7ff88e5b6000 72 14 1740 7
7ff88e5bb000 106 24 1871 7
7ff88e4fc000 79 18 1970 9
7ff88e4fb000 72 19 2062 9
7ff88e55d000 45 9 2117 10
7ff88e55c000 51 7 2176 10
7ff88e56f000 40 4 2221 11
2238 11
0x450000
450000 28 22 51 1
46c000 115 38 205 1
46d000 163 50 419 1
417000 34 20 473 1
413000 17 17 508 1
432000 47 28 583 2
44f000 57 23 664 2
416000 21 17 703 2
44e000 25 18 747 2
44d000 26 18 792 2
415000 21 17 831 2
44c000 38 22 892 2
44b000 42 28 963 2
449000 35 21 1019 2
7ff88e2c1000 55 70 1145 3
414000 22 16 1184 3
418000 39 22 1246 4
7ff88e5ba000 71 32 1350 5
7ff88e5b8000 114 42 1507 5
7ff88e335000 83 60 1651 7
7ff88e4fa000 18 9 1679 7
7ff88e5b7000 82 22 1783 7
7ff88e5b6000 71 15 1869 7
7ff88e5bb000 106 24 2000 7
7ff88e4fc000 80 18 2099 9
7ff88e4fb000 72 19 2191 9
7ff88e55d000 45 9 2246 10
7ff88e55c000 51 6 2304 10
7ff88e56f000 40 5 2350 11
2369 11
0x432000
432000 46 30 77 2
77 2
0x451000
451000 27 18 45 0
415000 21 18 85 0
413000 17 18 121 0
450000 29 22 172 1
46c000 114 38 325 1
46d000 162 50 538 1
417000 34 20 593 1
432000 47 28 668 2
44f000 57 23 749 2
416000 22 16 788 2
44e000 25 18 832 2
44d000 26 18 877 2
44c000 39 21 938 2
44b000 42 28 1009 2
449000 35 20 1065 2
7ff88e2c1000 56 69 1191 3
414000 21 16 1230 3
418000 39 22 1292 4
7ff88e5ba000 71 32 1396 5
7ff88e5b8000 114 43 1554 5
7ff88e335000 84 60 1698 7
7ff88e4fa000 17 9 1725 7
7ff88e5b7000 82 21 1829 7
7ff88e5b6000 71 15 1916 7
7ff88e5bb000 106 25 2047 7
7ff88e4fc000 80 18 2146 9
7ff88e4fb000 72 19 2238 9
7ff88e55d000 45 9 2293 10
7ff88e55c000 51 6 2351 10
7ff88e56f000 40 5 2397 11
2417 11
0x453000
453000 30 20 50 0
7ff88e5a9000 75 66 191 8
7ff88e5a4000 71 21 284 8
7ff88e5b9000 36 11 332 8
7ff88e4fc000 80 13 426 9
7ff88e4fb000 72 17 516 9
7ff88e55d000 46 7 570 9
7ff88e55c000 51 9 631 9
7ff88e56f000 40 5 677 10
7ff88e562000 47 2 726 10
7ff88e33a000 65 7 799 10
7ff88e339000 62 11 872 10
7ff88e338000 99 5 976 10
7ff88e4fa000 18 0 995 10
7ff88e565000 55 2 1053 10
7ff88e564000 34 1 1089 10
7ff88e55f000 59 1 1150 10
7ff88e55e000 55 1 1207 10
7ff88e559000 38 0 1247 10
7ff88e55a000 38 1 1288 10
7ff88e55b000 31 1 1321 10
7ff88e56b000 30 0 1352 10
7ff88e56a000 32 0 1385 10
7ff88e566000 64 2 1451 10
7ff88e567000 29 0 1481 10
7ff88e569000 33 1 1516 10
7ff88e568000 36 0 1552 10
7ff88e4fe000 73 2 1630 10
7ff88e5b4000 68 2 1701 10
7ff88e4fd000 58 2 1761 10
7ff88e5b3000 46 1 1808 10
7ff88e2a2000 70 3 1883 11
1894 11
0x452000
452000 24 19 43 1
415000 22 18 84 1
413000 17 18 119 1
418000 39 24 182 3
414000 21 16 220 3
46d000 165 42 427 3
46c000 116 32 576 3
417000 34 18 629 3
7ff88e5ba000 73 34 736 4
7ff88e5b8000 115 46 898 4
7ff88e335000 83 67 1049 6
7ff88e4fa000 18 9 1077 6
7ff88e5b7000 82 25 1185 6
7ff88e5b6000 71 16 1273 6
7ff88e5bb000 107 28 1409 6
7ff88e4fc000 80 20 1510 8
7ff88e4fb000 72 24 1607 8
7ff88e55d000 46 10 1664 9
7ff88e55c000 51 9 1725 9
7ff88e56f000 40 5 1771 10
7ff88e562000 47 2 1820 10
7ff88e33a000 65 7 1893 10
7ff88e339000 62 11 1966 10
7ff88e338000 99 5 2070 10
7ff88e5b9000 36 2 2109 10
7ff88e565000 55 2 2167 10
7ff88e564000 35 0 2203 10
7ff88e55f000 59 1 2264 10
7ff88e55e000 55 1 2321 10
7ff88e559000 37 1 2362 10
7ff88e55a000 38 0 2402 10
7ff88e55b000 31 1 2436 10
7ff88e56b000 30 0 2467 10
7ff88e56a000 32 1 2500 10
7ff88e566000 64 2 2566 10
7ff88e567000 29 0 2596 10
7ff88e569000 33 0 2630 10
7ff88e568000 36 0 2667 10
7ff88e4fe000 74 2 2745 10
7ff88e5b4000 68 2 2816 10
7ff88e4fd000 57 3 2876 10
7ff88e5b3000 46 1 2923 10
7ff88e5a9000 75 5 3004 10
7ff88e5a4000 71 4 3080 10
7ff88e4ff000 88 4 3173 10
7ff88e5d3000 48 1 3223 10
7ff88e5d2000 44 1 3269 10
7ff88e501000 61 1 3332 10
7ff88e500000 48 1 3382 10
7ff88e560000 62 2 3447 10
7ff88e561000 84 2 3534 10
7ff88e5ab000 58 2 3595 10
7ff88e5af000 53 2 3651 10
7ff88e5ad000 64 1 3716 11
3740 11
0x427000
427000 45 25 70 2
415000 22 16 109 2
413000 17 17 144 2
46d000 163 47 354 2
46c000 115 36 505 2
417000 34 19 559 2
416000 22 16 597 2
414000 21 17 636 2
426000 38 22 697 2
425000 27 21 746 2
423000 35 20 802 2
7ff88e5a9000 74 58 935 8
7ff88e5a4000 71 21 1028 8
7ff88e5b9000 37 11 1076 8
7ff88e4fc000 80 14 1170 9
7ff88e4fb000 72 17 1260 9
7ff88e55d000 46 7 1314 9
7ff88e55c000 51 9 1375 9
7ff88e56f000 40 5 1421 10
7ff88e562000 47 2 1470 10
7ff88e33a000 65 6 1542 10
7ff88e339000 62 10 1615 10
7ff88e338000 99 5 1720 10
7ff88e4fa000 18 0 1739 10
7ff88e565000 55 1 1796 10
7ff88e564000 35 0 1832 10
7ff88e55f000 59 1 1893 10
7ff88e55e000 56 1 1951 10
7ff88e559000 37 1 1991 10
7ff88e55a000 38 0 2031 10
7ff88e55b000 31 0 2064 10
7ff88e56b000 31 0 2096 10
7ff88e56a000 32 0 2128 10
7ff88e566000 64 2 2195 10
7ff88e567000 29 0 2225 10
7ff88e569000 33 0 2259 10
7ff88e568000 36 0 2296 10
7ff88e4fe000 73 2 2374 10
7ff88e5b4000 68 2 2445 10
7ff88e4fd000 58 2 2505 10
7ff88e5b3000 45 2 2553 10
7ff88e2a2000 70 3 2627 11
2644 11
0x428000
428000 35 23 59 1
59 1
0x464000
464000 25 20 45 0
413000 17 17 80 0
7ff88e4fc000 80 41 202 7
7ff88e4fb000 72 32 307 7
7ff88e55d000 45 14 367 8
7ff88e55c000 51 13 432 8
7ff88e56f000 40 7 480 10
7ff88e562000 47 2 530 10
7ff88e33a000 65 6 602 10
7ff88e339000 62 10 675 10
7ff88e338000 98 6 780 10
7ff88e4fa000 18 1 799 10
7ff88e5b9000 36 2 837 10
7ff88e5b8000 113 5 956 10
7ff88e335000 83 7 1047 10
7ff88e5b7000 81 4 1133 10
7ff88e5b6000 71 1 1206 10
7ff88e5bb000 106 4 1317 10
7ff88e5ba000 72 2 1392 10
7ff88e32f000 57 2 1452 10
7ff88e32e000 50 1 1503 10
7ff88e32d000 45 0 1549 10
7ff88e5a9000 75 5 1630 10
7ff88e5a4000 70 5 1706 10
7ff88e4ff000 89 3 1798 10
7ff88e5b4000 68 2 1869 10
7ff88e5b3000 45 2 1917 10
7ff88e2a2000 75 3 1996 11
2010 11
0x43a000
43a000 27 20 48 2
43f000 36 21 106 2
415000 21 16 144 2
413000 17 16 178 2
439000 31 18 227 2
417000 34 18 280 2
414000 21 16 318 2
425000 26 21 366 2
423000 35 19 421 2
7ff88e5a9000 75 56 553 8
7ff88e5a4000 71 21 646 8
7ff88e5b9000 37 11 694 8
7ff88e4fc000 80 14 788 9
7ff88e4fb000 72 17 878 9
7ff88e55d000 45 8 932 9
7ff88e55c000 51 9 993 9
7ff88e56f000 41 4 1039 10
7ff88e562000 47 2 1089 10
7ff88e33a000 65 6 1161 10
7ff88e339000 63 10 1234 10
7ff88e338000 99 5 1339 10
7ff88e4fa000 18 0 1358 10
7ff88e565000 55 2 1415 10
7ff88e564000 35 0 1451 10
7ff88e55f000 59 1 1512 10
7ff88e55e000 55 1 1569 10
7ff88e559000 37 1 1610 10
7ff88e55a000 38 0 1650 10
7ff88e55b000 31 1 1684 10
7ff88e56b000 30 0 1715 10
7ff88e56a000 32 1 1748 10
7ff88e566000 64 2 1814 10
7ff88e567000 29 0 1844 10
7ff88e569000 33 0 1878 10
7ff88e568000 36 0 1915 10
7ff88e4fe000 73 2 1993 10
7ff88e5b4000 68 2 2064 10
7ff88e4fd000 57 3 2124 10
7ff88e5b3000 46 1 2171 10
7ff88e2a2000 71 3 2246 11
2261 11
0x43f000
43f000 36 25 62 1
62 1
0x439000
439000 31 21 52 1
52 1
0x43b000
43b000 27 19 46 1
415000 22 17 86 1
413000 16 17 120 1
416000 21 17 159 1
417000 34 20 214 1
414000 21 17 253 1
46d000 163 50 467 1
46c000 114 39 621 1
418000 39 24 684 2
7ff88e5ba000 72 37 793 4
7ff88e5b8000 114 46 953 4
7ff88e335000 83 66 1103 6
7ff88e4fa000 18 9 1131 6
7ff88e5b7000 82 24 1237 6
7ff88e5b6000 72 15 1325 6
7ff88e5bb000 106 28 1460 6
7ff88e4fc000 80 20 1561 8
7ff88e4fb000 72 24 1658 8
7ff88e55d000 45 11 1715 9
7ff88e55c000 50 9 1775 9
7ff88e56f000 41 4 1821 10
7ff88e562000 47 2 1871 10
7ff88e33a000 65 6 1943 10
7ff88e339000 62 10 2016 10
7ff88e338000 98 6 2121 10
7ff88e5b9000 37 1 2159 10
7ff88e565000 55 2 2218 10
7ff88e564000 34 1 2254 10
7ff88e55f000 58 2 2315 10
7ff88e55e000 55 1 2372 10
7ff88e559000 38 0 2412 10
7ff88e55a000 38 1 2453 10
7ff88e55b000 32 0 2486 10
7ff88e56b000 30 1 2518 10
7ff88e56a000 32 0 2550 10
7ff88e566000 63 2 2616 10
7ff88e567000 29 1 2647 10
7ff88e569000 38 0 2708 10
7ff88e568000 36 0 2745 10
7ff88e4fe000 73 2 2823 10
7ff88e5b4000 68 2 2894 10
7ff88e4fd000 57 2 2954 10
7ff88e5b3000 45 2 3002 10
7ff88e5a9000 75 4 3082 10
7ff88e5a4000 71 5 3159 10
7ff88e4ff000 89 3 3251 10
7ff88e5d3000 48 1 3302 10
7ff88e5d2000 44 1 3348 10
7ff88e501000 60 1 3410 10
7ff88e500000 48 1 3461 10
7ff88e560000 62 1 3525 10
7ff88e561000 83 2 3612 10
7ff88e5ab000 59 2 3674 10
7ff88e5af000 54 1 3730 10
7ff88e5ad000 63 1 3795 11
3819 11
0x43c000
43c000 19 18 37 1
415000 21 18 77 1
413000 17 17 111 1
46d000 162 50 324 1
46c000 115 38 478 1
417000 34 19 532 1
43b000 27 18 578 1
416000 22 17 618 1
414000 21 17 657 1
418000 39 24 721 2
7ff88e5ba000 72 36 830 4
7ff88e5b8000 114 45 990 4
7ff88e335000 83 67 1141 6
7ff88e4fa000 17 9 1168 6
7ff88e5b7000 82 24 1275 6
7ff88e5b6000 71 16 1363 6
7ff88e5bb000 106 27 1497 6
7ff88e4fc000 79 20 1598 8
7ff88e4fb000 72 24 1695 8
7ff88e55d000 46 10 1752 9
7ff88e55c000 50 9 1813 9
7ff88e56f000 40 5 1859 10
7ff88e562000 47 2 1909 10
7ff88e33a000 65 6 1981 10
7ff88e339000 62 10 2054 10
7ff88e338000 98 6 2159 10
7ff88e5b9000 37 1 2197 10
7ff88e565000 55 2 2256 10
7ff88e564000 35 0 2292 10
7ff88e55f000 59 1 2353 10
7ff88e55e000 55 1 2410 10
7ff88e559000 37 1 2451 10
7ff88e55a000 39 0 2491 10
7ff88e55b000 31 1 2525 10
7ff88e56b000 30 0 2556 10
7ff88e56a000 32 1 2589 10
7ff88e566000 64 2 2655 10
7ff88e567000 29 0 2685 10
7ff88e569000 33 1 2720 10
7ff88e568000 35 1 2757 10
7ff88e4fe000 73 2 2834 10
7ff88e5b4000 68 2 2905 10
7ff88e4fd000 57 2 2965 10
7ff88e5b3000 46 1 3013 10
7ff88e5a9000 75 5 3094 10
7ff88e5a4000 71 4 3170 10
7ff88e4ff000 88 4 3263 10
7ff88e5d3000 48 1 3313 10
7ff88e5d2000 44 1 3359 10
7ff88e501000 61 1 3422 10
7ff88e500000 48 1 3472 10
7ff88e560000 62 1 3536 10
7ff88e561000 84 2 3623 10
7ff88e5ab000 58 3 3685 10
7ff88e5af000 54 1 3740 10
7ff88e5ad000 63 1 3805 11
3831 11
0x43d000
43d000 21 20 41 0
41 0
0x45d000
45d000 36 26 62 3
7ff88e2c1000 56 63 181 5
415000 21 15 218 5
413000 16 15 250 5
416000 22 14 286 5
7ff88e5ab000 58 32 377 5
417000 34 17 428 5
7ff88e5a9000 75 44 547 9
7ff88e5a4000 71 17 636 9
7ff88e5b9000 36 10 683 9
7ff88e4fc000 80 11 775 10
7ff88e4fb000 72 12 860 10
7ff88e55d000 45 6 912 10
7ff88e55c000 52 7 972 10
7ff88e56f000 40 4 1017 11
1024 11
0x45e000
45e000 45 25 70 2
70 2
