0x403000
403000 62 32 95 2
7f66428e3000 68 96 260 3
402000 47 28 336 4
7f66428d1000 54 50 440 4
7f66428d0000 77 77 595 6
7f66428cf000 62 41 698 6
7f66427e5000 122 18 838 6
7f66428ce000 46 16 900 6
7f66428cd000 44 15 959 6
7f6642862000 84 48 1092 7
7f6642861000 87 27 1207 7
7f6642922000 101 27 1335 7
7f6642860000 61 21 1417 7
7f664285f000 81 22 1520 7
7f6642857000 149 27 1696 8
7f664285e000 92 13 1802 8
7f664285d000 67 18 1888 8
7f6642858000 61 21 1970 8
7f6642824000 57 17 2045 8
7f66428f2000 90 17 2152 9
7f66428f1000 116 13 2281 9
7f66428f0000 68 22 2372 9
7f66428ee000 73 10 2456 9
7f66428cc000 53 7 2516 9
7f66428cb000 48 8 2573 9
7f66428ca000 35 6 2615 9
7f66428c9000 45 8 2669 9
7f66428c8000 39 7 2716 9
7f66428c7000 43 8 2767 9
7f6642901000 52 9 2829 9
7f6642850000 60 11 2900 9
7f66428db000 60 17 2977 10
7f66428d7000 78 11 3067 10
7f66428d6000 57 14 3138 10
7f66428d9000 94 8 3240 10
7f66428d8000 61 10 3311 10
7f66428da000 48 7 3367 10
7f6642851000 76 8 3451 10
7f6642854000 102 8 3561 10
7f6642825000 32 5 3598 10
7f664284e000 47 5 3650 10
7f66428a6000 48 5 3703 10
7f66428a5000 56 9 3769 10
7f6642907000 44 5 3819 10
7f6642906000 58 6 3883 10
7f6642905000 48 5 3936 10
7f6642904000 63 5 4005 11
4008 11
0x402000
402000 48 34 82 2
82 2
0x40f000
40f000 97 30 127 1
127 1
0x406000
406000 42 37 79 3
7f66428db000 60 50 190 5
7f66428d7000 78 47 316 6
7f66428d6000 63 51 431 6
7f66428d1000 54 36 521 6
7f66428d0000 77 55 654 7
7f66428cf000 62 30 746 7
7f66427e5000 121 12 880 7
7f66428ce000 46 11 937 7
7f66428cd000 44 9 990 7
7f6642862000 83 35 1109 7
7f6642861000 84 25 1219 7
7f6642922000 99 22 1340 7
7f6642860000 61 18 1419 7
7f664285f000 81 19 1520 7
7f6642857000 149 25 1695 8
7f664285e000 93 11 1799 8
7f664285d000 68 15 1882 8
7f6642858000 61 18 1961 8
7f6642824000 56 10 2028 8
7f66428f2000 91 14 2133 9
7f66428f1000 108 9 2251 9
7f66428f0000 69 19 2339 9
7f66428ee000 74 7 2421 9
7f66428cc000 53 5 2480 9
7f66428cb000 49 6 2536 10
7f66428ca000 35 3 2575 10
7f66428c9000 46 4 2626 10
7f66428c8000 39 4 2670 10
7f66428c7000 43 4 2717 10
7f6642901000 53 4 2775 10
7f66428e3000 68 16 2860 10
7f6642850000 61 5 2926 10
7f664284f000 48 6 2981 10
7f6642856000 83 8 3072 11
3074 11
0x404000
404000 27 19 46 0
402000 47 34 129 2
7f6642874000 57 32 219 3
7f6642873000 50 17 287 3
7f6642872000 45 17 350 3
7f66428db000 60 53 464 6
7f66428d7000 79 40 583 7
7f66428d6000 56 41 681 7
7f66428d1000 55 36 772 7
7f66428d0000 77 46 896 8
7f66428cf000 62 24 982 8
7f66427e5000 122 9 1114 8
7f66428ce000 45 9 1169 8
7f66428cd000 43 8 1221 8
7f6642862000 84 28 1334 8
7f6642861000 85 20 1440 8
7f6642922000 100 18 1559 8
7f6642860000 61 15 1635 8
7f664285f000 82 16 1733 8
7f6642857000 150 21 1904 9
7f664285e000 94 8 2006 9
7f664285d000 67 12 2086 9
7f6642858000 61 14 2161 9
7f6642824000 56 8 2225 9
7f66428f2000 90 11 2326 10
7f66428f1000 108 6 2440 10
7f66428f0000 69 11 2520 10
7f66428ee000 74 5 2600 10
7f66428cc000 54 3 2657 10
7f66428cb000 49 4 2711 10
7f66428ca000 35 3 2750 10
7f66428c9000 45 4 2800 10
7f66428c8000 39 4 2844 10
7f66428c7000 43 4 2891 10
7f6642901000 53 4 2949 10
7f66428e3000 68 16 3034 10
7f6642850000 61 5 3100 10
7f664284f000 51 6 3158 10
7f6642856000 82 8 3248 11
3251 11
0x408000
408000 54 28 82 1
402000 48 32 163 2
40f000 96 27 286 2
407000 35 23 344 2
406000 42 33 420 3
7f66428db000 62 54 537 5
7f66428d7000 79 47 663 6
7f66428d6000 56 50 770 6
7f66428d1000 55 35 860 6
7f66428d0000 78 54 992 7
7f66428cf000 61 33 1087 7
7f66427e5000 121 12 1220 7
7f66428ce000 45 11 1276 7
7f66428cd000 43 10 1329 7
7f6642862000 83 35 1448 7
7f6642861000 85 25 1559 7
7f6642922000 99 22 1681 7
7f6642860000 61 18 1761 7
7f664285f000 81 20 1863 7
7f6642857000 150 25 2039 8
7f664285e000 94 11 2144 8
7f664285d000 67 16 2228 8
7f6642858000 61 19 2308 8
7f6642824000 56 10 2375 8
7f66428f2000 91 14 2480 9
7f66428f1000 108 9 2597 9
7f66428f0000 68 20 2686 9
7f66428ee000 75 7 2768 9
7f66428cc000 54 5 2827 9
7f66428cb000 49 6 2883 10
7f66428ca000 35 4 2923 10
7f66428c9000 45 4 2973 10
7f66428c8000 39 4 3017 10
7f66428c7000 43 4 3064 10
7f6642901000 53 4 3122 10
7f66428e3000 68 16 3207 10
7f6642850000 61 5 3273 10
7f664284f000 49 6 3328 10
7f6642856000 82 8 3418 11
3423 11
0x407000
407000 35 25 61 1
406000 42 35 139 3
7f66428db000 61 50 251 5
7f66428d7000 78 48 378 6
7f66428d6000 57 50 485 6
7f66428d1000 54 36 575 6
7f66428d0000 78 54 707 7
7f66428cf000 61 31 800 7
7f66427e5000 122 12 934 7
7f66428ce000 46 11 991 7
7f66428cd000 44 9 1044 7
7f6642862000 84 36 1165 7
7f6642861000 85 25 1275 7
7f6642922000 99 22 1396 7
7f6642860000 61 18 1475 7
7f664285f000 81 19 1576 7
7f6642857000 148 25 1750 8
7f664285e000 92 11 1854 8
7f664285d000 68 15 1938 8
7f6642858000 61 19 2018 8
7f6642824000 56 10 2084 8
7f66428f2000 90 15 2189 9
7f66428f1000 107 9 2305 9
7f66428f0000 68 20 2393 9
7f66428ee000 74 8 2475 9
7f66428cc000 53 6 2534 9
7f66428cb000 48 6 2589 10
7f66428ca000 35 3 2628 10
7f66428c9000 46 4 2679 10
7f66428c8000 40 3 2722 10
7f66428c7000 43 4 2770 10
7f6642901000 53 4 2828 10
7f66428e3000 68 16 2912 10
7f6642850000 60 6 2978 10
7f664284f000 48 6 3032 10
7f6642856000 81 7 3121 11
3126 11
0x40e000
40e000 42 28 70 1
40d000 30 23 124 3
402000 48 25 198 4
7f6642862000 82 59 340 4
7f6642861000 87 39 466 5
7f6642922000 99 32 598 5
7f6642860000 60 28 687 5
7f664285f000 81 29 797 5
7f6642857000 150 37 985 7
7f664285e000 93 16 1094 7
7f664285d000 67 22 1183 7
7f6642858000 60 27 1271 7
7f66427e5000 121 11 1403 7
7f6642824000 55 15 1474 7
7f66428f2000 91 20 1585 8
7f66428f1000 106 15 1707 8
7f66428f0000 68 30 1806 8
7f66428ee000 74 12 1892 8
7f6642874000 57 13 1962 9
7f6642873000 50 6 2018 9
7f6642872000 45 6 2070 9
7f6642807000 47 13 2132 10
7f66428db000 60 9 2202 11
2205 11
0x40d000
40d000 29 25 54 3
402000 48 25 128 4
7f6642862000 82 58 269 4
7f6642861000 84 40 394 5
7f6642922000 100 32 526 5
7f6642860000 60 28 615 5
7f664285f000 81 29 725 5
7f6642857000 149 38 913 7
7f664285e000 95 16 1024 7
7f664285d000 68 22 1115 7
7f6642858000 60 27 1203 7
7f66427e5000 122 11 1337 7
7f6642824000 56 15 1409 7
7f66428f2000 90 20 1519 8
7f66428f1000 108 15 1643 8
7f66428f0000 69 30 1743 8
7f66428ee000 74 12 1829 8
7f6642874000 58 13 1901 9
7f6642873000 50 6 1958 9
7f6642872000 45 6 2010 9
7f6642807000 47 14 2072 10
7f66428db000 60 9 2141 11
2143 11
0x40c000
40c000 39 23 62 1
402000 48 32 143 2
40b000 47 34 224 2
40f000 95 27 347 2
7f6642874000 56 32 436 3
7f6642873000 49 17 503 3
7f6642872000 45 17 566 3
7f66428db000 59 52 678 6
7f66428d7000 78 41 798 7
7f66428d6000 56 42 896 7
7f66428d1000 54 29 979 7
7f66428d0000 77 45 1102 8
7f66428cf000 61 24 1187 8
7f66427e5000 121 10 1319 8
7f66428ce000 45 9 1373 8
7f66428cd000 44 8 1425 8
7f6642862000 83 28 1537 8
7f6642861000 84 20 1642 8
7f6642922000 98 18 1759 8
7f6642860000 61 15 1835 8
7f664285f000 81 16 1932 8
7f6642857000 149 21 2102 9
7f664285e000 93 8 2203 9
7f664285d000 67 12 2282 9
7f6642858000 60 14 2356 9
7f6642824000 56 7 2419 9
7f66428f2000 89 10 2519 10
7f66428f1000 107 6 2633 10
7f66428f0000 68 12 2713 10
7f66428ee000 74 5 2792 10
7f66428cc000 53 4 2849 10
7f66428cb000 48 4 2902 10
7f66428ca000 34 4 2941 10
7f66428c9000 46 4 2991 10
7f66428c8000 39 4 3034 10
7f66428c7000 43 4 3081 10
7f6642901000 52 4 3138 10
7f66428e3000 68 15 3222 10
7f6642850000 60 5 3288 10
7f664284f000 48 6 3343 10
7f6642856000 82 7 3432 11
3436 11
0x40b000
40b000 47 39 86 2
402000 47 30 164 2
40f000 95 26 286 2
7f6642874000 56 32 375 3
7f6642873000 49 17 442 3
7f6642872000 45 17 505 3
7f66428db000 60 52 618 6
7f66428d7000 79 40 737 7
7f66428d6000 56 41 834 7
7f66428d1000 54 29 918 7
7f66428d0000 77 45 1040 8
7f66428cf000 61 24 1126 8
7f66427e5000 121 9 1257 8
7f66428ce000 45 9 1312 8
7f66428cd000 43 9 1364 8
7f6642862000 83 29 1476 8
7f6642861000 85 20 1581 8
7f6642922000 99 18 1698 8
7f6642860000 61 15 1774 8
7f664285f000 81 16 1871 8
7f6642857000 152 21 2044 9
7f664285e000 95 8 2147 9
7f664285d000 70 11 2228 9
7f6642858000 61 14 2304 9
7f6642824000 56 8 2369 9
7f66428f2000 90 10 2469 10
7f66428f1000 106 6 2582 10
7f66428f0000 68 11 2662 10
7f66428ee000 74 5 2742 10
7f66428cc000 53 4 2799 10
7f66428cb000 48 4 2852 10
7f66428ca000 36 3 2892 10
7f66428c9000 45 4 2942 10
7f66428c8000 39 4 2985 10
7f66428c7000 44 4 3033 10
7f6642901000 54 4 3092 10
7f66428e3000 70 15 3177 10
7f6642850000 60 6 3244 10
7f664284f000 48 6 3298 10
7f6642856000 81 7 3387 11
3390 11
0x40a000
40a000 33 27 60 2
7f66428db000 60 54 175 4
7f66428d7000 78 53 307 5
7f66428d6000 57 57 421 5
7f66428d1000 55 40 516 5
7f66428d0000 77 63 657 7
7f66428cf000 61 31 750 7
7f66427e5000 121 11 883 7
7f66428ce000 45 11 940 7
7f66428cd000 44 9 993 7
7f6642862000 83 35 1112 7
7f6642861000 85 25 1223 7
7f6642922000 101 22 1346 7
7f6642860000 61 19 1427 7
7f664285f000 81 20 1528 7
7f6642857000 150 25 1703 8
7f664285e000 94 11 1808 8
7f664285d000 68 15 1892 8
7f6642858000 60 19 1972 8
7f6642824000 56 10 2038 8
7f66428f2000 89 15 2142 9
7f66428f1000 107 9 2258 9
7f66428f0000 68 19 2346 9
7f66428ee000 74 7 2428 9
7f66428cc000 53 6 2487 9
7f66428cb000 48 6 2542 10
7f66428ca000 35 3 2581 10
7f66428c9000 45 4 2631 10
7f66428c8000 39 3 2674 10
7f66428c7000 43 4 2722 10
7f6642901000 52 4 2779 10
7f66428e3000 67 16 2863 10
7f6642850000 60 6 2929 10
7f664284f000 48 6 2983 10
7f6642856000 81 7 3072 11
3075 11
0x409000
409000 51 36 88 4
402000 47 26 162 4
7f66428db000 60 48 270 7
7f66428d7000 78 35 383 7
7f66428d6000 57 41 481 7
7f66428d1000 54 29 564 7
7f66428d0000 77 45 687 8
7f66428cf000 61 25 773 8
7f66427e5000 122 9 904 8
7f66428ce000 45 9 959 8
7f66428cd000 44 8 1011 8
7f6642862000 82 29 1123 8
7f6642861000 85 20 1228 8
7f6642922000 99 18 1345 8
7f6642860000 60 15 1420 8
7f664285f000 80 16 1517 8
7f6642857000 148 20 1686 9
7f664285e000 92 9 1788 9
7f664285d000 67 11 1866 9
7f6642858000 60 14 1941 9
7f6642824000 56 7 2004 9
7f66428f2000 90 10 2104 10
7f66428f1000 107 6 2218 10
7f66428f0000 68 12 2298 10
7f66428ee000 74 5 2377 10
7f66428cc000 53 3 2433 10
7f66428cb000 48 4 2486 10
7f66428ca000 35 3 2525 10
7f66428c9000 45 4 2575 10
7f66428c8000 39 3 2618 10
7f66428c7000 43 4 2666 10
7f6642901000 52 4 2723 10
7f66428e3000 68 15 2807 10
7f6642850000 60 5 2873 10
7f664284f000 48 6 2927 10
7f6642856000 81 7 3016 11
3019 11
0x405000
405000 37 26 63 1
7f66428db000 60 60 184 5
7f66428d7000 78 45 308 6
7f66428d6000 56 47 412 6
7f66428d1000 54 33 500 6
7f66428d0000 76 52 629 8
7f66428cf000 61 24 715 8
7f66427e5000 121 10 846 8
7f66428ce000 45 9 900 8
7f66428cd000 44 8 952 8
7f6642862000 83 28 1063 8
7f6642861000 85 20 1168 8
7f6642922000 99 18 1285 8
7f6642860000 60 15 1360 8
7f664285f000 81 16 1457 8
7f6642857000 148 20 1626 9
7f664285e000 93 8 1727 9
7f664285d000 67 11 1806 9
7f6642858000 60 14 1880 9
7f6642824000 56 7 1943 9
7f66428f2000 90 10 2043 9
7f66428f1000 107 9 2160 9
7f66428f0000 68 19 2247 9
7f66428ee000 74 7 2329 9
7f66428cc000 53 6 2388 9
7f66428cb000 48 6 2443 10
7f66428ca000 35 3 2482 10
7f66428c9000 45 5 2533 10
7f66428c8000 39 4 2576 10
7f66428c7000 43 4 2623 10
7f6642901000 52 4 2680 10
7f66428e3000 68 16 2765 10
7f6642850000 60 6 2831 10
7f664284f000 48 6 2885 10
7f6642856000 81 8 2975 11
2978 11
