0x558aeff03000
558aeff03000 78 37 116 3
558aeff98000 1011 175 1303 3
558aeff02000 57 23 1383 3
558aefea9000 55 23 1462 3
558aefda2000 17 15 1495 3
558aeff46000 55 23 1574 3
558aeff45000 51 25 1651 3
558aeff95000 1012 186 2850 3
558aeff97000 1019 186 4056 3
558aeff61000 58 26 4141 3
7f3bac369000 45 19 4206 3
7f3bac368000 40 21 4267 3
7f3bac365000 53 28 4349 4
7f3bac362000 53 26 4428 4
7f3bac3f1000 98 42 4568 4
7f3bac3f0000 98 38 4705 4
7f3bac2b3000 120 20 4845 4
7f3bac3c0000 89 35 4970 6
7f3bac3bf000 106 25 5102 6
7f3bac3be000 68 56 5227 6
7f3bac3bc000 73 21 5321 6
7f3bac2c4000 73 25 5419 7
7f3bac2c3000 36 15 5471 8
7f3bac2c2000 52 10 5534 8
7f3bac2c1000 83 14 5631 8
7f3bac2c0000 33 9 5673 8
7f3bac2b8000 44 12 5730 8
7f3bac2b7000 42 13 5785 8
7f3bac2b6000 61 10 5856 8
7f3bac313000 72 17 5945 8
7f3bac320000 84 14 6043 8
7f3bac31f000 76 20 6140 8
7f3bac3a4000 56 33 6229 8
7f3bac39f000 53 23 6306 8
7f3bac39e000 76 36 6419 8
7f3bac39d000 67 24 6511 8
7f3bac39c000 45 9 6566 8
7f3bac39b000 43 8 6617 8
7f3bac330000 82 28 6728 8
7f3bac32f000 85 19 6832 8
7f3bac32e000 59 15 6907 8
7f3bac32d000 80 16 7004 8
7f3bac325000 148 20 7172 9
7f3bac32c000 91 8 7272 9
7f3bac32b000 66 12 7351 9
7f3bac326000 60 13 7424 9
7f3bac2f2000 55 8 7488 9
7f3bac39a000 60 6 7554 9
7f3bac399000 47 7 7609 10
7f3bac398000 34 3 7647 10
7f3bac397000 45 4 7697 10
7f3bac396000 38 4 7740 10
7f3bac395000 43 4 7787 10
7f3bac3cf000 52 4 7844 10
7f3bac3b1000 68 15 7927 10
7f3bac31e000 59 6 7993 10
7f3bac3a9000 60 9 8062 11
8071 11
0x558aeff98000
558aeff98000 1019 215 1234 0
1235 0
0x558aeff02000
558aeff02000 56 26 82 1
558aefea9000 55 25 163 1
558aefda2000 17 17 198 1
558aeff98000 1003 202 1403 1
558aeff46000 55 26 1485 2
558aeff45000 51 25 1562 2
558aeff95000 1008 198 2769 3
558aeff97000 1019 180 3969 3
558aeff61000 59 26 4055 3
7f3bac369000 44 20 4120 3
7f3bac368000 40 21 4181 3
7f3bac365000 53 28 4263 4
7f3bac362000 53 26 4342 4
7f3bac3f1000 98 42 4482 4
7f3bac3f0000 97 38 4618 4
7f3bac2b3000 119 20 4758 4
7f3bac3c0000 88 36 4883 6
7f3bac3bf000 108 25 5016 6
7f3bac3be000 68 51 5135 6
7f3bac3bc000 74 21 5230 6
7f3bac2c4000 74 31 5335 7
7f3bac2c3000 37 15 5388 8
7f3bac2c2000 52 10 5451 8
7f3bac2c1000 83 14 5549 8
7f3bac2c0000 33 9 5592 8
7f3bac2b8000 46 11 5649 8
7f3bac2b7000 41 13 5704 8
7f3bac2b6000 62 10 5776 8
7f3bac313000 73 17 5866 8
7f3bac320000 85 14 5965 8
7f3bac31f000 76 20 6062 8
7f3bac3a4000 56 33 6152 8
7f3bac39f000 54 23 6230 8
7f3bac39e000 81 38 6350 8
7f3bac39d000 61 24 6436 8
7f3bac39c000 45 9 6491 8
7f3bac39b000 43 8 6542 8
7f3bac330000 83 28 6654 8
7f3bac32f000 84 20 6759 8
7f3bac32e000 60 15 6834 8
7f3bac32d000 81 16 6932 8
7f3bac325000 148 21 7101 9
7f3bac32c000 93 9 7203 9
7f3bac32b000 67 12 7282 9
7f3bac326000 60 14 7356 9
7f3bac2f2000 55 8 7419 9
7f3bac39a000 52 6 7477 9
7f3bac399000 48 6 7532 10
7f3bac398000 34 4 7571 10
7f3bac397000 45 4 7620 10
7f3bac396000 38 4 7663 10
7f3bac395000 42 4 7710 10
7f3bac3cf000 52 5 7768 10
7f3bac3b1000 68 15 7851 10
7f3bac31e000 59 6 7917 10
7f3bac3a9000 59 9 7985 11
7993 11
0x558aefea9000
558aefea9000 55 28 83 1
558aefda2000 20 17 121 1
558aeff98000 1015 202 1338 1
558aeff46000 56 27 1422 2
558aeff45000 51 25 1499 2
558aeff95000 1019 200 2719 3
558aeff97000 1017 181 3918 3
558aeff61000 58 26 4003 3
7f3bac369000 44 20 4068 3
7f3bac368000 40 21 4129 3
7f3bac365000 53 28 4211 4
7f3bac362000 52 26 4290 4
7f3bac3f1000 97 43 4431 4
7f3bac3f0000 99 38 4568 4
7f3bac2b3000 121 20 4709 4
7f3bac3c0000 90 35 4834 6
7f3bac3bf000 106 25 4966 6
7f3bac3be000 68 50 5085 6
7f3bac3bc000 74 20 5180 6
7f3bac2c4000 74 25 5279 7
7f3bac2c3000 37 15 5332 8
7f3bac2c2000 52 10 5395 8
7f3bac2c1000 83 14 5492 8
7f3bac2c0000 33 9 5535 8
7f3bac2b8000 45 11 5592 8
7f3bac2b7000 42 12 5647 8
7f3bac2b6000 61 10 5719 8
7f3bac313000 72 17 5809 8
7f3bac320000 84 15 5908 8
7f3bac31f000 76 20 6004 8
7f3bac3a4000 56 33 6093 8
7f3bac39f000 53 23 6170 8
7f3bac39e000 76 36 6283 8
7f3bac39d000 60 24 6368 8
7f3bac39c000 45 8 6422 8
7f3bac39b000 42 8 6473 8
7f3bac330000 82 28 6584 8
7f3bac32f000 83 20 6688 8
7f3bac32e000 60 15 6763 8
7f3bac32d000 80 16 6859 8
7f3bac325000 145 21 7026 9
7f3bac32c000 91 8 7125 9
7f3bac32b000 66 12 7204 9
7f3bac326000 60 13 7277 9
7f3bac2f2000 55 7 7340 9
7f3bac39a000 52 5 7398 9
7f3bac399000 48 6 7453 10
7f3bac398000 35 3 7492 10
7f3bac397000 45 4 7542 10
7f3bac396000 39 3 7585 10
7f3bac395000 43 4 7633 10
7f3bac3cf000 52 4 7690 10
7f3bac3b1000 69 15 7774 10
7f3bac31e000 60 5 7840 10
7f3bac3a9000 60 9 7909 11
7916 11
0x558aefda2000
558aefda2000 17 17 34 0
34 0
0x558aeff46000
558aeff46000 59 27 86 2
558aeff98000 1018 189 1294 2
558aeff45000 52 24 1371 2
558aeff95000 1018 203 2593 3
558aeff97000 1008 180 3782 3
558aeff61000 57 26 3866 3
7f3bac369000 44 19 3930 3
7f3bac368000 39 21 3991 3
7f3bac365000 53 27 4072 4
7f3bac362000 52 26 4151 4
7f3bac3f1000 97 43 4291 4
7f3bac3f0000 98 38 4427 4
7f3bac2b3000 120 20 4567 4
7f3bac3c0000 89 35 4691 6
7f3bac3bf000 106 25 4822 6
7f3bac3be000 68 50 4940 6
7f3bac3bc000 73 21 5034 6
7f3bac2c4000 73 25 5132 7
7f3bac2c3000 36 15 5184 8
7f3bac2c2000 52 10 5247 8
7f3bac2c1000 82 14 5343 8
7f3bac2c0000 33 9 5386 8
7f3bac2b8000 45 11 5442 8
7f3bac2b7000 42 12 5497 8
7f3bac2b6000 61 10 5568 8
7f3bac313000 72 16 5657 8
7f3bac320000 84 14 5756 8
7f3bac31f000 76 20 5852 8
7f3bac3a4000 56 33 5941 8
7f3bac39f000 53 24 6019 8
7f3bac39e000 76 36 6131 8
7f3bac39d000 60 24 6216 8
7f3bac39c000 45 8 6270 8
7f3bac39b000 43 7 6321 8
7f3bac330000 82 28 6432 8
7f3bac32f000 83 20 6536 8
7f3bac32e000 60 15 6611 8
7f3bac32d000 80 16 6707 8
7f3bac325000 146 20 6873 9
7f3bac32c000 92 8 6973 9
7f3bac32b000 67 11 7051 9
7f3bac326000 60 14 7125 9
7f3bac2f2000 55 7 7187 9
7f3bac39a000 52 5 7245 9
7f3bac399000 48 6 7300 10
7f3bac398000 35 3 7339 10
7f3bac397000 45 4 7389 10
7f3bac396000 39 3 7431 10
7f3bac395000 43 3 7478 10
7f3bac3cf000 52 4 7535 10
7f3bac3b1000 67 16 7619 10
7f3bac31e000 59 6 7685 10
7f3bac3a9000 59 9 7753 11
7759 11
0x558aeff45000
558aeff45000 51 27 78 2
558aeff98000 1004 187 1270 2
558aeff95000 1006 198 2475 3
558aeff97000 1008 180 3664 3
558aeff61000 57 26 3748 3
7f3bac369000 44 19 3812 3
7f3bac368000 39 21 3873 3
7f3bac365000 53 28 3955 4
7f3bac362000 52 26 4033 4
7f3bac3f1000 96 43 4173 4
7f3bac3f0000 98 38 4309 4
7f3bac2b3000 120 20 4449 4
7f3bac3c0000 89 35 4573 6
7f3bac3bf000 105 25 4704 6
7f3bac3be000 67 51 4823 6
7f3bac3bc000 73 20 4916 6
7f3bac2c4000 73 25 5015 7
7f3bac2c3000 36 16 5068 8
7f3bac2c2000 52 10 5130 8
7f3bac2c1000 83 14 5227 8
7f3bac2c0000 34 8 5269 8
7f3bac2b8000 45 11 5326 8
7f3bac2b7000 42 13 5381 8
7f3bac2b6000 61 10 5452 8
7f3bac313000 73 16 5541 8
7f3bac320000 83 15 5640 8
7f3bac31f000 76 20 5736 8
7f3bac3a4000 57 33 5826 8
7f3bac39f000 54 23 5903 8
7f3bac39e000 76 36 6016 8
7f3bac39d000 60 24 6101 8
7f3bac39c000 45 8 6155 8
7f3bac39b000 42 8 6206 8
7f3bac330000 82 28 6317 8
7f3bac32f000 83 20 6421 8
7f3bac32e000 60 15 6496 8
7f3bac32d000 80 16 6592 8
7f3bac325000 146 20 6759 9
7f3bac32c000 92 8 6859 9
7f3bac32b000 67 11 6937 9
7f3bac326000 60 13 7010 9
7f3bac2f2000 55 7 7073 9
7f3bac39a000 52 5 7131 9
7f3bac399000 48 6 7186 10
7f3bac398000 34 4 7225 10
7f3bac397000 45 5 7275 10
7f3bac396000 39 3 7317 10
7f3bac395000 42 4 7364 10
7f3bac3cf000 52 4 7421 10
7f3bac3b1000 67 16 7505 10
7f3bac31e000 60 5 7570 10
7f3bac3a9000 59 9 7639 11
7644 11
0x558aeff95000
558aeff95000 1007 230 1237 1
1237 1
0x558aeff97000
558aeff97000 1007 225 1232 1
558aeff61000 58 29 1320 3
558aeff98000 1005 173 2499 3
7f3bac369000 44 19 2563 3
7f3bac368000 39 21 2624 3
7f3bac365000 52 28 2705 4
7f3bac362000 52 26 2784 4
7f3bac3f1000 97 43 2925 4
7f3bac3f0000 99 38 3062 4
7f3bac2b3000 120 21 3203 4
7f3bac3c0000 89 36 3328 6
7f3bac3bf000 107 25 3460 6
7f3bac3be000 68 51 3579 6
7f3bac3bc000 74 21 3674 6
7f3bac2c4000 74 25 3773 7
7f3bac2c3000 37 15 3826 8
7f3bac2c2000 53 10 3889 8
7f3bac2c1000 83 14 3986 8
7f3bac2c0000 33 9 4029 8
7f3bac2b8000 45 12 4086 8
7f3bac2b7000 42 13 4141 8
7f3bac2b6000 62 10 4213 8
7f3bac313000 73 16 4302 8
7f3bac320000 84 14 4401 8
7f3bac31f000 76 20 4498 8
7f3bac3a4000 57 33 4588 8
7f3bac39f000 54 24 4666 8
7f3bac39e000 77 36 4779 8
7f3bac39d000 61 24 4865 8
7f3bac39c000 45 8 4919 8
7f3bac39b000 43 8 4971 8
7f3bac330000 82 29 5083 8
7f3bac32f000 84 20 5187 8
7f3bac32e000 60 15 5262 8
7f3bac32d000 80 16 5359 8
7f3bac325000 147 20 5527 9
7f3bac32c000 92 8 5628 9
7f3bac32b000 67 12 5707 9
7f3bac326000 60 14 5781 9
7f3bac2f2000 56 7 5844 9
7f3bac39a000 53 6 5903 9
7f3bac399000 48 6 5957 10
7f3bac398000 35 4 5997 10
7f3bac397000 45 4 6046 10
7f3bac396000 39 3 6089 10
7f3bac395000 43 3 6136 10
7f3bac3cf000 53 4 6194 10
7f3bac3b1000 68 16 6278 10
7f3bac31e000 59 6 6344 10
7f3bac3a9000 60 9 6413 11
6416 11
0x558aeff61000
558aeff61000 58 31 89 2
558aeff98000 1013 188 1291 2
7f3bac369000 45 20 1356 3
7f3bac368000 39 21 1417 3
7f3bac365000 53 27 1498 4
7f3bac362000 52 26 1577 4
7f3bac3f1000 97 42 1716 4
7f3bac3f0000 98 38 1852 4
7f3bac2b3000 120 20 1992 4
7f3bac3c0000 89 35 2116 6
7f3bac3bf000 106 25 2247 6
7f3bac3be000 68 50 2365 6
7f3bac3bc000 73 20 2458 6
7f3bac2c4000 73 25 2557 7
7f3bac2c3000 36 15 2609 8
7f3bac2c2000 51 10 2671 8
7f3bac2c1000 82 14 2768 8
7f3bac2c0000 34 8 2810 8
7f3bac2b8000 44 12 2867 8
7f3bac2b7000 42 12 2921 8
7f3bac2b6000 61 10 2993 8
7f3bac313000 72 16 3081 8
7f3bac320000 83 15 3180 8
7f3bac31f000 76 20 3276 8
7f3bac3a4000 56 33 3365 8
7f3bac39f000 53 23 3442 8
7f3bac39e000 76 36 3555 8
7f3bac39d000 61 24 3640 8
7f3bac39c000 45 9 3694 8
7f3bac39b000 43 8 3745 8
7f3bac330000 81 29 3856 8
7f3bac32f000 84 19 3959 8
7f3bac32e000 59 15 4034 8
7f3bac32d000 79 16 4130 8
7f3bac325000 145 20 4296 9
7f3bac32c000 91 8 4396 9
7f3bac32b000 66 11 4474 9
7f3bac326000 59 14 4548 9
7f3bac2f2000 55 8 4611 9
7f3bac39a000 52 6 4669 9
7f3bac399000 47 6 4723 10
7f3bac398000 34 4 4762 10
7f3bac397000 45 4 4811 10
7f3bac396000 38 4 4854 10
7f3bac395000 42 4 4901 10
7f3bac3cf000 52 4 4958 10
7f3bac3b1000 68 15 5041 10
7f3bac31e000 59 5 5106 10
7f3bac3a9000 59 9 5175 11
5178 11
0x558aefda3000
558aefda3000 22 16 38 0
558aefda2000 17 17 73 0
73 0
0x558aefdaa000
558aefdaa000 58 31 90 1
7f3bac32b000 67 47 205 5
558aefda2000 17 13 235 5
558aeff95000 1005 146 1386 5
558aeff97000 1013 146 2546 5
558aeff61000 57 21 2625 5
558aeff98000 1002 138 3766 5
7f3bac369000 44 16 3827 5
7f3bac368000 40 16 3883 5
7f3bac365000 53 22 3959 5
7f3bac362000 53 21 4033 5
7f3bac3f1000 96 36 4166 5
7f3bac3f0000 98 32 4296 5
7f3bac2b3000 120 17 4433 5
7f3bac3c0000 88 30 4551 7
7f3bac3bf000 106 20 4677 7
7f3bac3be000 68 40 4785 7
7f3bac3bc000 73 16 4875 7
7f3bac2c4000 73 20 4968 7
7f3bac2c3000 36 16 5021 8
7f3bac2c2000 52 10 5083 8
7f3bac2c1000 82 14 5180 8
7f3bac2c0000 33 9 5223 8
7f3bac2b8000 45 11 5279 8
7f3bac2b7000 41 13 5334 8
7f3bac2b6000 61 10 5405 8
7f3bac313000 72 17 5494 8
7f3bac320000 84 14 5592 8
7f3bac31f000 76 20 5689 8
7f3bac3a4000 56 33 5778 8
7f3bac39f000 53 24 5856 8
7f3bac39e000 76 36 5968 8
7f3bac39d000 60 24 6053 8
7f3bac39c000 46 8 6108 8
7f3bac39b000 43 8 6160 8
7f3bac330000 81 29 6271 8
7f3bac32f000 84 19 6374 8
7f3bac32e000 59 15 6449 8
7f3bac32d000 81 16 6546 8
7f3bac325000 147 20 6713 9
7f3bac32c000 92 8 6813 9
7f3bac326000 60 13 6886 9
7f3bac2f2000 55 7 6949 9
7f3bac39a000 52 6 7008 9
7f3bac399000 48 6 7062 10
7f3bac398000 34 4 7101 10
7f3bac397000 44 5 7151 10
7f3bac396000 39 3 7193 10
7f3bac395000 42 4 7240 10
7f3bac3cf000 52 4 7297 10
7f3bac3b1000 68 16 7382 10
7f3bac31e000 59 6 7447 10
7f3bac3a9000 60 9 7516 11
7520 11
0x558aefedf000
558aefedf000 44 26 70 2
558aeff2d000 66 27 164 4
558aefda2000 17 14 196 4
558aeff93000 955 150 1302 4
558aeff98000 1006 156 2464 4
558aefddd000 70 25 2560 4
558aefddc000 48 15 2624 4
558aeff95000 1010 164 3799 4
558aefddb000 37 16 3853 4
558aefdda000 28 17 3898 4
7f3bac33b000 75 22 3996 5
558aeff97000 1006 143 5146 5
558aeff61000 57 21 5225 5
7f3bac369000 44 16 5286 5
7f3bac368000 40 17 5343 5
7f3bac365000 52 23 5419 6
7f3bac362000 52 21 5492 6
7f3bac3f1000 97 32 5621 6
7f3bac3f0000 97 30 5749 6
7f3bac2b3000 120 16 5885 6
7f3bac3c0000 88 28 6002 7
7f3bac3bf000 106 21 6129 7
7f3bac3be000 67 43 6240 7
7f3bac3bc000 74 17 6331 7
7f3bac2c4000 73 22 6427 8
7f3bac2c3000 37 12 6476 9
7f3bac2c2000 52 8 6537 9
7f3bac2c1000 82 11 6630 9
7f3bac2c0000 33 7 6671 9
7f3bac2b8000 45 9 6725 9
7f3bac2b7000 42 10 6777 9
7f3bac2b6000 61 8 6846 9
7f3bac313000 72 13 6931 9
7f3bac320000 84 11 7026 9
7f3bac31f000 75 16 7118 9
7f3bac3a4000 56 25 7199 9
7f3bac39f000 54 18 7271 9
7f3bac39e000 76 27 7374 9
7f3bac39d000 60 18 7453 9
7f3bac39c000 45 7 7506 9
7f3bac39b000 43 6 7555 9
7f3bac330000 82 22 7660 9
7f3bac32f000 84 15 7759 9
7f3bac32e000 60 11 7830 9
7f3bac32d000 80 12 7923 9
7f3bac325000 147 16 8086 10
7f3bac32c000 92 6 8184 10
7f3bac32b000 67 7 8258 10
7f3bac326000 60 8 8326 10
7f3bac2f2000 55 5 8387 10
7f3bac39a000 52 4 8443 10
7f3bac399000 48 4 8496 10
7f3bac398000 34 3 8534 10
7f3bac397000 45 4 8584 10
7f3bac396000 38 4 8627 10
7f3bac395000 42 4 8674 10
7f3bac3cf000 52 4 8731 10
7f3bac3b1000 68 16 8815 10
7f3bac31e000 59 6 8881 10
7f3bac3a9000 59 9 8949 11
8958 11
0x558aeff2d000
558aeff2d000 67 29 96 4
558aefda2000 18 14 129 4
558aeff93000 951 150 1230 4
558aeff98000 1002 155 2388 4
558aefddd000 70 25 2484 4
558aefddc000 48 15 2548 4
558aeff95000 1007 165 3721 4
558aefddb000 36 16 3774 4
558aefdda000 27 17 3819 4
7f3bac33b000 75 22 3917 5
558aeff97000 1006 142 5066 5
558aeff61000 57 21 5145 5
7f3bac369000 44 16 5206 5
7f3bac368000 40 17 5263 5
7f3bac365000 52 23 5339 6
7f3bac362000 52 21 5412 6
7f3bac3f1000 97 32 5541 6
7f3bac3f0000 97 30 5669 6
7f3bac2b3000 120 16 5805 6
7f3bac3c0000 88 28 5922 7
7f3bac3bf000 106 21 6049 7
7f3bac3be000 68 42 6160 7
7f3bac3bc000 74 18 6252 7
7f3bac2c4000 73 22 6347 8
7f3bac2c3000 37 13 6397 9
7f3bac2c2000 52 8 6457 9
7f3bac2c1000 82 11 6550 9
7f3bac2c0000 33 7 6591 9
7f3bac2b8000 44 9 6645 9
7f3bac2b7000 41 10 6697 9
7f3bac2b6000 61 8 6766 9
7f3bac313000 72 12 6851 9
7f3bac320000 84 11 6947 9
7f3bac31f000 76 15 7038 9
7f3bac3a4000 57 24 7119 9
7f3bac39f000 53 18 7191 9
7f3bac39e000 76 27 7294 9
7f3bac39d000 60 18 7373 9
7f3bac39c000 45 6 7425 9
7f3bac39b000 43 6 7475 9
7f3bac330000 82 21 7579 9
7f3bac32f000 84 15 7678 9
7f3bac32e000 60 11 7749 9
7f3bac32d000 80 12 7842 9
7f3bac325000 147 16 8005 10
7f3bac32c000 92 5 8102 10
7f3bac32b000 67 7 8176 10
7f3bac326000 60 8 8244 10
7f3bac2f2000 55 5 8305 10
7f3bac39a000 52 4 8361 10
7f3bac399000 47 4 8413 10
7f3bac398000 35 3 8452 10
7f3bac397000 45 4 8502 10
7f3bac396000 39 4 8545 10
7f3bac395000 43 3 8591 10
7f3bac3cf000 53 4 8649 10
7f3bac3b1000 68 15 8733 10
7f3bac31e000 59 6 8799 10
7f3bac3a9000 59 10 8868 11
8875 11
0x558aeff93000
558aeff93000 954 209 1164 2
1164 2
0x558aefddd000
558aefddd000 70 33 104 2
558aefddc000 48 18 171 2
558aeff95000 1006 199 1377 2
558aeff98000 1013 188 2578 2
558aefddb000 37 18 2634 2
558aefdda000 28 20 2682 2
7f3bac33b000 75 26 2784 5
558aefda2000 17 13 2815 5
558aeff97000 1015 143 3973 5
558aeff61000 58 21 4053 5
7f3bac369000 44 16 4114 5
7f3bac368000 40 17 4172 5
7f3bac365000 53 23 4248 6
7f3bac362000 53 20 4321 6
7f3bac3f1000 97 33 4452 6
7f3bac3f0000 99 29 4580 6
7f3bac2b3000 120 17 4718 6
7f3bac3c0000 89 28 4835 7
7f3bac3bf000 107 21 4963 7
7f3bac3be000 68 43 5075 7
7f3bac3bc000 74 18 5167 7
7f3bac2c4000 73 23 5263 8
7f3bac2c3000 37 13 5313 9
7f3bac2c2000 53 8 5374 9
7f3bac2c1000 82 11 5467 9
7f3bac2c0000 33 7 5508 9
7f3bac2b8000 45 9 5562 9
7f3bac2b7000 42 10 5614 9
7f3bac2b6000 61 8 5683 9
7f3bac313000 72 13 5768 9
7f3bac320000 84 11 5863 9
7f3bac31f000 75 16 5955 9
7f3bac3a4000 57 24 6036 9
7f3bac39f000 53 18 6108 9
7f3bac39e000 76 27 6211 9
7f3bac39d000 60 18 6290 9
7f3bac39c000 44 7 6342 9
7f3bac39b000 43 6 6392 9
7f3bac330000 82 21 6496 9
7f3bac32f000 84 15 6595 9
7f3bac32e000 60 11 6666 9
7f3bac32d000 80 13 6759 9
7f3bac325000 146 16 6921 10
7f3bac32c000 92 5 7018 10
7f3bac32b000 67 7 7092 10
7f3bac326000 60 8 7160 10
7f3bac2f2000 55 5 7221 10
7f3bac39a000 52 4 7277 10
7f3bac399000 47 4 7329 10
7f3bac398000 35 3 7368 10
7f3bac397000 45 4 7418 10
7f3bac396000 39 3 7460 10
7f3bac395000 42 4 7507 10
7f3bac3cf000 52 4 7564 10
7f3bac3b1000 67 16 7648 10
7f3bac31e000 59 6 7714 10
7f3bac3a9000 59 10 7783 11
7789 11
0x558aefddc000
558aefddc000 49 19 68 1
558aeff95000 1007 215 1290 2
558aeff98000 1006 187 2483 2
558aefddd000 70 30 2584 2
558aefda2000 18 15 2617 2
7f3bac34c000 62 102 2782 7
7f3bac34b000 97 30 2909 8
558aeff96000 1017 84 4011 8
7f3bac32b000 67 16 4095 9
7ffe40ffb000 33 9 4137 9
558aeff97000 1015 68 5220 9
558aeff61000 58 9 5288 9
7f3bac369000 44 7 5340 9
7f3bac368000 40 7 5388 9
7f3bac365000 53 9 5451 9
7f3bac362000 53 9 5513 9
7f3bac3f1000 97 15 5626 9
7f3bac3f0000 98 13 5737 9
7f3bac2b3000 120 8 5866 9
7f3bac3c0000 89 13 5968 9
7f3bac3bf000 106 12 6086 9
7f3bac3be000 68 22 6176 9
7f3bac3bc000 74 9 6260 9
7f3bac2c4000 74 11 6345 9
7f3bac2c3000 37 9 6391 10
7f3bac2c2000 52 4 6447 10
7f3bac2c1000 83 5 6536 10
7f3bac2c0000 33 4 6574 10
7f3bac2b8000 45 5 6624 10
7f3bac2b7000 42 5 6671 10
7f3bac2b6000 61 4 6737 10
7f3bac313000 73 7 6817 10
7f3bac320000 85 5 6907 10
7f3bac31f000 76 8 6992 10
7f3bac3a4000 57 13 7062 10
7f3bac39f000 54 9 7126 10
7f3bac39e000 76 15 7218 10
7f3bac39d000 60 10 7289 10
7f3bac39c000 45 3 7337 10
7f3bac39b000 43 3 7384 10
7f3bac330000 82 11 7478 10
7f3bac32f000 83 8 7570 10
7f3bac32e000 59 6 7636 10
7f3bac32d000 80 7 7723 10
7f3bac325000 146 9 7878 10
7f3bac32c000 92 5 7975 10
7f3bac326000 60 8 8043 10
7f3bac2f2000 55 5 8104 10
7f3bac39a000 52 4 8160 10
7f3bac399000 48 4 8213 10
7f3bac398000 35 3 8251 10
7f3bac397000 45 4 8301 10
7f3bac396000 39 4 8344 10
7f3bac395000 42 4 8390 10
7f3bac3cf000 52 4 8447 10
7f3bac3b1000 68 16 8532 10
7f3bac31e000 59 6 8597 10
7f3bac3a9000 59 10 8666 11
8670 11
0x558aefddb000
558aefddb000 36 20 56 1
558aefdda000 27 21 105 1
7f3bac33b000 75 27 208 4
558aefda2000 18 13 239 4
558aeff97000 1011 158 1408 4
558aeff61000 57 22 1488 5
558aeff98000 1007 138 2634 5
7f3bac369000 45 15 2694 5
7f3bac368000 40 17 2752 5
7f3bac365000 53 22 2827 6
7f3bac362000 52 21 2901 6
7f3bac3f1000 97 32 3030 6
7f3bac3f0000 97 30 3158 6
7f3bac2b3000 120 17 3295 6
7f3bac3c0000 89 27 3411 7
7f3bac3bf000 105 22 3539 7
7f3bac3be000 68 43 3650 7
7f3bac3bc000 73 18 3741 7
7f3bac2c4000 74 22 3837 8
7f3bac2c3000 37 12 3886 9
7f3bac2c2000 52 8 3947 9
7f3bac2c1000 83 10 4040 9
7f3bac2c0000 33 7 4081 9
7f3bac2b8000 44 9 4135 9
7f3bac2b7000 42 9 4187 9
7f3bac2b6000 61 8 4257 9
7f3bac313000 72 13 4342 9
7f3bac320000 84 11 4437 9
7f3bac31f000 76 16 4529 9
7f3bac3a4000 56 25 4610 9
7f3bac39f000 53 18 4682 9
7f3bac39e000 76 27 4786 9
7f3bac39d000 61 18 4865 9
7f3bac39c000 44 7 4917 9
7f3bac39b000 43 6 4967 9
7f3bac330000 82 21 5071 9
7f3bac32f000 84 15 5171 9
7f3bac32e000 60 11 5242 9
7f3bac32d000 80 12 5335 9
7f3bac325000 147 16 5498 10
7f3bac32c000 92 5 5595 10
7f3bac32b000 66 7 5669 10
7f3bac326000 60 8 5738 10
7f3bac2f2000 55 5 5799 10
7f3bac39a000 52 4 5855 10
7f3bac399000 48 4 5908 10
7f3bac398000 34 3 5946 10
7f3bac397000 45 4 5996 10
7f3bac396000 39 3 6039 10
7f3bac395000 42 4 6086 10
7f3bac3cf000 52 4 6143 10
7f3bac3b1000 68 16 6228 10
7f3bac31e000 60 5 6293 10
7f3bac3a9000 59 9 6362 11
6368 11
0x558aefdda000
558aefdda000 27 22 50 0
7f3bac33b000 75 29 155 3
558aefda2000 18 14 187 3
558aeff97000 1011 174 1372 3
558aeff61000 57 24 1454 5
558aeff98000 1007 137 2599 5
7f3bac369000 44 16 2660 5
7f3bac368000 39 17 2717 5
7f3bac365000 53 22 2793 6
7f3bac362000 52 21 2866 6
7f3bac3f1000 98 32 2996 6
7f3bac3f0000 98 29 3124 6
7f3bac2b3000 120 16 3261 6
7f3bac3c0000 89 27 3378 7
7f3bac3bf000 105 22 3506 7
7f3bac3be000 68 43 3617 7
7f3bac3bc000 73 18 3708 7
7f3bac2c4000 74 22 3804 8
7f3bac2c3000 37 13 3854 9
7f3bac2c2000 52 8 3914 9
7f3bac2c1000 82 11 4008 9
7f3bac2c0000 33 7 4049 9
7f3bac2b8000 45 9 4103 9
7f3bac2b7000 41 10 4155 9
7f3bac2b6000 61 8 4224 9
7f3bac313000 72 13 4310 9
7f3bac320000 84 11 4405 9
7f3bac31f000 76 15 4497 9
7f3bac3a4000 56 25 4578 9
7f3bac39f000 53 18 4650 9
7f3bac39e000 77 27 4754 9
7f3bac39d000 61 18 4833 9
7f3bac39c000 44 7 4885 9
7f3bac39b000 43 6 4935 9
7f3bac330000 82 21 5039 9
7f3bac32f000 84 14 5138 9
7f3bac32e000 60 11 5210 9
7f3bac32d000 80 12 5303 9
7f3bac325000 146 16 5465 10
7f3bac32c000 92 5 5562 10
7f3bac32b000 67 7 5636 10
7f3bac326000 60 9 5705 10
7f3bac2f2000 55 5 5765 10
7f3bac39a000 52 3 5821 10
7f3bac399000 48 4 5874 10
7f3bac398000 34 4 5913 10
7f3bac397000 45 4 5962 10
7f3bac396000 38 4 6005 10
7f3bac395000 43 4 6052 10
7f3bac3cf000 52 4 6109 10
7f3bac3b1000 68 16 6193 10
7f3bac31e000 60 6 6259 10
7f3bac3a9000 59 10 6328 11
6332 11
0x558aeff96000
558aeff96000 1007 231 1238 1
1239 1
0x558aeff94000
558aeff94000 1014 226 1241 1
558aeff45000 51 26 1319 2
558aeff98000 1006 187 2513 2
558aeff95000 1007 199 3720 3
558aeff97000 1006 180 4907 3
558aeff61000 57 26 4991 3
7f3bac369000 44 19 5055 3
7f3bac368000 40 21 5116 3
7f3bac365000 53 28 5198 4
7f3bac362000 52 26 5276 4
7f3bac3f1000 96 43 5416 4
7f3bac3f0000 98 38 5552 4
7f3bac2b3000 120 20 5692 4
7f3bac3c0000 88 36 5817 6
7f3bac3bf000 106 25 5948 6
7f3bac3be000 68 50 6067 6
7f3bac3bc000 74 20 6161 6
7f3bac2c4000 73 26 6260 7
7f3bac2c3000 36 15 6312 8
7f3bac2c2000 52 10 6375 8
7f3bac2c1000 83 14 6472 8
7f3bac2c0000 34 9 6515 8
7f3bac2b8000 45 11 6571 8
7f3bac2b7000 42 12 6626 8
7f3bac2b6000 62 10 6698 8
7f3bac313000 72 17 6787 8
7f3bac320000 84 15 6886 8
7f3bac31f000 76 20 6982 8
7f3bac3a4000 57 33 7072 8
7f3bac39f000 54 24 7150 8
7f3bac39e000 77 36 7263 8
7f3bac39d000 61 24 7348 8
7f3bac39c000 45 8 7402 8
7f3bac39b000 43 7 7453 8
7f3bac330000 82 29 7565 8
7f3bac32f000 84 20 7669 8
7f3bac32e000 60 15 7744 8
7f3bac32d000 81 16 7841 8
7f3bac325000 147 21 8009 9
7f3bac32c000 92 8 8109 9
7f3bac32b000 67 11 8187 9
7f3bac326000 60 13 8261 9
7f3bac2f2000 55 7 8324 9
7f3bac39a000 52 6 8383 9
7f3bac399000 48 6 8438 10
7f3bac398000 34 4 8477 10
7f3bac397000 45 4 8526 10
7f3bac396000 39 3 8569 10
7f3bac395000 42 4 8616 10
7f3bac3cf000 52 5 8674 10
7f3bac3b1000 68 16 8758 10
7f3bac31e000 60 5 8823 10
7f3bac3a9000 59 9 8892 11
8897 11
0x556d0fdfa000
556d0fdfa000 36 26 62 1
7f7911c4f000 91 44 198 5
7f7911c4e000 108 28 334 5
7f7911c4d000 68 58 460 6
7f7911c4b000 75 20 555 6
556d0fd57000 17 13 586 6
7f79121df000 71 34 691 8
7f79121b7000 22 7 721 8
7f79121de000 61 14 796 8
7f79121b8000 44 12 853 8
7f79121b9000 50 11 914 8
7f79121e0000 105 36 1056 8
7f79121d0000 38 13 1108 8
7f79121ce000 68 19 1195 9
7f79121cd000 53 7 1256 9
7f79121e3000 69 12 1338 9
7f7911dc3000 68 8 1415 11
1425 11
0x556d0fe73000
556d0fe73000 75 38 113 2
7f7911bdb000 63 103 280 7
7f7911bda000 97 31 408 8
556d0fd57000 17 6 432 8
7f7911e5d000 43 10 485 8
7f7911e5c000 45 9 540 8
7f7911dc2000 72 28 641 9
7f7911dc3000 68 8 718 9
7f7911dc1000 28 5 752 9
7f7911dc5000 73 10 835 9
7f7911d2b000 28 6 870 10
7f7911bd7000 84 12 966 10
7f7911e7e000 130 10 1107 10
7f7911e7d000 78 6 1192 10
7f7911e7c000 40 4 1237 11
1248 11
0x556d0feba000
556d0feba000 45 23 68 1
556d0feb9000 52 26 147 2
556d0ff4e000 704 146 997 2
556d0ff4d000 1026 203 2227 3
556d0ff48000 967 179 3374 3
7f791190e000 43 26 3443 3
7f791190d000 58 21 3523 3
7f791190c000 69 26 3618 3
7f7911915000 57 42 3717 8
7f7911914000 54 6 3778 8
7f7911913000 58 9 3846 8
7f7911911000 59 8 3914 9
7f7911918000 234 14 4163 10
7f7911910000 92 3 4259 10
7f791190f000 35 2 4297 10
7f7911916000 36 2 4336 10
7f7911917000 120 5 4463 10
7f791190b000 51 2 4517 10
7f7911912000 35 2 4555 10
556d0fd57000 17 2 4577 10
7f7911c4f000 89 4 4670 11
4672 11
0x556d0fe4d000
556d0fe4d000 62 31 93 1
7f7911c26000 45 27 166 3
7f7911b42000 123 22 311 3
7f7911c25000 39 21 371 3
7f7911bbf000 83 68 523 5
7f7911bbe000 85 37 646 5
7f7911c7f000 100 32 778 5
7f7911bbd000 60 28 867 5
7f7911bbc000 82 29 978 5
7f7911bb4000 149 37 1165 7
7f7911bbb000 94 16 1275 7
7f7911bba000 68 22 1365 7
7f7911bb5000 60 27 1453 7
7f7911b81000 56 15 1524 7
7f7911c4f000 90 21 1635 8
7f7911c4e000 108 15 1758 8
7f7911c4d000 69 30 1857 8
7f7911c4b000 74 12 1943 8
7f7911c24000 43 10 1996 8
7f7911c5e000 52 11 2060 8
7f7911c40000 68 38 2166 8
7f7911c2e000 53 24 2244 8
7f7911c2d000 76 37 2357 8
7f7911c2c000 61 24 2442 8
7f7911c2b000 45 9 2497 8
7f7911c2a000 43 8 2548 8
7f7911c29000 53 9 2611 8
7f7911c28000 48 10 2670 9
7f7911c27000 34 7 2712 9
7f7911b43000 39 7 2759 9
7f7911b44000 69 13 2842 9
7f7911c80000 97 15 2955 9
7f7911c3f000 86 34 3075 9
7f7911c3d000 47 8 3131 10
7f7911b54000 56 9 3197 10
7f7911b53000 73 6 3277 10
7f7911b52000 36 5 3319 10
7f7911b51000 53 4 3376 10
7f7911b50000 84 6 3466 10
7f7911b4f000 33 3 3503 10
7f7911b47000 45 4 3553 10
7f7911b46000 42 5 3601 10
7f7911b45000 62 4 3667 10
7f7911ba2000 73 7 3747 10
7f7911baf000 84 6 3837 10
7f7911bae000 76 8 3922 10
7f7911c33000 55 14 3992 10
7f7911c36000 92 9 4094 11
4097 11
0x556d0ff29000
556d0ff29000 64 37 102 3
556d0fd57000 18 15 136 3
7f7911c4f000 91 38 266 6
7f7911c4e000 108 25 399 6
7f7911c4d000 68 51 519 6
7f7911c4b000 75 20 614 6
7f7911e87000 88 42 745 8
7f7911e0c000 43 10 799 8
7f7911e0b000 57 11 867 8
7f7911e0a000 81 15 964 8
7f7911dc1000 29 9 1002 8
7f7911dc5000 72 17 1092 8
7f7911d2b000 28 12 1134 8
7f7911bd7000 83 31 1249 9
7f7911e7e000 130 18 1398 9
7f7911e7d000 78 10 1486 9
7f7911e7c000 40 6 1533 10
7f7911e77000 53 4 1591 10
7f7911e76000 64 3 1658 10
7f7911e75000 61 3 1723 10
7f7911b54000 56 7 1787 10
7f7911b53000 75 4 1866 10
7f7911b52000 37 3 1906 10
7f7911b42000 122 3 2031 10
7f7911b51000 53 2 2086 10
7f7911b50000 84 3 2174 10
7f7911b4f000 33 2 2210 10
7f7911b47000 45 3 2259 10
7f7911b46000 42 3 2305 10
7f7911b45000 63 2 2370 10
7f7911c7f000 100 5 2475 10
7f7911ba2000 73 5 2553 10
7f7911baf000 85 4 2642 10
7f7911bae000 76 6 2725 10
7f7911c33000 57 11 2793 10
7f7911c2e000 54 7 2854 10
7f7911c2d000 76 12 2943 10
7f7911c2c000 62 7 3012 10
7f7911c2b000 46 2 3060 10
7f7911c2a000 44 1 3105 10
7f7911bbf000 83 9 3198 10
7f7911bbe000 86 5 3289 10
7f7911bbd000 60 4 3354 10
7f7911bbc000 82 4 3441 10
7f7911bb4000 150 6 3597 10
7f7911bbb000 94 3 3694 10
7f7911bba000 68 5 3767 10
7f7911bb5000 61 6 3834 10
7f7911b81000 56 2 3893 10
7f7911c29000 53 2 3949 10
7f7911c28000 48 2 4000 11
4010 11
0x556d0feaf000
556d0feaf000 39 30 70 2
556d0ff4e000 705 144 920 3
556d0ff4d000 1023 184 2127 4
556d0ff48000 963 159 3249 4
7f791190e000 43 23 3316 4
7f791190d000 58 19 3393 4
7f791190c000 69 23 3486 4
7f7911915000 57 38 3581 8
7f7911914000 54 7 3642 8
7f7911913000 58 9 3709 8
7f7911911000 59 8 3777 9
7f7911918000 234 14 4026 10
7f7911910000 93 2 4121 10
7f791190f000 35 2 4159 10
7f7911916000 36 3 4199 10
7f7911917000 120 5 4325 10
7f791190b000 51 2 4379 10
7f7911912000 35 2 4417 10
556d0fd57000 17 1 4438 10
7f7911bdb000 62 12 4513 11
4515 11
0x556d0fdc8000
556d0fdc8000 84 33 117 1
556d0ff4d000 1022 219 1359 3
7f7911c4f000 89 38 1487 6
7f7911c4e000 107 25 1620 6
7f7911c4d000 67 51 1739 6
7f7911c4b000 74 21 1834 6
556d0fd57000 18 13 1865 6
556d0fd58000 21 13 1899 6
7f7911e1c000 49 38 1987 9
556d0fe4a000 40 6 2033 9
556d0ff48000 970 65 3069 9
556d0ff4e000 709 45 3824 9
7f791190e000 43 7 3875 9
7f791190d000 58 6 3940 9
7f791190c000 69 6 4016 9
7f7911915000 56 12 4085 11
4090 11
0x556d0fe4a000
556d0fe4a000 39 25 65 1
556d0ff48000 969 209 1244 2
556d0ff4e000 708 148 2101 2
556d0ff4d000 1025 204 3330 3
7f791190e000 43 25 3399 3
7f791190d000 58 21 3479 3
7f791190c000 69 26 3575 3
7f7911915000 56 42 3674 8
7f7911914000 54 7 3736 8
7f7911913000 58 8 3803 8
7f7911911000 60 8 3872 9
7f7911918000 234 14 4121 10
7f7911910000 92 3 4217 10
7f791190f000 35 1 4254 10
7f7911916000 36 3 4294 10
7f7911917000 120 5 4420 10
7f791190b000 51 2 4474 10
7f7911912000 35 2 4512 10
556d0fd57000 18 1 4534 10
7f7911c4f000 90 4 4628 11
4630 11
0x556d0fea1000
556d0fea1000 59 27 86 1
556d0ff4e000 711 158 956 2
556d0ff4d000 1033 205 2195 3
556d0ff48000 974 179 3349 3
7f791190e000 43 26 3419 3
7f791190d000 58 21 3499 3
7f791190c000 69 26 3595 3
7f7911915000 57 43 3696 8
7f7911914000 54 6 3757 8
7f7911913000 59 8 3825 8
7f7911911000 60 8 3894 9
7f7911918000 236 14 4145 10
7f7911910000 93 3 4242 10
7f791190f000 35 2 4280 10
7f7911916000 36 3 4320 10
7f7911917000 121 5 4447 10
7f791190b000 51 2 4501 10
7f7911912000 36 2 4540 10
556d0fd57000 17 1 4561 10
7f7911c4f000 90 4 4656 11
4658 11
0x556d0fea2000
556d0fea2000 56 24 80 1
7f7911d28000 61 102 244 2
556d0fd58000 21 16 282 2
556d0fd57000 18 16 317 2
556d0fea1000 58 25 401 2
556d0ff4e000 705 147 1255 3
556d0ff4d000 1024 189 2469 4
556d0ff48000 966 164 3600 4
7f791190e000 43 25 3669 4
7f791190d000 58 20 3748 4
7f791190c000 69 24 3842 4
7f7911915000 57 39 3939 9
7f7911914000 53 6 4000 9
7f7911913000 58 7 4066 9
7f7911911000 59 7 4134 10
7f7911918000 233 10 4378 10
7f7911910000 92 3 4474 10
7f791190f000 35 2 4512 10
7f7911916000 35 3 4552 10
7f7911917000 120 5 4678 10
7f791190b000 51 2 4733 10
7f7911912000 36 1 4771 10
7f7911c4f000 89 4 4868 11
4871 11
0x556d0fea2000
556d0fea2000 56 24 80 1
7f7911d28000 61 102 244 2
556d0fd58000 21 16 282 2
556d0fd57000 18 16 317 2
556d0fea1000 58 25 401 2
556d0ff4e000 705 147 1255 3
556d0ff4d000 1024 189 2469 4
556d0ff48000 966 164 3600 4
7f791190e000 43 25 3669 4
7f791190d000 58 20 3748 4
7f791190c000 69 24 3842 4
7f7911915000 57 39 3939 9
7f7911914000 53 6 4000 9
7f7911913000 58 7 4066 9
7f7911911000 59 7 4134 10
7f7911918000 233 10 4378 10
7f7911910000 92 3 4474 10
7f791190f000 35 2 4512 10
7f7911916000 35 3 4552 10
7f7911917000 120 5 4678 10
7f791190b000 51 2 4733 10
7f7911912000 36 1 4771 10
7f7911c4f000 89 4 4868 11
4871 11
0x556d0fea3000
556d0fea3000 46 25 72 1
556d0ff4d000 1026 219 1318 3
7f7911bdb000 62 94 1475 7
7f7911bda000 97 31 1604 8
556d0fd57000 17 6 1628 8
556d0fea2000 56 8 1692 8
7f7911d28000 62 34 1789 9
556d0fd58000 21 6 1817 9
556d0fea1000 58 8 1884 9
556d0ff4e000 708 50 2643 9
556d0ff48000 967 68 3679 9
7f791190e000 42 9 3731 9
7f791190d000 58 7 3798 9
7f791190c000 69 8 3876 9
7f7911915000 56 13 3947 10
7f7911914000 53 4 4006 10
7f7911913000 57 5 4069 10
7f7911911000 60 5 4135 11
4141 11
0x556d0fea4000
556d0fea4000 41 24 66 1
556d0ff4d000 1024 219 1310 3
7f7911bba000 67 41 1419 5
556d0fd57000 17 13 1450 5
556d0fea3000 46 17 1513 5
7f7911bdb000 62 72 1648 8
7f7911bda000 97 26 1772 9
556d0fea2000 56 7 1836 9
7f7911d28000 62 27 1926 9
556d0fd58000 22 5 1953 9
556d0fea1000 59 8 2021 9
556d0ff4e000 708 49 2779 9
556d0ff48000 966 69 3814 9
7f791190e000 43 9 3866 9
7f791190d000 58 7 3932 9
7f791190c000 69 8 4010 9
7f7911915000 56 14 4081 10
7f7911914000 53 4 4139 10
7f7911913000 58 5 4203 10
7f7911911000 59 5 4268 11
4276 11
0x556d0fd8a000
556d0fd8a000 70 32 102 2
7f7911bcc000 70 46 219 4
556d0fd57000 17 12 248 4
7f7911bd1000 56 24 329 4
7f7911bd0000 50 13 393 4
7f7911bcf000 45 13 452 4
556d0fd89000 48 19 520 4
7f7911c4f000 90 31 641 7
7f7911c4e000 107 19 767 7
7f7911c4d000 68 38 873 8
7f7911c4b000 74 13 961 8
556d0fda6000 57 11 1030 8
7f7911d28000 61 39 1131 8
556d0fda5000 56 13 1201 8
7f7911d2b000 28 14 1244 9
7f7911c03000 48 10 1302 9
7f7911c02000 56 17 1375 9
7f7911c64000 45 10 1430 9
7f7911c63000 57 12 1499 9
7f7911bbe000 84 15 1599 9
7f7911c7f000 99 13 1711 9
7f7911bbd000 60 12 1783 9
7f7911bbc000 81 12 1876 9
7f7911bb4000 149 15 2040 10
7f7911bbb000 93 5 2139 10
7f7911bba000 67 7 2213 10
7f7911bb5000 60 8 2282 10
7f7911b42000 122 3 2407 10
7f7911b81000 56 4 2468 10
7f7911c62000 48 5 2522 10
7f7911c61000 63 6 2591 11
2594 11
0x556d0fe8e000
556d0fe8e000 68 31 100 1
556d0ff4d000 1025 219 1345 3
7f7911c4f000 90 38 1473 6
7f7911c4e000 107 25 1605 6
7f7911c4d000 68 51 1724 6
7f7911c4b000 74 21 1819 6
556d0fd57000 17 13 1849 6
7f7911c38000 59 39 1948 8
7f7911c34000 78 28 2054 8
7f7911c33000 56 33 2143 8
7f7911c2e000 53 24 2221 8
7f7911c2d000 76 36 2333 8
7f7911c2c000 61 24 2419 8
7f7911b42000 121 10 2550 8
7f7911c2b000 46 8 2604 8
7f7911c2a000 43 8 2656 8
7f7911bbf000 82 28 2767 8
7f7911bbe000 85 19 2872 8
7f7911c7f000 99 18 2990 8
7f7911bbd000 61 15 3066 8
7f7911bbc000 82 15 3163 8
7f7911bb4000 149 20 3333 9
7f7911bbb000 93 8 3434 9
7f7911bba000 68 11 3513 9
7f7911bb5000 60 14 3588 9
7f7911b81000 56 7 3651 9
7f7911c29000 53 5 3710 9
7f7911c28000 48 7 3766 10
7f7911c27000 35 4 3805 10
7f7911c26000 46 4 3855 10
7f7911c25000 39 3 3898 10
7f7911c24000 43 4 3946 10
7f7911c5e000 53 4 4004 10
7f7911c40000 69 16 4089 10
7f7911bad000 61 5 4155 10
7f7911bac000 48 6 4210 10
7f7911bb3000 81 8 4300 11
4303 11
0x556d0fe35000
556d0fe35000 51 28 80 1
556d0ff4d000 1027 219 1327 3
556d0ff4e000 707 135 2170 3
556d0ff48000 967 178 3316 3
7f791190e000 43 26 3386 3
7f791190d000 58 21 3465 3
7f791190c000 69 25 3560 3
7f7911915000 56 43 3660 8
7f7911914000 53 7 3721 8
7f7911913000 58 8 3788 8
7f7911911000 60 7 3856 9
7f7911918000 234 14 4105 10
7f7911910000 92 3 4201 10
7f791190f000 35 2 4239 10
7f7911916000 36 2 4278 10
7f7911917000 120 5 4404 10
7f791190b000 51 2 4458 10
7f7911912000 36 1 4496 10
556d0fd57000 18 1 4518 10
7f7911bdb000 63 11 4592 11
4594 11
0x556d0fe4f000
556d0fe4f000 60 30 90 2
556d0ff4b000 1037 212 1340 2
7f7911e88000 63 42 1445 4
556d0fd58000 22 12 1479 4
556d0fd57000 18 12 1509 4
7f7911e1c000 50 44 1603 7
7f7911e9b000 57 12 1672 8
7f7911b54000 57 18 1749 8
7f7911b53000 74 12 1836 9
7f7911b52000 37 6 1879 9
7f7911b42000 122 4 2005 10
7f7911b51000 53 4 2063 10
7f7911b50000 84 6 2153 10
7f7911b4f000 34 3 2190 10
7f7911b47000 45 5 2241 10
7f7911b46000 42 5 2288 10
7f7911b45000 62 4 2355 10
7f7911c7f000 100 7 2462 10
7f7911c4f000 90 7 2559 10
7f7911c4e000 109 6 2674 10
7f7911c4d000 69 12 2755 10
7f7911c4b000 75 5 2835 10
7f7911ba2000 74 6 2915 10
7f7911baf000 86 5 3007 10
7f7911bae000 77 8 3093 10
7f7911c33000 57 14 3164 10
7f7911c2e000 55 9 3228 10
7f7911c2d000 77 14 3320 10
7f7911c2c000 61 10 3392 10
7f7911c2b000 45 4 3442 10
7f7911c2a000 44 4 3490 10
7f7911bbf000 83 11 3584 10
7f7911bbe000 84 8 3677 10
7f7911bbd000 60 6 3744 10
7f7911bbc000 81 7 3832 10
7f7911bb4000 148 8 3988 11
3992 11
0x556d0ff22000
556d0ff22000 81 33 115 2
556d0ff4e000 705 147 968 2
556d0ff4d000 1025 204 2198 3
556d0ff48000 966 178 3343 3
7f791190e000 43 26 3413 3
7f791190d000 58 21 3493 3
7f791190c000 68 26 3588 3
7f7911915000 56 42 3687 8
7f7911914000 54 7 3749 8
7f7911913000 57 9 3816 8
7f7911911000 60 7 3884 9
7f7911918000 233 14 4133 10
7f7911910000 92 3 4229 10
7f791190f000 35 2 4267 10
7f7911916000 36 2 4306 10
7f7911917000 120 5 4432 10
7f791190b000 51 3 4487 10
7f7911912000 35 2 4525 10
556d0fd57000 17 1 4546 10
7f7911c4f000 89 4 4640 11
4642 11
0x556d0ff22000
556d0ff22000 81 33 115 2
556d0ff4e000 705 147 968 2
556d0ff4d000 1025 204 2198 3
556d0ff48000 966 178 3343 3
7f791190e000 43 26 3413 3
7f791190d000 58 21 3493 3
7f791190c000 68 26 3588 3
7f7911915000 56 42 3687 8
7f7911914000 54 7 3749 8
7f7911913000 57 9 3816 8
7f7911911000 60 7 3884 9
7f7911918000 233 14 4133 10
7f7911910000 92 3 4229 10
7f791190f000 35 2 4267 10
7f7911916000 36 2 4306 10
7f7911917000 120 5 4432 10
7f791190b000 51 3 4487 10
7f7911912000 35 2 4525 10
556d0fd57000 17 1 4546 10
7f7911c4f000 89 4 4640 11
4642 11
0x556d0febb000
556d0febb000 26 19 45 1
556d0feba000 44 21 111 1
556d0feb9000 52 26 190 2
556d0ff4e000 706 147 1043 2
556d0ff4d000 1025 203 2272 3
556d0ff48000 964 179 3416 3
7f791190e000 43 26 3485 3
7f791190d000 58 21 3565 3
7f791190c000 68 26 3660 3
7f7911915000 56 43 3760 8
7f7911914000 53 7 3821 8
7f7911913000 58 8 3888 8
7f7911911000 60 8 3957 9
7f7911918000 234 14 4206 10
7f7911910000 92 3 4302 10
7f791190f000 35 2 4340 10
7f7911916000 36 2 4379 10
7f7911917000 120 5 4505 10
7f791190b000 50 2 4559 10
7f7911912000 35 2 4598 10
556d0fd57000 17 1 4619 10
7f7911c4f000 89 5 4714 11
4716 11
0x556d0ff22000
556d0ff22000 81 33 115 2
556d0ff4e000 705 147 968 2
556d0ff4d000 1025 204 2198 3
556d0ff48000 966 178 3343 3
7f791190e000 43 26 3413 3
7f791190d000 58 21 3493 3
7f791190c000 68 26 3588 3
7f7911915000 56 42 3687 8
7f7911914000 54 7 3749 8
7f7911913000 57 9 3816 8
7f7911911000 60 7 3884 9
7f7911918000 233 14 4133 10
7f7911910000 92 3 4229 10
7f791190f000 35 2 4267 10
7f7911916000 36 2 4306 10
7f7911917000 120 5 4432 10
7f791190b000 51 3 4487 10
7f7911912000 35 2 4525 10
556d0fd57000 17 1 4546 10
7f7911c4f000 89 4 4640 11
4642 11
0x556d0febb000
556d0febb000 26 19 45 1
556d0feba000 44 21 111 1
556d0feb9000 52 26 190 2
556d0ff4e000 706 147 1043 2
556d0ff4d000 1025 203 2272 3
556d0ff48000 964 179 3416 3
7f791190e000 43 26 3485 3
7f791190d000 58 21 3565 3
7f791190c000 68 26 3660 3
7f7911915000 56 43 3760 8
7f7911914000 53 7 3821 8
7f7911913000 58 8 3888 8
7f7911911000 60 8 3957 9
7f7911918000 234 14 4206 10
7f7911910000 92 3 4302 10
7f791190f000 35 2 4340 10
7f7911916000 36 2 4379 10
7f7911917000 120 5 4505 10
7f791190b000 50 2 4559 10
7f7911912000 35 2 4598 10
556d0fd57000 17 1 4619 10
7f7911c4f000 89 5 4714 11
4716 11
0x556d0febc000
556d0febc000 43 22 66 0
556d0febd000 26 18 111 0
556d0febe000 25 19 155 0
556d0ff4d000 1029 235 1420 3
556d0febb000 25 17 1463 3
556d0feba000 44 20 1528 3
556d0feb9000 52 24 1604 3
556d0ff4e000 708 135 2447 3
556d0ff48000 967 179 3594 3
7f791190e000 43 26 3663 3
7f791190d000 58 21 3743 3
7f791190c000 68 26 3838 3
7f7911915000 56 43 3938 8
7f7911914000 53 7 3999 8
7f7911913000 58 9 4067 8
7f7911911000 59 8 4135 9
7f7911918000 235 14 4385 10
7f7911910000 92 3 4481 10
7f791190f000 35 2 4519 10
7f7911916000 35 3 4558 10
7f7911917000 120 5 4684 10
7f791190b000 51 2 4738 10
7f7911912000 36 1 4776 10
556d0fd57000 17 1 4798 10
7f7911c4f000 89 4 4892 11
4898 11
0x556d0febe000
556d0febe000 24 18 43 0
556d0ff4d000 1024 235 1303 3
556d0febb000 26 17 1347 3
556d0feba000 44 20 1411 3
556d0feb9000 52 23 1487 3
556d0ff4e000 708 135 2331 3
556d0ff48000 966 179 3477 3
7f791190e000 42 26 3546 3
7f791190d000 58 21 3626 3
7f791190c000 69 25 3721 3
7f7911915000 57 42 3821 8
7f7911914000 53 7 3883 8
7f7911913000 57 9 3950 8
7f7911911000 59 8 4018 9
7f7911918000 235 14 4268 10
7f7911910000 92 3 4364 10
7f791190f000 35 2 4402 10
7f7911916000 36 2 4441 10
7f7911917000 120 5 4567 10
7f791190b000 51 2 4621 10
7f7911912000 35 1 4659 10
556d0fd57000 17 1 4681 10
7f7911c4f000 89 4 4775 11
4780 11
0x556d0ff19000
556d0ff19000 59 28 87 1
556d0ff4e000 708 159 954 2
556d0ff4d000 1038 204 2197 3
556d0ff48000 962 179 3339 3
7f791190e000 43 26 3408 3
7f791190d000 58 21 3488 3
7f791190c000 68 25 3582 3
7f7911915000 56 43 3682 8
7f7911914000 54 6 3743 8
7f7911913000 58 9 3811 8
7f7911911000 59 8 3879 9
7f7911918000 233 14 4127 10
7f7911910000 92 3 4223 10
7f791190f000 35 1 4260 10
7f7911916000 36 3 4300 10
7f7911917000 120 5 4426 10
7f791190b000 51 2 4480 10
7f7911912000 35 2 4519 10
556d0fd57000 17 1 4540 10
7f7911c4f000 89 4 4634 11
4636 11
0x556d0fdd5000
556d0fdd5000 66 30 97 3
7f7911bba000 67 41 206 5
556d0fd57000 17 13 237 5
556d0ff4d000 1026 152 1415 5
7f7911c4f000 90 30 1535 7
7f7911c4e000 107 21 1663 7
7f7911c4d000 68 42 1773 7
7f7911c4b000 74 16 1864 7
7f79121e2000 67 33 1965 8
7f79121b7000 21 7 1994 8
7f79121b8000 44 11 2050 8
7f79121b9000 49 11 2111 8
7f79121e0000 105 36 2253 8
7f79121d0000 37 12 2304 8
7f79121ce000 69 18 2392 9
7f79121cd000 53 8 2454 9
7f79121e3000 69 12 2536 9
7f7911dc3000 68 9 2613 11
2622 11
