0x7f62c755d000
0 0
0x7f62c755c000
7f62c755c000 90 42 132 7
132 7
0x7f62c7550000
7f62c7550000 20 17 37 0
37 0
0x7f62c755f000
7f62c755f000 53 23 76 1
7f62c5d8c000 36 23 136 1
7f62c7554000 36 20 192 1
7f62c7550000 20 16 229 1
7f62c8a40000 43 35 308 2
7f62c8a70000 36 25 370 2
7f62c7559000 22 15 408 2
7f62c7556000 21 15 445 2
7f62c7557000 21 15 482 2
7f62c7555000 22 15 520 3
7f62c755a000 21 15 557 3
7f62c7551000 22 15 595 3
7f62c89a5000 47 35 678 3
7f62c7553000 22 16 717 3
7f62c5d8b000 52 27 797 4
7f62c5d8a000 46 21 865 4
7f62c590f000 22 14 902 4
7f62c5901000 20 13 936 4
7f62c5d89000 35 18 989 4
7f62c5d88000 65 22 1077 5
7f62c5913000 23 12 1113 5
7f62c5906000 28 15 1157 5
7f62c5907000 25 14 1197 5
7f62c5da1000 79 28 1305 6
7f62c5da2000 81 18 1405 6
7f62c6fb5000 144 29 1579 8
7f62c5910000 22 6 1608 8
7f62c5905000 38 8 1654 8
7f62c590c000 22 5 1681 8
7f62c590d000 23 6 1711 8
7f62c5daa000 69 12 1793 10
7f62c5902000 21 1 1816 10
7f62c5911000 21 2 1840 10
7f62c590b000 21 2 1863 10
7f62c5909000 23 1 1888 10
7f62c590a000 21 1 1911 10
7f62c5dbc000 45 3 1960 10
7f62c5dbb000 67 2 2030 10
7f62c5dc3000 71 4 2106 10
7f62c5dc2000 50 2 2159 10
7f62c5dc1000 76 2 2238 10
7f62c5d8d000 39 2 2280 10
7f62c5903000 21 1 2303 10
7f62c5d87000 48 3 2355 11
2387 11
0x7f62c7554000
7f62c7554000 37 20 57 0
7f62c7550000 20 17 95 0
95 0
0x7f62c8a40000
7f62c8a40000 43 37 80 2
7f62c8a70000 36 24 141 2
7f62c7559000 22 15 179 2
7f62c7550000 20 16 216 2
7f62c7556000 21 16 253 2
7f62c7557000 23 15 292 2
7f62c7555000 22 15 330 3
7f62c755a000 21 16 368 3
7f62c7551000 22 15 405 3
7f62c89a5000 47 34 487 3
7f62c7553000 22 15 525 3
7f62c5d8b000 51 27 604 4
7f62c5d8a000 46 20 671 4
7f62c590f000 23 13 708 4
7f62c5901000 20 13 742 4
7f62c5d89000 36 18 796 4
7f62c5d88000 68 23 888 5
7f62c5913000 22 12 923 5
7f62c5906000 27 15 966 5
7f62c5907000 25 14 1006 5
7f62c5da1000 79 28 1114 6
7f62c5da2000 77 18 1210 6
7f62c6fb5000 144 30 1385 8
7f62c5910000 23 5 1413 8
7f62c5905000 40 8 1462 8
7f62c590c000 22 5 1489 8
7f62c590d000 24 5 1519 8
7f62c5daa000 69 12 1601 10
7f62c5902000 21 1 1624 10
7f62c5911000 22 1 1648 10
7f62c590b000 21 1 1671 10
7f62c5909000 24 1 1697 10
7f62c590a000 21 1 1720 10
7f62c5dbc000 46 3 1770 10
7f62c5dbb000 73 3 1847 10
7f62c5dc3000 71 4 1923 10
7f62c5dc2000 50 2 1976 10
7f62c5dc1000 76 2 2055 10
7f62c5d8d000 39 2 2097 10
7f62c5d8c000 36 2 2136 10
7f62c5903000 21 1 2159 10
7f62c5d87000 47 4 2211 11
2223 11
0x7f62c8a70000
7f62c8a70000 36 28 64 1
7f62c7559000 21 16 102 1
7f62c7550000 21 18 142 1
7f62c7556000 24 15 181 1
7f62c7557000 22 15 219 1
7f62c7555000 22 15 257 2
7f62c755a000 21 16 295 2
7f62c7551000 21 16 333 2
7f62c89a5000 48 36 417 3
7f62c7553000 21 15 454 3
7f62c5d8b000 51 26 532 4
7f62c5d8a000 45 20 598 4
7f62c590f000 23 13 635 4
7f62c5901000 20 13 669 4
7f62c5d89000 36 18 723 4
7f62c5d88000 65 23 811 5
7f62c5913000 22 12 846 5
7f62c5906000 27 14 888 5
7f62c5907000 25 14 928 5
7f62c5da1000 79 27 1035 6
7f62c5da2000 78 18 1132 6
7f62c6fb5000 145 29 1307 8
7f62c5910000 22 5 1335 8
7f62c5905000 38 7 1381 8
7f62c590c000 21 5 1408 8
7f62c590d000 24 6 1439 8
7f62c5daa000 74 12 1526 10
7f62c5902000 21 1 1549 10
7f62c5911000 22 1 1573 10
7f62c590b000 21 1 1596 10
7f62c5909000 24 1 1622 10
7f62c590a000 21 1 1645 10
7f62c5dbc000 46 2 1694 10
7f62c5dbb000 67 3 1765 10
7f62c5dc3000 70 4 1840 10
7f62c5dc2000 50 2 1893 10
7f62c5dc1000 75 3 1972 10
7f62c5d8d000 39 2 2013 10
7f62c5d8c000 36 2 2052 10
7f62c5903000 21 1 2075 10
7f62c5d87000 47 3 2126 11
2138 11
0x7f62c7559000
7f62c7559000 22 16 38 0
7f62c7550000 20 17 76 0
76 0
0x7f62c7556000
7f62c7556000 21 17 38 0
7f62c7550000 21 17 76 0
76 0
0x7f62c7557000
7f62c7557000 21 17 38 0
7f62c7550000 20 17 76 0
76 0
0x7f62c7555000
7f62c7555000 22 16 38 1
7f62c7550000 20 16 75 1
75 1
0x7f62c755a000
7f62c755a000 21 16 38 0
7f62c7550000 20 16 75 0
75 0
0x7f62c7551000
7f62c7551000 21 16 38 0
7f62c7550000 20 17 76 0
76 0
0x7f62c89a5000
7f62c89a5000 48 41 89 2
7f62c7556000 21 15 127 2
7f62c7550000 20 16 164 2
7f62c7551000 21 16 201 2
7f62c7553000 22 15 238 2
7f62c5d8b000 52 27 317 3
7f62c5d8a000 45 21 384 3
7f62c590f000 23 13 421 3
7f62c5901000 20 13 455 3
7f62c5d89000 36 18 509 3
7f62c5d88000 65 23 598 4
7f62c5913000 22 12 633 4
7f62c5906000 27 16 677 5
7f62c5907000 26 13 716 5
7f62c5da1000 79 28 824 6
7f62c5da2000 77 18 920 6
7f62c6fb5000 144 30 1095 8
7f62c5910000 23 5 1123 8
7f62c5905000 37 8 1169 8
7f62c590c000 21 5 1196 8
7f62c590d000 24 5 1226 8
7f62c5daa000 69 11 1307 10
7f62c5902000 21 2 1331 10
7f62c5911000 21 1 1354 10
7f62c590b000 21 1 1377 10
7f62c5909000 23 2 1403 10
7f62c590a000 21 1 1426 10
7f62c5dbc000 46 2 1475 10
7f62c5dbb000 71 2 1550 10
7f62c5dc3000 71 4 1626 10
7f62c5dc2000 51 2 1680 10
7f62c5dc1000 75 3 1759 10
7f62c5d8d000 40 2 1801 10
7f62c5d8c000 37 2 1840 10
7f62c5903000 21 2 1863 10
7f62c5d87000 47 3 1914 11
1924 11
0x7f62c7553000
7f62c7553000 21 17 38 0
7f62c7550000 20 17 75 0
75 0
0x7f62c755b000
7f62c755b000 22 19 41 1
7f62c7550000 21 16 79 1
7f62c755c000 80 39 198 7
198 7
0x7f62c7552000
7f62c7552000 21 16 37 0
7f62c7550000 20 17 75 0
75 0
0x7f62c7558000
7f62c7558000 21 16 37 0
7f62c7550000 20 17 75 0
75 0
0x7f62c8a38000
7f62c8a38000 55 29 84 2
7f62c755b000 21 14 120 2
7f62c7550000 20 14 155 2
7f62c755c000 79 34 268 7
7f62c8a37000 65 10 344 7
7f62c6fb5000 148 27 520 10
7f62c7557000 21 3 544 10
7f62c8a36000 65 5 615 10
7f62c5db4000 51 5 672 10
7f62c590e000 40 3 716 10
7f62c5901000 20 3 740 10
7f62c590b000 21 3 764 10
7f62c5909000 23 3 791 10
7f62c590c000 21 3 816 10
7f62c5d8d000 39 4 859 10
7f62c5d8c000 36 3 899 10
7f62c5913000 22 3 925 10
7f62c5906000 27 4 956 10
7f62c5907000 25 3 984 10
7f62c590f000 23 3 1011 10
7f62c5d8a000 45 4 1061 10
7f62c5d89000 35 4 1102 10
7f62c5d88000 64 5 1172 10
7f62c5da1000 79 6 1258 11
1284 11
0x7f62c8a37000
7f62c8a37000 67 27 95 1
7f62c6fb5000 144 52 292 6
7f62c7557000 22 10 324 6
7f62c7550000 20 11 356 6
7f62c8a36000 67 18 441 6
7f62c755b000 22 11 475 6
7f62c755c000 80 23 579 10
7f62c5db4000 52 5 637 10
7f62c590e000 45 3 686 10
7f62c5901000 24 3 713 10
7f62c590b000 21 3 738 10
7f62c5909000 24 3 765 10
7f62c590c000 21 2 789 10
7f62c5d8d000 39 4 833 10
7f62c5d8c000 36 3 873 10
7f62c5913000 22 3 899 10
7f62c5906000 26 4 930 10
7f62c5907000 25 3 958 10
7f62c590f000 23 3 985 10
7f62c5d8a000 46 4 1035 10
7f62c5d89000 35 4 1075 10
7f62c5d88000 65 5 1146 10
7f62c5da1000 79 5 1231 11
1236 11
0x7f62c8a36000
7f62c8a36000 66 31 98 2
7f62c755b000 21 16 136 2
7f62c7550000 20 15 172 2
7f62c755c000 79 37 289 7
7f62c5db4000 52 13 354 7
7f62c590e000 41 7 403 7
7f62c5901000 20 7 431 7
7f62c590b000 21 6 459 7
7f62c5909000 24 7 491 7
7f62c590c000 21 6 519 7
7f62c5d8d000 39 9 568 7
7f62c5d8c000 36 9 614 7
7f62c5913000 22 7 644 7
7f62c5906000 27 8 680 8
7f62c5907000 25 7 713 8
7f62c590f000 23 7 744 8
7f62c5d8a000 45 10 800 8
7f62c5d89000 36 9 846 8
7f62c5d88000 64 11 922 8
7f62c5da1000 79 15 1017 9
7f62c5da2000 76 8 1103 9
7f62c6fb5000 144 12 1260 11
1266 11
0x7f62c780c000
7f62c780c000 63 37 100 5
7f62c7552000 22 10 133 5
7f62c7550000 20 11 164 5
7f62c755b000 21 11 196 5
7f62c755c000 79 25 301 8
7f62c7551000 22 5 328 8
7f62c7559000 22 5 356 8
7f62c7553000 21 6 384 8
7f62c7556000 21 5 411 8
7f62c77a8000 79 12 521 8
7f62c8400000 56 8 591 8
7f62c7554000 35 7 634 8
7f62c83ff000 44 7 686 8
7f62c7555000 22 5 713 9
7f62c8401000 46 9 769 9
7f62c77ba000 58 8 837 9
7f62c77b9000 63 7 908 9
7f62c5d8b000 52 9 969 9
7f62c5d8a000 46 8 1023 9
7f62c590f000 23 5 1052 9
7f62c5901000 20 6 1079 9
7f62c5d89000 36 7 1122 9
7f62c5d88000 64 9 1196 9
7f62c5913000 22 6 1225 9
7f62c5906000 27 7 1259 9
7f62c5907000 25 6 1291 9
7f62c5da1000 79 11 1382 10
7f62c5da2000 77 5 1465 10
7f62c6fb5000 143 9 1618 11
1679 11
0x7f62c77a8000
7f62c77a8000 79 35 115 2
7f62c8400000 55 21 192 3
7f62c7553000 22 15 230 3
7f62c7550000 20 15 266 3
7f62c7554000 37 18 321 3
7f62c83ff000 44 19 385 3
7f62c7552000 21 15 422 3
7f62c7551000 21 15 459 3
7f62c755b000 21 16 497 3
7f62c755c000 80 35 612 7
7f62c7556000 21 7 641 7
7f62c7555000 22 6 670 8
7f62c8401000 47 11 730 8
7f62c77ba000 59 10 800 9
7f62c77b9000 64 7 872 9
7f62c5d8b000 52 9 933 9
7f62c5d8a000 46 8 988 9
7f62c590f000 22 6 1017 9
7f62c5901000 20 5 1043 9
7f62c5d89000 36 7 1087 9
7f62c5d88000 65 9 1162 9
7f62c5913000 22 6 1191 9
7f62c5906000 27 7 1226 9
7f62c5907000 26 6 1258 9
7f62c5da1000 79 12 1350 10
7f62c5da2000 77 5 1433 10
7f62c6fb5000 145 8 1587 11
1594 11
0x7f62c8400000
7f62c8400000 55 24 79 2
7f62c7553000 21 15 116 2
7f62c7550000 20 16 153 2
7f62c7554000 36 19 208 2
7f62c83ff000 44 21 274 2
7f62c7552000 22 15 311 2
7f62c7551000 22 15 348 2
7f62c755b000 22 16 387 2
7f62c755c000 80 37 504 7
7f62c7556000 21 7 533 7
7f62c7555000 21 7 562 8
7f62c77a8000 76 12 651 8
7f62c7bea000 137 25 814 9
7f62c5d8b000 52 9 876 9
7f62c5d8a000 46 8 931 9
7f62c590f000 22 6 960 9
7f62c5901000 20 6 987 9
7f62c5d89000 36 7 1030 9
7f62c5d88000 65 9 1105 9
7f62c5913000 22 6 1134 9
7f62c5906000 27 6 1168 9
7f62c5907000 25 6 1200 9
7f62c5da1000 80 11 1292 10
7f62c5da2000 77 5 1376 10
7f62c6fb5000 145 8 1530 11
1548 11
0x7f62c83ff000
7f62c83ff000 47 23 71 1
71 1
0x7f62c8401000
7f62c8401000 47 32 79 1
7f62c8400000 55 22 157 2
7f62c7553000 22 15 195 2
7f62c7550000 20 16 232 2
7f62c7554000 36 19 287 2
7f62c83ff000 44 21 353 2
7f62c7552000 21 15 389 2
7f62c7551000 22 15 427 2
7f62c755b000 21 16 465 2
7f62c755c000 80 37 583 7
7f62c7556000 22 6 611 7
7f62c7555000 21 7 640 8
7f62c77a8000 75 13 729 8
7f62c7bea000 136 25 891 9
7f62c5d8b000 51 8 951 9
7f62c5d8a000 46 8 1006 9
7f62c590f000 22 6 1035 9
7f62c5901000 20 5 1061 9
7f62c5d89000 35 7 1104 9
7f62c5d88000 65 9 1179 9
7f62c5913000 23 5 1207 9
7f62c5906000 27 6 1241 9
7f62c5907000 25 6 1273 9
7f62c5da1000 79 11 1364 10
7f62c5da2000 77 5 1447 10
7f62c6fb5000 143 8 1599 11
1606 11
0x7f62c77ba000
7f62c77ba000 57 29 87 3
7f62c7553000 22 13 123 3
7f62c7550000 20 14 158 3
7f62c77b9000 63 19 240 4
7f62c7556000 21 12 273 4
7f62c77a8000 75 25 374 5
7f62c8400000 54 15 444 6
7f62c7554000 36 14 495 6
7f62c83ff000 44 14 553 6
7f62c7552000 21 11 586 6
7f62c7551000 22 11 619 6
7f62c755b000 21 11 652 6
7f62c755c000 79 24 756 8
7f62c7555000 21 5 783 9
7f62c8401000 45 9 839 9
7f62c7791000 72 10 922 9
7f62c77ac000 83 10 1015 9
7f62c7559000 22 5 1043 9
7f62c7557000 21 6 1071 9
7f62c80a8000 44 8 1124 9
7f62c7998000 69 10 1205 9
7f62c7997000 91 12 1309 10
7f62c78b1000 65 5 1381 10
7f62c78b0000 59 4 1445 10
7f62c78af000 63 4 1513 10
7f62c78ae000 46 4 1564 10
7f62c78a0000 59 5 1629 10
7f62c5d8b000 52 5 1687 10
7f62c5d8a000 45 4 1737 10
7f62c590f000 23 3 1764 10
7f62c5901000 19 3 1787 10
7f62c5d89000 35 4 1827 10
7f62c5d88000 65 4 1897 10
7f62c5913000 22 3 1923 10
7f62c5906000 27 3 1954 10
7f62c5907000 25 3 1983 10
7f62c5da1000 79 6 2069 10
7f62c5da2000 77 5 2152 10
7f62c6fb5000 143 9 2305 11
2370 11
0x7f62c77b9000
7f62c77b9000 66 24 91 2
91 2
0x7f62c7790000
7f62c7790000 68 41 110 4
7f62c778f000 53 26 190 7
7f62c778e000 88 14 293 7
7f62c7956000 87 23 405 7
7f62c7955000 72 15 493 7
7f62c766f000 83 17 594 8
7f62c765c000 104 20 719 8
7f62c7634000 77 10 807 8
7f62c5dae000 77 10 895 8
7f62c6244000 44 11 951 9
7f62c624e000 41 4 996 9
7f62c5906000 27 3 1027 10
7f62c5901000 20 3 1051 10
7f62c5910000 22 3 1076 10
7f62c590a000 21 3 1101 10
7f62c6247000 49 5 1156 10
7f62c5911000 22 3 1181 10
7f62c5907000 25 3 1209 10
7f62c590f000 23 3 1236 10
7f62c5914000 23 2 1261 10
7f62c590d000 24 3 1289 10
7f62c5912000 22 2 1314 10
7f62c5dad000 90 5 1410 10
7f62c5dac000 56 5 1472 10
7f62c5dab000 53 5 1531 10
7f62c5913000 22 3 1557 10
7f62c6fd2000 56 5 1619 10
7f62c6fd1000 49 3 1672 10
7f62c6fd0000 45 3 1720 10
7f62c5905000 38 3 1762 10
7f62c6fdc000 61 16 1840 10
7f62c6fdb000 94 10 1944 11
1990 11
0x7f62c778f000
7f62c778f000 54 38 92 4
7f62c778e000 88 25 206 5
7f62c7956000 87 34 328 6
7f62c7955000 72 17 418 6
7f62c766f000 84 20 523 7
7f62c765c000 105 25 654 7
7f62c7634000 76 14 746 7
7f62c5dae000 77 12 836 7
7f62c6244000 44 15 896 8
7f62c624e000 41 5 943 8
7f62c5906000 27 5 976 9
7f62c5901000 20 4 1001 9
7f62c5910000 22 4 1027 9
7f62c590a000 21 4 1053 9
7f62c6247000 50 7 1111 9
7f62c5911000 21 4 1136 9
7f62c5907000 25 5 1167 9
7f62c590f000 22 4 1194 9
7f62c5914000 22 4 1221 9
7f62c590d000 24 4 1250 9
7f62c5912000 22 4 1277 9
7f62c5dad000 90 7 1375 9
7f62c5dac000 56 9 1441 9
7f62c5dab000 53 8 1503 9
7f62c5913000 22 4 1530 9
7f62c6fd2000 56 7 1594 10
7f62c6fd1000 49 3 1647 10
7f62c6fd0000 44 3 1695 10
7f62c5905000 38 3 1737 10
7f62c6fdc000 61 16 1815 10
7f62c6fdb000 95 9 1919 11
1928 11
0x7f62c778e000
7f62c778e000 87 38 125 3
7f62c7956000 87 46 259 4
7f62c7955000 72 25 357 4
7f62c766f000 83 30 471 7
7f62c765c000 104 26 602 7
7f62c7634000 77 13 693 7
7f62c5dae000 78 12 784 7
7f62c6244000 44 15 844 8
7f62c624e000 42 5 891 8
7f62c5906000 28 5 924 9
7f62c5901000 20 4 949 9
7f62c5910000 22 4 975 9
7f62c590a000 21 4 1001 9
7f62c6247000 49 7 1058 9
7f62c5911000 21 4 1084 9
7f62c5907000 25 5 1115 9
7f62c590f000 22 4 1142 9
7f62c5914000 22 4 1169 9
7f62c590d000 24 4 1198 9
7f62c5912000 22 4 1225 9
7f62c5dad000 90 7 1323 9
7f62c5dac000 56 9 1389 9
7f62c5dab000 53 8 1451 9
7f62c5913000 22 4 1478 9
7f62c6fd2000 55 8 1542 10
7f62c6fd1000 49 3 1595 10
7f62c6fd0000 44 3 1643 10
7f62c5905000 38 3 1685 10
7f62c6fdc000 61 15 1762 10
7f62c6fdb000 94 10 1867 11
1875 11
0x7f62c7956000
7f62c7956000 87 58 145 2
7f62c7955000 72 29 247 3
7f62c766f000 83 32 363 6
7f62c765c000 105 31 500 7
7f62c7634000 76 14 591 7
7f62c5dae000 77 12 681 7
7f62c6244000 44 15 741 8
7f62c624e000 42 5 788 8
7f62c5906000 27 6 821 9
7f62c5901000 20 4 845 9
7f62c5910000 22 4 872 9
7f62c590a000 21 4 898 9
7f62c6247000 50 7 955 9
7f62c5911000 22 4 981 9
7f62c5907000 25 4 1011 9
7f62c590f000 22 5 1039 9
7f62c5914000 22 4 1065 9
7f62c590d000 24 4 1094 9
7f62c5912000 22 4 1121 9
7f62c5dad000 97 7 1226 9
7f62c5dac000 57 9 1293 9
7f62c5dab000 53 8 1355 9
7f62c5913000 22 4 1382 9
7f62c6fd2000 57 8 1448 10
7f62c6fd1000 50 3 1501 10
7f62c6fd0000 45 3 1550 10
7f62c5905000 37 4 1592 10
7f62c6fdc000 61 16 1670 10
7f62c6fdb000 96 9 1775 11
1783 11
0x7f62c7955000
7f62c7955000 73 36 109 2
7f62c766f000 85 37 232 5
7f62c765c000 106 40 379 6
7f62c7634000 78 18 476 6
7f62c5dae000 78 17 572 6
7f62c6244000 45 20 638 8
7f62c624e000 42 6 686 8
7f62c5906000 27 6 719 9
7f62c5901000 20 4 743 9
7f62c5910000 22 4 770 9
7f62c590a000 21 4 796 9
7f62c6247000 50 7 854 9
7f62c5911000 21 5 881 9
7f62c5907000 26 4 911 9
7f62c590f000 23 4 939 9
7f62c5914000 22 4 966 9
7f62c590d000 24 4 995 9
7f62c5912000 22 4 1022 9
7f62c5dad000 91 8 1122 9
7f62c5dac000 57 9 1189 9
7f62c5dab000 54 7 1251 9
7f62c5913000 22 4 1278 9
7f62c6fd2000 57 8 1344 10
7f62c6fd1000 50 3 1397 10
7f62c6fd0000 45 3 1446 10
7f62c5905000 38 3 1488 10
7f62c6fdc000 62 16 1567 10
7f62c6fdb000 96 9 1672 11
1679 11
0x7f62c766f000
7f62c766f000 85 42 127 5
7f62c765c000 106 40 274 6
7f62c7634000 78 18 371 6
7f62c5dae000 78 17 467 6
7f62c6244000 45 20 533 8
7f62c624e000 42 6 581 8
7f62c5906000 27 6 614 9
7f62c5901000 20 4 638 9
7f62c5910000 22 4 665 9
7f62c590a000 21 4 691 9
7f62c6247000 50 7 749 9
7f62c5911000 21 4 775 9
7f62c5907000 25 5 806 9
7f62c590f000 22 5 834 9
7f62c5914000 22 4 861 9
7f62c590d000 23 5 890 9
7f62c5912000 22 4 917 9
7f62c5dad000 91 7 1016 9
7f62c5dac000 56 10 1083 9
7f62c5dab000 53 8 1145 9
7f62c5913000 22 4 1172 9
7f62c6fd2000 57 8 1238 10
7f62c6fd1000 50 3 1291 10
7f62c6fd0000 45 3 1340 10
7f62c5905000 37 4 1382 10
7f62c6fdc000 62 15 1460 10
7f62c6fdb000 95 10 1566 11
1572 11
0x7f62c765c000
7f62c765c000 106 74 181 3
7f62c7634000 78 30 289 4
7f62c5dae000 78 22 390 5
7f62c6244000 45 24 460 7
7f62c624e000 42 7 509 7
7f62c5906000 28 7 544 8
7f62c5901000 20 5 570 8
7f62c5910000 22 6 599 8
7f62c590a000 22 5 626 8
7f62c6247000 50 9 686 8
7f62c5911000 21 6 714 8
7f62c5907000 25 6 746 8
7f62c590f000 23 6 776 8
7f62c5914000 22 5 804 8
7f62c590d000 24 6 835 8
7f62c5912000 23 5 863 8
7f62c5dad000 91 11 966 8
7f62c5dac000 56 13 1036 8
7f62c5dab000 54 10 1101 8
7f62c5913000 22 6 1130 8
7f62c6fd2000 57 11 1198 9
7f62c6fd1000 49 5 1253 9
7f62c6fd0000 45 5 1304 9
7f62c5905000 38 6 1348 9
7f62c6fdc000 62 26 1437 10
7f62c6fdb000 95 10 1543 11
1548 11
0x7f62c7634000
7f62c7634000 77 40 118 3
7f62c5dae000 78 27 224 5
7f62c6244000 44 24 293 7
7f62c624e000 42 8 343 7
7f62c5906000 27 8 378 8
7f62c5901000 20 6 404 8
7f62c5910000 23 5 432 8
7f62c590a000 21 5 459 8
7f62c6247000 50 10 520 8
7f62c5911000 22 5 547 8
7f62c5907000 26 6 580 8
7f62c590f000 22 6 609 8
7f62c5914000 22 5 637 8
7f62c590d000 24 6 668 8
7f62c5912000 22 5 696 8
7f62c5dad000 91 11 799 8
7f62c5dac000 56 13 869 8
7f62c5dab000 54 10 934 8
7f62c5913000 22 6 963 8
7f62c6fd2000 56 11 1031 9
7f62c6fd1000 49 5 1086 9
7f62c6fd0000 45 4 1136 9
7f62c5905000 38 6 1181 9
7f62c6fdc000 62 26 1270 10
7f62c6fdb000 95 10 1376 11
1379 11
0x7f62c8b8a000
7f62c8b8a000 64 34 99 1
7f62c8b89000 60 29 189 1
7f62c7556000 21 16 227 1
7f62c7550000 20 16 264 1
7f62c5d8b000 52 29 346 2
7f62c5d8a000 46 23 416 2
7f62c590f000 22 15 454 2
7f62c5901000 20 13 488 2
7f62c5d89000 36 20 545 2
7f62c5d88000 65 25 636 3
7f62c5913000 23 12 672 3
7f62c5906000 27 17 717 4
7f62c5907000 25 14 757 4
7f62c5da1000 80 31 869 6
7f62c5da2000 78 18 966 6
7f62c6fb5000 145 29 1141 8
7f62c5910000 22 5 1169 8
7f62c5905000 38 8 1216 8
7f62c590c000 22 5 1243 8
7f62c590d000 24 5 1273 8
7f62c5daa000 70 11 1355 10
7f62c5902000 22 1 1379 10
7f62c5911000 21 2 1403 10
7f62c590b000 22 1 1426 10
7f62c5909000 23 2 1452 10
7f62c590a000 22 1 1475 10
7f62c5dbc000 45 3 1524 10
7f62c5dbb000 68 2 1595 10
7f62c5dc3000 72 4 1672 10
7f62c5dc2000 50 2 1725 10
7f62c5dc1000 76 3 1805 10
7f62c5d8d000 39 2 1846 10
7f62c5d8c000 37 2 1886 10
7f62c5903000 21 1 1908 10
7f62c5d87000 48 3 1960 11
1971 11
0x7f62c8b89000
7f62c8b89000 60 31 91 1
7f62c7556000 21 16 129 1
7f62c7550000 20 16 166 1
7f62c5d8b000 52 29 248 2
7f62c5d8a000 46 23 318 2
7f62c590f000 23 15 356 2
7f62c5901000 20 14 390 2
7f62c5d89000 36 20 446 2
7f62c5d88000 65 26 538 3
7f62c5913000 22 13 574 3
7f62c5906000 27 16 618 4
7f62c5907000 25 15 659 4
7f62c5da1000 80 30 769 6
7f62c5da2000 78 18 866 6
7f62c6fb5000 143 29 1039 8
7f62c5910000 22 5 1067 8
7f62c5905000 38 7 1113 8
7f62c590c000 21 5 1140 8
7f62c590d000 24 5 1170 8
7f62c5daa000 69 11 1251 10
7f62c5902000 21 2 1275 10
7f62c5911000 21 1 1298 10
7f62c590b000 21 1 1321 10
7f62c5909000 24 1 1347 10
7f62c590a000 21 1 1370 10
7f62c5dbc000 45 2 1418 10
7f62c5dbb000 68 2 1489 10
7f62c5dc3000 71 4 1565 10
7f62c5dc2000 50 2 1618 10
7f62c5dc1000 75 3 1697 10
7f62c5d8d000 39 2 1738 10
7f62c5d8c000 36 2 1777 10
7f62c5903000 21 1 1800 10
7f62c5d87000 47 3 1851 11
1861 11
0x7f62c8b88000
7f62c8b88000 108 42 150 5
7f62c7559000 21 12 184 5
7f62c7550000 20 13 218 5
7f62c755a000 21 12 251 5
7f62c8b8d000 59 23 334 5
7f62c8b8c000 51 20 406 5
7f62c755b000 21 13 441 5
7f62c755c000 79 28 549 8
7f62c7555000 22 5 576 9
7f62c8b8b000 68 9 654 9
7f62c7551000 21 6 682 9
7f62c5d8b000 51 9 743 9
7f62c5d8a000 45 8 797 9
7f62c590f000 22 6 826 9
7f62c5901000 20 5 852 9
7f62c5d89000 37 7 897 9
7f62c5d88000 65 8 971 9
7f62c5913000 23 5 1000 9
7f62c5906000 27 6 1034 9
7f62c5907000 25 6 1066 9
7f62c5da1000 79 12 1158 10
7f62c5da2000 77 5 1241 10
7f62c6fb5000 143 8 1393 11
1400 11
0x7f62c8b8d000
7f62c8b8d000 59 35 94 2
7f62c8b8c000 51 26 172 2
7f62c755b000 21 16 210 2
7f62c7550000 20 15 246 2
7f62c755c000 79 37 363 7
7f62c7555000 21 7 391 8
7f62c8b8b000 67 11 470 8
7f62c7551000 22 7 500 8
7f62c5d8b000 51 11 563 8
7f62c5d8a000 45 10 619 8
7f62c590f000 23 7 650 8
7f62c5901000 20 6 677 8
7f62c5d89000 35 9 722 8
7f62c5d88000 65 11 799 8
7f62c5913000 22 7 829 8
7f62c5906000 27 8 865 8
7f62c5907000 25 7 898 8
7f62c5da1000 79 14 992 9
7f62c5da2000 77 8 1078 9
7f62c6fb5000 143 13 1235 11
1241 11
0x7f62c8b8c000
7f62c8b8c000 52 29 81 1
7f62c755b000 21 17 120 1
7f62c7550000 20 16 156 1
7f62c755c000 79 39 275 7
7f62c7555000 21 7 304 8
7f62c8b8b000 67 11 383 8
7f62c8b8d000 59 12 455 8
7f62c6fdc000 61 38 555 9
7f62c6fdb000 95 17 667 10
7f62c7556000 21 3 692 10
7f62c6f45000 67 6 766 10
7f62c7081000 94 8 869 10
7f62c7080000 96 7 972 10
7f62c6f43000 117 4 1093 10
7f62c7050000 86 7 1187 10
7f62c704f000 104 5 1296 10
7f62c704e000 67 11 1375 10
7f62c704c000 72 5 1452 10
7f62c7040000 85 19 1556 10
7f62c703e000 46 5 1607 11
1609 11
0x7f62c8b8b000
7f62c8b8b000 67 32 100 3
7f62c8b8d000 59 28 188 3
7f62c8b8c000 51 23 263 3
7f62c755b000 21 15 300 3
7f62c7550000 20 14 335 3
7f62c755c000 80 33 448 7
7f62c7555000 21 7 476 8
7f62c7557000 21 7 505 8
7f62c8b84000 108 15 628 8
7f62c7551000 21 7 657 8
7f62c5da2000 77 12 747 9
7f62c590f000 22 5 775 9
7f62c5901000 20 4 799 9
7f62c5913000 22 4 826 9
7f62c6fb5000 142 13 982 11
987 11
0x7f62c8b84000
7f62c8b84000 108 43 151 2
7f62c7551000 22 15 189 2
7f62c7550000 20 15 225 2
7f62c8b8c000 51 26 303 2
7f62c755b000 21 16 341 2
7f62c755c000 79 37 458 7
7f62c7555000 21 7 486 8
7f62c8b8b000 67 11 565 8
7f62c8b8d000 59 12 637 8
7f62c6fdc000 61 38 737 9
7f62c6fdb000 95 17 849 10
7f62c7556000 21 3 874 10
7f62c6f45000 67 6 948 10
7f62c7081000 94 8 1051 10
7f62c7080000 96 7 1154 10
7f62c6f43000 117 4 1275 10
7f62c7050000 87 6 1369 10
7f62c704f000 104 5 1478 10
7f62c704e000 67 11 1557 10
7f62c704c000 71 5 1634 10
7f62c7040000 85 19 1738 10
7f62c703e000 46 5 1789 11
1792 11
0x7f62c8b8e000
7f62c8b8e000 78 40 118 3
7f62c5d83000 54 24 197 4
7f62c7552000 21 12 231 4
7f62c7550000 20 12 264 4
7f62c755b000 21 13 298 4
7f62c755c000 79 29 407 7
7f62c8b8d000 59 14 480 7
7f62c8b8c000 51 11 543 7
7f62c7555000 22 6 572 8
7f62c8b8b000 67 12 652 8
7f62c7551000 21 7 681 8
7f62c5d8b000 51 11 744 8
7f62c5d8a000 46 10 801 8
7f62c590f000 22 7 831 8
7f62c5901000 20 7 859 8
7f62c5d89000 36 9 904 8
7f62c5d88000 65 11 981 8
7f62c5913000 22 7 1011 8
7f62c5906000 27 8 1046 8
7f62c5907000 25 8 1080 8
7f62c5da1000 79 14 1174 9
7f62c5da2000 78 7 1260 9
7f62c6fb5000 143 12 1416 11
1424 11
0x7f62c8b8f000
7f62c8b8f000 51 31 82 2
82 2
0x7f62c8b90000
7f62c8b90000 18 21 40 1
40 1
0x7f62c8b82000
7f62c8b82000 39 30 69 2
7f62c8a80000 42 28 140 2
7f62c7551000 21 15 178 2
7f62c7550000 20 15 214 2
7f62c8a7f000 52 32 299 6
7f62c8a7e000 76 23 399 6
7f62c755b000 21 10 431 6
7f62c755c000 79 23 534 9
7f62c8a5a000 47 7 588 9
7f62c8a59000 76 8 673 9
7f62c7556000 21 3 697 9
7f62c5d8b000 52 5 755 9
7f62c5d8a000 46 5 807 9
7f62c590f000 22 3 833 9
7f62c5901000 20 3 857 9
7f62c5d89000 36 5 898 9
7f62c5d88000 64 6 969 9
7f62c5913000 22 3 995 9
7f62c5906000 27 3 1026 10
7f62c5907000 25 3 1055 10
7f62c5da1000 79 6 1141 10
7f62c5da2000 77 5 1224 10
7f62c6fb5000 143 8 1376 11
1389 11
0x7f62c8a80000
7f62c8a80000 41 32 74 1
7f62c8b82000 39 28 142 2
7f62c8b81000 60 36 239 2
7f62c7552000 21 16 276 2
7f62c7550000 20 16 312 2
7f62c7553000 21 15 348 2
7f62c7551000 22 15 386 2
7f62c7556000 21 15 423 2
7f62c7555000 21 15 460 3
7f62c3cd1000 95 38 594 6
7f62c3cc1000 16 9 620 6
7f62c3cc2000 16 9 645 6
7f62c7559000 22 9 676 6
7f62c7557000 21 9 707 6
7f62c8a7f000 51 19 778 8
7f62c8a7e000 76 15 870 8
7f62c755b000 22 7 900 8
7f62c755c000 79 15 995 10
7f62c8a5a000 47 5 1048 10
7f62c8a59000 76 6 1131 10
7f62c5d8b000 51 5 1187 10
7f62c5d8a000 45 4 1237 10
7f62c590f000 23 3 1264 10
7f62c5901000 20 3 1287 10
7f62c5d89000 35 4 1327 10
7f62c5d88000 64 5 1397 10
7f62c5913000 22 3 1423 10
7f62c5906000 27 4 1454 10
7f62c5907000 25 4 1483 10
7f62c5da1000 79 6 1568 10
7f62c5da2000 77 5 1651 10
7f62c6fb5000 143 8 1803 11
1814 11
0x7f62c8a7f000
7f62c8a7f000 52 37 89 5
7f62c8a7e000 75 26 191 6
7f62c755b000 21 10 223 6
7f62c7550000 20 10 254 6
7f62c755c000 79 23 356 9
7f62c7551000 22 2 380 9
7f62c8a5a000 48 7 436 9
7f62c8a59000 76 8 521 9
7f62c7556000 21 3 545 9
7f62c5d8b000 51 6 603 9
7f62c5d8a000 45 5 654 9
7f62c590f000 23 3 681 9
7f62c5901000 19 3 704 9
7f62c5d89000 35 5 745 9
7f62c5d88000 64 6 816 9
7f62c5913000 22 3 842 9
7f62c5906000 27 3 873 10
7f62c5907000 25 3 902 10
7f62c5da1000 79 6 988 10
7f62c5da2000 77 5 1071 10
7f62c6fb5000 143 8 1223 11
1232 11
0x7f62c8a7e000
7f62c8a7e000 75 45 120 4
7f62c755b000 21 12 154 4
7f62c7550000 20 12 187 4
7f62c755c000 79 29 296 8
7f62c7551000 22 4 322 8
7f62c8a5a000 47 9 379 8
7f62c8a59000 76 11 467 8
7f62c7556000 21 4 492 8
7f62c5d8b000 51 8 552 8
7f62c5d8a000 46 7 606 8
7f62c590f000 23 4 634 8
7f62c5901000 19 5 659 8
7f62c5d89000 36 6 701 8
7f62c5d88000 65 8 775 8
7f62c5913000 22 4 802 8
7f62c5906000 26 6 835 9
7f62c5907000 25 4 865 9
7f62c5da1000 79 9 954 9
7f62c5da2000 77 8 1040 9
7f62c6fb5000 143 12 1196 11
1203 11
0x7f62c8a5a000
7f62c8a5a000 47 35 83 3
7f62c8a59000 76 35 195 3
7f62c7556000 21 15 231 3
7f62c7550000 20 15 266 3
7f62c5d8b000 51 26 344 4
7f62c5d8a000 45 20 410 4
7f62c590f000 22 13 446 4
7f62c5901000 20 12 479 4
7f62c5d89000 35 17 532 4
7f62c5d88000 65 22 620 4
7f62c5913000 22 12 655 4
7f62c5906000 27 15 698 5
7f62c5907000 25 14 738 5
7f62c5da1000 79 27 845 6
7f62c5da2000 78 17 941 6
7f62c6fb5000 144 29 1115 8
7f62c5910000 22 6 1143 8
7f62c5905000 37 8 1189 8
7f62c590c000 21 5 1216 8
7f62c590d000 23 6 1246 8
7f62c5daa000 69 11 1327 10
7f62c5902000 21 1 1350 10
7f62c5911000 22 1 1374 10
7f62c590b000 21 1 1397 10
7f62c5909000 23 2 1423 10
7f62c590a000 21 1 1446 10
7f62c5dbc000 45 2 1494 10
7f62c5dbb000 68 2 1565 10
7f62c5dc3000 71 4 1641 10
7f62c5dc2000 50 2 1694 10
7f62c5dc1000 75 3 1773 10
7f62c5d8d000 39 2 1814 10
7f62c5d8c000 36 2 1853 10
7f62c5903000 21 1 1876 10
7f62c5d87000 47 3 1927 11
1937 11
0x7f62c8a59000
7f62c8a59000 76 42 119 3
119 3
0x7f62c786a000
7f62c786a000 70 25 95 1
95 1
0x7f62c8a1f000
7f62c8a1f000 37 40 78 2
7f62c755b000 21 14 114 2
7f62c7550000 20 13 148 2
7f62c755c000 79 34 262 8
7f62c8a1e000 52 7 322 8
7f62c5dbb000 68 7 397 8
7f62c5dc3000 70 12 480 8
7f62c5dc2000 50 6 537 8
7f62c590d000 24 4 566 8
7f62c5901000 20 4 591 8
7f62c5dc1000 76 7 674 8
7f62c5d8d000 39 5 719 8
7f62c5d8c000 37 6 763 8
7f62c5913000 22 4 789 8
7f62c5906000 27 5 822 9
7f62c5907000 25 5 853 9
7f62c590b000 21 4 879 9
7f62c590f000 22 4 906 9
7f62c5d8a000 46 6 959 9
7f62c5d89000 36 5 1001 9
7f62c5d88000 65 7 1074 9
7f62c5da1000 79 9 1163 9
7f62c5da2000 78 7 1249 9
7f62c6fb5000 146 12 1408 11
1416 11
0x7f62c8a1e000
7f62c8a1e000 53 26 79 2
79 2
0x7f62c8a28000
7f62c8a28000 59 45 105 3
7f62c8a27000 46 23 175 3
7f62c7551000 22 14 211 3
7f62c7550000 20 15 247 3
7f62c5dbd000 88 26 361 4
7f62c5dbc000 45 19 426 6
7f62c5dbb000 68 13 508 6
7f62c5dc3000 71 20 600 7
7f62c5dc2000 50 8 659 7
7f62c590d000 24 5 689 7
7f62c5901000 20 5 715 7
7f62c5dc1000 75 10 801 7
7f62c5d8d000 39 7 847 7
7f62c5d8c000 37 7 892 7
7f62c5913000 22 5 920 7
7f62c5906000 27 7 955 8
7f62c5907000 25 6 987 8
7f62c590b000 21 5 1014 8
7f62c590f000 22 6 1043 8
7f62c5d8a000 45 9 1098 8
7f62c5d89000 35 8 1142 8
7f62c5d88000 65 9 1217 8
7f62c5da1000 79 13 1310 8
7f62c5da2000 77 11 1399 8
7f62c6fb5000 143 17 1560 10
7f62c5910000 22 1 1584 10
7f62c5905000 37 2 1624 10
7f62c590c000 21 2 1648 10
7f62c5d8b000 52 3 1703 10
7f62c590e000 41 1 1746 10
7f62c5903000 21 1 1769 10
7f62c5d87000 47 3 1820 11
1831 11
0x7f62c8a27000
7f62c8a27000 46 27 74 1
74 1
0x7f62c8a29000
7f62c8a29000 56 44 100 3
7f62c8a28000 59 34 194 4
7f62c8a27000 46 19 260 4
7f62c7551000 21 12 294 4
7f62c7550000 20 12 327 4
7f62c5dbd000 87 22 437 5
7f62c5dbc000 45 15 498 7
7f62c5dbb000 67 9 576 7
7f62c5dc3000 71 14 662 7
7f62c5dc2000 50 8 721 7
7f62c590d000 23 6 752 7
7f62c5901000 20 5 778 7
7f62c5dc1000 75 10 864 7
7f62c5d8d000 39 7 910 7
7f62c5d8c000 36 8 955 7
7f62c5913000 22 5 983 7
7f62c5906000 27 7 1018 8
7f62c5907000 25 6 1050 8
7f62c590b000 21 5 1077 8
7f62c590f000 22 6 1106 8
7f62c5d8a000 45 8 1160 8
7f62c5d89000 35 8 1205 8
7f62c5d88000 64 10 1280 8
7f62c5da1000 79 13 1373 8
7f62c5da2000 77 10 1461 8
7f62c6fb5000 144 17 1623 10
7f62c5910000 22 2 1647 10
7f62c5905000 37 2 1687 10
7f62c590c000 21 1 1710 10
7f62c5d8b000 51 3 1765 10
7f62c590e000 41 1 1808 10
7f62c5903000 21 2 1832 10
7f62c5d87000 47 3 1883 11
1895 11
0x7f62c8a58000
7f62c8a58000 39 24 63 1
7f62c755b000 21 17 102 1
7f62c7550000 20 16 139 1
7f62c755c000 80 39 258 7
7f62c7556000 21 6 286 7
7f62c8a29000 56 17 360 7
7f62c8a28000 59 18 438 7
7f62c8a27000 46 11 496 7
7f62c7551000 22 7 525 7
7f62c5dbd000 88 12 625 7
7f62c5dbc000 45 11 683 8
7f62c5dbb000 67 7 758 8
7f62c5dc3000 71 11 841 8
7f62c5dc2000 50 6 898 8
7f62c590d000 24 5 928 8
7f62c5901000 20 4 952 8
7f62c5dc1000 75 8 1036 8
7f62c5d8d000 39 6 1081 8
7f62c5d8c000 36 6 1124 8
7f62c5913000 22 4 1151 8
7f62c5906000 27 5 1184 9
7f62c5907000 25 4 1214 9
7f62c590b000 21 4 1240 9
7f62c590f000 23 4 1268 9
7f62c5d8a000 45 6 1320 9
7f62c5d89000 35 6 1363 9
7f62c5d88000 65 6 1435 9
7f62c5da1000 79 9 1525 9
7f62c5da2000 77 8 1611 9
7f62c6fb5000 143 13 1768 11
1780 11
0x7f62c8a57000
7f62c8a57000 160 84 244 3
244 3
0x7f62c76fb000
7f62c76fb000 61 23 85 1
85 1
0x7f62c7691000
7f62c7691000 74 28 103 4
7f62c5dbd000 88 22 214 4
7f62c5dbc000 45 20 280 6
7f62c5dbb000 67 14 362 6
7f62c5dc3000 70 21 454 7
7f62c5dc2000 50 8 513 7
7f62c590d000 23 6 544 7
7f62c5901000 20 6 571 7
7f62c5dc1000 75 11 657 7
7f62c5d8d000 39 8 704 7
7f62c5d8c000 36 8 749 7
7f62c5913000 22 6 778 7
7f62c5906000 26 8 813 7
7f62c5907000 25 7 846 7
7f62c590b000 21 6 873 7
7f62c590f000 22 7 903 7
7f62c5d8a000 45 10 959 7
7f62c5d89000 36 8 1004 7
7f62c5d88000 65 11 1081 7
7f62c5da1000 79 16 1177 8
7f62c5da2000 77 10 1265 8
7f62c6fb5000 144 17 1427 10
7f62c5910000 22 2 1451 10
7f62c5905000 37 2 1491 10
7f62c590c000 21 1 1514 10
7f62c5d8b000 51 3 1569 10
7f62c590e000 41 1 1612 10
7f62c5903000 21 2 1636 10
7f62c5d87000 48 3 1687 11
1716 11
0x7f62c7690000
7f62c7690000 76 29 105 4
7f62c768f000 77 25 208 5
7f62c768e000 58 15 282 5
7f62c768d000 61 13 358 5
7f62889a1000 16 10 385 5
7f62c7557000 21 10 418 5
7f62c7550000 20 11 450 5
7f62c7691000 74 17 541 6
7f62c5dbd000 88 17 647 6
7f62c5dbc000 45 17 710 7
7f62c5dbb000 67 12 790 7
7f62c5dc3000 71 18 880 8
7f62c5dc2000 50 7 938 8
7f62c590d000 25 5 969 8
7f62c5901000 20 5 995 8
7f62c5dc1000 75 9 1080 8
7f62c5d8d000 39 7 1126 8
7f62c5d8c000 36 7 1170 8
7f62c5913000 22 5 1198 8
7f62c5906000 27 6 1232 8
7f62c5907000 25 6 1264 8
7f62c590b000 21 5 1291 8
7f62c590f000 22 6 1320 8
7f62c5d8a000 45 9 1375 8
7f62c5d89000 35 8 1419 8
7f62c5d88000 64 10 1494 8
7f62c5da1000 79 13 1587 8
7f62c5da2000 77 10 1675 8
7f62c6fb5000 143 17 1836 10
7f62c5910000 22 1 1860 10
7f62c5905000 37 2 1900 10
7f62c590c000 21 1 1923 10
7f62c5d8b000 52 2 1978 10
7f62c590e000 41 2 2022 10
7f62c5903000 21 1 2045 10
7f62c5d87000 47 3 2096 11
2111 11
0x7f62c768f000
7f62c768f000 77 38 115 3
7f62c768e000 59 20 195 3
7f62c768d000 62 18 276 3
7f62889a1000 16 14 307 3
7f62c7557000 21 15 344 3
7f62c7550000 20 15 379 3
7f62c7691000 74 24 478 5
7f62c5dbd000 88 20 586 5
7f62c5dbc000 45 19 651 7
7f62c5dbb000 67 12 731 7
7f62c5dc3000 71 18 821 8
7f62c5dc2000 50 7 879 8
7f62c590d000 24 6 910 8
7f62c5901000 20 6 936 8
7f62c5dc1000 75 9 1020 8
7f62c5d8d000 39 6 1066 8
7f62c5d8c000 37 7 1111 8
7f62c5913000 22 6 1139 8
7f62c5906000 27 7 1173 8
7f62c5907000 25 6 1205 8
7f62c590b000 21 5 1232 8
7f62c590f000 22 6 1261 8
7f62c5d8a000 46 8 1315 8
7f62c5d89000 36 7 1359 8
7f62c5d88000 65 10 1435 8
7f62c5da1000 79 13 1528 8
7f62c5da2000 77 10 1616 8
7f62c6fb5000 143 18 1778 10
7f62c5910000 22 1 1801 10
7f62c5905000 38 2 1842 10
7f62c590c000 21 2 1865 10
7f62c5d8b000 52 3 1920 10
7f62c590e000 41 1 1963 10
7f62c5903000 21 1 1986 10
7f62c5d87000 47 3 2037 11
2051 11
0x7f62c768e000
7f62c768e000 59 24 83 1
7f62c768d000 62 19 165 1
7f62889a1000 16 15 197 1
7f62c768f000 77 35 310 3
7f62c7569000 69 28 408 4
7f62c756a000 66 19 494 4
7f62c9382000 22 13 530 4
7f62c5dbb000 67 19 616 5
7f62c5dc3000 71 24 712 6
7f62c5dc2000 49 12 774 6
7f62c590d000 24 8 807 6
7f62c5901000 20 8 836 6
7f62c5dc1000 75 14 926 6
7f62c5d8d000 39 10 975 6
7f62c5d8c000 37 11 1024 6
7f62c5913000 23 8 1055 6
7f62c5906000 27 11 1093 7
7f62c5907000 25 9 1128 7
7f62c590b000 22 7 1157 7
7f62c590f000 23 8 1189 7
7f62c5d8a000 46 12 1248 7
7f62c5d89000 36 10 1295 7
7f62c5d88000 65 14 1375 7
7f62c5da1000 79 18 1473 8
7f62c5da2000 77 10 1561 8
7f62c6fb5000 143 17 1722 10
7f62c5910000 22 1 1746 10
7f62c5905000 37 2 1786 10
7f62c590c000 21 1 1809 10
7f62c5d8b000 52 2 1864 10
7f62c590e000 41 1 1907 10
7f62c5903000 21 1 1930 10
7f62c5d87000 48 3 1982 11
1993 11
0x7f62c768d000
7f62c768d000 62 20 83 1
7f62889a1000 16 15 115 1
7f62c768f000 77 36 229 3
7f62c768e000 58 21 309 3
7f62c7552000 21 15 346 3
7f62c7550000 20 15 381 3
7f62c5d8c000 36 20 438 3
7f62c7554000 35 19 493 3
7f62c755b000 22 15 530 3
7f62c755c000 79 35 645 7
7f62c5dba000 61 15 721 7
7f62c590e000 41 8 771 7
7f62c5901000 20 7 798 7
7f62c5913000 22 6 827 7
7f62c5910000 22 7 857 7
7f62c590c000 21 7 886 7
7f62c5906000 27 8 922 8
7f62c5d8b000 51 11 985 8
7f62c5d8a000 46 10 1042 8
7f62c590f000 22 8 1073 8
7f62c5d89000 36 9 1118 8
7f62c5d88000 65 11 1195 8
7f62c5907000 25 8 1229 8
7f62c5da1000 78 15 1323 9
7f62c5da2000 77 7 1408 9
7f62c6fb5000 143 13 1565 11
1572 11
0x7f62889a1000
7f62889a1000 15 16 32 0
33 0
0x7f62c8a24000
7f62c8a24000 55 24 80 2
7f62c8a59000 76 38 195 3
7f62c755b000 22 15 232 3
7f62c7550000 20 15 268 3
7f62c755c000 80 35 383 7
7f62c5d8b000 52 12 447 7
7f62c5d8a000 46 11 505 7
7f62c590f000 22 7 535 7
7f62c5901000 20 7 563 7
7f62c5d89000 35 10 609 7
7f62c5d88000 65 12 687 7
7f62c5913000 22 7 717 7
7f62c5906000 27 9 754 8
7f62c5907000 26 7 787 8
7f62c5da1000 80 15 883 9
7f62c5da2000 77 8 969 9
7f62c6fb5000 144 12 1126 11
1131 11
0x7f62c7569000
7f62c7569000 70 33 103 3
7f62c756a000 67 21 192 3
7f62c9382000 22 13 228 3
7f62c5dbb000 68 20 316 4
7f62c5dc3000 71 27 415 5
7f62c5dc2000 50 13 479 5
7f62c590d000 24 9 513 5
7f62c5901000 20 9 543 5
7f62c5dc1000 76 15 634 5
7f62c5d8d000 40 11 685 5
7f62c5d8c000 37 12 735 5
7f62c5913000 23 8 766 5
7f62c5906000 27 12 806 6
7f62c5907000 26 9 841 6
7f62c590b000 21 9 872 6
7f62c590f000 22 9 904 6
7f62c5d8a000 46 14 965 6
7f62c5d89000 35 13 1014 6
7f62c5d88000 66 15 1095 7
7f62c5da1000 80 18 1194 8
7f62c5da2000 77 10 1282 8
7f62c6fb5000 144 18 1445 10
7f62c5910000 22 2 1469 10
7f62c5905000 38 2 1509 10
7f62c590c000 21 1 1532 10
7f62c5d8b000 52 3 1588 10
7f62c590e000 41 1 1631 10
7f62c5903000 21 1 1654 10
7f62c5d87000 48 3 1706 11
1715 11
0x7f62c756a000
7f62c756a000 66 28 95 1
7f62c9382000 22 16 134 1
7f62c7569000 69 32 236 3
7f62c5dbb000 68 21 325 4
7f62c5dc3000 71 26 423 5
7f62c5dc2000 50 13 487 5
7f62c590d000 24 9 521 5
7f62c5901000 20 9 551 5
7f62c5dc1000 76 15 642 5
7f62c5d8d000 40 11 693 5
7f62c5d8c000 36 13 743 5
7f62c5913000 22 9 774 5
7f62c5906000 27 11 813 6
7f62c5907000 25 10 849 6
7f62c590b000 21 9 880 6
7f62c590f000 23 9 912 6
7f62c5d8a000 46 14 973 6
7f62c5d89000 36 12 1022 6
7f62c5d88000 65 15 1103 7
7f62c5da1000 80 18 1202 8
7f62c5da2000 78 10 1291 8
7f62c6fb5000 144 18 1454 10
7f62c5910000 22 2 1478 10
7f62c5905000 37 2 1518 10
7f62c590c000 21 2 1542 10
7f62c5d8b000 52 3 1597 10
7f62c590e000 41 1 1640 10
7f62c5903000 21 2 1664 10
7f62c5d87000 47 3 1715 11
1725 11
0x7f62c9382000
7f62c9382000 22 17 40 0
40 0
0x7f62c7560000
7f62c7560000 145 57 203 2
7f62c7692000 60 32 296 4
7f62c7691000 75 20 392 6
7f62c5dbd000 88 17 497 6
7f62c5dbc000 45 15 558 7
7f62c5dbb000 68 12 639 7
7f62c5dc3000 71 18 729 8
7f62c5dc2000 50 8 788 8
7f62c590d000 24 6 818 8
7f62c5901000 20 5 844 8
7f62c5dc1000 76 9 929 8
7f62c5d8d000 39 7 975 8
7f62c5d8c000 37 7 1020 8
7f62c5913000 23 5 1048 8
7f62c5906000 27 6 1082 8
7f62c5907000 25 6 1114 8
7f62c590b000 22 5 1142 8
7f62c590f000 22 6 1171 8
7f62c5d8a000 46 8 1226 8
7f62c5d89000 36 7 1270 8
7f62c5d88000 66 9 1346 8
7f62c5da1000 80 13 1440 8
7f62c5da2000 77 11 1529 8
7f62c6fb5000 144 17 1691 10
7f62c5910000 23 1 1715 10
7f62c5905000 37 2 1755 10
7f62c590c000 21 1 1778 10
7f62c5d8b000 52 3 1834 10
7f62c590e000 41 1 1877 10
7f62c5903000 21 1 1900 10
7f62c5d87000 48 3 1952 11
1967 11
0x7f62c7692000
7f62c7692000 60 37 97 4
7f62c7691000 74 20 192 6
7f62c5dbd000 88 17 298 6
7f62c5dbc000 46 15 359 7
7f62c5dbb000 69 11 439 7
7f62c5dc3000 72 18 530 8
7f62c5dc2000 50 7 588 8
7f62c590d000 24 6 619 8
7f62c5901000 19 6 645 8
7f62c5dc1000 76 9 730 8
7f62c5d8d000 39 7 776 8
7f62c5d8c000 36 8 821 8
7f62c5913000 22 6 849 8
7f62c5906000 27 7 883 8
7f62c5907000 25 6 915 8
7f62c590b000 21 5 942 8
7f62c590f000 22 6 971 8
7f62c5d8a000 46 8 1026 8
7f62c5d89000 36 7 1070 8
7f62c5d88000 66 9 1146 8
7f62c5da1000 80 13 1240 8
7f62c5da2000 78 10 1329 8
7f62c6fb5000 144 17 1491 10
7f62c5910000 22 1 1515 10
7f62c5905000 38 2 1556 10
7f62c590c000 21 2 1579 10
7f62c5d8b000 51 3 1634 10
7f62c590e000 41 1 1677 10
7f62c5903000 21 2 1701 10
7f62c5d87000 47 3 1752 11
1765 11
0x7f62c7dcd000
7f62c7dcd000 49 29 79 2
79 2
0x7f62c7c8d000
7f62c7c8d000 45 22 68 3
68 3
0x7f62c7ca2000
7f62c7ca2000 62 25 88 2
7f62c7ca1000 73 18 180 3
7f62c5dbd000 88 23 292 4
7f62c5dbc000 45 16 354 4
7f62c5dbb000 68 16 439 4
7f62c5dc3000 71 25 536 5
7f62c5dc2000 50 11 598 5
7f62c590d000 24 7 630 5
7f62c5901000 20 6 657 5
7f62c5dc1000 75 13 746 5
7f62c5d8d000 40 9 795 5
7f62c5d8c000 36 10 842 5
7f62c5913000 22 6 871 5
7f62c5906000 27 9 908 6
7f62c5907000 25 8 942 6
7f62c590b000 22 6 970 6
7f62c590f000 22 7 1000 6
7f62c5d8a000 46 11 1058 6
7f62c5d89000 36 10 1105 6
7f62c5d88000 65 13 1184 7
7f62c5da1000 80 15 1280 8
7f62c5da2000 78 11 1370 8
7f62c6fb5000 144 17 1532 10
7f62c5910000 23 1 1556 10
7f62c5905000 37 2 1596 10
7f62c590c000 21 1 1619 10
7f62c5d8b000 52 3 1675 10
7f62c590e000 41 1 1718 10
7f62c5903000 21 1 1741 10
7f62c5d87000 48 3 1793 11
1807 11
0x7f62c7ca1000
7f62c7ca1000 74 22 96 2
7f62c5dbd000 88 27 212 3
7f62c5dbc000 46 20 278 4
7f62c5dbb000 68 15 362 4
7f62c5dc3000 71 26 460 5
7f62c5dc2000 50 11 522 5
7f62c590d000 23 8 554 5
7f62c5901000 20 7 581 5
7f62c5dc1000 76 13 670 5
7f62c5d8d000 40 9 719 5
7f62c5d8c000 36 10 766 5
7f62c5913000 22 6 795 5
7f62c5906000 27 9 832 6
7f62c5907000 25 8 866 6
7f62c590b000 21 6 894 6
7f62c590f000 22 7 924 6
7f62c5d8a000 46 11 982 6
7f62c5d89000 36 10 1029 6
7f62c5d88000 65 13 1108 7
7f62c5da1000 79 15 1203 8
7f62c5da2000 77 11 1292 8
7f62c6fb5000 143 17 1453 10
7f62c5910000 23 1 1477 10
7f62c5905000 37 2 1517 10
7f62c590c000 21 1 1540 10
7f62c5d8b000 51 3 1595 10
7f62c590e000 41 2 1639 10
7f62c5903000 21 2 1662 10
7f62c5d87000 47 3 1713 11
1726 11
0x7f62c854e000
7f62c854e000 73 40 114 2
7f62c5dbb000 67 24 206 3
7f62c5dc3000 71 31 309 5
7f62c5dc2000 50 13 373 5
7f62c590d000 24 9 407 5
7f62c5901000 20 9 437 5
7f62c5dc1000 75 15 527 5
7f62c5d8d000 39 11 578 5
7f62c5d8c000 36 13 628 5
7f62c5913000 22 9 659 5
7f62c5906000 27 11 697 6
7f62c5907000 25 10 733 6
7f62c590b000 21 8 763 6
7f62c590f000 22 10 796 6
7f62c5d8a000 46 14 856 6
7f62c5d89000 35 12 904 6
7f62c5d88000 65 15 985 7
7f62c5da1000 80 18 1084 8
7f62c5da2000 78 10 1173 8
7f62c6fb5000 144 17 1335 10
7f62c5910000 22 1 1359 10
7f62c5905000 37 2 1399 10
7f62c590c000 21 2 1423 10
7f62c5d8b000 52 3 1478 10
7f62c590e000 41 1 1521 10
7f62c5903000 21 1 1544 10
7f62c5d87000 48 3 1596 11
1605 11
0x7f62c854d000
7f62c854d000 69 34 104 3
7f62c854c000 58 25 188 3
7f62c5da2000 78 28 295 4
7f62c590f000 23 13 332 4
7f62c5901000 19 13 365 4
7f62c5913000 23 12 400 4
7f62c6fb5000 143 39 583 7
7f62c5910000 22 8 614 7
7f62c5905000 38 11 664 7
7f62c590c000 22 8 694 7
7f62c5d8b000 52 14 760 8
7f62c5d8a000 46 9 816 8
7f62c5d89000 35 8 860 8
7f62c5d88000 65 10 936 8
7f62c5906000 27 7 971 8
7f62c5907000 25 6 1003 8
7f62c5da1000 79 14 1097 8
7f62c5dad000 91 11 1200 8
7f62c5dac000 56 13 1270 8
7f62c5dab000 53 11 1335 9
7f62c6fd2000 57 6 1399 10
7f62c6fd1000 49 2 1451 10
7f62c6fd0000 44 2 1498 10
7f62c6fdc000 61 13 1573 11
1583 11
0x7f62c854c000
7f62c854c000 59 29 88 1
7f62c5da2000 77 32 198 3
7f62c590f000 23 13 235 3
7f62c5901000 20 13 269 3
7f62c5913000 22 13 304 3
7f62c6fb5000 142 43 490 7
7f62c5910000 22 9 521 7
7f62c5905000 37 11 570 7
7f62c590c000 21 8 600 7
7f62c5d8b000 51 14 666 8
7f62c5d8a000 45 9 721 8
7f62c5d89000 36 7 765 8
7f62c5d88000 65 10 841 8
7f62c5906000 27 7 876 8
7f62c5907000 26 6 908 8
7f62c5da1000 79 14 1001 8
7f62c5dad000 90 11 1103 8
7f62c5dac000 56 13 1173 8
7f62c5dab000 53 10 1237 9
7f62c6fd2000 56 6 1300 10
7f62c6fd1000 49 2 1352 10
7f62c6fd0000 45 2 1399 10
7f62c6fdc000 61 13 1474 11
1482 11
0x7f62c854b000
7f62c854b000 102 43 145 3
7f62c8a7e000 76 36 258 4
7f62c755b000 21 12 292 4
7f62c7550000 20 12 325 4
7f62c755c000 79 29 434 8
7f62c7551000 21 4 460 8
7f62c8a5a000 47 9 517 8
7f62c8a59000 76 11 605 8
7f62c7556000 21 4 631 8
7f62c5d8b000 51 8 691 8
7f62c5d8a000 46 7 745 8
7f62c590f000 22 5 773 8
7f62c5901000 20 4 797 8
7f62c5d89000 35 7 840 8
7f62c5d88000 65 8 914 8
7f62c5913000 22 4 941 8
7f62c5906000 27 5 974 9
7f62c5907000 25 4 1004 9
7f62c5da1000 79 10 1094 9
7f62c5da2000 77 7 1179 9
7f62c6fb5000 143 13 1336 11
1344 11
0x7f62c89fa000
7f62c89fa000 72 81 154 6
7f62c8a57000 160 40 355 6
7f62c755b000 21 8 385 6
7f62c7550000 20 8 414 6
7f62c755c000 79 20 514 8
7f62c7556000 22 3 539 8
7f62c7551000 22 4 566 8
566 8
0x7f62c854a000
7f62c854a000 149 65 214 2
7f62c8549000 188 73 476 3
7f62c8547000 150 43 670 3
7f62c8546000 231 68 970 5
7f62c8a7e000 75 25 1071 5
7f62c755b000 22 9 1103 5
7f62c7550000 20 10 1134 5
7f62c755c000 80 23 1237 8
7f62c7551000 21 4 1263 8
7f62c8a5a000 47 9 1320 8
7f62c8a59000 76 12 1409 8
7f62c7556000 21 4 1434 8
7f62c5d8b000 51 8 1494 8
7f62c5d8a000 46 7 1548 8
7f62c590f000 23 4 1576 8
7f62c5901000 20 4 1601 8
7f62c5d89000 36 6 1643 8
7f62c5d88000 65 8 1717 8
7f62c5913000 22 4 1744 8
7f62c5906000 27 5 1777 9
7f62c5907000 25 4 1807 9
7f62c5da1000 79 10 1897 9
7f62c5da2000 77 7 1982 9
7f62c6fb5000 143 13 2139 11
2151 11
0x7f62c8549000
7f62c8549000 189 85 274 3
7f62c8547000 150 42 467 3
7f62c8546000 231 69 768 5
7f62c8a7e000 75 25 869 5
7f62c755b000 21 10 901 5
7f62c7550000 20 9 931 5
7f62c755c000 79 24 1035 8
7f62c7551000 22 4 1061 8
7f62c8a5a000 47 9 1118 8
7f62c8a59000 76 12 1207 8
7f62c7556000 21 4 1232 8
7f62c5d8b000 51 8 1292 8
7f62c5d8a000 46 7 1346 8
7f62c590f000 23 4 1374 8
7f62c5901000 20 4 1399 8
7f62c5d89000 36 6 1441 8
7f62c5d88000 65 8 1515 8
7f62c5913000 22 4 1542 8
7f62c5906000 27 5 1575 9
7f62c5907000 25 4 1605 9
7f62c5da1000 79 10 1695 9
7f62c5da2000 77 7 1780 9
7f62c6fb5000 143 13 1937 11
1946 11
0x7f62c8547000
7f62c8547000 150 57 207 2
7f62c8546000 231 78 517 4
7f62c8a7e000 75 30 623 4
7f62c755b000 22 12 658 4
7f62c7550000 20 12 691 4
7f62c755c000 79 29 800 8
7f62c7551000 22 4 826 8
7f62c8a5a000 47 9 883 8
7f62c8a59000 76 11 971 8
7f62c7556000 21 4 997 8
7f62c5d8b000 51 8 1057 8
7f62c5d8a000 46 7 1111 8
7f62c590f000 23 4 1139 8
7f62c5901000 20 4 1164 8
7f62c5d89000 36 6 1206 8
7f62c5d88000 65 8 1280 8
7f62c5913000 22 4 1307 8
7f62c5906000 27 5 1340 9
7f62c5907000 25 4 1370 9
7f62c5da1000 79 9 1459 9
7f62c5da2000 77 8 1545 9
7f62c6fb5000 143 13 1702 11
1710 11
0x7f62c8546000
7f62c8546000 231 91 322 4
7f62c8a7e000 75 31 429 4
7f62c755b000 21 13 464 4
7f62c7550000 20 12 496 4
7f62c755c000 79 29 605 8
7f62c7551000 21 4 631 8
7f62c8a5a000 47 9 688 8
7f62c8a59000 77 11 777 8
7f62c7556000 21 4 802 8
7f62c5d8b000 52 8 863 8
7f62c5d8a000 46 7 916 8
7f62c590f000 23 4 944 8
7f62c5901000 20 4 969 8
7f62c5d89000 36 6 1011 8
7f62c5d88000 65 8 1085 8
7f62c5913000 22 4 1112 8
7f62c5906000 27 5 1145 9
7f62c5907000 25 4 1175 9
7f62c5da1000 79 10 1265 9
7f62c5da2000 77 7 1350 9
7f62c6fb5000 143 13 1507 11
1514 11
0x7f62c8545000
7f62c8545000 207 80 287 3
7f62c8544000 242 105 635 4
7f62c7551000 22 13 671 4
7f62c7550000 20 14 706 4
7f62c89fa000 72 58 836 7
7f62c8a57000 159 34 1031 7
7f62c755b000 22 7 1060 7
7f62c755c000 80 17 1157 9
7f62c7556000 21 3 1181 9
7f62c7dcf000 54 8 1244 9
7f62c7db3000 64 6 1315 9
7f62c7db2000 72 6 1394 9
7f62c7558000 21 3 1419 9
7f62c7db1000 74 6 1499 9
7f62c5dbb000 67 5 1572 9
7f62c5dc3000 71 8 1652 9
7f62c5dc2000 50 4 1707 9
7f62c590d000 24 3 1735 9
7f62c5901000 19 3 1758 9
7f62c5dc1000 75 5 1839 9
7f62c5d8d000 39 4 1882 9
7f62c5d8c000 36 5 1924 9
7f62c5913000 22 3 1949 9
7f62c5906000 27 3 1980 10
7f62c5907000 25 3 2009 10
7f62c590b000 21 3 2034 10
7f62c590f000 22 3 2060 10
7f62c5d8a000 46 4 2111 10
7f62c5d89000 35 4 2151 10
7f62c5d88000 65 4 2221 10
7f62c5da1000 79 6 2307 10
7f62c5da2000 77 5 2390 10
7f62c6fb5000 144 8 2543 11
2589 11
0x7f62c8544000
7f62c8544000 247 136 384 4
7f62c7551000 22 13 419 4
7f62c7550000 20 14 454 4
7f62c89fa000 72 59 585 7
7f62c8a57000 160 33 779 7
7f62c755b000 22 7 808 7
7f62c755c000 80 17 905 9
7f62c7556000 21 3 929 9
930 9
0x7f62c7dcf000
7f62c7dcf000 53 44 98 2
7f62c7db3000 64 28 191 2
7f62c7db2000 72 28 292 4
7f62c7558000 21 11 325 4
7f62c7550000 20 11 357 4
7f62c7db1000 73 23 454 4
7f62c5dbb000 68 18 541 5
7f62c5dc3000 71 23 636 6
7f62c5dc2000 50 12 698 6
7f62c590d000 24 8 730 6
7f62c5901000 20 7 758 6
7f62c5dc1000 74 14 847 6
7f62c5d8d000 39 10 896 6
7f62c5d8c000 37 10 943 6
7f62c5913000 22 7 973 6
7f62c5906000 27 9 1010 7
7f62c5907000 25 8 1044 7
7f62c590b000 21 8 1074 7
7f62c590f000 23 8 1105 7
7f62c5d8a000 46 11 1162 7
7f62c5d89000 36 10 1209 7
7f62c5d88000 65 13 1288 7
7f62c5da1000 79 17 1385 9
7f62c5da2000 78 7 1471 9
7f62c6fb5000 143 13 1628 10
7f62c5910000 22 1 1652 10
7f62c5905000 37 2 1692 10
7f62c590c000 21 1 1715 10
7f62c5d8b000 52 2 1770 10
7f62c590e000 41 1 1813 10
7f62c5903000 21 2 1837 10
7f62c5d87000 48 3 1888 11
1899 11
0x7f62c7db3000
7f62c7db3000 65 31 96 1
7f62c7db2000 72 29 198 4
7f62c7558000 22 11 232 4
7f62c7550000 20 12 265 4
7f62c7db1000 73 23 361 4
7f62c5dbb000 68 18 448 5
7f62c5dc3000 70 23 542 6
7f62c5dc2000 50 11 604 6
7f62c590d000 24 8 637 6
7f62c5901000 19 8 665 6
7f62c5dc1000 75 13 753 6
7f62c5d8d000 39 9 802 6
7f62c5d8c000 36 11 850 6
7f62c5913000 23 7 880 6
7f62c5906000 27 9 917 7
7f62c5907000 25 8 951 7
7f62c590b000 21 7 980 7
7f62c590f000 23 7 1011 7
7f62c5d8a000 46 11 1069 7
7f62c5d89000 36 10 1116 7
7f62c5d88000 65 13 1195 7
7f62c5da1000 79 17 1292 9
7f62c5da2000 77 8 1378 9
7f62c6fb5000 143 13 1535 10
7f62c5910000 23 1 1559 10
7f62c5905000 37 2 1599 10
7f62c590c000 21 1 1622 10
7f62c5d8b000 51 3 1677 10
7f62c590e000 41 1 1720 10
7f62c5903000 21 1 1743 10
7f62c5d87000 47 3 1794 11
1805 11
0x7f62c7db2000
7f62c7db2000 71 32 104 4
7f62c7558000 21 11 137 4
7f62c7550000 20 12 170 4
7f62c7db1000 74 24 268 4
7f62c5dbb000 68 18 355 5
7f62c5dc3000 72 23 451 6
7f62c5dc2000 50 11 513 6
7f62c590d000 24 8 546 6
7f62c5901000 20 7 574 6
7f62c5dc1000 76 13 664 6
7f62c5d8d000 40 9 713 6
7f62c5d8c000 37 11 762 6
7f62c5913000 22 8 792 6
7f62c5906000 28 9 829 7
7f62c5907000 25 9 864 7
7f62c590b000 21 7 893 7
7f62c590f000 22 8 924 7
7f62c5d8a000 46 12 983 7
7f62c5d89000 36 10 1030 7
7f62c5d88000 66 13 1110 7
7f62c5da1000 80 17 1208 9
7f62c5da2000 78 8 1295 9
7f62c6fb5000 145 13 1454 10
7f62c5910000 22 2 1478 10
7f62c5905000 37 2 1518 10
7f62c590c000 21 2 1542 10
7f62c5d8b000 52 3 1597 10
7f62c590e000 41 2 1641 10
7f62c5903000 22 1 1664 10
7f62c5d87000 47 4 1716 11
1726 11
0x7f62c7db1000
7f62c7db1000 74 35 110 2
7f62c5dbb000 68 24 203 3
7f62c5dc3000 72 32 308 5
7f62c5dc2000 51 13 372 5
7f62c590d000 24 9 406 5
7f62c5901000 20 9 436 5
7f62c5dc1000 76 16 528 5
7f62c5d8d000 39 12 579 5
7f62c5d8c000 36 13 629 5
7f62c5913000 23 8 660 5
7f62c5906000 27 11 699 6
7f62c5907000 26 9 735 6
7f62c590b000 21 9 766 6
7f62c590f000 22 9 798 6
7f62c5d8a000 46 14 859 6
7f62c5d89000 36 12 908 6
7f62c5d88000 65 16 990 6
7f62c5da1000 80 21 1092 8
7f62c5da2000 78 10 1181 8
7f62c6fb5000 145 17 1344 10
7f62c5910000 22 1 1368 10
7f62c5905000 38 2 1409 10
7f62c590c000 21 1 1432 10
7f62c5d8b000 52 3 1488 10
7f62c590e000 41 2 1532 10
7f62c5903000 21 2 1555 10
7f62c5d87000 47 3 1606 11
1616 11
0x7f62c7db0000
7f62c7db0000 43 22 65 1
7f62c8a43000 48 22 136 1
7f62c8a42000 58 32 227 2
7f62c7558000 21 13 262 2
7f62c7550000 20 14 297 2
7f62c7552000 21 13 331 2
7f62c5dbd000 89 25 446 2
7f62c5dbc000 45 23 515 4
7f62c5dbb000 68 16 600 4
7f62c5dc3000 71 25 697 5
7f62c5dc2000 51 10 759 5
7f62c590d000 24 7 791 5
7f62c5901000 20 7 819 5
7f62c5dc1000 76 13 908 5
7f62c5d8d000 39 9 957 5
7f62c5d8c000 37 10 1005 5
7f62c5913000 22 7 1034 5
7f62c5906000 27 9 1071 6
7f62c5907000 25 7 1104 6
7f62c590b000 21 7 1133 6
7f62c590f000 23 7 1163 6
7f62c5d8a000 46 11 1221 6
7f62c5d89000 36 10 1268 6
7f62c5d88000 66 13 1348 7
7f62c5da1000 80 15 1444 8
7f62c5da2000 78 11 1534 8
7f62c6fb5000 145 17 1697 10
7f62c5910000 22 1 1721 10
7f62c5905000 38 2 1762 10
7f62c590c000 21 1 1785 10
7f62c5d8b000 52 3 1841 10
7f62c590e000 41 1 1884 10
7f62c5903000 22 1 1908 10
7f62c5d87000 48 3 1960 11
1995 11
0x7f62c8a43000
7f62c8a43000 50 23 74 1
7f62c8a42000 59 32 166 2
7f62c7558000 22 13 201 2
7f62c7550000 20 13 235 2
7f62c7552000 21 13 270 2
7f62c5dbd000 89 25 385 2
7f62c5dbc000 45 23 454 4
7f62c5dbb000 68 16 539 4
7f62c5dc3000 71 26 637 5
7f62c5dc2000 50 11 699 5
7f62c590d000 24 7 731 5
7f62c5901000 20 7 759 5
7f62c5dc1000 76 13 848 5
7f62c5d8d000 40 9 897 5
7f62c5d8c000 36 11 945 5
7f62c5913000 22 7 974 5
7f62c5906000 27 9 1011 6
7f62c5907000 26 7 1044 6
7f62c590b000 21 6 1072 6
7f62c590f000 23 7 1103 6
7f62c5d8a000 46 12 1161 6
7f62c5d89000 35 10 1207 6
7f62c5d88000 66 12 1286 7
7f62c5da1000 80 16 1383 8
7f62c5da2000 77 10 1471 8
7f62c6fb5000 144 18 1634 10
7f62c5910000 22 1 1657 10
7f62c5905000 38 2 1698 10
7f62c590c000 21 1 1721 10
7f62c5d8b000 52 2 1776 10
7f62c590e000 41 2 1820 10
7f62c5903000 21 1 1843 10
7f62c5d87000 47 3 1894 11
1906 11
0x7f62c8a42000
7f62c8a42000 58 34 92 2
92 2
0x7f62c8a49000
7f62c8a49000 56 21 77 2
7f62c7550000 20 14 112 2
7f62c5dba000 62 30 204 3
7f62c590e000 41 14 260 3
7f62c5901000 20 12 293 3
7f62c5913000 22 12 327 3
7f62c5910000 22 13 363 3
7f62c590c000 21 11 396 3
7f62c5906000 27 16 440 4
7f62c5d8b000 51 21 513 5
7f62c5d8a000 46 15 575 5
7f62c590f000 23 10 609 5
7f62c5d89000 35 14 659 5
7f62c5d88000 65 17 742 6
7f62c5907000 25 10 778 6
7f62c5da1000 80 21 880 8
7f62c5da2000 77 10 968 8
7f62c6fb5000 144 18 1131 10
7f62c5905000 38 2 1171 10
7f62c590d000 24 1 1197 10
7f62c5daa000 69 3 1270 10
7f62c5902000 22 1 1294 10
7f62c5911000 22 1 1318 10
7f62c590b000 21 1 1341 10
7f62c5909000 24 1 1367 10
7f62c590a000 21 1 1390 10
7f62c5dbc000 46 2 1439 10
7f62c5dbb000 68 2 1510 10
7f62c5dc3000 71 4 1586 10
7f62c5dc2000 51 2 1640 10
7f62c5dc1000 75 3 1719 10
7f62c5d8d000 40 2 1761 10
7f62c5d8c000 37 2 1800 10
7f62c5903000 21 1 1823 10
7f62c5d87000 47 3 1874 11
1885 11
0x7f62c8a48000
7f62c8a48000 47 22 69 1
69 1
0x7f62c8a4a000
7f62c8a4a000 55 31 86 2
7f62c7550000 20 13 120 2
7f62c5dba000 61 31 213 3
7f62c590e000 41 14 269 3
7f62c5901000 20 12 302 3
7f62c5913000 23 12 337 3
7f62c5910000 23 12 372 3
7f62c590c000 21 12 406 3
7f62c5906000 28 15 449 4
7f62c5d8b000 52 21 523 5
7f62c5d8a000 46 15 585 5
7f62c590f000 23 10 619 5
7f62c5d89000 36 14 669 5
7f62c5d88000 65 17 752 6
7f62c5907000 25 10 788 6
7f62c5da1000 80 21 890 7
7f62c5da2000 78 14 983 7
7f62c6fb5000 144 24 1153 9
7f62c5905000 37 6 1197 9
7f62c590d000 24 4 1226 9
7f62c5daa000 69 8 1304 10
7f62c5902000 22 1 1328 10
7f62c5911000 21 2 1352 10
7f62c590b000 22 1 1375 10
7f62c5909000 23 2 1401 10
7f62c590a000 21 2 1424 10
7f62c5dbc000 45 3 1473 10
7f62c5dbb000 68 3 1544 10
7f62c5dc3000 71 4 1620 10
7f62c5dc2000 50 2 1673 10
7f62c5dc1000 76 2 1752 10
7f62c5d8d000 39 2 1794 10
7f62c5d8c000 36 2 1833 10
7f62c5903000 21 1 1856 10
7f62c5d87000 48 3 1908 11
1918 11
0x7f62c8a4b000
7f62c8a4b000 49 22 71 1
7f62c8a4a000 55 30 157 2
7f62c7550000 21 13 192 2
7f62c5dba000 61 31 285 3
7f62c590e000 41 14 341 3
7f62c5901000 20 12 374 3
7f62c5913000 23 12 409 3
7f62c5910000 22 12 444 3
7f62c590c000 21 12 478 3
7f62c5906000 27 16 522 4
7f62c5d8b000 52 21 595 5
7f62c5d8a000 46 16 658 5
7f62c590f000 22 10 691 5
7f62c5d89000 36 13 741 5
7f62c5d88000 65 18 825 6
7f62c5907000 25 10 861 6
7f62c5da1000 79 21 962 7
7f62c5da2000 78 15 1056 7
7f62c6fb5000 144 25 1226 9
7f62c5905000 38 5 1269 9
7f62c590d000 24 4 1298 9
7f62c5daa000 69 9 1377 10
7f62c5902000 21 1 1400 10
7f62c5911000 22 1 1424 10
7f62c590b000 21 1 1447 10
7f62c5909000 24 1 1473 10
7f62c590a000 21 1 1496 10
7f62c5dbc000 46 2 1545 10
7f62c5dbb000 68 2 1616 10
7f62c5dc3000 71 4 1692 10
7f62c5dc2000 50 3 1746 10
7f62c5dc1000 75 3 1825 10
7f62c5d8d000 39 2 1866 10
7f62c5d8c000 37 2 1906 10
7f62c5903000 21 2 1929 10
7f62c5d87000 48 3 1980 11
1991 11
0x7f62c75a8000
7f62c75a8000 56 31 87 2
7f62c75a7000 42 16 146 2
7f62c5dbb000 67 24 238 3
7f62c5dc3000 71 32 342 5
7f62c5dc2000 50 13 406 5
7f62c590d000 24 9 440 5
7f62c5901000 20 9 470 5
7f62c5dc1000 76 16 562 5
7f62c5d8d000 39 12 613 5
7f62c5d8c000 37 12 662 5
7f62c5913000 22 9 694 5
7f62c5906000 28 11 733 6
7f62c5907000 25 9 768 6
7f62c590b000 21 9 799 6
7f62c590f000 22 9 831 6
7f62c5d8a000 46 14 892 6
7f62c5d89000 36 12 941 6
7f62c5d88000 65 15 1022 6
7f62c5da1000 80 21 1124 8
7f62c5da2000 78 10 1213 8
7f62c6fb5000 144 18 1376 10
7f62c5910000 22 2 1400 10
7f62c5905000 38 2 1440 10
7f62c590c000 21 1 1463 10
7f62c5d8b000 52 2 1518 10
7f62c590e000 41 2 1562 10
7f62c5903000 21 1 1585 10
7f62c5d87000 47 3 1636 11
1646 11
0x7f62c75a7000
7f62c75a7000 42 18 60 1
60 1
