0x465000
465000 70 36 107 2
464000 46 25 179 3
5a0000 1060 213 1453 3
4fa000 95 35 1584 7
499000 74 21 1680 7
5a4000 1036 126 2843 7
498000 73 22 2939 7
497000 63 18 3021 7
496000 50 15 3087 7
5a3000 1050 120 4258 7
4e5000 74 19 4352 7
4e4000 54 12 4419 7
462000 21 7 4448 7
55a000 91 21 4561 7
7f127f3c8000 113 19 4694 7
7f127f3b2000 54 13 4762 7
7f127f19a000 23 8 4794 7
7f127f3b1000 38 10 4842 7
7f127f3b0000 37 11 4891 7
7f127f3af000 63 10 4965 7
7f127f1d7000 60 12 5038 7
7f127f1d6000 58 17 5113 7
7f127ece8000 64 28 5205 9
7f127ece4000 79 18 5303 9
7f127ece3000 57 21 5381 9
7f127ecde000 54 15 5451 9
7f127ecdd000 79 23 5554 10
7f127ecdc000 62 9 5625 10
7f127ebf2000 122 4 5752 10
7f127ecdb000 46 3 5802 10
7f127ecda000 43 4 5850 10
7f127ec6f000 83 11 5945 10
7f127ec6e000 86 8 6040 10
7f127ed2f000 101 7 6149 10
7f127ec6d000 61 6 6217 10
7f127ec6c000 81 7 6306 10
7f127ec64000 151 9 6466 11
6475 11
0x464000
464000 47 31 78 2
5a0000 1050 234 1363 2
4fa000 92 41 1497 7
499000 75 22 1595 7
5a4000 1035 126 2757 7
498000 73 23 2853 7
497000 62 18 2934 7
496000 51 15 3001 7
5a3000 1050 120 4172 7
4e5000 73 19 4265 7
4e4000 54 12 4332 7
462000 21 7 4361 7
55a000 91 21 4474 7
7f127f3c8000 112 20 4607 7
7f127f3b2000 54 13 4674 7
7f127f19a000 23 8 4706 7
7f127f3b1000 38 9 4753 7
7f127f3b0000 38 10 4802 7
7f127f3af000 62 11 4876 7
7f127f1d7000 60 12 4948 7
7f127f1d6000 58 16 5022 7
7f127ece8000 60 27 5109 9
7f127ece4000 79 18 5206 9
7f127ece3000 57 21 5284 9
7f127ecde000 54 15 5354 9
7f127ecdd000 77 23 5454 10
7f127ecdc000 62 10 5526 10
7f127ebf2000 123 4 5653 10
7f127ecdb000 46 3 5703 10
7f127ecda000 44 3 5751 10
7f127ec6f000 84 11 5847 10
7f127ec6e000 85 8 5941 10
7f127ed2f000 100 7 6049 10
7f127ec6d000 62 6 6117 10
7f127ec6c000 82 6 6205 10
7f127ec64000 149 9 6364 11
6372 11
0x5a0000
5a0000 1054 280 1335 0
4fa000 92 52 1480 7
499000 75 22 1577 7
5a4000 1040 126 2744 7
498000 73 22 2840 7
497000 63 18 2922 7
496000 51 15 2989 7
5a3000 1049 120 4159 7
4e5000 74 18 4252 7
4e4000 54 13 4320 7
462000 20 8 4349 7
55a000 92 21 4462 7
7f127f3c8000 114 19 4596 7
7f127f3b2000 54 13 4664 7
7f127f19a000 24 7 4695 7
7f127f3b1000 38 9 4743 7
7f127f3b0000 38 11 4793 7
7f127f3af000 63 11 4867 7
7f127f1d7000 60 12 4939 7
7f127f1d6000 59 16 5014 7
7f127ece8000 61 27 5102 9
7f127ece4000 84 18 5204 9
7f127ece3000 57 21 5282 9
7f127ecde000 54 15 5352 9
7f127ecdd000 78 23 5453 10
7f127ecdc000 62 9 5525 10
7f127ebf2000 123 5 5654 10
7f127ecdb000 46 4 5704 10
7f127ecda000 49 3 5756 10
7f127ec6f000 84 11 5852 10
7f127ec6e000 86 8 5947 10
7f127ed2f000 101 7 6056 10
7f127ec6d000 62 6 6124 10
7f127ec6c000 83 7 6214 10
7f127ec64000 156 9 6379 11
6385 11
0x4fa000
4fa000 92 52 144 7
144 7
0x499000
499000 74 56 130 3
5a4000 1054 215 1400 3
498000 73 43 1517 4
497000 63 29 1610 4
496000 55 24 1689 5
5a0000 1058 172 2920 5
4fa000 92 28 3041 7
508000 62 17 3120 7
575000 74 20 3214 7
5a3000 1067 121 4403 7
4e5000 74 19 4497 7
4e4000 55 12 4565 7
462000 21 7 4594 7
55a000 98 21 4713 7
7f127f3c8000 112 19 4845 7
7f127f3b2000 54 13 4913 7
7f127f19a000 24 7 4944 7
7f127f3b1000 38 10 4993 7
7f127f3b0000 38 11 5042 7
7f127f3af000 62 11 5116 7
7f127f1d7000 60 12 5188 7
7f127f1d6000 64 16 5268 7
7f127ece8000 60 27 5356 9
7f127ece4000 80 17 5453 9
7f127ece3000 57 21 5532 9
7f127ecde000 55 15 5602 9
7f127ecdd000 78 23 5703 10
7f127ecdc000 62 10 5775 10
7f127ebf2000 128 4 5907 10
7f127ecdb000 46 3 5957 10
7f127ecda000 44 3 6005 10
7f127ec6f000 84 11 6101 10
7f127ec6e000 86 8 6196 10
7f127ed2f000 100 7 6304 10
7f127ec6d000 61 6 6372 10
7f127ec6c000 88 6 6466 10
7f127ec64000 152 8 6626 11
6634 11
0x5a4000
5a4000 1037 278 1315 0
1315 0
0x498000
498000 73 57 130 3
497000 63 30 224 4
496000 51 23 299 5
5a0000 1043 168 1511 5
4fa000 91 28 1631 7
499000 73 22 1726 7
5a4000 1043 126 2896 7
463000 22 8 2926 7
462000 20 8 2955 7
7f127efd4000 100 19 3074 7
7f127efc4000 17 7 3098 7
7f127efc5000 16 7 3121 7
59f000 1047 121 4289 7
5a5000 779 87 5156 7
59e000 49 10 5216 7
7f127e9be000 44 12 5273 7
7f127e9bd000 59 10 5343 7
7f127e9bc000 69 12 5425 7
7f127e9c5000 57 21 5504 8
7f127e9c4000 53 7 5565 8
7f127e9c3000 59 9 5634 8
7f127e9c1000 60 8 5703 9
7f127e9c8000 238 14 5956 10
7f127e9c0000 93 3 6053 10
7f127e9bf000 36 1 6091 10
7f127e9c6000 37 2 6131 10
7f127e9c7000 120 5 6257 10
7f127e9bb000 51 2 6312 10
7f127e9c2000 36 1 6350 10
5a3000 1048 50 7452 10
4e5000 73 4 7530 10
4e4000 54 3 7588 10
55a000 92 4 7685 10
7f127f3c8000 112 4 7802 10
7f127f3b2000 54 3 7859 10
7f127f19a000 24 1 7884 10
7f127f3b1000 38 2 7924 10
7f127f3b0000 37 3 7965 10
7f127f3af000 62 2 8029 10
7f127f1d7000 59 3 8092 10
7f127f1d6000 58 3 8153 10
7f127ece8000 60 6 8220 10
7f127ece4000 79 8 8308 10
7f127ece3000 57 10 8375 10
7f127ecde000 54 7 8436 10
7f127ecdd000 77 11 8524 11
8530 11
0x497000
497000 63 45 108 2
496000 51 33 193 5
5a0000 1041 168 1403 5
4fa000 91 28 1522 7
499000 73 22 1618 7
5a4000 1044 126 2789 7
498000 73 23 2885 7
5a2000 1044 127 4057 7
571000 77 29 4164 7
5a3000 1038 120 5323 7
4e5000 74 18 5416 7
4e4000 55 12 5484 7
462000 20 8 5513 7
55a000 92 21 5626 7
7f127f3c8000 112 19 5758 7
7f127f3b2000 54 13 5825 7
7f127f19a000 23 8 5856 7
7f127f3b1000 37 10 5904 7
7f127f3b0000 37 11 5953 7
7f127f3af000 62 11 6027 7
7f127f1d7000 60 11 6098 7
7f127f1d6000 57 17 6173 7
7f127ece8000 60 27 6260 9
7f127ece4000 79 18 6357 9
7f127ece3000 56 21 6434 9
7f127ecde000 54 15 6504 9
7f127ecdd000 77 24 6605 10
7f127ecdc000 61 10 6676 10
7f127ebf2000 123 4 6803 10
7f127ecdb000 45 4 6853 10
7f127ecda000 44 3 6900 10
7f127ec6f000 84 11 6996 10
7f127ec6e000 86 8 7090 10
7f127ed2f000 100 7 7197 10
7f127ec6d000 60 6 7264 10
7f127ec6c000 81 6 7352 10
7f127ec64000 150 9 7512 11
7520 11
0x496000
496000 51 38 89 5
5a0000 1043 168 1301 5
4fa000 91 28 1421 7
499000 73 22 1516 7
5a4000 1046 125 2688 7
498000 73 22 2784 7
497000 63 17 2865 7
5a3000 1047 120 4033 7
4e5000 73 19 4126 7
4e4000 54 12 4193 7
462000 20 8 4222 7
55a000 92 21 4335 7
7f127f3c8000 112 19 4467 7
7f127f3b2000 53 13 4534 7
7f127f19a000 23 8 4566 7
7f127f3b1000 38 9 4613 7
7f127f3b0000 38 11 4663 7
7f127f3af000 62 11 4736 7
7f127f1d7000 60 12 4808 7
7f127f1d6000 59 16 4883 7
7f127ece8000 60 26 4970 9
7f127ece4000 78 18 5067 9
7f127ece3000 56 21 5145 9
7f127ecde000 54 15 5214 9
7f127ecdd000 77 23 5315 10
7f127ecdc000 62 9 5386 10
7f127ebf2000 122 4 5513 10
7f127ecdb000 46 4 5563 10
7f127ecda000 44 3 5610 10
7f127ec6f000 83 12 5706 10
7f127ec6e000 86 8 5800 10
7f127ed2f000 100 7 5907 10
7f127ec6d000 61 6 5974 10
7f127ec6c000 82 6 6063 10
7f127ec64000 150 9 6222 11
6228 11
0x5a3000
5a3000 1047 267 1315 1
4e5000 73 45 1434 2
4e4000 54 28 1517 4
5a0000 1043 200 2761 4
4fa000 92 37 2890 7
499000 74 22 2986 7
5a4000 1032 125 4144 7
498000 72 23 4240 7
497000 62 18 4321 7
496000 50 15 4387 7
462000 21 7 4416 7
463000 23 7 4446 7
7f127efd4000 99 19 4565 7
7f127efc4000 16 7 4589 7
7f127efc5000 16 7 4612 7
59f000 1036 121 5770 7
5a2000 1040 127 6938 7
571000 77 29 7044 7
570000 125 21 7191 7
56f000 33 9 7234 7
56e000 67 13 7315 7
5a1000 1064 119 8499 7
7f127ec8b000 62 47 8609 8
7f127ec8a000 100 22 8731 9
5a5000 778 52 9563 9
59e000 49 5 9617 9
7f127e9be000 43 6 9667 9
7f127e9bd000 59 5 9732 9
7f127e9bc000 69 5 9807 9
7f127e9c5000 57 10 9875 9
7f127e9c4000 53 5 9934 9
7f127e9c3000 59 6 10000 9
7f127e9c1000 60 5 10066 10
7f127e9c8000 238 8 10313 11
10321 11
0x4e5000
4e5000 73 48 121 1
4e4000 54 29 205 3
5a0000 1046 219 1471 3
4fa000 91 40 1603 7
499000 74 22 1699 7
5a4000 1034 125 2859 7
498000 72 23 2955 7
497000 62 18 3036 7
496000 50 15 3102 7
5a3000 1045 120 4268 7
572000 45 12 4326 7
5a1000 1044 118 5489 7
462000 21 7 5518 7
463000 22 7 5548 7
7f127efd4000 100 19 5668 7
7f127efc4000 16 7 5692 7
7f127efc5000 16 7 5715 7
59f000 1048 121 6885 7
573000 81 17 6984 7
55a000 93 20 7098 7
7f127f3c8000 114 19 7232 7
7f127f3b2000 53 13 7299 7
7f127f19a000 24 8 7331 7
7f127f3b1000 38 9 7378 7
7f127f3b0000 37 11 7427 7
7f127f3af000 62 11 7501 7
7f127f1d7000 60 11 7572 7
7f127f1d6000 57 16 7646 7
7f127ece8000 60 26 7733 9
7f127ece4000 78 18 7830 9
7f127ece3000 56 21 7908 9
7f127ecde000 54 15 7977 9
7f127ecdd000 77 23 8078 10
7f127ecdc000 62 9 8149 10
7f127ebf2000 123 4 8277 10
7f127ecdb000 46 4 8327 10
7f127ecda000 44 3 8374 10
7f127ec6f000 83 12 8470 10
7f127ec6e000 86 8 8564 10
7f127ed2f000 102 7 8673 10
7f127ec6d000 61 6 8740 10
7f127ec6c000 82 6 8828 10
7f127ec64000 150 9 8988 11
8995 11
0x4e4000
4e4000 54 31 86 3
5a0000 1046 218 1351 3
4fa000 91 41 1484 7
499000 74 21 1579 7
5a4000 1037 125 2742 7
498000 73 23 2838 7
497000 62 18 2919 7
496000 50 15 2985 7
5a3000 1049 120 4155 7
4e5000 74 18 4248 7
55a000 92 21 4362 7
7f127f3c8000 112 19 4494 7
7f127f3b2000 54 13 4561 7
7f127f19a000 24 7 4592 7
7f127f3b1000 38 9 4640 7
7f127f3b0000 37 11 4689 7
7f127f3af000 62 10 4762 7
7f127f1d7000 60 11 4834 7
7f127f1d6000 57 17 4909 7
7f127ece8000 60 27 4996 9
7f127ece4000 79 18 5093 9
7f127ece3000 56 22 5171 9
7f127ecde000 54 15 5240 9
7f127ecdd000 77 23 5340 10
7f127ecdc000 61 10 5412 10
7f127ebf2000 123 4 5539 10
7f127ecdb000 46 3 5589 10
7f127ecda000 44 3 5637 10
7f127ec6f000 83 11 5732 10
7f127ec6e000 85 8 5826 10
7f127ed2f000 100 7 5934 10
7f127ec6d000 61 6 6001 10
7f127ec6c000 81 7 6090 10
7f127ec64000 150 8 6248 11
6255 11
0x462000
462000 21 18 39 0
39 0
0x55a000
55a000 92 53 146 4
7f127f3c8000 111 31 289 4
7f127f3b2000 53 20 363 5
7f127f19a000 23 10 397 5
7f127f3b1000 38 12 447 6
7f127f3b0000 37 13 498 6
7f127f3af000 62 13 574 6
7f127f1d7000 60 14 648 6
7f127f1d6000 58 20 726 6
7f127ece8000 60 32 818 8
7f127ece4000 80 25 923 8
7f127ece3000 57 29 1009 8
7f127ecde000 54 20 1084 8
7f127ecdd000 77 32 1194 9
7f127ecdc000 61 16 1272 9
7f127ebf2000 123 6 1401 9
7f127ecdb000 46 5 1452 9
7f127ecda000 44 4 1501 9
7f127ec6f000 83 19 1604 9
7f127ec6e000 86 13 1703 9
7f127ed2f000 101 11 1815 9
7f127ec6d000 61 10 1886 9
7f127ec6c000 82 11 1979 9
7f127ec64000 150 13 2142 10
7f127ec6b000 93 4 2240 10
7f127ec6a000 68 5 2313 10
7f127ec65000 61 6 2380 10
7f127ec31000 56 3 2439 10
7f127ecff000 90 5 2535 10
7f127ecfe000 109 4 2648 10
7f127ecfd000 68 9 2725 10
7f127ecfb000 75 3 2804 10
7f127ecd9000 53 3 2860 10
7f127ecd8000 49 2 2911 11
2915 11
0x463000
463000 22 19 41 1
462000 21 17 79 1
7f127efd4000 100 45 225 5
7f127efc4000 16 10 251 5
7f127efc5000 16 9 277 5
59f000 1046 165 1489 5
1490 5
0x59f000
59f000 1042 269 1311 0
1312 0
0x5a2000
5a2000 1042 282 1324 0
571000 77 74 1476 4
5a3000 1041 182 2700 4
4e5000 73 30 2804 4
4e4000 54 19 2878 6
5a0000 1044 148 4071 6
4fa000 90 25 4187 7
499000 74 21 4282 7
5a4000 1042 125 5450 7
498000 73 22 5546 7
497000 63 17 5627 7
496000 51 15 5694 7
462000 20 8 5723 7
463000 22 8 5753 7
7f127efd4000 99 20 5873 7
7f127efc4000 16 7 5896 7
7f127efc5000 16 7 5920 7
59f000 1044 121 7085 7
7f127ec8b000 63 46 7196 8
7f127ec8a000 98 23 7318 9
5a5000 780 51 8150 9
59e000 49 5 8205 9
7f127e9be000 43 6 8256 9
7f127e9bd000 59 5 8320 9
7f127e9bc000 69 6 8396 9
7f127e9c5000 56 10 8463 9
7f127e9c4000 54 5 8523 9
7f127e9c3000 59 6 8589 9
7f127e9c1000 60 6 8656 10
7f127e9c8000 237 8 8902 11
8910 11
0x571000
571000 77 74 152 4
5a3000 1042 182 1377 4
4e5000 73 30 1481 4
4e4000 54 19 1555 6
5a0000 1041 148 2745 6
4fa000 91 24 2861 7
499000 74 22 2957 7
5a4000 1049 126 4132 7
498000 73 23 4228 7
497000 62 18 4309 7
496000 50 15 4375 7
462000 21 7 4404 7
463000 22 7 4434 7
7f127efd4000 100 19 4554 7
7f127efc4000 16 7 4577 7
7f127efc5000 16 7 4601 7
59f000 1045 121 5767 7
5a2000 1040 127 6935 7
4d4000 128 22 7086 8
4d3000 72 13 7172 8
4d2000 38 10 7221 8
5a1000 1036 101 8359 8
5a5000 777 72 9209 8
59e000 49 8 9267 8
7f127e9be000 43 10 9322 8
7f127e9bd000 59 8 9390 8
7f127e9bc000 69 10 9470 8
7f127e9c5000 57 16 9544 9
7f127e9c4000 54 5 9604 9
7f127e9c3000 59 6 9670 9
7f127e9c1000 61 5 9737 10
7f127e9c8000 240 8 9986 11
9995 11
0x570000
570000 126 53 179 4
56f000 33 16 229 4
59f000 1052 190 1471 4
56e000 68 23 1563 4
462000 21 13 1597 4
5a4000 1050 197 2845 4
5a0000 1052 197 4095 4
4fa000 92 36 4224 7
499000 74 22 4320 7
498000 73 22 4416 7
497000 63 18 4498 7
496000 51 15 4565 7
5a3000 1055 120 5741 7
4e5000 75 18 5835 7
4e4000 55 12 5903 7
55a000 94 21 6019 7
7f127f3c8000 112 19 6151 7
7f127f3b2000 54 13 6219 7
7f127f19a000 24 8 6251 7
7f127f3b1000 38 9 6298 7
7f127f3b0000 38 11 6348 7
7f127f3af000 63 11 6422 7
7f127f1d7000 60 12 6494 7
7f127f1d6000 58 17 6569 7
7f127ece8000 61 26 6656 9
7f127ece4000 79 18 6754 9
7f127ece3000 57 21 6832 9
7f127ecde000 54 15 6902 9
7f127ecdd000 77 23 7003 10
7f127ecdc000 62 9 7075 10
7f127ebf2000 123 4 7203 10
7f127ecdb000 46 4 7253 10
7f127ecda000 44 4 7301 10
7f127ec6f000 83 12 7397 10
7f127ec6e000 86 8 7491 10
7f127ed2f000 101 7 7600 10
7f127ec6d000 61 6 7667 10
7f127ec6c000 82 7 7757 10
7f127ec64000 151 9 7917 11
7924 11
0x56f000
56f000 33 22 56 2
59f000 1048 235 1340 2
570000 126 46 1513 4
56e000 68 22 1604 4
462000 21 13 1639 4
5a4000 1043 197 2879 4
5a0000 1043 198 4121 4
4fa000 92 35 4249 7
499000 74 21 4345 7
498000 74 22 4442 7
497000 63 18 4524 7
496000 51 15 4591 7
5a3000 1057 121 5770 7
4e5000 74 19 5864 7
4e4000 54 13 5932 7
55a000 92 21 6046 7
7f127f3c8000 112 19 6178 7
7f127f3b2000 54 13 6246 7
7f127f19a000 24 7 6277 7
7f127f3b1000 38 9 6325 7
7f127f3b0000 38 11 6375 7
7f127f3af000 63 10 6448 7
7f127f1d7000 60 12 6521 7
7f127f1d6000 58 16 6595 7
7f127ece8000 60 27 6683 9
7f127ece4000 80 18 6781 9
7f127ece3000 57 22 6860 9
7f127ecde000 54 15 6929 9
7f127ecdd000 77 23 7030 10
7f127ecdc000 62 9 7102 10
7f127ebf2000 122 5 7230 10
7f127ecdb000 46 4 7280 10
7f127ecda000 44 3 7327 10
7f127ec6f000 84 11 7423 10
7f127ec6e000 86 8 7517 10
7f127ed2f000 100 7 7624 10
7f127ec6d000 61 6 7691 10
7f127ec6c000 81 7 7780 10
7f127ec64000 151 8 7939 11
7947 11
0x56e000
56e000 68 31 99 2
462000 21 16 137 2
5a4000 1044 240 1422 2
59f000 1044 234 2701 2
5a0000 1046 242 3989 2
4fa000 92 44 4126 7
499000 73 22 4222 7
498000 73 22 4318 7
497000 63 17 4399 7
496000 51 15 4466 7
5a3000 1047 120 5634 7
4e5000 74 18 5727 7
4e4000 54 13 5795 7
55a000 92 20 5908 7
7f127f3c8000 112 19 6040 7
7f127f3b2000 53 13 6107 7
7f127f19a000 23 8 6139 7
7f127f3b1000 38 9 6186 7
7f127f3b0000 37 11 6235 7
7f127f3af000 62 11 6309 7
7f127f1d7000 60 12 6381 7
7f127f1d6000 58 16 6455 7
7f127ece8000 60 26 6542 9
7f127ece4000 79 17 6639 9
7f127ece3000 56 21 6717 9
7f127ecde000 54 15 6787 9
7f127ecdd000 77 23 6887 10
7f127ecdc000 61 10 6959 10
7f127ebf2000 123 4 7086 10
7f127ecdb000 46 4 7136 10
7f127ecda000 44 4 7184 10
7f127ec6f000 84 11 7279 10
7f127ec6e000 86 8 7373 10
7f127ed2f000 100 7 7481 10
7f127ec6d000 61 6 7549 10
7f127ec6c000 82 7 7638 10
7f127ec64000 150 9 7797 11
7803 11
