0x402000
402000 45 22 67 0
7fa1d78cb000 68 38 174 2
401000 33 20 228 2
7fa1d7c81000 62 82 372 3
403000 44 21 438 3
7fa1d78b5000 84 30 553 3
7fa1d793f000 53 54 661 3
7fa1d793e000 77 81 819 4
7fa1d793d000 61 55 935 4
7fa1d7853000 122 21 1078 4
7fa1d793c000 46 19 1143 4
7fa1d793b000 44 17 1204 4
7fa1d78d0000 84 62 1351 5
7fa1d78cf000 86 43 1481 5
7fa1d7990000 100 38 1620 5
7fa1d78ce000 61 32 1713 5
7fa1d78cd000 81 34 1829 5
7fa1d78c5000 148 43 2020 5
7fa1d78cc000 92 28 2141 5
7fa1d78c6000 60 47 2248 5
7fa1d7892000 57 25 2330 5
7fa1d7960000 90 35 2455 5
7fa1d795f000 111 32 2599 5
7fa1d795e000 68 67 2734 5
7fa1d795c000 75 25 2834 5
7fa1d793a000 53 20 2907 5
7fa1d7939000 49 21 2978 5
7fa1d7938000 35 18 3032 5
7fa1d7937000 45 23 3101 5
7fa1d7936000 39 20 3160 5
7fa1d7935000 43 23 3226 5
7fa1d796f000 53 23 3303 5
7fa1d7951000 71 83 3458 5
7fa1d78be000 62 30 3551 5
7fa1d7949000 60 50 3661 5
7fa1d7945000 78 61 3800 5
7fa1d7944000 56 72 3929 5
7fa1d7947000 93 42 4065 5
7fa1d7946000 61 57 4184 5
7fa1d7948000 51 37 4272 5
7fa1d78bf000 77 44 4394 5
7fa1d78c2000 103 44 4541 5
7fa1d7893000 32 26 4600 5
7fa1d78bc000 47 25 4673 5
7fa1d7914000 49 26 4748 5
7fa1d7913000 58 51 4858 5
7fa1d7975000 44 28 4931 5
7fa1d7974000 57 35 5024 5
7fa1d7973000 49 30 5103 5
7fa1d7972000 63 31 5198 6
7fa1d7971000 90 30 5318 6
7fa1d7970000 56 27 5402 7
7fa1d78b2000 58 27 5488 7
7fa1d78b1000 58 24 5571 7
7fa1d78b8000 85 38 5695 7
7fa1d78ed000 65 61 5822 7
7fa1d78ec000 64 88 5975 7
7fa1d78eb000 98 55 6129 7
7fa1d78b7000 31 28 6188 7
7fa1d78ae000 90 32 6311 7
7fa1d7864000 74 33 6419 7
7fa1d7863000 37 24 6481 8
6485 8
33 35 17 48 2 2 1 40 
0x401000
401000 33 20 54 0
54 0
0 0 0 0 0 0 0 0 
0x403000
403000 44 20 64 0
7fa1d78b5000 81 31 177 2
7fa1d793f000 59 52 289 2
7fa1d793e000 77 80 447 3
7fa1d793d000 62 53 563 3
7fa1d7853000 122 20 706 3
7fa1d793c000 45 19 771 3
7fa1d793b000 44 17 832 3
7fa1d78d0000 83 62 978 5
7fa1d78cf000 86 42 1106 5
7fa1d7990000 102 39 1248 5
7fa1d78ce000 61 33 1342 5
7fa1d78cd000 81 35 1458 5
7fa1d78c5000 150 43 1651 5
7fa1d78cc000 96 28 1775 5
7fa1d78cb000 68 39 1882 5
7fa1d78c6000 61 46 1989 5
7fa1d7892000 56 25 2071 5
7fa1d7960000 90 36 2198 5
7fa1d795f000 108 32 2338 5
7fa1d795e000 69 66 2473 5
7fa1d795c000 75 25 2573 5
7fa1d793a000 55 20 2648 5
7fa1d7939000 49 21 2719 5
7fa1d7938000 35 18 2773 5
7fa1d7937000 45 23 2842 5
7fa1d7936000 39 20 2901 5
7fa1d7935000 49 23 2973 5
7fa1d796f000 55 24 3053 5
7fa1d7951000 70 85 3209 5
7fa1d78be000 62 31 3302 5
7fa1d7949000 62 49 3413 5
7fa1d7945000 79 62 3555 5
7fa1d7944000 58 73 3686 5
7fa1d7947000 99 42 3827 5
7fa1d7946000 62 57 3947 5
7fa1d7948000 49 38 4035 5
7fa1d78bf000 78 44 4158 5
7fa1d78c2000 103 44 4305 5
7fa1d7893000 32 27 4365 5
7fa1d78bc000 48 24 4437 5
7fa1d7914000 48 27 4513 5
7fa1d7913000 57 50 4620 5
7fa1d7975000 45 28 4693 5
7fa1d7974000 58 35 4787 5
7fa1d7973000 48 31 4867 5
7fa1d7972000 64 31 4962 6
7fa1d7971000 86 32 5081 6
7fa1d7970000 57 27 5165 7
7fa1d78b2000 62 28 5256 7
7fa1d78b1000 56 27 5340 7
7fa1d78b8000 87 38 5466 7
7fa1d78ed000 67 60 5593 7
7fa1d78ec000 63 88 5744 7
7fa1d78eb000 99 55 5898 7
7fa1d78b7000 31 28 5958 7
7fa1d78ae000 88 34 6080 7
7fa1d7864000 76 34 6190 7
7fa1d7863000 38 25 6253 8
6256 8
33 34 17 48 2 2 1 39 
