0x405000
405000 51 27 79 2
404000 17 14 111 2
420000 214 38 363 3
7fe680bc6000 105 31 500 5
7fe680bc5000 67 65 632 5
7fe680bc3000 72 25 730 5
410000 52 20 803 5
40f000 53 25 882 5
40e000 137 62 1082 6
40d000 59 19 1161 6
40c000 63 28 1253 6
40b000 53 17 1324 6
7fe680b53000 59 84 1468 6
7fe680b52000 92 52 1612 6
40a000 42 23 1678 6
7fe680b54000 61 56 1796 6
409000 62 34 1892 6
408000 77 36 2006 7
407000 47 18 2072 7
406000 58 40 2171 7
7fe680b49000 54 26 2253 7
7fe680b48000 47 15 2316 7
7fe680b47000 43 15 2375 7
7fe680b4f000 78 67 2522 7
7fe680c1d000 53 32 2608 7
7fe680ade000 59 38 2706 7
7fe680aba000 113 19 2838 7
7fe680add000 55 23 2916 7
7fe680adc000 44 36 2997 7
7fe680bc7000 84 33 3114 7
7fe680b7d000 38 23 3176 7
7fe680ff6000 61 46 3284 7
7fe680ff4000 71 42 3397 7
7fe680ff5000 56 26 3479 7
7fe680ff2000 58 30 3568 7
7fe680fec000 190 30 3788 7
41f000 59 30 3878 7
7fe680ff1000 43 23 3945 7
41c000 42 22 4009 7
41a000 44 23 4077 7
419000 54 23 4155 7
417000 55 27 4238 7
416000 42 19 4300 7
415000 44 24 4369 7
412000 49 26 4444 7
414000 53 24 4523 7
413000 57 31 4612 7
7fe680d24000 81 37 4732 7
7fe680d55000 57 26 4815 7
7fe680d54000 64 20 4899 7
7fe680d53000 69 18 4986 7
7fe680d52000 65 18 5070 7
7fe680d51000 57 24 5152 7
7fe680d50000 54 22 5229 7
7fe680cb1000 122 22 5373 7
7fe680d1c000 78 24 5476 7
7fe680d1b000 35 17 5528 7
7fe680d1a000 37 16 5582 7
7fe680d19000 88 27 5697 7
7fe680d0b000 67 25 5789 7
7fe680d57000 80 19 5888 7
7fe680d56000 79 22 5990 7
7fe680d23000 59 21 6071 7
7fe680d22000 67 24 6163 7
7fe680d21000 65 22 6250 7
7fe680d20000 58 25 6334 7
7fe680d1f000 39 18 6392 7
7fe680d1d000 36 16 6445 7
7fe680d1e000 33 15 6494 7
7fe680cde000 66 48 6609 7
7fe680cdd000 54 20 6683 7
7fe680cdc000 66 29 6778 7
7fe680cd8000 51 16 6846 7
7fe680cd9000 26 14 6887 7
7fe680cdb000 48 15 6951 7
7fe680cd7000 37 19 7008 7
7fe680cd6000 57 16 7081 7
7fe680cd5000 56 57 7194 7
7fe680cda000 39 15 7249 7
418000 66 27 7344 7
7fe680ff3000 60 36 7441 7
41b000 34 18 7495 7
41d000 54 18 7570 7
41e000 80 25 7676 7
7fe680ff9000 58 76 7814 7
7fe680c25000 76 27 7917 7
7fe680bb7000 81 95 8093 7
7fe680bb5000 45 23 8161 7
7fe680abc000 65 35 8261 7
7fe680bf8000 92 40 8393 7
7fe680bf7000 93 36 8522 7
7fe680acc000 53 48 8623 7
7fe680acb000 69 31 8723 7
7fe680aca000 35 23 8781 7
7fe680ac9000 49 20 8850 7
7fe680ac8000 78 31 8960 7
7fe680ac7000 31 18 9009 7
7fe680abf000 42 23 9075 7
7fe680abe000 40 25 9141 7
7fe680abd000 58 20 9219 7
7fe680b1a000 68 33 9321 7
7fe680b27000 80 29 9430 7
7fe680b26000 72 41 9544 7
7fe680bab000 53 69 9666 7
7fe680ba6000 51 49 9766 7
7fe680ba5000 72 75 9914 7
7fe680ba4000 57 50 10022 7
7fe680ba3000 43 17 10082 7
7fe680ba2000 41 16 10139 7
7fe680b37000 77 59 10276 7
7fe680b36000 80 40 10396 7
7fe680b35000 56 31 10483 7
7fe680b34000 77 32 10592 7
7fe680b2c000 138 40 10770 7
7fe680b33000 86 26 10883 7
7fe680b32000 63 36 10982 7
7fe680b2d000 57 43 11082 7
7fe680af9000 52 24 11159 7
7fe680ba1000 49 19 11227 7
7fe680ba0000 45 20 11293 7
7fe680b9f000 33 16 11343 7
7fe680b9e000 43 21 11407 7
7fe680b9d000 37 18 11462 7
7fe680b9c000 41 20 11523 7
7fe680bd6000 49 20 11593 7
7fe680bb8000 65 78 11737 7
7fe680b25000 56 28 11822 7
7fe680bb0000 57 47 11926 7
7fe680bac000 74 58 12058 7
7fe680baf000 46 35 12139 7
7fe680b29000 95 41 12275 7
7fe680bae000 87 40 12403 7
7fe680bad000 57 54 12514 7
7fe680afa000 30 25 12570 7
7fe680b23000 44 23 12637 7
7fe680b7b000 46 24 12708 7
7fe680b7a000 52 47 12808 7
7fe680bdc000 41 26 12876 7
7fe680bdb000 54 32 12963 7
7fe680bda000 45 28 13037 7
7fe680bd9000 59 28 13125 8
13129 8
47 62 40 79 5 2 19 52 
0x404000
404000 16 14 30 0
30 0
0 0 0 0 0 0 0 0 
0x420000
420000 205 36 241 1
405000 42 26 310 3
404000 16 14 341 3
7fe680b4f000 78 67 486 4
7fe680b49000 54 26 566 4
7fe680b48000 47 16 629 4
7fe680b47000 43 15 687 4
7fe680bc6000 101 29 818 6
7fe680bc5000 65 62 945 6
7fe680bc3000 70 24 1040 6
7fe680ba5000 72 76 1188 6
7fe680ba6000 51 49 1289 6
7fe680b2c000 139 41 1469 6
7fe680bc7000 85 33 1587 6
7fe680ba4000 58 50 1695 6
7fe680aba000 113 19 1828 6
7fe680ba3000 43 17 1888 6
7fe680ba2000 40 16 1945 6
7fe680b37000 78 58 2082 6
7fe680b36000 79 41 2203 6
7fe680bf7000 93 37 2333 6
7fe680b35000 57 31 2421 6
7fe680b34000 76 33 2530 6
7fe680b33000 87 26 2643 6
7fe680b32000 63 36 2743 6
7fe680b2d000 57 43 2844 6
7fe680af9000 52 24 2921 6
7fe680ba1000 50 18 2990 6
7fe680ba0000 46 19 3056 6
7fe680b9f000 33 17 3107 6
7fe680b9e000 42 21 3171 6
7fe680b9d000 37 18 3226 6
7fe680b9c000 40 20 3287 6
7fe680bd6000 49 21 3358 6
7fe680bb8000 65 79 3503 6
7fe680b25000 57 28 3588 6
7fe680bb0000 57 46 3691 6
7fe680bac000 74 58 3824 6
7fe680bab000 53 70 3948 6
7fe680bae000 88 40 4076 6
7fe680bad000 58 54 4188 6
7fe680baf000 46 34 4269 6
7fe680b26000 73 41 4384 6
7fe680b29000 97 41 4522 6
7fe680afa000 31 25 4578 6
7fe680b23000 44 24 4646 6
7fe680b7b000 46 25 4717 6
7fe680b7a000 53 47 4817 6
7fe680bdc000 42 26 4886 6
7fe680bdb000 54 33 4973 6
7fe680bda000 45 29 5047 6
7fe680bd9000 60 28 5135 7
7fe680bd8000 81 28 5245 7
7fe680bd7000 53 25 5323 8
5326 8
23 35 10 46 2 2 2 35 
0x410000
410000 51 19 70 0
40f000 51 24 146 0
40e000 134 62 343 2
40d000 58 19 421 2
40c000 64 28 514 3
40b000 52 18 585 3
7fe680b53000 59 83 728 4
7fe680b52000 92 52 873 4
404000 17 13 903 4
405000 43 26 973 5
420000 206 36 1216 5
7fe680bc6000 100 30 1347 6
7fe680bc5000 65 63 1475 6
7fe680bc3000 70 23 1568 6
41f000 60 29 1658 6
7fe680ff1000 42 23 1724 6
41c000 42 23 1789 6
41a000 44 22 1856 6
419000 54 24 1935 6
417000 54 28 2018 6
416000 42 19 2080 6
415000 44 24 2149 6
412000 49 26 2225 7
7fe680b7d000 39 23 2288 7
414000 52 25 2366 7
413000 57 31 2455 7
7fe680d24000 82 37 2575 7
7fe680d55000 58 25 2658 7
7fe680d54000 63 20 2742 7
7fe680d53000 70 18 2830 7
7fe680d52000 65 19 2915 7
7fe680d51000 57 24 2996 7
7fe680d50000 54 22 3073 7
7fe680cb1000 122 23 3218 7
7fe680d1c000 78 24 3320 7
7fe680d1b000 34 18 3373 7
7fe680d1a000 38 16 3427 7
7fe680d19000 89 28 3544 7
7fe680d0b000 67 25 3636 7
7fe680d57000 80 19 3735 7
7fe680d56000 79 22 3837 7
7fe680d23000 60 21 3919 7
7fe680d22000 67 24 4010 7
7fe680d21000 66 22 4098 7
7fe680d20000 58 26 4182 7
7fe680d1f000 39 18 4239 7
7fe680d1d000 37 16 4292 7
7fe680d1e000 33 15 4341 7
7fe680cde000 66 48 4456 7
7fe680cdd000 55 19 4530 7
7fe680cdc000 65 30 4626 7
7fe680cd8000 51 16 4693 7
7fe680cd9000 25 14 4733 7
7fe680cdb000 48 15 4797 7
7fe680cd7000 36 19 4853 7
7fe680cd6000 57 16 4927 7
7fe680cd5000 56 58 5041 7
7fe680cda000 40 15 5096 7
418000 67 27 5191 7
7fe680ff3000 60 36 5288 7
7fe680ff2000 58 30 5377 7
7fe680b49000 54 26 5457 7
7fe680b48000 47 15 5520 7
7fe680b47000 43 15 5579 7
41b000 34 19 5634 7
7fe680b54000 62 56 5753 7
7fe680ade000 58 39 5851 7
7fe680aba000 113 19 5983 7
7fe680add000 56 22 6061 7
7fe680adc000 44 36 6142 7
7fe680bc7000 85 33 6260 7
41d000 54 18 6333 7
41e000 81 25 6440 7
408000 76 36 6555 7
407000 46 19 6621 7
406000 58 40 6720 7
409000 60 35 6819 7
7fe680c1d000 53 32 6905 7
7fe680b4f000 78 67 7051 7
7fe680886000 40 23 7115 7
7fe680885000 54 19 7189 7
7fe680884000 64 22 7276 7
7fe68088d000 53 38 7368 8
7373 8
29 27 28 51 4 2 6 10 
0x40f000
40f000 51 23 75 0
40e000 134 62 272 2
40d000 58 19 350 2
40c000 63 28 442 3
40b000 52 18 513 3
7fe680b53000 59 83 656 4
7fe680b52000 92 52 800 4
404000 16 14 830 4
405000 43 26 899 5
420000 208 36 1144 5
7fe680bc6000 100 30 1275 6
7fe680bc5000 65 62 1402 6
7fe680bc3000 70 23 1495 6
410000 50 19 1565 6
7fe680b49000 53 27 1646 6
7fe680b48000 47 16 1709 6
7fe680b47000 42 15 1767 6
7fe680abc000 66 34 1868 6
7fe680bf8000 92 40 2000 6
7fe680bf7000 93 35 2128 6
7fe680aba000 113 19 2261 6
7fe680bc7000 84 33 2378 6
7fe680bb7000 81 95 2554 6
7fe680bb5000 44 22 2621 6
7fe680acc000 53 48 2723 6
7fe680acb000 69 31 2823 6
7fe680aca000 34 23 2881 6
7fe680ac9000 50 20 2951 6
7fe680ac8000 78 30 3059 6
7fe680ac7000 32 18 3110 6
7fe680abf000 43 23 3176 6
7fe680abe000 39 25 3241 6
7fe680abd000 58 20 3320 6
7fe680b1a000 68 33 3422 7
7fe680b27000 79 30 3532 7
7fe680b26000 72 41 3645 7
7fe680bab000 54 68 3767 7
7fe680ba6000 51 49 3868 7
7fe680ba5000 72 76 4016 7
7fe680ba4000 58 50 4124 7
7fe680ba3000 43 17 4184 7
7fe680ba2000 41 16 4241 7
7fe680b37000 79 58 4378 7
7fe680b36000 79 40 4498 7
7fe680b35000 56 31 4586 7
7fe680b34000 76 32 4694 7
7fe680b2c000 138 40 4873 7
7fe680b33000 86 26 4986 7
7fe680b32000 63 35 5085 7
7fe680b2d000 57 43 5186 7
7fe680af9000 53 24 5263 7
7fe680ba1000 49 19 5331 7
7fe680ba0000 45 20 5397 7
7fe680b9f000 33 16 5447 7
7fe680b9e000 42 21 5511 7
7fe680b9d000 37 18 5566 7
7fe680b9c000 41 20 5627 7
7fe680bd6000 49 21 5698 7
7fe680bb8000 65 79 5842 7
7fe680b25000 56 28 5926 7
7fe680bb0000 57 47 6030 7
7fe680bac000 74 59 6164 7
7fe680baf000 46 35 6245 7
7fe680b29000 95 41 6381 7
7fe680bae000 88 39 6509 7
7fe680bad000 57 54 6621 7
7fe680afa000 31 25 6677 7
7fe680b23000 44 23 6744 7
7fe680b7b000 47 24 6815 7
7fe680b7a000 52 47 6915 7
7fe680bdc000 42 26 6983 7
7fe680bdb000 54 32 7070 7
7fe680bda000 45 29 7144 7
7fe680bd9000 59 29 7232 8
7237 8
28 40 20 50 1 2 15 41 
0x40e000
40e000 132 63 196 2
40d000 58 18 273 2
40c000 63 29 366 3
40b000 53 17 437 3
7fe680b53000 58 84 580 4
7fe680b52000 91 52 724 4
404000 16 14 754 4
405000 43 27 824 5
420000 205 36 1066 5
7fe680bc6000 100 30 1197 6
7fe680bc5000 64 63 1324 6
7fe680bc3000 69 24 1417 6
410000 51 19 1487 6
40f000 51 23 1562 6
7fe680b49000 54 26 1643 6
7fe680b48000 47 15 1706 6
7fe680b47000 43 15 1765 6
7fe680ff9000 59 75 1900 6
7fe680c25000 76 27 2004 6
7fe680bb7000 81 95 2180 6
7fe680bb5000 44 23 2248 6
7fe680abc000 65 34 2347 6
7fe680bf8000 92 40 2480 6
7fe680bf7000 93 36 2609 6
7fe680aba000 113 19 2741 6
7fe680bc7000 84 33 2858 6
7fe680acc000 53 47 2959 6
7fe680acb000 69 31 3060 6
7fe680aca000 34 23 3118 6
7fe680ac9000 50 20 3188 6
7fe680ac8000 78 29 3296 6
7fe680ac7000 31 18 3346 6
7fe680abf000 43 23 3412 6
7fe680abe000 40 25 3478 6
7fe680abd000 58 21 3557 6
7fe680b1a000 69 51 3677 7
7fe680b27000 80 30 3787 7
7fe680b26000 72 42 3901 7
7fe680bab000 54 70 4025 7
7fe680ba6000 52 49 4126 7
7fe680ba5000 72 77 4276 7
7fe680ba4000 58 50 4384 7
7fe680ba3000 43 17 4444 7
7fe680ba2000 41 15 4501 7
7fe680b37000 79 59 4640 7
7fe680b36000 80 40 4760 7
7fe680b35000 57 30 4848 7
7fe680b34000 76 32 4957 7
7fe680b2c000 139 41 5138 7
7fe680b33000 87 26 5251 7
7fe680b32000 63 36 5351 7
7fe680b2d000 58 44 5453 7
7fe680af9000 53 24 5530 7
7fe680ba1000 50 19 5600 7
7fe680ba0000 45 20 5666 7
7fe680b9f000 34 16 5717 7
7fe680b9e000 43 21 5782 7
7fe680b9d000 37 19 5838 7
7fe680b9c000 41 20 5899 7
7fe680bd6000 50 20 5970 7
7fe680bb8000 65 80 6116 7
7fe680b25000 57 28 6201 7
7fe680bb0000 57 47 6305 7
7fe680bac000 74 59 6439 7
7fe680baf000 46 35 6520 7
7fe680b29000 96 42 6658 7
7fe680bae000 89 39 6786 7
7fe680bad000 57 55 6899 7
7fe680afa000 31 25 6955 7
7fe680b23000 44 23 7022 7
7fe680b7b000 47 24 7094 7
7fe680b7a000 53 47 7195 7
7fe680bdc000 42 26 7264 7
7fe680bdb000 55 32 7351 7
7fe680bda000 46 29 7426 7
7fe680bd9000 60 29 7515 8
7520 8
28 41 20 50 1 2 15 42 
0x40d000
40d000 59 19 78 0
40c000 63 29 171 2
40b000 53 17 242 2
7fe680b53000 60 83 386 3
7fe680b52000 91 52 530 3
404000 16 14 561 3
405000 43 26 630 5
420000 206 36 873 5
7fe680bc6000 101 29 1004 6
7fe680bc5000 64 63 1132 6
7fe680bc3000 70 23 1226 6
410000 50 19 1296 6
40f000 52 24 1373 6
40e000 134 63 1571 6
412000 48 27 1647 7
7fe680b7d000 39 22 1710 7
7fe680b49000 55 26 1791 7
7fe680b48000 47 16 1854 7
7fe680b47000 43 15 1913 7
7fe680ff9000 59 76 2049 7
7fe680c25000 76 27 2153 7
7fe680bb7000 82 95 2331 7
7fe680bb5000 45 23 2399 7
7fe680abc000 66 34 2499 7
7fe680bf8000 92 40 2632 7
7fe680bf7000 93 36 2761 7
7fe680aba000 114 18 2894 7
7fe680bc7000 85 33 3013 7
7fe680acc000 54 47 3114 7
7fe680acb000 69 31 3215 7
7fe680aca000 34 23 3273 7
7fe680ac9000 50 20 3344 7
7fe680ac8000 78 29 3452 7
7fe680ac7000 31 18 3502 7
7fe680abf000 43 23 3569 7
7fe680abe000 40 25 3635 7
7fe680abd000 58 21 3714 7
7fe680b1a000 69 33 3816 7
7fe680b27000 80 30 3926 7
7fe680b26000 72 42 4041 7
7fe680bab000 54 68 4163 7
7fe680ba6000 51 49 4264 7
7fe680ba5000 72 76 4413 7
7fe680ba4000 58 50 4521 7
7fe680ba3000 42 17 4581 7
7fe680ba2000 41 15 4638 7
7fe680b37000 78 59 4776 7
7fe680b36000 80 40 4896 7
7fe680b35000 56 31 4984 7
7fe680b34000 76 32 5093 7
7fe680b2c000 138 40 5272 7
7fe680b33000 87 25 5385 7
7fe680b32000 63 36 5485 7
7fe680b2d000 58 43 5586 7
7fe680af9000 53 23 5662 7
7fe680ba1000 49 19 5731 7
7fe680ba0000 45 20 5797 7
7fe680b9f000 33 16 5847 7
7fe680b9e000 43 21 5912 7
7fe680b9d000 37 18 5967 7
7fe680b9c000 40 20 6028 7
7fe680bd6000 50 20 6099 7
7fe680bb8000 65 79 6244 7
7fe680b25000 57 28 6329 7
7fe680bb0000 60 47 6436 7
7fe680bac000 74 58 6569 7
7fe680baf000 46 35 6651 7
7fe680b29000 96 41 6789 7
7fe680bae000 89 40 6918 7
7fe680bad000 58 55 7031 7
7fe680afa000 31 25 7087 7
7fe680b23000 45 23 7155 7
7fe680b7b000 47 24 7226 7
7fe680b7a000 53 47 7327 7
7fe680bdc000 42 26 7395 7
7fe680bdb000 55 32 7482 7
7fe680bda000 46 28 7556 7
7fe680bd9000 59 29 7645 8
7649 8
28 45 22 50 2 2 15 42 
0x40c000
40c000 63 28 92 2
40b000 53 17 163 2
7fe680b53000 59 83 306 3
7fe680b52000 92 51 450 3
404000 16 13 480 3
405000 43 26 550 5
420000 206 35 792 5
7fe680bc6000 101 30 924 6
7fe680bc5000 65 62 1051 6
7fe680bc3000 70 23 1144 6
410000 50 19 1214 6
40f000 51 24 1290 6
40e000 133 62 1486 6
40d000 58 19 1564 6
412000 49 26 1640 7
7fe680b7d000 38 23 1703 7
7fe680b49000 53 26 1783 7
7fe680b48000 47 15 1846 7
7fe680b47000 43 15 1905 7
7fe680ff9000 58 76 2041 7
7fe680c25000 76 27 2144 7
7fe680bb7000 81 95 2321 7
7fe680bb5000 45 22 2389 7
7fe680abc000 66 34 2490 7
7fe680bf8000 92 40 2622 7
7fe680bf7000 93 36 2751 7
7fe680aba000 113 19 2884 7
7fe680bc7000 84 33 3001 7
7fe680acc000 53 48 3103 7
7fe680acb000 69 31 3203 7
7fe680aca000 35 22 3261 7
7fe680ac9000 49 20 3331 7
7fe680ac8000 78 29 3439 7
7fe680ac7000 31 18 3489 7
7fe680abf000 43 23 3555 7
7fe680abe000 39 26 3621 7
7fe680abd000 58 21 3700 7
7fe680b1a000 69 33 3802 7
7fe680b27000 80 29 3912 7
7fe680b26000 72 41 4026 7
7fe680bab000 53 69 4149 7
7fe680ba6000 51 49 4250 7
7fe680ba5000 73 75 4399 7
7fe680ba4000 58 50 4508 7
7fe680ba3000 43 17 4568 7
7fe680ba2000 41 16 4625 7
7fe680b37000 78 58 4762 7
7fe680b36000 79 41 4883 7
7fe680b35000 57 31 4971 7
7fe680b34000 76 32 5079 7
7fe680b2c000 139 40 5258 7
7fe680b33000 86 26 5371 7
7fe680b32000 63 36 5471 7
7fe680b2d000 57 44 5572 7
7fe680af9000 53 25 5650 7
7fe680ba1000 50 19 5719 7
7fe680ba0000 45 20 5785 7
7fe680b9f000 33 16 5835 7
7fe680b9e000 43 21 5900 7
7fe680b9d000 37 18 5955 7
7fe680b9c000 40 20 6016 7
7fe680bd6000 50 20 6087 7
7fe680bb8000 65 79 6232 7
7fe680b25000 57 28 6317 7
7fe680bb0000 57 47 6421 7
7fe680bac000 74 57 6552 7
7fe680baf000 45 35 6633 7
7fe680b29000 95 41 6770 7
7fe680bae000 88 39 6898 7
7fe680bad000 57 54 7010 7
7fe680afa000 30 25 7066 7
7fe680b23000 45 22 7133 7
7fe680b7b000 46 25 7205 7
7fe680b7a000 53 47 7305 7
7fe680bdc000 42 26 7374 7
7fe680bdb000 54 32 7460 7
7fe680bda000 45 29 7535 7
7fe680bd9000 60 29 7624 8
7628 8
28 45 22 50 2 2 15 42 
0x40b000
40b000 53 18 71 0
7fe680b53000 58 84 214 3
7fe680b52000 92 52 358 3
404000 16 14 388 3
405000 43 26 458 5
420000 206 36 701 5
7fe680bc6000 101 30 833 6
7fe680bc5000 65 63 961 6
7fe680bc3000 71 24 1056 6
410000 50 20 1126 6
40f000 51 24 1202 6
40e000 135 62 1399 6
40d000 58 19 1477 6
40c000 63 29 1570 6
40a000 42 23 1636 6
7fe680b54000 62 56 1755 6
409000 60 35 1851 6
408000 77 36 1965 7
407000 47 19 2032 7
406000 58 40 2131 7
7fe680b49000 54 26 2213 7
7fe680b48000 48 15 2277 7
7fe680b47000 43 15 2336 7
7fe680b4f000 78 67 2484 7
7fe680c1d000 53 32 2570 7
7fe680ade000 59 39 2669 7
7fe680aba000 114 18 2801 7
7fe680add000 55 23 2880 7
7fe680adc000 44 36 2961 7
7fe680bc7000 85 33 3080 7
7fe680b7d000 39 22 3142 7
7fe680ff6000 61 47 3252 7
7fe680ff4000 72 42 3366 7
7fe680ff5000 57 26 3449 7
7fe680ff2000 58 30 3537 7
7fe680fec000 191 30 3759 7
41f000 60 30 3850 7
7fe680ff1000 42 23 3916 7
41c000 42 22 3980 7
41a000 45 22 4048 7
419000 54 23 4127 7
417000 55 28 4211 7
416000 42 19 4273 7
415000 45 23 4342 7
412000 49 27 4419 7
414000 54 25 4499 7
413000 57 31 4588 7
7fe680d24000 82 37 4709 7
7fe680d55000 58 26 4793 7
7fe680d54000 64 20 4877 7
7fe680d53000 69 19 4965 7
7fe680d52000 65 19 5049 7
7fe680d51000 56 24 5130 7
7fe680d50000 55 22 5208 7
7fe680cb1000 123 22 5353 7
7fe680d1c000 78 24 5456 7
7fe680d1b000 35 17 5509 7
7fe680d1a000 37 16 5563 7
7fe680d19000 89 27 5679 7
7fe680d0b000 68 25 5772 7
7fe680d57000 81 19 5872 7
7fe680d56000 79 23 5975 7
7fe680d23000 61 21 6057 7
7fe680d22000 68 24 6149 7
7fe680d21000 65 23 6237 7
7fe680d20000 58 25 6320 7
7fe680d1f000 39 18 6378 7
7fe680d1d000 37 16 6432 7
7fe680d1e000 32 16 6481 7
7fe680cde000 66 48 6596 7
7fe680cdd000 55 20 6671 7
7fe680cdc000 66 30 6767 7
7fe680cd8000 51 16 6835 7
7fe680cd9000 25 14 6875 7
7fe680cdb000 48 15 6939 7
7fe680cd7000 37 19 6996 7
7fe680cd6000 57 16 7069 7
7fe680cd5000 56 58 7184 7
7fe680cda000 40 15 7239 7
418000 66 27 7334 7
7fe680ff3000 60 37 7432 7
41b000 35 18 7486 7
41d000 54 17 7560 7
41e000 81 25 7668 7
7fe680ff9000 58 76 7806 7
7fe680c25000 76 28 7911 7
7fe680bb7000 82 95 8088 7
7fe680bb5000 45 22 8156 7
7fe680abc000 66 35 8258 7
7fe680bf8000 92 40 8390 7
7fe680bf7000 93 36 8520 7
7fe680acc000 53 48 8621 7
7fe680acb000 70 31 8722 7
7fe680aca000 35 23 8780 7
7fe680ac9000 49 20 8850 7
7fe680ac8000 78 30 8958 7
7fe680ac7000 32 18 9008 7
7fe680abf000 43 23 9074 7
7fe680abe000 39 25 9139 7
7fe680abd000 58 20 9218 7
7fe680b1a000 69 33 9320 7
7fe680b27000 80 30 9430 7
7fe680b26000 73 40 9543 7
7fe680bab000 54 69 9667 7
7fe680ba6000 51 49 9767 7
7fe680ba5000 73 75 9916 7
7fe680ba4000 57 51 10025 7
7fe680ba3000 43 17 10085 7
7fe680ba2000 41 15 10141 7
7fe680b37000 78 59 10279 7
7fe680b36000 79 42 10400 7
7fe680b35000 57 31 10488 7
7fe680b34000 76 32 10596 7
7fe680b2c000 139 40 10776 7
7fe680b33000 88 27 10892 7
7fe680b32000 64 36 10992 7
7fe680b2d000 58 44 11094 7
7fe680af9000 53 25 11173 7
7fe680ba1000 52 20 11245 7
7fe680ba0000 45 20 11311 7
7fe680b9f000 33 16 11361 7
7fe680b9e000 43 21 11426 7
7fe680b9d000 37 18 11481 7
7fe680b9c000 42 20 11544 7
7fe680bd6000 52 21 11618 7
7fe680bb8000 67 81 11767 7
7fe680b25000 60 28 11855 7
7fe680bb0000 58 48 11961 7
7fe680bac000 74 58 12093 7
7fe680baf000 46 34 12174 7
7fe680b29000 95 42 12312 7
7fe680bae000 89 39 12440 7
7fe680bad000 57 54 12552 7
7fe680afa000 30 25 12608 7
7fe680b23000 45 23 12676 7
7fe680b7b000 46 25 12747 7
7fe680b7a000 54 46 12847 7
7fe680bdc000 42 26 12916 7
7fe680bdb000 54 32 13002 7
7fe680bda000 46 29 13078 7
7fe680bd9000 60 28 13166 8
13170 8
47 62 40 79 5 2 19 52 
0x40a000
40a000 42 23 65 1
7fe680b54000 62 56 184 3
7fe680b53000 59 83 326 4
7fe680b52000 91 52 470 4
404000 16 13 500 4
409000 60 35 596 4
408000 76 36 709 6
407000 46 19 775 6
420000 205 36 1017 6
405000 43 26 1087 7
7fe680b4f000 78 66 1232 7
7fe680b49000 53 27 1313 7
7fe680b48000 47 16 1376 7
7fe680b47000 42 15 1434 7
7fe680bc6000 101 29 1565 7
7fe680bc5000 65 62 1693 7
7fe680bc3000 69 24 1787 7
7fe680ba5000 72 76 1936 7
7fe680ba6000 51 49 2036 7
7fe680b2c000 138 41 2216 7
7fe680bc7000 84 33 2333 7
7fe680ba4000 57 50 2441 7
7fe680aba000 113 19 2574 7
7fe680ba3000 43 17 2634 7
7fe680ba2000 40 16 2691 7
7fe680b37000 78 59 2829 7
7fe680b36000 80 40 2949 7
7fe680bf7000 92 37 3079 7
7fe680b35000 56 31 3166 7
7fe680b34000 77 32 3275 7
7fe680b33000 87 26 3388 7
7fe680b32000 63 36 3487 7
7fe680b2d000 57 44 3589 7
7fe680af9000 53 23 3665 7
7fe680ba1000 49 19 3734 7
7fe680ba0000 46 20 3801 7
7fe680b9f000 33 16 3851 7
7fe680b9e000 43 20 3915 7
7fe680b9d000 37 18 3971 7
7fe680b9c000 40 21 4032 7
7fe680bd6000 49 21 4103 7
7fe680bb8000 65 78 4246 7
7fe680b25000 56 28 4331 7
7fe680bb0000 56 47 4435 7
7fe680bac000 74 58 4567 7
7fe680bab000 54 68 4689 7
7fe680bae000 88 39 4817 7
7fe680bad000 58 54 4930 7
7fe680baf000 46 34 5011 7
7fe680b26000 72 41 5125 7
7fe680b29000 95 41 5262 7
7fe680afa000 30 25 5318 7
7fe680b23000 44 23 5385 7
7fe680b7b000 46 24 5456 7
7fe680b7a000 53 47 5557 7
7fe680bdc000 42 27 5626 7
7fe680bdb000 54 32 5712 7
7fe680bda000 45 29 5786 7
7fe680bd9000 60 28 5874 8
5880 8
28 37 18 65 1 2 2 36 
0x409000
409000 61 35 96 1
408000 76 35 208 3
407000 47 19 275 3
420000 205 36 517 4
405000 43 26 587 5
404000 16 13 617 5
7fe680b4f000 78 67 763 6
7fe680b49000 54 26 843 6
7fe680b48000 46 16 906 6
7fe680b47000 42 16 965 6
7fe680bc6000 100 30 1096 7
7fe680bc5000 64 63 1223 7
7fe680bc3000 69 24 1317 7
7fe680ba5000 73 76 1466 7
7fe680ba6000 51 50 1567 7
7fe680b2c000 140 40 1747 7
7fe680bc7000 84 33 1865 7
7fe680ba4000 57 51 1974 7
7fe680aba000 115 18 2107 7
7fe680ba3000 43 17 2168 7
7fe680ba2000 41 16 2225 7
7fe680b37000 78 59 2363 7
7fe680b36000 80 40 2483 7
7fe680bf7000 93 37 2613 7
7fe680b35000 57 31 2701 7
7fe680b34000 76 33 2811 7
7fe680b33000 88 25 2924 7
7fe680b32000 63 36 3024 7
7fe680b2d000 57 44 3126 7
7fe680af9000 53 24 3203 7
7fe680ba1000 50 19 3272 7
7fe680ba0000 45 20 3338 7
7fe680b9f000 33 17 3389 7
7fe680b9e000 43 21 3453 7
7fe680b9d000 37 18 3509 7
7fe680b9c000 40 20 3570 7
7fe680bd6000 50 21 3642 7
7fe680bb8000 66 79 3787 7
7fe680b25000 57 28 3872 7
7fe680bb0000 57 47 3977 7
7fe680bac000 76 58 4111 7
7fe680bab000 54 69 4234 7
7fe680bae000 88 41 4364 7
7fe680bad000 57 55 4476 7
7fe680baf000 45 36 4558 7
7fe680b26000 73 41 4672 7
7fe680b29000 96 41 4809 7
7fe680afa000 30 26 4866 7
7fe680b23000 44 23 4933 7
7fe680b7b000 47 24 5005 7
7fe680b7a000 53 47 5106 7
7fe680bdc000 42 26 5174 7
7fe680bdb000 55 32 5262 7
7fe680bda000 46 28 5336 7
7fe680bd9000 60 29 5426 8
5431 8
20 36 10 46 1 2 2 36 
0x408000
408000 77 35 112 2
407000 48 19 180 2
420000 206 36 423 3
405000 43 26 493 5
404000 16 14 524 5
7fe680b4f000 79 67 670 6
7fe680b49000 54 26 750 6
7fe680b48000 48 15 814 6
7fe680b47000 42 15 872 6
7fe680bc6000 100 30 1004 7
7fe680bc5000 65 63 1132 7
7fe680bc3000 69 24 1226 7
7fe680ba5000 72 76 1375 7
7fe680ba6000 52 49 1476 7
7fe680b2c000 140 40 1657 7
7fe680bc7000 84 34 1776 7
7fe680ba4000 58 50 1884 7
7fe680aba000 114 19 2017 7
7fe680ba3000 42 17 2077 7
7fe680ba2000 40 16 2134 7
7fe680b37000 79 59 2273 7
7fe680b36000 79 40 2393 7
7fe680bf7000 93 36 2523 7
7fe680b35000 57 30 2611 7
7fe680b34000 76 32 2720 7
7fe680b33000 87 25 2833 7
7fe680b32000 63 36 2933 7
7fe680b2d000 58 43 3034 7
7fe680af9000 52 24 3111 7
7fe680ba1000 50 19 3180 7
7fe680ba0000 45 20 3246 7
7fe680b9f000 33 17 3297 7
7fe680b9e000 43 20 3361 7
7fe680b9d000 37 18 3417 7
7fe680b9c000 40 21 3478 7
7fe680bd6000 49 21 3549 7
7fe680bb8000 66 79 3694 7
7fe680b25000 56 28 3779 7
7fe680bb0000 57 46 3883 7
7fe680bac000 74 58 4016 7
7fe680bab000 54 69 4139 7
7fe680bae000 89 40 4268 7
7fe680bad000 58 53 4379 7
7fe680baf000 46 35 4461 7
7fe680b26000 73 41 4575 7
7fe680b29000 95 42 4712 7
7fe680afa000 30 25 4767 7
7fe680b23000 44 23 4835 7
7fe680b7b000 46 25 4906 7
7fe680b7a000 54 46 5006 7
7fe680bdc000 42 26 5075 7
7fe680bdb000 54 32 5162 7
7fe680bda000 45 29 5237 7
7fe680bd9000 59 29 5325 8
5330 8
20 35 10 46 1 2 2 36 
0x407000
407000 47 18 65 0
420000 206 36 308 1
405000 43 26 378 3
404000 16 14 409 3
7fe680b4f000 78 67 554 4
7fe680b49000 54 26 635 4
7fe680b48000 47 15 698 4
7fe680b47000 43 15 757 4
7fe680bc6000 101 29 888 6
7fe680bc5000 65 63 1017 6
7fe680bc3000 70 23 1110 6
7fe680ba5000 73 77 1261 6
7fe680ba6000 51 50 1362 6
7fe680b2c000 139 40 1541 6
7fe680bc7000 84 33 1659 6
7fe680ba4000 58 49 1767 6
7fe680aba000 114 19 1901 6
7fe680ba3000 43 18 1962 6
7fe680ba2000 41 15 2018 6
7fe680b37000 78 59 2156 6
7fe680b36000 79 40 2276 6
7fe680bf7000 92 36 2405 6
7fe680b35000 57 30 2493 6
7fe680b34000 76 33 2602 6
7fe680b33000 87 26 2715 6
7fe680b32000 63 36 2814 6
7fe680b2d000 57 44 2916 6
7fe680af9000 53 24 2993 6
7fe680ba1000 50 18 3061 6
7fe680ba0000 46 20 3128 6
7fe680b9f000 32 17 3178 6
7fe680b9e000 42 22 3243 6
7fe680b9d000 37 18 3299 6
7fe680b9c000 41 20 3360 6
7fe680bd6000 49 21 3431 6
7fe680bb8000 66 78 3575 6
7fe680b25000 56 28 3660 6
7fe680bb0000 56 47 3764 6
7fe680bac000 74 58 3896 6
7fe680bab000 54 69 4019 6
7fe680bae000 88 40 4147 6
7fe680bad000 58 53 4258 6
7fe680baf000 46 35 4340 6
7fe680b26000 72 42 4454 6
7fe680b29000 95 41 4590 6
7fe680afa000 30 25 4646 6
7fe680b23000 44 23 4714 6
7fe680b7b000 46 24 4784 6
7fe680b7a000 53 47 4885 6
7fe680bdc000 43 26 4954 6
7fe680bdb000 55 32 5041 6
7fe680bda000 46 28 5115 6
7fe680bd9000 59 29 5203 7
7fe680bd8000 81 27 5312 7
7fe680bd7000 53 25 5391 8
5395 8
23 35 10 46 2 2 2 35 
0x406000
406000 58 40 98 2
405000 43 26 168 3
404000 16 13 198 3
420000 205 36 440 3
7fe680bc6000 100 30 571 5
7fe680bc5000 65 62 698 5
7fe680bc3000 69 23 791 5
410000 50 21 863 5
40f000 50 24 938 5
40e000 133 63 1135 6
40d000 58 18 1212 6
40c000 63 29 1305 6
40b000 52 18 1376 6
7fe680b53000 59 83 1519 6
7fe680b52000 92 51 1663 6
40a000 42 23 1729 6
7fe680b54000 61 56 1848 6
409000 60 35 1944 6
408000 77 36 2058 7
407000 47 18 2124 7
7fe680b49000 53 26 2205 7
7fe680b48000 47 15 2268 7
7fe680b47000 43 15 2327 7
7fe680b4f000 78 67 2474 7
7fe680c1d000 53 33 2561 7
7fe680ade000 59 38 2658 7
7fe680aba000 113 19 2791 7
7fe680add000 56 23 2870 7
7fe680adc000 44 36 2951 7
7fe680bc7000 84 34 3069 7
7fe680b7d000 39 22 3130 7
7fe680ff6000 61 46 3239 7
7fe680ff4000 70 42 3352 7
7fe680ff5000 56 26 3435 7
7fe680ff2000 59 30 3524 7
7fe680fec000 191 30 3745 7
41f000 59 30 3835 7
7fe680ff1000 42 23 3901 7
41c000 42 22 3965 7
41a000 44 23 4033 7
419000 54 23 4111 7
417000 55 27 4194 7
416000 42 19 4256 7
415000 44 24 4325 7
412000 49 27 4401 7
414000 54 24 4480 7
413000 57 31 4569 7
7fe680d24000 81 37 4689 7
7fe680d55000 57 26 4772 7
7fe680d54000 65 19 4856 7
7fe680d53000 69 18 4944 7
7fe680d52000 64 19 5028 7
7fe680d51000 57 24 5110 7
7fe680d50000 55 22 5187 7
7fe680cb1000 122 22 5332 7
7fe680d1c000 78 24 5435 7
7fe680d1b000 35 18 5488 7
7fe680d1a000 38 16 5542 7
7fe680d19000 88 27 5657 7
7fe680d0b000 68 24 5749 7
7fe680d57000 80 20 5850 7
7fe680d56000 80 23 5953 7
7fe680d23000 60 22 6035 7
7fe680d22000 67 25 6127 7
7fe680d21000 65 23 6215 7
7fe680d20000 58 25 6298 7
7fe680d1f000 39 18 6356 7
7fe680d1d000 37 17 6410 7
7fe680d1e000 33 16 6459 7
7fe680cde000 66 48 6574 7
7fe680cdd000 55 19 6649 7
7fe680cdc000 65 31 6746 7
7fe680cd8000 52 16 6814 7
7fe680cd9000 25 14 6854 7
7fe680cdb000 48 15 6918 7
7fe680cd7000 37 19 6975 7
7fe680cd6000 58 16 7049 7
7fe680cd5000 57 57 7163 7
7fe680cda000 40 15 7219 7
418000 67 27 7314 7
7fe680ff3000 60 37 7412 7
41b000 35 18 7467 7
41d000 55 17 7542 7
41e000 80 25 7649 7
7fe680ff9000 59 76 7789 7
7fe680c25000 78 27 7894 7
7fe680bb7000 82 95 8072 7
7fe680bb5000 45 22 8140 7
7fe680abc000 66 34 8241 7
7fe680bf8000 93 40 8374 7
7fe680bf7000 94 36 8504 7
7fe680acc000 54 47 8605 7
7fe680acb000 70 31 8707 7
7fe680aca000 35 23 8765 7
7fe680ac9000 50 20 8835 7
7fe680ac8000 78 30 8944 7
7fe680ac7000 32 18 8994 7
7fe680abf000 43 23 9060 7
7fe680abe000 40 25 9126 7
7fe680abd000 57 21 9205 7
7fe680b1a000 69 34 9308 7
7fe680b27000 80 30 9418 7
7fe680b26000 72 42 9533 7
7fe680bab000 54 69 9656 7
7fe680ba6000 51 50 9758 7
7fe680ba5000 73 76 9907 7
7fe680ba4000 58 50 10016 7
7fe680ba3000 44 17 10077 7
7fe680ba2000 41 16 10134 7
7fe680b37000 78 58 10271 7
7fe680b36000 80 40 10392 7
7fe680b35000 57 31 10481 7
7fe680b34000 76 33 10590 7
7fe680b2c000 139 40 10769 7
7fe680b33000 87 26 10883 7
7fe680b32000 64 35 10982 7
7fe680b2d000 57 44 11084 7
7fe680af9000 53 23 11160 7
7fe680ba1000 50 18 11229 7
7fe680ba0000 46 20 11296 7
7fe680b9f000 33 16 11346 7
7fe680b9e000 43 21 11411 7
7fe680b9d000 37 18 11466 7
7fe680b9c000 40 21 11528 7
7fe680bd6000 50 20 11599 7
7fe680bb8000 65 81 11746 7
7fe680b25000 57 28 11831 7
7fe680bb0000 57 47 11935 7
7fe680bac000 73 58 12067 7
7fe680baf000 45 35 12148 7
7fe680b29000 95 41 12285 7
7fe680bae000 88 40 12414 7
7fe680bad000 58 54 12526 7
7fe680afa000 31 25 12582 7
7fe680b23000 44 23 12649 7
7fe680b7b000 46 24 12720 7
7fe680b7a000 53 47 12821 7
7fe680bdc000 44 26 12892 7
7fe680bdb000 54 32 12978 7
7fe680bda000 45 29 13053 7
7fe680bd9000 59 29 13142 8
13146 8
47 62 40 79 5 2 19 52 
0x41f000
41f000 60 30 90 2
7fe680ff1000 41 23 155 3
405000 42 26 224 4
404000 16 14 255 4
420000 206 36 497 5
7fe680bc6000 101 29 628 5
7fe680bc5000 65 63 756 5
7fe680bc3000 70 23 849 5
410000 50 19 919 5
40f000 51 24 995 5
40e000 133 63 1192 6
40d000 58 19 1270 6
40c000 63 29 1363 6
40b000 52 18 1434 6
7fe680b53000 58 83 1576 6
7fe680b52000 91 52 1720 6
40a000 41 24 1786 6
7fe680b54000 61 56 1904 6
409000 61 34 2000 6
408000 77 35 2113 7
407000 47 19 2180 7
406000 57 41 2279 7
7fe680b49000 54 26 2361 7
7fe680b48000 47 16 2425 7
7fe680b47000 42 15 2483 7
7fe680b4f000 78 66 2630 7
7fe680c1d000 53 33 2717 7
7fe680ade000 60 38 2816 7
7fe680aba000 114 19 2949 7
7fe680add000 55 23 3027 7
7fe680adc000 44 36 3108 7
7fe680bc7000 84 33 3225 7
7fe680b7d000 39 22 3287 7
7fe680ff6000 62 46 3396 7
7fe680ff4000 70 42 3509 7
7fe680ff5000 56 26 3592 7
7fe680ff2000 58 30 3681 7
7fe680fec000 191 31 3903 7
413000 57 32 3992 7
412000 49 26 4068 7
414000 53 25 4148 7
415000 45 23 4217 7
7fe680d24000 81 36 4335 7
7fe680d55000 58 26 4420 7
7fe680d54000 64 19 4503 7
7fe680d53000 69 19 4592 7
7fe680d52000 65 19 4676 7
7fe680d51000 57 25 4759 7
7fe680d50000 55 22 4836 7
7fe680cb1000 122 23 4981 7
7fe680d1c000 79 23 5083 7
7fe680d1b000 35 17 5136 7
7fe680d1a000 37 16 5190 7
7fe680d19000 87 28 5306 7
7fe680d0b000 67 25 5398 7
7fe680d57000 80 19 5498 7
7fe680d56000 79 22 5600 7
7fe680d23000 60 21 5682 7
7fe680d22000 67 24 5773 7
7fe680d21000 65 22 5861 7
7fe680d20000 58 25 5945 7
7fe680d1f000 40 18 6003 7
7fe680d1d000 37 16 6056 7
7fe680d1e000 33 15 6105 7
7fe680cde000 67 47 6220 7
7fe680cdd000 54 20 6295 7
7fe680cdc000 66 30 6391 7
7fe680cd8000 51 16 6459 7
7fe680cd9000 25 14 6499 7
7fe680cdb000 48 15 6563 7
7fe680cd7000 36 19 6619 7
7fe680cd6000 57 16 6693 7
7fe680cd5000 56 57 6807 7
7fe680cda000 41 15 6864 7
7fe680ff9000 59 76 7001 7
7fe680c25000 77 27 7105 7
7fe680bb7000 82 95 7282 7
7fe680bb5000 45 23 7350 7
7fe680abc000 65 34 7450 7
7fe680bf8000 91 40 7582 7
7fe680bf7000 93 36 7712 7
7fe680acc000 54 48 7814 7
7fe680acb000 69 31 7914 7
7fe680aca000 35 22 7972 7
7fe680ac9000 49 20 8042 7
7fe680ac8000 78 29 8150 7
7fe680ac7000 32 18 8200 7
7fe680abf000 43 23 8266 7
7fe680abe000 40 25 8331 7
7fe680abd000 58 20 8410 7
7fe680b1a000 68 33 8512 7
7fe680b27000 80 31 8624 7
7fe680b26000 72 41 8737 7
7fe680bab000 54 68 8860 7
7fe680ba6000 51 49 8961 7
7fe680ba5000 72 76 9110 7
7fe680ba4000 58 50 9218 7
7fe680ba3000 43 17 9278 7
7fe680ba2000 41 16 9335 7
7fe680b37000 78 58 9472 7
7fe680b36000 79 40 9592 7
7fe680b35000 58 31 9682 7
7fe680b34000 77 32 9791 7
7fe680b2c000 138 41 9971 7
7fe680b33000 87 25 10083 7
7fe680b32000 63 36 10183 7
7fe680b2d000 56 44 10284 7
7fe680af9000 52 24 10361 7
7fe680ba1000 50 19 10430 7
7fe680ba0000 45 20 10496 7
7fe680b9f000 33 16 10546 7
7fe680b9e000 42 21 10610 7
7fe680b9d000 37 18 10665 7
7fe680b9c000 40 20 10726 7
7fe680bd6000 49 21 10797 7
7fe680bb8000 64 79 10941 7
7fe680b25000 56 28 11026 7
7fe680bb0000 56 47 11130 7
7fe680bac000 74 58 11262 7
7fe680baf000 46 35 11343 7
7fe680b29000 96 41 11481 7
7fe680bae000 88 40 11609 7
7fe680bad000 58 54 11721 7
7fe680afa000 31 25 11777 7
7fe680b23000 44 23 11844 7
7fe680b7b000 46 24 11915 7
7fe680b7a000 53 47 12016 7
7fe680bdc000 42 26 12084 7
7fe680bdb000 54 32 12171 7
7fe680bda000 45 28 12245 7
7fe680bd9000 59 29 12334 8
12338 8
45 59 37 77 5 2 19 51 
0x41c000
41c000 41 23 65 0
41a000 44 23 133 0
405000 43 26 203 2
404000 16 14 234 2
420000 206 36 476 3
7fe680bc6000 101 29 607 5
7fe680bc5000 64 63 735 5
7fe680bc3000 70 23 828 5
410000 50 19 898 5
40f000 51 24 974 5
40e000 133 62 1170 6
40d000 58 20 1249 6
40c000 63 28 1341 6
40b000 53 17 1412 6
7fe680b53000 60 83 1556 6
7fe680b52000 92 52 1700 6
40a000 42 23 1766 6
7fe680b54000 62 56 1885 6
409000 61 35 1981 6
408000 77 35 2094 7
407000 47 18 2161 7
406000 58 40 2260 7
7fe680b49000 55 26 2343 7
7fe680b48000 47 16 2407 7
7fe680b47000 43 15 2466 7
7fe680b4f000 78 68 2614 7
7fe680c1d000 54 32 2700 7
7fe680ade000 59 38 2798 7
7fe680aba000 114 18 2931 7
7fe680add000 56 22 3010 7
7fe680adc000 44 36 3091 7
7fe680bc7000 84 33 3209 7
7fe680b7d000 39 22 3271 7
7fe680ff6000 62 46 3381 7
7fe680ff4000 71 42 3494 7
7fe680ff5000 56 26 3577 7
7fe680ff2000 58 30 3666 7
7fe680fec000 192 29 3887 7
41f000 60 30 3978 7
7fe680ff1000 42 23 4044 7
418000 66 28 4139 7
417000 55 27 4222 7
416000 42 19 4284 7
415000 45 24 4354 7
412000 49 26 4430 7
414000 53 25 4510 7
413000 57 32 4600 7
7fe680d24000 81 37 4719 7
7fe680d55000 58 25 4803 7
7fe680d54000 64 20 4888 7
7fe680d53000 69 19 4976 7
7fe680d52000 64 19 5060 7
7fe680d51000 57 25 5143 7
7fe680d50000 56 21 5220 7
7fe680cb1000 123 22 5366 7
7fe680d1c000 79 24 5470 7
7fe680d1b000 35 18 5523 7
7fe680d1a000 38 16 5577 7
7fe680d19000 89 27 5693 7
7fe680d0b000 68 25 5786 7
7fe680d57000 81 19 5886 7
7fe680d56000 79 23 5989 7
7fe680d23000 61 21 6071 7
7fe680d22000 68 24 6163 7
7fe680d21000 66 23 6252 7
7fe680d20000 58 26 6336 7
7fe680d1f000 40 17 6393 7
7fe680d1d000 36 17 6447 7
7fe680d1e000 33 15 6496 7
7fe680cde000 66 49 6612 7
7fe680cdd000 55 19 6686 7
7fe680cdc000 66 30 6782 7
7fe680cd8000 51 16 6850 7
7fe680cd9000 26 14 6891 7
7fe680cdb000 48 15 6954 7
7fe680cd7000 37 19 7011 7
7fe680cd6000 57 17 7085 7
7fe680cd5000 56 58 7199 7
7fe680cda000 39 15 7254 7
419000 55 23 7334 7
7fe680ff3000 61 37 7433 7
7fe680ff9000 59 76 7571 7
7fe680c25000 77 27 7675 7
7fe680bb7000 82 95 7853 7
7fe680bb5000 45 23 7921 7
7fe680abc000 65 34 8021 7
7fe680bf8000 93 40 8155 7
7fe680bf7000 93 36 8284 7
7fe680acc000 53 48 8386 7
7fe680acb000 70 30 8486 7
7fe680aca000 35 22 8544 7
7fe680ac9000 50 20 8615 7
7fe680ac8000 78 30 8723 7
7fe680ac7000 32 18 8773 7
7fe680abf000 43 23 8839 7
7fe680abe000 40 24 8904 7
7fe680abd000 58 21 8984 7
7fe680b1a000 69 33 9086 7
7fe680b27000 80 30 9197 7
7fe680b26000 72 42 9311 7
7fe680bab000 54 68 9433 7
7fe680ba6000 51 50 9535 7
7fe680ba5000 73 75 9683 7
7fe680ba4000 59 50 9793 7
7fe680ba3000 43 17 9853 7
7fe680ba2000 41 16 9910 7
7fe680b37000 78 59 10048 7
7fe680b36000 80 40 10168 7
7fe680b35000 56 31 10256 7
7fe680b34000 77 32 10365 7
7fe680b2c000 139 40 10544 7
7fe680b33000 87 26 10658 7
7fe680b32000 63 36 10757 7
7fe680b2d000 56 44 10858 7
7fe680af9000 52 24 10935 7
7fe680ba1000 50 19 11004 7
7fe680ba0000 45 20 11070 7
7fe680b9f000 33 17 11121 7
7fe680b9e000 43 21 11185 7
7fe680b9d000 37 18 11240 7
7fe680b9c000 41 20 11302 7
7fe680bd6000 50 20 11373 7
7fe680bb8000 65 79 11518 7
7fe680b25000 57 28 11603 7
7fe680bb0000 56 47 11707 7
7fe680bac000 74 58 11840 7
7fe680baf000 46 35 11921 7
7fe680b29000 95 42 12059 7
7fe680bae000 89 39 12187 7
7fe680bad000 57 54 12299 7
7fe680afa000 30 25 12355 7
7fe680b23000 45 23 12423 7
7fe680b7b000 46 25 12494 7
7fe680b7a000 53 47 12595 7
7fe680bdc000 43 26 12664 7
7fe680bdb000 54 32 12750 7
7fe680bda000 45 29 12825 7
7fe680bd9000 60 28 12913 8
12918 8
45 61 38 77 5 2 19 52 
0x41a000
41a000 44 23 68 0
405000 42 26 137 2
404000 16 14 168 2
420000 205 37 411 3
7fe680bc6000 100 29 541 5
7fe680bc5000 64 63 669 5
7fe680bc3000 70 24 763 5
410000 51 19 833 5
40f000 50 25 909 5
40e000 133 62 1105 6
40d000 59 18 1183 6
40c000 63 29 1276 6
40b000 52 18 1347 6
7fe680b53000 59 83 1490 6
7fe680b52000 91 52 1634 6
40a000 42 22 1699 6
7fe680b54000 62 56 1818 6
409000 61 35 1914 6
408000 76 36 2027 7
407000 47 19 2094 7
406000 58 40 2193 7
7fe680b49000 53 26 2274 7
7fe680b48000 47 15 2337 7
7fe680b47000 43 15 2396 7
7fe680b4f000 78 67 2544 7
7fe680c1d000 53 33 2630 7
7fe680ade000 59 38 2727 7
7fe680aba000 113 19 2860 7
7fe680add000 56 22 2938 7
7fe680adc000 44 36 3019 7
7fe680bc7000 85 33 3137 7
7fe680b7d000 40 22 3199 7
7fe680ff6000 61 46 3307 7
7fe680ff4000 72 42 3422 7
7fe680ff5000 56 25 3504 7
7fe680ff2000 58 30 3593 7
7fe680fec000 191 30 3814 7
41f000 60 30 3904 7
7fe680ff1000 41 23 3969 7
41c000 42 23 4034 7
41b000 34 18 4087 7
417000 55 27 4170 7
416000 42 19 4232 7
415000 45 23 4301 7
412000 49 26 4377 7
414000 53 25 4457 7
413000 56 32 4546 7
7fe680d24000 80 37 4665 7
7fe680d55000 58 26 4749 7
7fe680d54000 64 19 4832 7
7fe680d53000 69 18 4920 7
7fe680d52000 64 19 5004 7
7fe680d51000 56 25 5086 7
7fe680d50000 55 22 5163 7
7fe680cb1000 122 22 5307 7
7fe680d1c000 78 24 5410 7
7fe680d1b000 35 17 5462 7
7fe680d1a000 37 16 5516 7
7fe680d19000 88 27 5631 7
7fe680d0b000 67 25 5724 7
7fe680d57000 80 19 5823 7
7fe680d56000 79 23 5926 7
7fe680d23000 60 21 6007 7
7fe680d22000 68 24 6099 7
7fe680d21000 65 23 6187 7
7fe680d20000 58 25 6270 7
7fe680d1f000 40 17 6327 7
7fe680d1d000 36 17 6381 7
7fe680d1e000 33 16 6430 7
7fe680cde000 67 48 6545 7
7fe680cdd000 54 19 6618 7
7fe680cdc000 66 30 6715 7
7fe680cd8000 51 16 6782 7
7fe680cd9000 26 14 6823 7
7fe680cdb000 48 15 6887 7
7fe680cd7000 37 19 6943 7
7fe680cd6000 57 16 7017 7
7fe680cd5000 57 57 7131 7
7fe680cda000 40 15 7187 7
418000 66 27 7282 7
419000 54 24 7361 7
7fe680ff3000 60 37 7459 7
41d000 56 18 7535 7
41e000 81 24 7641 7
7fe680ff9000 58 76 7780 7
7fe680c25000 77 27 7884 7
7fe680bb7000 82 95 8061 7
7fe680bb5000 45 22 8128 7
7fe680abc000 66 34 8229 7
7fe680bf8000 92 40 8361 7
7fe680bf7000 93 36 8490 7
7fe680acc000 53 47 8591 7
7fe680acb000 69 31 8692 7
7fe680aca000 34 23 8750 7
7fe680ac9000 50 20 8820 7
7fe680ac8000 78 30 8928 7
7fe680ac7000 32 18 8978 7
7fe680abf000 43 23 9044 7
7fe680abe000 39 25 9109 7
7fe680abd000 58 20 9188 7
7fe680b1a000 68 34 9291 7
7fe680b27000 80 30 9401 7
7fe680b26000 73 41 9515 7
7fe680bab000 54 68 9637 7
7fe680ba6000 51 49 9738 7
7fe680ba5000 72 76 9887 7
7fe680ba4000 58 50 9995 7
7fe680ba3000 43 17 10055 7
7fe680ba2000 40 16 10112 7
7fe680b37000 78 58 10249 7
7fe680b36000 79 40 10369 7
7fe680b35000 57 30 10457 7
7fe680b34000 76 32 10566 7
7fe680b2c000 140 40 10746 7
7fe680b33000 87 26 10859 7
7fe680b32000 64 36 10959 7
7fe680b2d000 57 44 11060 7
7fe680af9000 53 24 11137 7
7fe680ba1000 50 19 11206 7
7fe680ba0000 45 20 11272 7
7fe680b9f000 33 16 11322 7
7fe680b9e000 43 21 11387 7
7fe680b9d000 37 18 11442 7
7fe680b9c000 41 20 11504 7
7fe680bd6000 50 21 11575 7
7fe680bb8000 66 79 11720 7
7fe680b25000 57 28 11805 7
7fe680bb0000 57 46 11909 7
7fe680bac000 74 58 12042 7
7fe680baf000 46 35 12124 7
7fe680b29000 96 42 12263 7
7fe680bae000 88 40 12391 7
7fe680bad000 57 55 12504 7
7fe680afa000 31 25 12560 7
7fe680b23000 44 23 12627 7
7fe680b7b000 46 25 12699 7
7fe680b7a000 53 47 12800 7
7fe680bdc000 42 26 12869 7
7fe680bdb000 55 32 12956 7
7fe680bda000 45 29 13031 7
7fe680bd9000 59 29 13120 8
13124 8
47 62 40 79 5 2 19 52 
0x419000
419000 54 24 79 0
405000 42 26 148 2
404000 16 14 179 2
420000 208 36 424 3
7fe680bc6000 101 29 555 5
7fe680bc5000 65 62 683 5
7fe680bc3000 70 23 777 5
410000 51 19 848 5
40f000 50 25 924 5
40e000 135 62 1121 6
40d000 58 19 1199 6
40c000 64 29 1293 6
40b000 54 18 1365 6
7fe680b53000 59 83 1508 6
7fe680b52000 92 52 1653 6
40a000 42 23 1719 6
7fe680b54000 62 57 1839 6
409000 61 35 1935 6
408000 77 36 2049 7
407000 47 19 2116 7
406000 58 40 2215 7
7fe680b49000 54 27 2298 7
7fe680b48000 47 16 2361 7
7fe680b47000 43 15 2420 7
7fe680b4f000 78 67 2568 7
7fe680c1d000 53 33 2655 7
7fe680ade000 59 38 2752 7
7fe680aba000 114 18 2885 7
7fe680add000 56 23 2965 7
7fe680adc000 45 36 3046 7
7fe680bc7000 84 34 3164 7
7fe680b7d000 39 23 3226 7
7fe680ff6000 62 47 3336 7
7fe680ff4000 71 42 3449 7
7fe680ff5000 56 26 3531 7
7fe680ff2000 58 30 3620 7
7fe680fec000 192 30 3842 7
41f000 60 30 3932 7
7fe680ff1000 42 23 3998 7
41c000 42 22 4063 7
41a000 44 22 4130 7
41b000 35 18 4185 7
417000 55 27 4268 7
416000 42 19 4331 7
415000 45 23 4400 7
412000 49 27 4477 7
414000 54 24 4556 7
413000 57 31 4645 7
7fe680d24000 81 37 4765 7
7fe680d55000 57 26 4849 7
7fe680d54000 64 20 4933 7
7fe680d53000 70 18 5021 7
7fe680d52000 65 19 5105 7
7fe680d51000 56 24 5186 7
7fe680d50000 56 22 5265 7
7fe680cb1000 122 23 5410 7
7fe680d1c000 79 23 5512 7
7fe680d1b000 35 17 5565 7
7fe680d1a000 37 16 5619 7
7fe680d19000 88 27 5735 7
7fe680d0b000 67 25 5827 7
7fe680d57000 80 19 5927 7
7fe680d56000 79 23 6030 7
7fe680d23000 60 21 6111 7
7fe680d22000 67 24 6203 7
7fe680d21000 65 23 6291 7
7fe680d20000 58 25 6374 7
7fe680d1f000 39 18 6432 7
7fe680d1d000 37 16 6486 7
7fe680d1e000 32 16 6535 7
7fe680cde000 67 48 6650 7
7fe680cdd000 54 19 6724 7
7fe680cdc000 66 29 6820 7
7fe680cd8000 51 16 6888 7
7fe680cd9000 26 14 6928 7
7fe680cdb000 48 15 6992 7
7fe680cd7000 37 19 7049 7
7fe680cd6000 57 16 7122 7
7fe680cd5000 56 57 7236 7
7fe680cda000 40 15 7292 7
418000 66 28 7387 7
41d000 55 17 7461 7
41e000 81 25 7569 7
7fe680ff3000 60 37 7668 7
7fe680ff9000 59 75 7804 7
7fe680c25000 76 27 7908 7
7fe680bb7000 82 95 8086 7
7fe680bb5000 45 23 8154 7
7fe680abc000 65 34 8254 7
7fe680bf8000 93 40 8387 7
7fe680bf7000 93 36 8516 7
7fe680acc000 54 47 8617 7
7fe680acb000 69 31 8718 7
7fe680aca000 35 23 8776 7
7fe680ac9000 49 20 8845 7
7fe680ac8000 78 30 8954 7
7fe680ac7000 32 17 9003 7
7fe680abf000 43 23 9070 7
7fe680abe000 40 25 9135 7
7fe680abd000 58 21 9214 7
7fe680b1a000 69 33 9316 7
7fe680b27000 80 30 9426 7
7fe680b26000 72 41 9540 7
7fe680bab000 54 68 9663 7
7fe680ba6000 51 49 9764 7
7fe680ba5000 73 76 9913 7
7fe680ba4000 58 50 10021 7
7fe680ba3000 43 17 10082 7
7fe680ba2000 41 15 10138 7
7fe680b37000 78 59 10276 7
7fe680b36000 79 40 10396 7
7fe680b35000 57 31 10484 7
7fe680b34000 77 32 10593 7
7fe680b2c000 139 40 10772 7
7fe680b33000 87 26 10885 7
7fe680b32000 64 36 10985 7
7fe680b2d000 58 43 11086 7
7fe680af9000 53 23 11162 7
7fe680ba1000 49 19 11231 7
7fe680ba0000 45 20 11297 7
7fe680b9f000 33 17 11348 7
7fe680b9e000 43 21 11413 7
7fe680b9d000 37 18 11468 7
7fe680b9c000 41 20 11529 7
7fe680bd6000 50 20 11600 7
7fe680bb8000 65 78 11744 7
7fe680b25000 57 28 11830 7
7fe680bb0000 57 46 11933 7
7fe680bac000 74 58 12066 7
7fe680baf000 45 35 12147 7
7fe680b29000 95 42 12285 7
7fe680bae000 89 39 12413 7
7fe680bad000 57 54 12525 7
7fe680afa000 30 25 12581 7
7fe680b23000 44 23 12649 7
7fe680b7b000 46 25 12720 7
7fe680b7a000 53 47 12820 7
7fe680bdc000 42 26 12888 7
7fe680bdb000 54 32 12975 7
7fe680bda000 46 29 13050 7
7fe680bd9000 59 29 13138 8
13141 8
47 62 40 79 5 2 19 52 
0x417000
417000 55 27 82 0
420000 205 36 324 1
405000 43 26 394 3
404000 16 13 424 3
7fe680b4f000 78 67 570 4
7fe680b49000 54 26 651 4
7fe680b48000 48 15 714 4
7fe680b47000 42 16 773 4
7fe680bc6000 100 29 903 6
7fe680bc5000 64 63 1031 6
7fe680bc3000 70 23 1124 6
7fe680ba5000 73 76 1274 6
7fe680ba6000 52 49 1375 6
7fe680b2c000 139 41 1555 6
7fe680bc7000 84 33 1672 6
7fe680ba4000 58 50 1781 6
7fe680aba000 114 19 1914 6
7fe680ba3000 43 17 1974 6
7fe680ba2000 41 16 2031 6
7fe680b37000 79 59 2169 6
7fe680b36000 79 41 2289 6
7fe680bf7000 93 36 2418 6
7fe680b35000 57 31 2506 6
7fe680b34000 76 33 2615 6
7fe680b33000 87 25 2727 6
7fe680b32000 63 36 2827 6
7fe680b2d000 57 43 2928 6
7fe680af9000 52 24 3005 6
7fe680ba1000 50 18 3073 6
7fe680ba0000 46 20 3140 6
7fe680b9f000 33 17 3191 6
7fe680b9e000 43 20 3255 6
7fe680b9d000 37 18 3311 6
7fe680b9c000 40 21 3372 6
7fe680bd6000 50 21 3443 6
7fe680bb8000 65 79 3587 6
7fe680b25000 56 28 3672 6
7fe680bb0000 57 47 3776 6
7fe680bac000 74 58 3908 6
7fe680bab000 54 69 4031 6
7fe680bae000 89 39 4159 6
7fe680bad000 58 53 4271 6
7fe680baf000 46 34 4352 6
7fe680b26000 72 41 4466 6
7fe680b29000 95 42 4604 6
7fe680afa000 31 25 4660 6
7fe680b23000 45 23 4728 6
7fe680b7b000 47 25 4800 6
7fe680b7a000 53 47 4900 6
7fe680bdc000 42 26 4969 6
7fe680bdb000 54 32 5056 6
7fe680bda000 46 29 5131 6
7fe680bd9000 59 29 5219 7
7fe680bd8000 81 27 5328 7
7fe680bd7000 53 26 5408 8
5411 8
23 35 10 46 2 2 2 35 
0x416000
416000 42 19 61 1
415000 45 23 130 2
412000 49 26 206 3
7fe680b7d000 39 23 269 3
404000 17 13 299 3
405000 43 27 370 4
420000 206 36 613 5
7fe680bc6000 100 30 744 7
7fe680bc5000 65 64 874 7
7fe680bc3000 70 24 968 7
410000 51 19 1038 7
40f000 51 24 1115 7
40e000 134 62 1312 7
40d000 58 19 1391 7
40c000 63 29 1484 7
40b000 53 17 1555 7
7fe680b53000 60 84 1700 7
7fe680b52000 92 51 1844 7
40a000 41 24 1911 7
7fe680b54000 61 57 2030 7
409000 61 35 2126 7
408000 76 36 2239 7
407000 47 19 2306 7
406000 58 41 2406 7
7fe680b49000 53 27 2488 7
7fe680b48000 47 15 2551 7
7fe680b47000 43 15 2610 7
7fe680b4f000 78 69 2760 7
7fe680c1d000 54 33 2847 7
7fe680ade000 59 39 2946 7
7fe680aba000 115 19 3080 7
7fe680add000 56 23 3159 7
7fe680adc000 45 35 3239 7
7fe680bc7000 85 33 3358 7
7fe680ff6000 61 47 3468 7
7fe680ff4000 71 42 3581 7
7fe680ff5000 56 26 3664 7
7fe680ff2000 59 30 3753 7
7fe680fec000 192 30 3975 7
41f000 61 30 4066 7
7fe680ff1000 42 23 4132 7
41c000 42 22 4196 7
41a000 44 23 4264 7
419000 54 24 4343 7
417000 55 27 4426 7
418000 66 27 4521 7
7fe680ff3000 59 38 4620 7
41b000 34 19 4674 7
41d000 55 18 4749 7
41e000 81 25 4856 7
413000 57 32 4948 7
414000 53 25 5027 7
7fe680d24000 81 38 5147 7
7fe680d55000 57 26 5230 7
7fe680d54000 64 19 5314 7
7fe680d53000 69 19 5403 7
7fe680d52000 65 19 5487 7
7fe680d51000 57 24 5569 7
7fe680d50000 54 22 5646 7
7fe680cb1000 123 23 5793 7
7fe680d1c000 79 24 5896 7
7fe680d1b000 35 17 5948 7
7fe680d1a000 37 16 6002 7
7fe680d19000 88 27 6117 7
7fe680d0b000 67 25 6210 7
7fe680d57000 80 19 6310 7
7fe680d56000 79 22 6412 7
7fe680d23000 60 21 6494 7
7fe680d22000 67 24 6586 7
7fe680d21000 66 22 6674 7
7fe680d20000 58 25 6758 7
7fe680d1f000 39 18 6816 7
7fe680d1d000 37 17 6870 7
7fe680d1e000 33 15 6918 7
7fe680cde000 66 49 7034 7
7fe680cdd000 54 20 7108 7
7fe680cdc000 66 29 7203 7
7fe680cd8000 52 16 7272 7
7fe680cd9000 25 14 7312 7
7fe680cdb000 48 15 7376 7
7fe680cd7000 37 19 7433 7
7fe680cd6000 58 16 7507 7
7fe680cd5000 56 58 7621 7
7fe680cda000 40 15 7676 7
7fe680ff9000 58 77 7814 7
7fe680c25000 76 27 7918 7
7fe680bb7000 81 95 8095 7
7fe680bb5000 45 22 8163 7
7fe680abc000 65 35 8264 7
7fe680bf8000 92 40 8396 7
7fe680bf7000 93 36 8526 7
7fe680acc000 53 48 8627 7
7fe680acb000 70 30 8727 7
7fe680aca000 35 22 8785 7
7fe680ac9000 49 20 8855 7
7fe680ac8000 78 29 8963 7
7fe680ac7000 32 17 9013 7
7fe680abf000 43 23 9080 7
7fe680abe000 39 25 9145 7
7fe680abd000 57 21 9224 7
7fe680b1a000 69 33 9326 7
7fe680b27000 80 30 9436 7
7fe680b26000 73 41 9550 7
7fe680bab000 53 69 9673 7
7fe680ba6000 52 49 9774 7
7fe680ba5000 72 76 9923 7
7fe680ba4000 58 50 10031 7
7fe680ba3000 42 17 10091 7
7fe680ba2000 42 15 10148 7
7fe680b37000 78 59 10286 7
7fe680b36000 79 41 10406 7
7fe680b35000 57 31 10494 7
7fe680b34000 76 32 10602 7
7fe680b2c000 140 40 10782 7
7fe680b33000 87 27 10897 7
7fe680b32000 63 36 10996 7
7fe680b2d000 57 43 11097 7
7fe680af9000 52 24 11174 7
7fe680ba1000 50 19 11243 7
7fe680ba0000 45 20 11309 7
7fe680b9f000 33 17 11360 7
7fe680b9e000 44 20 11424 7
7fe680b9d000 37 18 11480 7
7fe680b9c000 41 20 11541 7
7fe680bd6000 49 21 11612 7
7fe680bb8000 66 80 11758 7
7fe680b25000 56 28 11843 7
7fe680bb0000 57 47 11947 7
7fe680bac000 74 58 12079 7
7fe680baf000 46 35 12160 7
7fe680b29000 96 41 12297 7
7fe680bae000 88 40 12426 7
7fe680bad000 57 54 12538 7
7fe680afa000 31 24 12593 7
7fe680b23000 44 23 12661 7
7fe680b7b000 47 25 12733 7
7fe680b7a000 53 47 12834 7
7fe680bdc000 42 26 12902 7
7fe680bdb000 54 32 12989 7
7fe680bda000 46 28 13063 7
7fe680bd9000 59 29 13152 8
13156 8
47 62 40 79 5 2 19 52 
0x415000
415000 44 24 68 1
68 1
0 0 3 0 0 0 0 0 
0x412000
412000 49 26 76 3
7fe680b7d000 39 23 139 3
404000 16 14 169 3
169 3
0 4 2 0 1 0 0 0 
0x414000
414000 53 24 78 0
413000 58 31 168 1
410000 50 20 239 1
40f000 50 24 314 1
40e000 133 62 510 3
40d000 57 19 588 3
40c000 63 29 681 4
40b000 52 18 752 4
7fe680b53000 59 83 895 4
7fe680b52000 92 52 1039 4
404000 16 13 1069 4
405000 43 26 1139 5
420000 205 36 1381 5
7fe680bc6000 100 29 1512 6
7fe680bc5000 64 63 1640 6
7fe680bc3000 70 24 1734 6
41f000 60 30 1824 6
7fe680ff1000 42 22 1889 6
41c000 42 22 1954 6
41a000 45 22 2022 6
419000 54 23 2101 6
417000 55 27 2184 6
416000 42 18 2245 6
415000 44 24 2315 6
412000 49 27 2391 7
7fe680b7d000 40 22 2454 7
418000 67 27 2549 7
7fe680ff3000 60 37 2647 7
7fe680ff2000 57 31 2736 7
7fe680b49000 54 26 2816 7
7fe680b48000 47 16 2879 7
7fe680b47000 42 15 2937 7
41b000 34 19 2992 7
7fe680b54000 62 56 3111 7
7fe680ade000 59 38 3209 7
7fe680aba000 114 19 3342 7
7fe680add000 56 22 3420 7
7fe680adc000 44 36 3501 7
7fe680bc7000 84 34 3619 7
41d000 55 17 3692 7
41e000 81 25 3799 7
408000 76 36 3914 7
407000 47 19 3981 7
406000 58 40 4080 7
409000 60 35 4179 7
7fe680c1d000 53 33 4266 7
7fe680b4f000 77 67 4411 7
7fe680886000 40 23 4475 7
7fe680885000 55 18 4549 7
7fe680884000 64 23 4637 7
7fe68088d000 53 37 4728 8
4735 8
26 25 24 51 2 2 6 10 
0x413000
413000 57 31 88 1
410000 50 20 159 1
40f000 50 24 234 1
40e000 134 62 431 3
40d000 58 18 508 3
40c000 63 29 601 4
40b000 53 17 672 4
7fe680b53000 59 83 815 4
7fe680b52000 91 52 959 4
404000 16 14 990 4
405000 43 26 1059 5
420000 206 36 1302 5
7fe680bc6000 101 29 1433 6
7fe680bc5000 64 63 1561 6
7fe680bc3000 70 24 1655 6
41f000 60 30 1745 6
7fe680ff1000 41 23 1810 6
41c000 41 23 1875 6
41a000 44 23 1943 6
419000 54 23 2021 6
417000 55 27 2105 6
416000 42 19 2167 6
415000 44 24 2236 6
412000 49 27 2313 7
7fe680b7d000 39 23 2376 7
414000 54 24 2454 7
7fe680d24000 81 38 2574 7
7fe680d55000 57 26 2657 7
7fe680d54000 65 20 2743 7
7fe680d53000 69 19 2831 7
7fe680d52000 65 19 2915 7
7fe680d51000 57 24 2997 7
7fe680d50000 55 22 3074 7
7fe680cb1000 122 23 3220 7
7fe680d1c000 79 24 3323 7
7fe680d1b000 35 17 3376 7
7fe680d1a000 37 16 3430 7
7fe680d19000 88 27 3546 7
7fe680d0b000 68 25 3640 7
7fe680d57000 81 19 3740 7
7fe680d56000 79 23 3843 7
7fe680d23000 60 21 3925 7
7fe680d22000 67 24 4017 7
7fe680d21000 66 22 4105 7
7fe680d20000 58 25 4188 7
7fe680d1f000 39 18 4246 7
7fe680d1d000 37 17 4301 7
7fe680d1e000 33 15 4349 7
7fe680cde000 67 48 4465 7
7fe680cdd000 55 19 4540 7
7fe680cdc000 66 30 4636 7
7fe680cd8000 51 16 4704 7
7fe680cd9000 26 14 4745 7
7fe680cdb000 48 15 4809 7
7fe680cd7000 37 19 4866 7
7fe680cd6000 60 16 4942 7
7fe680cd5000 56 58 5057 7
7fe680cda000 40 15 5112 7
418000 67 27 5208 7
7fe680ff3000 61 37 5307 7
7fe680ff2000 59 30 5396 7
7fe680b49000 54 26 5477 7
7fe680b48000 47 16 5541 7
7fe680b47000 43 15 5600 7
41b000 35 18 5655 7
7fe680b54000 61 57 5775 7
7fe680ade000 58 39 5873 7
7fe680aba000 115 18 6006 7
7fe680add000 55 23 6085 7
7fe680adc000 44 36 6166 7
7fe680bc7000 85 33 6284 7
41d000 55 18 6358 7
41e000 81 25 6465 7
408000 76 36 6580 7
407000 48 18 6647 7
406000 58 40 6746 7
409000 60 35 6845 7
7fe680c1d000 54 32 6932 7
7fe680b4f000 79 68 7080 7
7fe680886000 41 23 7144 7
7fe680885000 55 18 7218 7
7fe680884000 65 22 7306 7
7fe68088d000 54 38 7399 8
7405 8
29 27 28 51 4 2 6 10 
0x418000
418000 67 27 95 0
417000 55 27 179 0
420000 211 36 427 1
405000 43 26 497 3
404000 16 14 528 3
7fe680b4f000 79 69 676 4
7fe680b49000 55 27 758 4
7fe680b48000 50 16 824 4
7fe680b47000 45 17 887 4
7fe680bc6000 106 31 1025 6
7fe680bc5000 66 65 1156 6
7fe680bc3000 73 24 1254 6
7fe680ba5000 76 78 1409 6
7fe680ba6000 51 50 1511 6
7fe680b2c000 144 45 1700 6
7fe680bc7000 87 34 1821 6
7fe680ba4000 60 50 1931 6
7fe680aba000 114 19 2064 6
7fe680ba3000 45 18 2128 6
7fe680ba2000 41 15 2184 6
7fe680b37000 80 59 2324 6
7fe680b36000 79 40 2444 6
7fe680bf7000 93 36 2574 6
7fe680b35000 57 30 2661 6
7fe680b34000 76 32 2770 6
7fe680b33000 86 26 2883 6
7fe680b32000 63 36 2983 6
7fe680b2d000 57 44 3084 6
7fe680af9000 53 23 3160 6
7fe680ba1000 49 19 3229 6
7fe680ba0000 45 20 3295 6
7fe680b9f000 33 16 3345 6
7fe680b9e000 43 21 3410 6
7fe680b9d000 37 18 3465 6
7fe680b9c000 41 20 3526 6
7fe680bd6000 49 21 3597 6
7fe680bb8000 65 79 3742 6
7fe680b25000 57 28 3827 6
7fe680bb0000 57 47 3931 6
7fe680bac000 74 58 4064 6
7fe680bab000 54 69 4187 6
7fe680bae000 89 39 4315 6
7fe680bad000 57 54 4427 6
7fe680baf000 45 35 4508 6
7fe680b26000 72 41 4622 6
7fe680b29000 96 41 4759 6
7fe680afa000 30 25 4814 6
7fe680b23000 44 23 4882 6
7fe680b7b000 46 25 4954 6
7fe680b7a000 54 46 5054 6
7fe680bdc000 41 26 5122 6
7fe680bdb000 54 32 5209 6
7fe680bda000 46 28 5283 6
7fe680bd9000 59 29 5372 7
7fe680bd8000 81 27 5481 7
7fe680bd7000 53 25 5560 8
5564 8
23 35 10 46 2 2 2 35 
0x41b000
41b000 35 18 53 0
405000 42 27 123 2
404000 17 13 153 2
420000 205 36 395 3
7fe680bc6000 100 30 527 5
7fe680bc5000 65 62 654 5
7fe680bc3000 70 23 748 5
410000 51 19 818 5
40f000 51 24 894 5
40e000 133 62 1090 6
40d000 58 19 1168 6
40c000 63 29 1261 6
40b000 53 17 1332 6
7fe680b53000 59 82 1475 6
7fe680b52000 92 51 1619 6
40a000 42 23 1685 6
7fe680b54000 61 57 1804 6
409000 61 34 1899 6
408000 77 36 2013 7
407000 47 19 2080 7
406000 57 40 2178 7
7fe680b49000 53 27 2261 7
7fe680b48000 47 16 2324 7
7fe680b47000 42 16 2383 7
7fe680b4f000 78 67 2530 7
7fe680c1d000 53 32 2616 7
7fe680ade000 59 38 2713 7
7fe680aba000 113 19 2846 7
7fe680add000 56 22 2924 7
7fe680adc000 45 35 3005 7
7fe680bc7000 84 33 3123 7
7fe680b7d000 39 22 3184 7
7fe680ff6000 61 46 3293 7
7fe680ff4000 70 43 3407 7
7fe680ff5000 56 26 3489 7
7fe680ff2000 58 30 3577 7
7fe680fec000 191 30 3798 7
41f000 60 30 3888 7
7fe680ff1000 42 23 3954 7
41c000 42 22 4018 7
41a000 44 23 4086 7
419000 54 23 4164 7
417000 55 27 4247 7
416000 42 19 4309 7
415000 45 23 4378 7
412000 49 27 4455 7
414000 53 25 4534 7
413000 57 31 4623 7
7fe680d24000 81 37 4743 7
7fe680d55000 58 25 4826 7
7fe680d54000 63 20 4910 7
7fe680d53000 69 18 4998 7
7fe680d52000 65 19 5082 7
7fe680d51000 56 24 5163 7
7fe680d50000 54 22 5240 7
7fe680cb1000 122 22 5385 7
7fe680d1c000 78 24 5488 7
7fe680d1b000 35 17 5541 7
7fe680d1a000 37 16 5594 7
7fe680d19000 88 27 5710 7
7fe680d0b000 67 25 5802 7
7fe680d57000 80 20 5902 7
7fe680d56000 80 23 6005 7
7fe680d23000 60 21 6086 7
7fe680d22000 67 24 6177 7
7fe680d21000 65 22 6265 7
7fe680d20000 58 26 6349 7
7fe680d1f000 40 18 6407 7
7fe680d1d000 37 16 6460 7
7fe680d1e000 32 15 6508 7
7fe680cde000 67 48 6624 7
7fe680cdd000 55 20 6699 7
7fe680cdc000 66 30 6795 7
7fe680cd8000 52 16 6863 7
7fe680cd9000 26 14 6903 7
7fe680cdb000 48 15 6967 7
7fe680cd7000 37 19 7024 7
7fe680cd6000 57 16 7097 7
7fe680cd5000 56 58 7211 7
7fe680cda000 40 15 7266 7
418000 66 27 7361 7
7fe680ff3000 60 37 7460 7
41d000 55 17 7534 7
41e000 81 25 7641 7
7fe680ff9000 59 75 7779 7
7fe680c25000 76 27 7883 7
7fe680bb7000 82 95 8061 7
7fe680bb5000 45 22 8128 7
7fe680abc000 65 34 8228 7
7fe680bf8000 92 40 8361 7
7fe680bf7000 93 36 8491 7
7fe680acc000 54 47 8592 7
7fe680acb000 70 31 8693 7
7fe680aca000 34 23 8751 7
7fe680ac9000 50 20 8821 7
7fe680ac8000 79 30 8930 7
7fe680ac7000 32 18 8980 7
7fe680abf000 43 23 9046 7
7fe680abe000 40 25 9112 7
7fe680abd000 58 20 9190 7
7fe680b1a000 68 34 9293 7
7fe680b27000 80 30 9403 7
7fe680b26000 72 41 9517 7
7fe680bab000 54 68 9640 7
7fe680ba6000 51 50 9742 7
7fe680ba5000 73 76 9891 7
7fe680ba4000 58 50 10000 7
7fe680ba3000 42 18 10061 7
7fe680ba2000 41 15 10117 7
7fe680b37000 79 58 10255 7
7fe680b36000 80 40 10376 7
7fe680b35000 58 30 10465 7
7fe680b34000 76 32 10574 7
7fe680b2c000 139 41 10755 7
7fe680b33000 87 26 10868 7
7fe680b32000 64 36 10968 7
7fe680b2d000 57 43 11069 7
7fe680af9000 52 24 11146 7
7fe680ba1000 50 18 11215 7
7fe680ba0000 45 20 11282 7
7fe680b9f000 33 17 11334 7
7fe680b9e000 43 21 11399 7
7fe680b9d000 38 17 11454 7
7fe680b9c000 41 20 11516 7
7fe680bd6000 50 22 11589 7
7fe680bb8000 67 81 11737 7
7fe680b25000 57 28 11822 7
7fe680bb0000 57 47 11927 7
7fe680bac000 74 58 12060 7
7fe680baf000 46 35 12142 7
7fe680b29000 96 42 12280 7
7fe680bae000 90 40 12410 7
7fe680bad000 58 54 12522 7
7fe680afa000 31 25 12578 7
7fe680b23000 44 23 12645 7
7fe680b7b000 46 25 12717 7
7fe680b7a000 54 46 12817 7
7fe680bdc000 42 26 12886 7
7fe680bdb000 54 33 12974 7
7fe680bda000 46 29 13049 7
7fe680bd9000 59 29 13138 8
13142 8
47 62 40 79 5 2 19 52 
0x41d000
41d000 55 17 73 0
41c000 41 23 138 0
41a000 44 23 206 0
405000 43 26 276 2
404000 16 13 307 2
420000 206 36 550 3
7fe680bc6000 101 30 682 5
7fe680bc5000 65 63 810 5
7fe680bc3000 70 23 903 5
410000 50 19 973 5
40f000 52 24 1050 5
40e000 133 63 1247 6
40d000 58 19 1326 6
40c000 63 29 1419 6
40b000 52 18 1490 6
7fe680b53000 59 84 1634 6
7fe680b52000 91 52 1778 6
40a000 42 23 1844 6
7fe680b54000 62 56 1963 6
409000 60 35 2059 6
408000 77 36 2173 7
407000 47 19 2240 7
406000 58 40 2339 7
7fe680b49000 54 26 2421 7
7fe680b48000 48 17 2487 7
7fe680b47000 44 16 2548 7
7fe680b4f000 77 67 2695 7
7fe680c1d000 53 32 2781 7
7fe680ade000 59 38 2879 7
7fe680aba000 113 19 3012 7
7fe680add000 55 23 3090 7
7fe680adc000 44 36 3171 7
7fe680bc7000 84 33 3289 7
7fe680b7d000 38 23 3351 7
7fe680ff6000 62 45 3459 7
7fe680ff4000 71 43 3574 7
7fe680ff5000 56 26 3657 7
7fe680ff2000 58 30 3745 7
7fe680fec000 192 30 3967 7
41f000 60 30 4057 7
7fe680ff1000 41 23 4122 7
418000 66 27 4216 7
417000 55 27 4299 7
416000 42 18 4360 7
415000 45 23 4429 7
412000 49 26 4505 7
414000 53 25 4585 7
413000 57 31 4674 7
7fe680d24000 80 37 4793 7
7fe680d55000 57 26 4877 7
7fe680d54000 64 19 4960 7
7fe680d53000 69 18 5048 7
7fe680d52000 64 19 5132 7
7fe680d51000 57 24 5214 7
7fe680d50000 56 21 5291 7
7fe680cb1000 122 22 5436 7
7fe680d1c000 79 24 5539 7
7fe680d1b000 34 18 5592 7
7fe680d1a000 37 16 5645 7
7fe680d19000 88 27 5761 7
7fe680d0b000 68 24 5853 7
7fe680d57000 80 19 5953 7
7fe680d56000 79 22 6055 7
7fe680d23000 60 21 6137 7
7fe680d22000 67 24 6228 7
7fe680d21000 65 23 6317 7
7fe680d20000 58 25 6400 7
7fe680d1f000 40 18 6458 7
7fe680d1d000 36 17 6511 7
7fe680d1e000 32 16 6560 7
7fe680cde000 67 48 6676 7
7fe680cdd000 55 19 6750 7
7fe680cdc000 66 30 6846 7
7fe680cd8000 51 16 6914 7
7fe680cd9000 25 14 6954 7
7fe680cdb000 48 15 7018 7
7fe680cd7000 37 19 7075 7
7fe680cd6000 57 16 7148 7
7fe680cd5000 57 58 7263 7
7fe680cda000 41 15 7319 7
419000 54 23 7398 7
7fe680ff3000 60 37 7496 7
7fe680ff9000 59 76 7634 7
7fe680c25000 76 27 7737 7
7fe680bb7000 82 94 7914 7
7fe680bb5000 44 23 7982 7
7fe680abc000 65 34 8082 7
7fe680bf8000 92 40 8215 7
7fe680bf7000 93 36 8345 7
7fe680acc000 53 48 8446 7
7fe680acb000 70 30 8546 7
7fe680aca000 35 22 8604 7
7fe680ac9000 49 20 8674 7
7fe680ac8000 78 29 8782 7
7fe680ac7000 32 17 8832 7
7fe680abf000 43 23 8899 7
7fe680abe000 40 25 8964 7
7fe680abd000 58 20 9042 7
7fe680b1a000 68 33 9144 7
7fe680b27000 80 30 9255 7
7fe680b26000 72 41 9368 7
7fe680bab000 53 69 9491 7
7fe680ba6000 52 49 9592 7
7fe680ba5000 73 76 9741 7
7fe680ba4000 58 50 9849 7
7fe680ba3000 43 17 9909 7
7fe680ba2000 41 15 9965 7
7fe680b37000 78 59 10103 7
7fe680b36000 80 40 10223 7
7fe680b35000 57 31 10311 7
7fe680b34000 76 32 10419 7
7fe680b2c000 138 41 10599 7
7fe680b33000 87 25 10711 7
7fe680b32000 63 36 10811 7
7fe680b2d000 58 44 10913 7
7fe680af9000 53 23 10989 7
7fe680ba1000 49 19 11058 7
7fe680ba0000 45 20 11124 7
7fe680b9f000 33 17 11175 7
7fe680b9e000 43 21 11239 7
7fe680b9d000 38 18 11295 7
7fe680b9c000 40 21 11356 7
7fe680bd6000 50 20 11426 7
7fe680bb8000 65 80 11572 7
7fe680b25000 58 28 11658 7
7fe680bb0000 57 47 11763 7
7fe680bac000 75 57 11895 7
7fe680baf000 46 34 11976 7
7fe680b29000 96 41 12114 7
7fe680bae000 88 40 12242 7
7fe680bad000 59 55 12356 7
7fe680afa000 31 24 12411 7
7fe680b23000 44 23 12479 7
7fe680b7b000 46 25 12550 7
7fe680b7a000 53 47 12650 7
7fe680bdc000 42 26 12718 7
7fe680bdb000 54 32 12805 7
7fe680bda000 46 28 12879 7
7fe680bd9000 59 29 12968 8
12973 8
45 61 38 77 5 2 19 52 
0x41e000
41e000 81 25 106 4
41d000 54 18 179 4
41c000 41 23 244 4
41a000 44 23 312 4
405000 42 26 381 5
404000 16 14 412 5
420000 207 36 655 5
7fe680bc6000 100 30 786 6
7fe680bc5000 65 62 913 6
7fe680bc3000 69 23 1006 6
410000 50 19 1076 6
40f000 51 24 1152 6
40e000 134 62 1348 6
40d000 58 19 1426 6
40c000 63 28 1518 6
40b000 53 17 1589 6
7fe680b53000 59 83 1732 6
7fe680b52000 91 52 1876 6
40a000 42 22 1941 6
7fe680b54000 62 56 2060 6
409000 60 35 2156 6
408000 76 36 2269 7
407000 47 19 2336 7
406000 57 40 2434 7
7fe680b49000 54 26 2516 7
7fe680b48000 47 15 2579 7
7fe680b47000 43 15 2638 7
7fe680b4f000 78 66 2784 7
7fe680c1d000 53 33 2871 7
7fe680ade000 59 38 2968 7
7fe680aba000 113 19 3100 7
7fe680add000 55 23 3179 7
7fe680adc000 45 35 3259 7
7fe680bc7000 84 33 3377 7
7fe680b7d000 39 22 3438 7
7fe680ff6000 61 46 3547 7
7fe680ff4000 72 42 3662 7
7fe680ff5000 56 26 3744 7
7fe680ff2000 58 31 3833 7
7fe680fec000 191 31 4055 7
41f000 60 30 4145 7
7fe680ff1000 42 23 4210 7
418000 67 27 4305 7
417000 55 27 4388 7
416000 42 19 4450 7
415000 45 23 4519 7
412000 49 26 4595 7
414000 53 25 4675 7
413000 56 32 4764 7
7fe680d24000 82 37 4884 7
7fe680d55000 58 25 4967 7
7fe680d54000 63 20 5051 7
7fe680d53000 69 18 5139 7
7fe680d52000 64 20 5224 7
7fe680d51000 57 25 5306 7
7fe680d50000 55 22 5383 7
7fe680cb1000 123 23 5529 7
7fe680d1c000 79 24 5633 7
7fe680d1b000 35 18 5686 7
7fe680d1a000 38 16 5740 7
7fe680d19000 88 28 5857 7
7fe680d0b000 68 25 5950 7
7fe680d57000 81 19 6050 7
7fe680d56000 79 23 6153 7
7fe680d23000 60 22 6235 7
7fe680d22000 68 24 6327 7
7fe680d21000 65 22 6415 7
7fe680d20000 59 25 6499 7
7fe680d1f000 39 19 6557 7
7fe680d1d000 37 16 6610 7
7fe680d1e000 33 15 6659 7
7fe680cde000 67 48 6775 7
7fe680cdd000 55 19 6849 7
7fe680cdc000 66 29 6945 7
7fe680cd8000 51 16 7013 7
7fe680cd9000 26 14 7054 7
7fe680cdb000 48 15 7118 7
7fe680cd7000 37 19 7175 7
7fe680cd6000 57 16 7249 7
7fe680cd5000 56 58 7364 7
7fe680cda000 41 15 7420 7
419000 54 24 7499 7
7fe680ff3000 60 37 7597 7
7fe680ff9000 59 76 7735 7
7fe680c25000 78 27 7840 7
7fe680bb7000 83 95 8018 7
7fe680bb5000 45 22 8086 7
7fe680abc000 66 34 8187 7
7fe680bf8000 92 41 8321 7
7fe680bf7000 93 36 8450 7
7fe680acc000 54 48 8552 7
7fe680acb000 71 32 8655 7
7fe680aca000 35 23 8713 7
7fe680ac9000 50 20 8783 7
7fe680ac8000 79 29 8892 7
7fe680ac7000 32 18 8942 7
7fe680abf000 43 23 9008 7
7fe680abe000 40 25 9073 7
7fe680abd000 58 20 9152 7
7fe680b1a000 69 33 9254 7
7fe680b27000 81 29 9365 7
7fe680b26000 72 41 9479 7
7fe680bab000 53 69 9602 7
7fe680ba6000 50 50 9703 7
7fe680ba5000 73 76 9852 7
7fe680ba4000 58 50 9960 7
7fe680ba3000 42 17 10020 7
7fe680ba2000 41 15 10077 7
7fe680b37000 78 59 10215 7
7fe680b36000 80 41 10336 7
7fe680b35000 57 31 10424 7
7fe680b34000 76 32 10532 7
7fe680b2c000 140 41 10714 7
7fe680b33000 87 26 10827 7
7fe680b32000 64 36 10927 7
7fe680b2d000 57 44 11028 7
7fe680af9000 53 23 11104 7
7fe680ba1000 49 19 11173 7
7fe680ba0000 46 20 11240 7
7fe680b9f000 33 16 11290 7
7fe680b9e000 43 20 11354 7
7fe680b9d000 37 17 11409 7
7fe680b9c000 40 20 11470 7
7fe680bd6000 50 20 11541 7
7fe680bb8000 65 79 11686 7
7fe680b25000 57 28 11771 7
7fe680bb0000 57 47 11875 7
7fe680bac000 74 58 12007 7
7fe680baf000 46 35 12088 7
7fe680b29000 96 41 12225 7
7fe680bae000 89 39 12354 7
7fe680bad000 58 54 12466 7
7fe680afa000 31 24 12521 7
7fe680b23000 44 23 12589 7
7fe680b7b000 46 24 12660 7
7fe680b7a000 54 46 12760 7
7fe680bdc000 42 26 12829 7
7fe680bdb000 54 32 12915 7
7fe680bda000 45 29 12990 7
7fe680bd9000 59 29 13078 8
13085 8
47 62 40 79 5 2 19 52 
