0x408000
408000 40 23 65 1
407000 18 17 101 1
7f96a24e3000 54 44 199 2
7f96a2426000 126 22 347 2
7f96a24e2000 54 32 433 4
7f96a24e1000 71 39 543 4
7f96a24e0000 29 17 589 4
7f96a24df000 36 22 648 4
7f96a24de000 26 19 694 4
7f96a24dc000 45 20 760 4
7f96a24db000 40 22 822 4
7f96a24d8000 54 27 904 4
7f96a24d5000 53 28 986 4
7f96a2564000 101 44 1131 4
7f96a2563000 103 39 1274 4
7f96a2533000 93 36 1403 5
7f96a2532000 111 32 1547 5
7f96a2531000 69 67 1684 5
7f96a252f000 77 26 1787 5
7f96a2437000 77 34 1899 6
7f96a2436000 38 25 1962 6
7f96a2435000 54 23 2040 6
7f96a2434000 87 33 2160 6
7f96a2433000 34 21 2215 6
7f96a242b000 47 26 2288 6
7f96a242a000 43 28 2359 6
7f96a2429000 63 24 2447 6
7f96a2486000 75 37 2559 8
2560 8
11 14 2 2 1 1 9 12 
0x407000
407000 18 17 36 0
36 0
0 0 0 0 0 0 0 0 
0x424000
424000 52 27 79 1
7f96a2486000 76 36 192 5
7f96a2493000 88 33 314 5
7f96a2492000 79 45 438 5
7f96a2517000 57 74 569 5
7f96a2512000 54 54 677 5
7f96a2511000 78 81 836 5
7f96a2510000 62 54 952 5
7f96a2426000 126 21 1100 5
7f96a250f000 47 20 1168 5
7f96a250e000 45 18 1231 5
7f96a24a3000 84 63 1379 6
7f96a24a2000 88 44 1512 6
7f96a2563000 103 39 1654 6
7f96a24a1000 62 34 1751 6
7f96a24a0000 83 35 1870 6
7f96a2498000 155 44 2070 6
7f96a249f000 97 29 2196 6
7f96a249e000 70 39 2306 6
7f96a2499000 62 47 2415 6
7f96a2465000 57 27 2500 6
7f96a2533000 93 36 2629 6
7f96a2532000 111 32 2773 6
7f96a2531000 69 67 2910 6
7f96a252f000 77 26 3013 6
7f96a250d000 54 21 3089 6
7f96a250c000 49 23 3163 6
7f96a250b000 35 19 3218 6
7f96a250a000 47 23 3289 6
7f96a2509000 39 21 3350 6
7f96a2508000 45 22 3417 6
7f96a2542000 54 24 3496 6
7f96a2524000 69 84 3649 6
7f96a2491000 62 31 3742 6
7f96a251c000 61 50 3854 6
7f96a2518000 80 63 3998 6
7f96a251b000 49 39 4086 6
7f96a2495000 106 45 4237 6
7f96a251a000 95 43 4375 6
7f96a2519000 62 58 4496 6
7f96a2466000 32 27 4556 6
7f96a248f000 48 26 4631 6
7f96a24e7000 49 28 4708 6
7f96a24e6000 58 50 4816 6
7f96a2548000 46 29 4891 6
7f96a2547000 59 35 4986 6
7f96a2546000 50 32 5068 6
7f96a2545000 65 31 5164 7
7f96a2544000 89 31 5285 7
7f96a2543000 57 29 5371 7
7f96a2485000 59 29 5459 7
7f96a2484000 58 25 5543 7
7f96a248b000 87 40 5671 7
7f96a24c0000 66 60 5797 7
7f96a24bf000 63 89 5950 7
7f96a24be000 101 56 6108 7
7f96a248a000 31 30 6169 7
7f96a2481000 91 33 6293 7
7f96a2437000 78 34 6405 7
7f96a2436000 38 26 6469 8
6472 8
35 35 17 50 3 2 1 39 
0x42d000
42d000 441 62 503 0
504 0
0 0 0 0 0 0 0 0 
0x409000
409000 47 20 67 0
7f96a2ec7000 62 81 211 2
408000 37 23 271 2
407000 18 17 307 2
7f96a24e3000 54 44 405 2
7f96a2426000 125 22 553 2
7f96a24e2000 54 32 639 4
7f96a24e1000 71 38 748 4
7f96a24e0000 28 18 795 4
7f96a24df000 36 22 854 4
7f96a24de000 26 19 900 4
7f96a24dc000 46 20 966 4
7f96a24db000 40 22 1028 4
7f96a24d8000 54 27 1110 4
7f96a24d5000 53 28 1192 4
7f96a2564000 101 44 1337 4
7f96a2563000 103 40 1480 4
7f96a2533000 93 36 1609 5
7f96a2532000 111 33 1754 5
7f96a2531000 69 67 1890 5
7f96a252f000 76 26 1993 5
7f96a2437000 77 34 2105 6
7f96a2436000 38 25 2168 6
7f96a2435000 54 23 2246 6
7f96a2434000 86 33 2366 6
7f96a2433000 34 21 2421 6
7f96a242b000 47 25 2493 6
7f96a242a000 43 28 2565 6
7f96a2429000 64 23 2653 6
7f96a2486000 75 37 2765 8
2768 8
11 15 2 2 1 1 9 13 
0x425000
425000 57 21 78 1
78 1
0 2 0 0 0 0 0 0 
0x42a000
42a000 48 23 71 1
71 1
0 2 0 0 0 0 0 0 
0x417000
417000 40 24 64 1
407000 18 16 99 1
416000 48 27 175 1
42d000 441 61 678 1
408000 36 23 739 1
7f96a24e3000 53 45 838 2
7f96a2426000 127 21 986 2
7f96a24e2000 54 32 1072 4
7f96a24e1000 71 38 1181 4
7f96a24e0000 28 18 1228 4
7f96a24df000 36 22 1287 4
7f96a24de000 26 19 1333 4
7f96a24dc000 46 20 1399 4
7f96a24db000 40 22 1461 4
7f96a24d8000 54 27 1543 4
7f96a24d5000 53 28 1625 4
7f96a2564000 102 43 1770 4
7f96a2563000 103 40 1914 4
7f96a2533000 93 36 2043 5
7f96a2532000 111 32 2187 5
7f96a2531000 69 67 2324 5
7f96a252f000 76 26 2427 5
7f96a2437000 77 34 2539 6
7f96a2436000 37 26 2603 6
7f96a2435000 54 23 2680 6
7f96a2434000 87 32 2800 6
7f96a2433000 33 21 2855 6
7f96a242b000 47 26 2928 6
7f96a242a000 43 28 2999 6
7f96a2429000 64 23 3087 6
7f96a2486000 75 37 3199 8
3203 8
11 16 2 2 1 1 9 12 
0x416000
416000 49 27 76 1
407000 18 16 111 1
42d000 441 62 615 1
408000 36 24 676 1
7f96a24e3000 54 44 774 2
7f96a2426000 126 22 923 2
7f96a24e2000 54 32 1009 4
7f96a24e1000 71 38 1118 4
7f96a24e0000 28 18 1165 4
7f96a24df000 36 21 1223 4
7f96a24de000 27 18 1269 4
7f96a24dc000 45 20 1335 4
7f96a24db000 40 21 1397 4
7f96a24d8000 54 28 1480 4
7f96a24d5000 54 27 1561 4
7f96a2564000 101 44 1707 4
7f96a2563000 104 40 1851 4
7f96a2533000 93 36 1980 5
7f96a2532000 111 33 2125 5
7f96a2531000 69 67 2261 5
7f96a252f000 77 26 2364 5
7f96a2437000 77 34 2476 6
7f96a2436000 37 26 2540 6
7f96a2435000 54 23 2617 6
7f96a2434000 87 32 2737 6
7f96a2433000 34 20 2792 6
7f96a242b000 46 26 2865 6
7f96a242a000 42 29 2937 6
7f96a2429000 64 23 3024 6
7f96a2486000 76 36 3136 8
3139 8
11 15 2 2 1 1 9 12 
0x42b000
42b000 54 25 80 0
7f96a2503000 60 26 167 2
408000 36 23 227 2
407000 19 16 263 2
7f96a24e3000 53 45 362 2
7f96a2426000 126 22 510 2
7f96a24e2000 54 32 596 4
7f96a24e1000 71 38 705 4
7f96a24e0000 28 18 752 4
7f96a24df000 36 21 810 4
7f96a24de000 27 18 856 4
7f96a24dc000 46 19 922 4
7f96a24db000 40 21 984 4
7f96a24d8000 55 27 1067 4
7f96a24d5000 54 27 1149 4
7f96a2564000 101 44 1294 4
7f96a2563000 103 39 1437 4
7f96a2533000 92 37 1567 5
7f96a2532000 111 33 1711 5
7f96a2531000 69 67 1847 5
7f96a252f000 76 27 1951 5
7f96a2437000 77 34 2062 6
7f96a2436000 37 26 2126 6
7f96a2435000 55 22 2203 6
7f96a2434000 87 33 2324 6
7f96a2433000 34 21 2379 6
7f96a242b000 47 26 2452 6
7f96a242a000 43 28 2523 6
7f96a2429000 64 23 2611 6
7f96a2486000 75 37 2723 8
2726 8
11 15 2 2 1 1 9 13 
0x40c000
40c000 61 28 89 1
42d000 442 61 593 1
40b000 44 30 669 1
40a000 32 22 724 1
42a000 48 22 795 1
7f96a2486000 75 37 908 5
7f96a2493000 87 33 1029 5
7f96a2492000 79 44 1153 5
7f96a2517000 57 73 1284 5
7f96a2512000 54 53 1392 5
7f96a2511000 78 80 1551 5
7f96a2510000 62 54 1668 5
7f96a2426000 126 21 1816 5
7f96a250f000 46 20 1883 5
7f96a250e000 44 18 1946 5
7f96a24a3000 85 63 2095 6
7f96a24a2000 88 44 2228 6
7f96a2563000 104 39 2371 6
7f96a24a1000 62 34 2468 6
7f96a24a0000 84 36 2588 6
7f96a2498000 156 44 2788 6
7f96a249f000 97 29 2914 6
7f96a249e000 70 40 3024 6
7f96a2499000 62 47 3133 6
7f96a2465000 57 26 3217 6
7f96a2533000 93 36 3347 6
7f96a2532000 112 32 3491 6
7f96a2531000 69 67 3628 6
7f96a252f000 77 26 3731 6
7f96a250d000 55 22 3808 6
7f96a250c000 50 23 3881 6
7f96a250b000 35 19 3936 6
7f96a250a000 47 24 4008 6
7f96a2509000 40 20 4068 6
7f96a2508000 44 23 4136 6
7f96a2542000 54 23 4214 6
7f96a2524000 69 84 4367 6
7f96a2491000 62 31 4461 6
7f96a251c000 61 51 4573 6
7f96a2518000 80 62 4716 6
7f96a251b000 49 38 4804 6
7f96a2495000 107 44 4955 6
7f96a251a000 94 44 5094 6
7f96a2519000 62 58 5214 6
7f96a2466000 32 28 5275 6
7f96a248f000 48 26 5349 6
7f96a24e7000 49 28 5426 6
7f96a24e6000 57 51 5534 6
7f96a2548000 46 29 5609 6
7f96a2547000 58 36 5704 6
7f96a2546000 50 31 5785 6
7f96a2545000 65 31 5882 7
7f96a2544000 89 31 6003 7
7f96a2543000 57 28 6089 7
7f96a2485000 60 28 6177 7
7f96a2484000 58 26 6262 7
7f96a248b000 88 39 6389 7
7f96a24c0000 66 61 6516 7
7f96a24bf000 63 90 6670 7
7f96a24be000 102 57 6829 7
7f96a248a000 31 29 6889 7
7f96a2481000 91 33 7014 7
7f96a2437000 78 34 7127 7
7f96a2436000 38 26 7191 8
7196 8
35 39 17 50 3 2 1 39 
0x40b000
40b000 45 29 75 1
42d000 446 62 584 1
40a000 32 22 639 1
42a000 49 22 711 1
7f96a2486000 76 37 825 5
7f96a2493000 89 33 947 5
7f96a2492000 80 45 1072 5
7f96a2517000 57 74 1204 5
7f96a2512000 55 54 1313 5
7f96a2511000 79 81 1473 5
7f96a2510000 63 54 1590 5
7f96a2426000 126 22 1738 5
7f96a250f000 47 20 1805 5
7f96a250e000 45 18 1868 5
7f96a24a3000 85 63 2017 6
7f96a24a2000 88 44 2149 6
7f96a2563000 103 39 2292 6
7f96a24a1000 62 34 2389 6
7f96a24a0000 84 36 2509 6
7f96a2498000 156 44 2709 6
7f96a249f000 97 29 2835 6
7f96a249e000 70 39 2944 6
7f96a2499000 62 47 3054 6
7f96a2465000 57 27 3138 6
7f96a2533000 93 37 3268 6
7f96a2532000 111 33 3412 6
7f96a2531000 69 67 3548 6
7f96a252f000 76 26 3651 6
7f96a250d000 54 22 3728 6
7f96a250c000 49 23 3801 6
7f96a250b000 35 19 3856 6
7f96a250a000 47 23 3927 6
7f96a2509000 39 21 3988 6
7f96a2508000 44 23 4056 6
7f96a2542000 54 23 4134 6
7f96a2524000 69 84 4287 6
7f96a2491000 62 31 4381 6
7f96a251c000 61 51 4493 6
7f96a2518000 81 62 4636 6
7f96a251b000 50 38 4724 6
7f96a2495000 106 45 4875 6
7f96a251a000 94 44 5014 6
7f96a2519000 62 58 5134 6
7f96a2466000 32 28 5195 6
7f96a248f000 48 26 5269 6
7f96a24e7000 49 27 5346 6
7f96a24e6000 57 50 5454 6
7f96a2548000 45 30 5530 6
7f96a2547000 59 36 5625 6
7f96a2546000 49 32 5706 6
7f96a2545000 64 32 5803 7
7f96a2544000 90 31 5924 7
7f96a2543000 57 29 6010 7
7f96a2485000 59 29 6098 7
7f96a2484000 58 25 6182 7
7f96a248b000 87 40 6310 7
7f96a24c0000 66 61 6437 7
7f96a24bf000 63 89 6589 7
7f96a24be000 101 56 6747 7
7f96a248a000 31 29 6807 7
7f96a2481000 90 33 6931 7
7f96a2437000 77 34 7043 7
7f96a2436000 37 26 7107 8
7111 8
35 38 17 50 3 2 1 39 
0x40a000
40a000 32 22 54 0
42d000 441 62 558 0
42a000 48 23 630 1
7f96a2486000 75 37 742 5
7f96a2493000 87 33 863 5
7f96a2492000 79 45 988 5
7f96a2517000 57 74 1119 5
7f96a2512000 55 53 1227 5
7f96a2511000 78 81 1386 5
7f96a2510000 62 54 1503 5
7f96a2426000 126 21 1651 5
7f96a250f000 47 19 1718 5
7f96a250e000 44 18 1781 5
7f96a24a3000 85 63 1930 6
7f96a24a2000 88 44 2063 6
7f96a2563000 103 40 2206 6
7f96a24a1000 62 34 2302 6
7f96a24a0000 84 35 2422 6
7f96a2498000 155 44 2622 6
7f96a249f000 97 29 2749 6
7f96a249e000 70 39 2858 6
7f96a2499000 62 47 2968 6
7f96a2465000 57 27 3052 6
7f96a2533000 93 36 3181 6
7f96a2532000 111 33 3326 6
7f96a2531000 69 67 3463 6
7f96a252f000 76 27 3566 6
7f96a250d000 55 21 3642 6
7f96a250c000 50 22 3715 6
7f96a250b000 36 19 3771 6
7f96a250a000 47 23 3842 6
7f96a2509000 39 21 3903 6
7f96a2508000 44 23 3970 6
7f96a2542000 54 23 4048 6
7f96a2524000 68 85 4202 6
7f96a2491000 62 31 4295 6
7f96a251c000 61 51 4408 6
7f96a2518000 81 63 4552 6
7f96a251b000 49 39 4640 6
7f96a2495000 106 45 4791 6
7f96a251a000 94 43 4929 6
7f96a2519000 61 59 5050 6
7f96a2466000 32 28 5110 6
7f96a248f000 48 26 5184 6
7f96a24e7000 49 27 5261 6
7f96a24e6000 58 51 5370 6
7f96a2548000 46 29 5445 6
7f96a2547000 59 36 5540 6
7f96a2546000 50 31 5621 6
7f96a2545000 64 32 5718 7
7f96a2544000 89 31 5839 7
7f96a2543000 57 29 5925 7
7f96a2485000 59 29 6013 7
7f96a2484000 58 25 6097 7
7f96a248b000 88 39 6224 7
7f96a24c0000 65 61 6351 7
7f96a24bf000 64 89 6504 7
7f96a24be000 101 56 6661 7
7f96a248a000 31 29 6722 7
7f96a2481000 91 33 6846 7
7f96a2437000 78 34 6958 7
7f96a2436000 38 25 7022 8
7025 8
35 36 17 50 3 2 1 39 
0x420000
420000 35 27 62 1
408000 36 23 122 1
407000 19 16 158 1
7f96a24e3000 54 44 256 2
7f96a2426000 126 22 405 2
7f96a24e2000 54 32 491 4
7f96a24e1000 71 38 601 4
7f96a24e0000 28 18 647 4
7f96a24df000 36 22 706 4
7f96a24de000 26 19 752 4
7f96a24dc000 46 20 818 4
7f96a24db000 40 22 880 4
7f96a24d8000 54 28 963 4
7f96a24d5000 54 27 1044 4
7f96a2564000 101 44 1190 4
7f96a2563000 103 39 1332 4
7f96a2533000 92 37 1462 5
7f96a2532000 111 33 1606 5
7f96a2531000 70 67 1743 5
7f96a252f000 77 26 1846 5
7f96a2437000 78 34 1958 6
7f96a2436000 38 26 2022 6
7f96a2435000 54 23 2099 6
7f96a2434000 86 33 2219 6
7f96a2433000 35 20 2274 6
7f96a242b000 47 26 2347 6
7f96a242a000 43 28 2419 6
7f96a2429000 64 23 2506 6
7f96a2486000 76 37 2619 8
2621 8
11 15 2 2 1 1 9 12 
0x41f000
41f000 46 24 70 1
41e000 34 22 127 1
41d000 52 27 206 2
41c000 40 23 270 2
7f96a24b5000 57 29 357 2
7f96a24b4000 50 18 426 2
7f96a24b3000 46 18 491 2
407000 18 16 526 2
7f96a249e000 70 39 636 4
408000 37 23 696 4
7f96a24e3000 53 45 795 4
7f96a2426000 127 21 943 4
7f96a24e2000 54 32 1030 6
7f96a24e1000 71 38 1139 6
7f96a24e0000 28 18 1186 6
7f96a24df000 37 21 1244 6
7f96a24de000 27 18 1290 6
7f96a24dc000 45 20 1356 6
7f96a24db000 40 21 1418 6
7f96a24d8000 54 28 1501 6
7f96a24d5000 54 27 1582 6
7f96a2564000 101 44 1728 6
7f96a2563000 103 40 1871 6
7f96a2533000 93 36 2000 7
7f96a2532000 111 33 2145 7
7f96a2531000 69 67 2281 7
7f96a252f000 76 26 2384 7
7f96a2437000 77 34 2496 7
7f96a2436000 38 25 2559 7
7f96a2435000 54 23 2637 7
7f96a2434000 87 33 2757 7
7f96a2433000 34 21 2812 7
7f96a242b000 46 27 2885 7
7f96a242a000 43 28 2956 7
7f96a2429000 65 23 3044 7
7f96a2486000 75 37 3156 8
3163 8
11 18 4 2 2 1 9 13 
0x41e000
41e000 34 22 56 0
41d000 51 27 135 2
41c000 40 23 199 2
7f96a24b5000 57 29 286 2
7f96a24b4000 50 18 355 2
7f96a24b3000 46 18 420 2
407000 18 17 456 2
7f96a249e000 71 39 566 4
408000 37 23 627 4
7f96a24e3000 54 44 726 4
7f96a2426000 127 21 875 4
7f96a24e2000 54 32 962 6
7f96a24e1000 71 39 1073 6
7f96a24e0000 29 17 1119 6
7f96a24df000 37 22 1179 6
7f96a24de000 26 19 1225 6
7f96a24dc000 46 20 1291 6
7f96a24db000 41 21 1353 6
7f96a24d8000 55 28 1437 6
7f96a24d5000 54 28 1519 6
7f96a2564000 103 44 1666 6
7f96a2563000 103 40 1809 6
7f96a2533000 93 37 1939 7
7f96a2532000 111 33 2083 7
7f96a2531000 68 68 2220 7
7f96a252f000 76 27 2323 7
7f96a2437000 78 34 2435 7
7f96a2436000 38 26 2499 7
7f96a2435000 54 23 2576 7
7f96a2434000 86 33 2696 7
7f96a2433000 34 21 2751 7
7f96a242b000 47 26 2824 7
7f96a242a000 43 28 2895 7
7f96a2429000 64 23 2983 7
7f96a2486000 76 36 3095 8
3101 8
11 17 4 2 2 1 9 13 
0x41d000
41d000 52 27 79 2
41c000 40 23 143 2
7f96a24b5000 57 29 230 2
7f96a24b4000 50 18 299 2
7f96a24b3000 46 17 363 2
407000 19 16 399 2
7f96a249e000 69 40 509 4
408000 36 24 569 4
7f96a24e3000 54 44 667 4
7f96a2426000 126 22 816 4
7f96a24e2000 54 32 902 6
7f96a24e1000 71 38 1011 6
7f96a24e0000 28 18 1058 6
7f96a24df000 36 21 1116 6
7f96a24de000 27 18 1162 6
7f96a24dc000 45 20 1228 6
7f96a24db000 41 21 1290 6
7f96a24d8000 54 28 1373 6
7f96a24d5000 54 28 1455 6
7f96a2564000 101 44 1600 6
7f96a2563000 103 40 1743 6
7f96a2533000 93 36 1872 7
7f96a2532000 111 32 2016 7
7f96a2531000 69 67 2153 7
7f96a252f000 76 27 2256 7
7f96a2437000 77 34 2367 7
7f96a2436000 37 26 2431 7
7f96a2435000 55 23 2509 7
7f96a2434000 87 33 2629 7
7f96a2433000 34 21 2684 7
7f96a242b000 46 26 2756 7
7f96a242a000 43 28 2828 7
7f96a2429000 65 23 2916 7
7f96a2486000 75 37 3028 8
3032 8
11 17 4 2 2 1 9 13 
0x41c000
41c000 40 23 64 0
7f96a24b5000 58 29 151 1
7f96a24b4000 50 18 220 1
7f96a24b3000 45 18 284 1
407000 19 16 320 1
7f96a249e000 70 39 429 3
408000 36 23 489 3
7f96a24e3000 54 44 588 3
7f96a2426000 126 21 736 3
7f96a24e2000 54 31 822 5
7f96a24e1000 71 38 932 5
7f96a24e0000 29 18 979 5
7f96a24df000 36 22 1037 5
7f96a24de000 26 19 1083 5
7f96a24dc000 45 20 1149 5
7f96a24db000 40 22 1211 5
7f96a24d8000 54 28 1294 5
7f96a24d5000 54 27 1375 5
7f96a2564000 101 44 1521 5
7f96a2563000 103 39 1663 5
7f96a2533000 93 36 1793 6
7f96a2532000 112 33 1938 6
7f96a2531000 69 67 2074 6
7f96a252f000 76 26 2177 6
7f96a2437000 77 34 2289 6
7f96a2436000 37 26 2353 6
7f96a2435000 54 23 2430 6
7f96a2434000 87 33 2551 6
7f96a2433000 34 21 2606 6
7f96a242b000 47 25 2678 6
7f96a242a000 43 28 2750 6
7f96a2429000 64 23 2838 6
7f96a2486000 75 37 2950 8
2953 8
11 16 4 2 1 1 9 13 
0x429000
429000 37 20 57 0
7f96a24b5000 57 29 144 1
7f96a24b4000 50 18 213 1
7f96a24b3000 46 18 278 1
407000 18 16 313 1
428000 41 23 378 1
408000 37 23 438 1
7f96a24e3000 53 44 536 2
7f96a2426000 126 22 685 2
7f96a24e2000 54 32 771 4
7f96a24e1000 71 38 880 4
7f96a24e0000 28 18 927 4
7f96a24df000 36 21 985 4
7f96a24de000 27 18 1031 4
7f96a24dc000 45 20 1097 4
7f96a24db000 40 21 1159 4
7f96a24d8000 55 27 1242 4
7f96a24d5000 53 28 1324 4
7f96a2564000 101 44 1469 4
7f96a2563000 104 39 1612 4
7f96a2533000 93 36 1742 5
7f96a2532000 111 33 1887 5
7f96a2531000 69 67 2023 5
7f96a252f000 76 26 2126 5
7f96a2437000 77 34 2238 6
7f96a2436000 37 26 2302 6
7f96a2435000 54 23 2379 6
7f96a2434000 87 32 2499 6
7f96a2433000 34 20 2554 6
7f96a242b000 47 26 2627 6
7f96a242a000 44 28 2699 6
7f96a2429000 65 23 2787 6
7f96a2486000 75 37 2899 8
2902 8
11 17 2 2 1 1 9 12 
0x428000
428000 41 23 65 1
65 1
0 1 0 0 0 0 0 0 
0x412000
412000 37 22 59 1
7f96a24ae000 77 24 161 1
408000 36 23 221 1
407000 19 16 257 1
7f96a24e3000 53 45 356 2
7f96a2426000 126 22 504 2
7f96a24e2000 54 32 590 4
7f96a24e1000 71 38 699 4
7f96a24e0000 28 18 746 4
7f96a24df000 36 21 804 4
7f96a24de000 27 18 850 4
7f96a24dc000 45 20 916 4
7f96a24db000 40 21 978 4
7f96a24d8000 54 28 1061 4
7f96a24d5000 53 28 1143 4
7f96a2564000 102 43 1288 4
7f96a2563000 103 40 1432 4
7f96a2533000 93 37 1562 5
7f96a2532000 111 33 1706 5
7f96a2531000 69 67 1842 5
7f96a252f000 76 26 1945 5
7f96a2437000 77 34 2057 6
7f96a2436000 38 25 2121 6
7f96a2435000 54 23 2199 6
7f96a2434000 87 33 2319 6
7f96a2433000 34 20 2373 6
7f96a242b000 46 26 2446 6
7f96a242a000 43 28 2518 6
7f96a2429000 64 23 2605 6
7f96a2486000 75 37 2718 8
2721 8
11 15 2 2 1 1 9 12 
0x411000
411000 27 19 46 0
407000 18 16 81 0
7f96a24b5000 57 29 168 1
7f96a24b4000 50 18 237 1
7f96a24b3000 46 18 302 1
7f96a249e000 70 40 412 3
408000 36 24 472 3
7f96a24e3000 54 45 571 3
7f96a2426000 126 22 719 3
7f96a24e2000 54 32 805 5
7f96a24e1000 71 38 914 5
7f96a24e0000 28 18 961 5
7f96a24df000 36 22 1020 5
7f96a24de000 26 19 1066 5
7f96a24dc000 46 20 1132 5
7f96a24db000 41 21 1194 5
7f96a24d8000 54 28 1277 5
7f96a24d5000 54 27 1358 5
7f96a2564000 102 44 1505 5
7f96a2563000 103 40 1648 5
7f96a2533000 93 36 1777 6
7f96a2532000 111 32 1921 6
7f96a2531000 69 67 2058 6
7f96a252f000 77 26 2161 6
7f96a2437000 77 34 2273 6
7f96a2436000 38 25 2337 6
7f96a2435000 54 23 2415 6
7f96a2434000 87 33 2535 6
7f96a2433000 34 21 2590 6
7f96a242b000 47 26 2663 6
7f96a242a000 43 28 2734 6
7f96a2429000 64 23 2822 6
7f96a2486000 75 37 2935 8
2937 8
11 16 4 2 1 1 9 13 
0x427000
427000 48 31 80 1
80 1
0 5 0 0 0 0 0 0 
0x426000
426000 36 22 58 1
7f96a2524000 69 84 212 2
407000 19 16 247 2
408000 36 23 307 2
7f96a24e3000 54 44 406 2
7f96a2426000 126 22 555 2
7f96a24e2000 54 32 641 4
7f96a24e1000 71 38 750 4
7f96a24e0000 28 18 797 4
7f96a24df000 36 22 856 4
7f96a24de000 26 19 902 4
7f96a24dc000 46 19 967 4
7f96a24db000 40 21 1029 4
7f96a24d8000 55 27 1112 4
7f96a24d5000 53 28 1194 4
7f96a2564000 102 44 1340 4
7f96a2563000 102 40 1483 4
7f96a2533000 93 36 1612 5
7f96a2532000 111 32 1756 5
7f96a2531000 69 67 1893 5
7f96a252f000 77 26 1996 5
7f96a2437000 78 34 2109 6
7f96a2436000 38 26 2173 6
7f96a2435000 54 23 2250 6
7f96a2434000 87 32 2370 6
7f96a2433000 34 20 2425 6
7f96a242b000 46 26 2498 6
7f96a242a000 42 29 2570 6
7f96a2429000 64 23 2657 6
7f96a2486000 75 37 2770 8
2773 8
11 16 2 2 1 1 9 13 
0x41b000
41b000 55 25 80 1
81 1
0 1 0 0 0 0 0 0 
0x42c000
42c000 50 25 75 2
414000 33 23 132 2
408000 36 23 192 3
407000 19 16 228 3
7f96a24e3000 54 44 326 4
7f96a2426000 126 21 474 4
7f96a24e2000 54 32 561 5
7f96a24e1000 71 38 670 5
7f96a24e0000 28 18 717 5
7f96a24df000 36 21 775 5
7f96a24de000 27 18 821 5
7f96a24dc000 45 20 887 5
7f96a24db000 40 21 949 5
7f96a24d8000 54 28 1032 5
7f96a24d5000 54 27 1113 5
7f96a2564000 101 44 1259 5
7f96a2563000 103 39 1402 5
7f96a2533000 93 36 1532 6
7f96a2532000 111 33 1676 6
7f96a2531000 69 68 1813 6
7f96a252f000 76 26 1916 6
7f96a2437000 77 34 2028 7
7f96a2436000 37 26 2092 7
7f96a2435000 55 23 2170 7
7f96a2434000 87 33 2290 7
7f96a2433000 34 20 2344 7
7f96a242b000 46 26 2417 7
7f96a242a000 43 28 2489 7
7f96a2429000 64 23 2576 7
7f96a2486000 75 37 2689 8
2694 8
11 14 2 3 1 1 10 12 
0x414000
414000 33 23 56 0
408000 36 23 116 1
407000 19 16 152 1
7f96a24e3000 53 45 251 2
7f96a2426000 126 22 399 2
7f96a24e2000 54 32 485 4
7f96a24e1000 71 38 594 4
7f96a24e0000 28 18 641 4
7f96a24df000 36 22 700 4
7f96a24de000 27 19 746 4
7f96a24dc000 46 19 812 4
7f96a24db000 40 21 874 4
7f96a24d8000 55 27 957 4
7f96a24d5000 53 28 1039 4
7f96a2564000 101 44 1184 4
7f96a2563000 103 40 1328 4
7f96a2533000 93 37 1458 5
7f96a2532000 111 33 1602 5
7f96a2531000 68 68 1739 5
7f96a252f000 77 26 1842 5
7f96a2437000 78 34 1954 6
7f96a2436000 38 26 2018 6
7f96a2435000 55 22 2095 6
7f96a2434000 87 32 2215 6
7f96a2433000 34 20 2270 6
7f96a242b000 46 26 2343 6
7f96a242a000 43 28 2414 6
7f96a2429000 64 23 2502 6
7f96a2486000 76 36 2614 8
2618 8
11 14 2 2 1 1 9 12 
0x413000
413000 43 21 64 0
7f96a2ebe000 58 47 170 4
7f96a2ebd000 56 52 278 6
7f96a2ec7000 62 81 421 6
7f96a2eba000 213 33 668 6
408000 36 23 728 6
407000 18 17 764 6
7f96a24e3000 54 44 862 6
7f96a2426000 126 22 1011 6
7f96a24e2000 54 32 1097 7
7f96a24e1000 71 38 1206 7
7f96a24e0000 28 18 1253 7
7f96a24df000 36 22 1312 7
7f96a24de000 26 19 1358 7
7f96a24dc000 46 20 1424 7
7f96a24db000 40 22 1486 7
7f96a24d8000 54 27 1568 7
7f96a24d5000 53 28 1650 7
7f96a2564000 102 44 1796 7
7f96a2563000 103 40 1939 7
7f96a2533000 93 36 2068 7
7f96a2532000 111 32 2212 7
7f96a2531000 69 67 2349 7
7f96a252f000 77 26 2452 7
7f96a2437000 77 34 2564 7
7f96a2436000 37 26 2628 7
7f96a2435000 55 23 2706 7
7f96a2434000 87 33 2826 7
7f96a2433000 34 21 2881 7
7f96a242b000 46 26 2953 7
7f96a242a000 43 28 3025 7
7f96a2429000 64 23 3113 7
7f96a2486000 76 36 3225 8
3228 8
12 19 4 5 1 1 10 16 
0x415000
415000 36 21 57 0
57 0
0 0 0 0 0 0 0 0 
0x410000
410000 35 21 56 0
56 0
0 0 0 0 0 0 0 0 
0x40d000
40d000 40 25 65 1
42d000 442 61 569 1
7f96a2ebe000 59 47 676 4
7f96a2ebd000 55 53 784 6
7f96a2ec7000 62 81 927 6
7f96a2eba000 213 33 1174 6
408000 37 23 1234 6
407000 18 17 1270 6
7f96a24e3000 54 44 1368 6
7f96a2426000 127 22 1517 6
7f96a24e2000 54 32 1603 7
7f96a24e1000 71 38 1712 7
7f96a24e0000 28 18 1759 7
7f96a24df000 36 21 1817 7
7f96a24de000 27 18 1863 7
7f96a24dc000 47 19 1930 7
7f96a24db000 40 21 1992 7
7f96a24d8000 55 27 2075 7
7f96a24d5000 53 28 2157 7
7f96a2564000 102 44 2303 7
7f96a2563000 103 40 2446 7
7f96a2533000 93 37 2576 7
7f96a2532000 112 32 2720 7
7f96a2531000 69 67 2857 7
7f96a252f000 76 27 2961 7
7f96a2437000 77 34 3072 7
7f96a2436000 38 25 3136 7
7f96a2435000 54 23 3214 7
7f96a2434000 88 32 3334 7
7f96a2433000 34 20 3389 7
7f96a242b000 46 26 3462 7
7f96a242a000 43 28 3534 7
7f96a2429000 65 23 3622 7
7f96a2486000 76 36 3734 8
3737 8
12 20 4 5 1 1 10 16 
0x421000
421000 45 25 71 0
42d000 444 61 577 0
7f96a2503000 60 27 665 2
408000 37 23 725 2
407000 18 16 760 2
7f96a24e3000 53 45 859 2
7f96a2426000 127 21 1007 2
7f96a24e2000 54 32 1093 4
7f96a24e1000 71 38 1203 4
7f96a24e0000 29 17 1249 4
7f96a24df000 36 22 1308 4
7f96a24de000 26 19 1354 4
7f96a24dc000 45 20 1420 4
7f96a24db000 41 21 1482 4
7f96a24d8000 54 28 1565 4
7f96a24d5000 54 27 1646 4
7f96a2564000 102 44 1793 4
7f96a2563000 103 40 1936 4
7f96a2533000 93 36 2065 5
7f96a2532000 111 33 2210 5
7f96a2531000 69 67 2346 5
7f96a252f000 76 27 2450 5
7f96a2437000 78 34 2562 6
7f96a2436000 37 26 2626 6
7f96a2435000 54 23 2703 6
7f96a2434000 86 33 2823 6
7f96a2433000 34 21 2878 6
7f96a242b000 47 26 2951 6
7f96a242a000 43 28 3022 6
7f96a2429000 64 22 3109 6
7f96a2486000 75 37 3222 8
3225 8
11 15 2 2 1 1 9 13 
0x423000
423000 52 28 80 2
422000 48 20 149 2
42d000 441 62 653 2
7f96a2589000 56 36 746 2
408000 37 23 806 2
407000 18 16 841 2
7f96a24e3000 53 45 940 3
7f96a2426000 127 21 1088 3
7f96a24e2000 54 31 1174 5
7f96a24e1000 71 38 1284 5
7f96a24e0000 28 18 1331 5
7f96a24df000 36 21 1389 5
7f96a24de000 27 18 1435 5
7f96a24dc000 46 20 1502 5
7f96a24db000 40 22 1564 5
7f96a24d8000 54 28 1647 5
7f96a24d5000 54 27 1728 5
7f96a2564000 102 44 1874 5
7f96a2563000 104 39 2017 5
7f96a2533000 93 37 2148 5
7f96a2532000 112 32 2292 5
7f96a2531000 69 67 2429 5
7f96a252f000 76 27 2533 5
7f96a2437000 77 34 2644 6
7f96a2436000 38 25 2708 6
7f96a2435000 54 23 2786 6
7f96a2434000 87 33 2906 6
7f96a2433000 33 21 2961 6
7f96a242b000 47 26 3034 6
7f96a242a000 43 28 3105 6
7f96a2429000 64 23 3193 6
7f96a2486000 75 37 3306 8
3311 8
13 16 2 2 1 1 9 12 
0x422000
422000 48 20 69 0
42d000 442 62 574 0
7f96a2589000 56 36 667 0
408000 37 23 727 1
407000 18 16 762 1
7f96a24e3000 53 45 861 2
7f96a2426000 127 21 1009 2
7f96a24e2000 54 31 1095 4
7f96a24e1000 71 38 1205 4
7f96a24e0000 29 18 1252 4
7f96a24df000 36 22 1311 4
7f96a24de000 27 19 1357 4
7f96a24dc000 46 20 1423 4
7f96a24db000 40 22 1485 4
7f96a24d8000 54 28 1568 4
7f96a24d5000 54 27 1649 4
7f96a2564000 101 44 1795 4
7f96a2563000 104 39 1938 4
7f96a2533000 93 36 2068 5
7f96a2532000 111 33 2213 5
7f96a2531000 69 68 2350 5
7f96a252f000 77 26 2453 5
7f96a2437000 77 34 2565 6
7f96a2436000 38 26 2629 6
7f96a2435000 54 23 2706 6
7f96a2434000 87 32 2826 6
7f96a2433000 34 20 2881 6
7f96a242b000 46 26 2954 6
7f96a242a000 43 28 3026 6
7f96a2429000 65 23 3114 6
7f96a2486000 76 36 3226 8
3229 8
11 14 2 2 1 1 9 12 
0x40e000
40e000 30 17 48 0
7f96a24a3000 84 64 197 3
7f96a24a2000 89 44 330 4
7f96a2563000 103 39 472 4
7f96a24a1000 62 34 569 4
7f96a24a0000 84 36 689 4
7f96a2498000 156 44 889 5
7f96a249f000 98 28 1015 5
7f96a249e000 69 40 1125 5
7f96a2499000 62 47 1234 5
7f96a2426000 126 22 1383 5
7f96a2465000 57 27 1467 5
7f96a2533000 93 37 1597 5
7f96a2532000 111 33 1741 5
7f96a2531000 69 67 1877 5
7f96a252f000 76 26 1980 5
407000 18 17 2016 5
40d000 41 24 2081 5
42d000 441 62 2585 5
7f96a2ebe000 59 46 2691 5
7f96a2ebd000 55 52 2799 6
7f96a2ec7000 62 81 2943 6
7f96a2eba000 213 34 3190 6
408000 36 24 3250 6
7f96a24e3000 54 45 3349 6
7f96a24e2000 54 32 3435 7
7f96a24e1000 72 38 3545 7
7f96a24e0000 28 18 3592 7
7f96a24df000 36 21 3650 7
7f96a24de000 27 18 3696 7
7f96a24dc000 45 20 3762 7
7f96a24db000 40 21 3824 7
7f96a24d8000 54 28 3907 7
7f96a24d5000 54 27 3988 7
7f96a2564000 101 44 4134 7
7f96a2437000 78 34 4246 7
7f96a2436000 38 26 4311 7
7f96a2435000 55 23 4389 7
7f96a2434000 88 33 4510 7
7f96a2433000 34 21 4565 7
7f96a242b000 47 26 4638 7
7f96a242a000 43 28 4710 7
7f96a2429000 65 23 4798 7
7f96a2486000 75 37 4911 8
4915 8
15 25 8 25 1 1 10 24 
0x40f000
40f000 26 18 45 0
7f96a24a3000 85 64 195 3
7f96a24a2000 89 44 328 4
7f96a2563000 104 39 472 4
7f96a24a1000 63 34 570 4
7f96a24a0000 85 36 691 4
7f96a2498000 157 44 892 5
7f96a249f000 98 29 1019 5
7f96a249e000 70 40 1130 5
7f96a2499000 63 47 1240 5
7f96a2426000 128 21 1389 5
7f96a2465000 57 27 1474 5
7f96a2533000 94 36 1604 5
7f96a2532000 111 33 1749 5
7f96a2531000 69 68 1887 5
7f96a252f000 77 27 1991 5
407000 19 16 2026 5
40e000 30 17 2074 5
40d000 40 25 2140 5
42d000 445 62 2648 5
7f96a2ebe000 59 47 2755 5
7f96a2ebd000 56 52 2863 6
7f96a2ec7000 63 81 3007 6
7f96a2eba000 215 33 3256 6
408000 36 24 3317 6
7f96a24e3000 53 45 3416 6
7f96a24e2000 55 32 3503 7
7f96a24e1000 72 38 3613 7
7f96a24e0000 29 18 3660 7
7f96a24df000 36 22 3719 7
7f96a24de000 26 19 3765 7
7f96a24dc000 46 20 3831 7
7f96a24db000 40 21 3893 7
7f96a24d8000 55 28 3977 7
7f96a24d5000 54 28 4059 7
7f96a2564000 103 43 4205 7
7f96a2437000 78 34 4318 7
7f96a2436000 37 26 4382 7
7f96a2435000 54 23 4460 7
7f96a2434000 87 33 4581 7
7f96a2433000 34 21 4636 7
7f96a242b000 47 26 4709 7
7f96a242a000 43 28 4781 7
7f96a2429000 65 23 4869 7
7f96a2486000 76 37 4982 8
4987 8
15 25 8 25 1 1 10 24 
0x41a000
41a000 41 27 68 2
42d000 446 61 576 2
408000 37 23 637 2
407000 18 17 673 2
7f96a24e3000 54 45 772 3
7f96a2426000 127 22 921 3
7f96a24e2000 54 32 1007 5
7f96a24e1000 71 38 1117 5
7f96a24e0000 28 18 1164 5
7f96a24df000 36 22 1223 5
7f96a24de000 26 19 1269 5
7f96a24dc000 45 20 1335 5
7f96a24db000 40 22 1398 5
7f96a24d8000 54 28 1481 5
7f96a24d5000 54 28 1563 5
7f96a2564000 102 44 1709 5
7f96a2563000 103 40 1853 5
7f96a2533000 93 37 1983 5
7f96a2532000 112 33 2129 5
7f96a2531000 69 68 2266 5
7f96a252f000 77 27 2370 5
7f96a2437000 78 34 2482 6
7f96a2436000 38 25 2546 6
7f96a2435000 55 22 2624 6
7f96a2434000 88 32 2745 6
7f96a2433000 34 21 2801 6
7f96a242b000 47 26 2874 6
7f96a242a000 43 28 2946 6
7f96a2429000 64 23 3034 6
7f96a2486000 76 37 3148 8
3150 8
12 15 2 2 1 1 9 12 
0x419000
419000 44 18 63 0
408000 37 23 123 1
407000 19 16 159 1
7f96a24e3000 54 44 258 2
7f96a2426000 127 22 408 2
7f96a24e2000 54 32 494 4
7f96a24e1000 71 38 604 4
7f96a24e0000 28 18 651 4
7f96a24df000 36 22 710 4
7f96a24de000 27 18 756 4
7f96a24dc000 46 20 823 4
7f96a24db000 40 22 885 4
7f96a24d8000 55 27 968 4
7f96a24d5000 54 27 1050 4
7f96a2564000 102 44 1197 4
7f96a2563000 104 40 1341 4
7f96a2533000 94 36 1471 5
7f96a2532000 112 33 1617 5
7f96a2531000 70 67 1754 5
7f96a252f000 77 26 1858 5
7f96a2437000 77 34 1970 6
7f96a2436000 38 25 2034 6
7f96a2435000 55 23 2113 6
7f96a2434000 88 32 2233 6
7f96a2433000 34 21 2289 6
7f96a242b000 47 26 2362 6
7f96a242a000 43 28 2434 6
7f96a2429000 65 23 2522 6
7f96a2486000 76 37 2635 8
2638 8
11 14 2 2 1 1 9 12 
0x418000
418000 53 20 74 0
7f96a2ec7000 63 81 219 2
408000 36 24 280 2
407000 19 16 315 2
7f96a24e3000 54 45 415 2
7f96a2426000 127 21 563 2
7f96a24e2000 54 32 650 4
7f96a24e1000 72 38 760 4
7f96a24e0000 29 18 807 4
7f96a24df000 36 22 866 4
7f96a24de000 26 19 912 4
7f96a24dc000 45 20 978 4
7f96a24db000 40 22 1041 4
7f96a24d8000 54 28 1124 4
7f96a24d5000 54 28 1206 4
7f96a2564000 103 44 1353 4
7f96a2563000 104 40 1497 4
7f96a2533000 94 37 1628 5
7f96a2532000 112 33 1773 5
7f96a2531000 69 68 1911 5
7f96a252f000 77 27 2015 5
7f96a2437000 78 34 2127 6
7f96a2436000 38 25 2191 6
7f96a2435000 54 23 2269 6
7f96a2434000 87 33 2390 6
7f96a2433000 35 20 2445 6
7f96a242b000 46 26 2518 6
7f96a242a000 43 28 2590 6
7f96a2429000 64 24 2679 6
7f96a2486000 76 37 2792 8
2794 8
11 15 2 2 1 1 9 13 
