0x404000
404000 80 39 120 0
632000 1031 161 1313 0
403000 32 22 1367 1
402000 17 15 1400 1
634000 1028 158 2586 1
5f8000 54 28 2669 1
5c7000 54 25 2749 1
5c6000 51 32 2833 3
59f000 52 27 2913 3
633000 1030 166 4110 3
505000 71 27 4209 3
504000 53 23 4286 4
549000 86 36 4408 4
7f736669f000 75 70 4554 4
599000 77 34 4666 4
4df000 32 22 4721 5
58a000 49 22 4793 6
589000 88 48 4930 6
50f000 67 34 5032 6
412000 55 31 5119 6
5b3000 45 28 5192 6
617000 67 33 5293 7
5b2000 29 18 5340 7
635000 125 30 5496 7
631000 240 45 5781 7
7f736644b000 43 24 5850 7
7f736644a000 58 20 5929 7
7f7366449000 68 24 6022 7
7f7366452000 56 40 6119 8
6131 8
2 9 5 9 1 2 6 1 
0x632000
632000 1031 160 1191 0
1191 0
0 0 0 0 0 0 0 0 
0x403000
403000 32 22 54 1
402000 17 15 87 1
634000 1028 158 1273 1
5f8000 54 29 1357 1
5c7000 54 25 1437 1
5c6000 51 32 1521 3
59f000 52 28 1602 3
633000 1037 167 2807 3
505000 71 28 2906 3
504000 54 22 2983 4
549000 86 36 3106 4
632000 1037 160 4304 4
7f736669f000 76 69 4449 4
599000 77 34 4561 4
4df000 32 22 4616 5
58a000 49 21 4687 6
589000 87 49 4824 6
50f000 66 34 4925 6
412000 56 31 5013 6
5b3000 45 28 5086 6
617000 67 33 5187 7
5b2000 29 18 5234 7
635000 125 29 5389 7
631000 239 46 5675 7
7f736644b000 44 24 5744 7
7f736644a000 58 20 5823 7
7f7366449000 69 25 5918 7
7f7366452000 57 40 6015 8
6026 8
2 9 5 9 1 2 6 1 
0x402000
402000 17 15 32 0
32 0
0 0 0 0 0 0 0 0 
0x634000
634000 1037 159 1196 0
1196 0
0 0 0 0 0 0 0 0 
0x5f8000
5f8000 54 29 83 1
5c7000 54 25 163 1
634000 1029 158 1351 1
5c6000 51 31 1434 3
59f000 52 27 1514 3
633000 1031 166 2712 3
505000 70 27 2810 3
504000 53 23 2887 4
403000 32 22 2941 4
402000 17 15 2974 4
45c000 51 26 3051 4
45b000 46 25 3123 4
7f73666a5000 31 32 3187 5
7f73666a4000 54 50 3291 6
7f73666a3000 62 41 3394 6
7f736667f000 121 21 3536 6
7f73666a2000 59 24 3619 6
7f73666a1000 47 38 3705 6
7f736678c000 90 35 3830 6
7f736678b000 107 32 3969 6
7f736678a000 68 66 4103 6
7f7366788000 75 25 4203 6
7f7366742000 42 23 4268 6
7f73666f1000 148 43 4460 6
7f7366690000 75 32 4567 6
7f736668f000 37 24 4629 6
7f736668e000 53 22 4704 6
7f736668d000 84 31 4819 6
7f736668c000 34 19 4872 6
7f7366684000 45 25 4943 6
7f7366683000 42 27 5012 6
7f7366682000 62 22 5096 6
7f73667bc000 100 38 5234 6
7f73666df000 73 35 5343 7
7f73666ec000 85 32 5461 7
7f73666eb000 77 43 5581 7
7f7366770000 55 72 5709 7
7f736676b000 53 52 5815 7
7f736676a000 76 80 5972 7
7f7366769000 61 53 6086 7
7f7366768000 46 19 6151 7
7f7366767000 44 16 6211 7
7f73666fc000 83 62 6357 7
7f73666fb000 85 44 6486 7
7f73666fa000 60 33 6579 7
7f73666f9000 82 34 6695 7
7f73666f8000 93 28 6816 7
7f73666f7000 67 39 6922 7
7f73666f2000 60 46 7028 7
7f73666be000 55 26 7110 7
7f7366766000 53 20 7183 7
7f7366765000 48 22 7254 7
7f7366764000 35 17 7307 7
7f7366763000 46 22 7376 7
7f7366762000 39 20 7435 7
7f7366761000 43 22 7500 7
7f736679b000 52 22 7575 7
7f736677d000 67 83 7726 7
7f73666ea000 60 30 7817 7
7f7366775000 60 49 7926 7
7f7366771000 78 61 8066 7
7f7366774000 48 37 8151 7
7f73666ee000 102 43 8297 7
7f7366773000 93 42 8433 7
7f7366772000 61 57 8551 7
7f73666bf000 32 27 8610 7
7f73666e8000 47 25 8682 7
7f7366740000 48 26 8756 7
7f736673f000 56 49 8862 7
7f73667a1000 44 28 8935 7
7f73667a0000 58 34 9027 7
7f736679f000 48 31 9106 7
7f736679e000 63 31 9200 8
9207 8
27 44 9 34 1 2 12 41 
0x5c7000
5c7000 55 25 80 1
634000 1030 158 1269 1
5c6000 51 32 1353 3
59f000 52 27 1433 3
633000 1028 166 2628 3
505000 71 27 2727 3
504000 53 23 2804 4
403000 32 23 2859 4
402000 17 15 2891 4
5f8000 55 28 2974 4
538000 65 30 3070 4
537000 41 23 3135 4
575000 42 21 3199 4
536000 45 25 3269 5
535000 46 22 3338 5
424000 51 25 3415 5
5ab000 51 24 3491 5
5aa000 45 25 3562 5
5a9000 51 21 3635 5
44c000 60 30 3726 6
632000 1036 160 4923 6
4d1000 65 31 5020 6
482000 57 27 5105 6
49f000 64 33 5203 6
49e000 46 22 5272 6
49d000 60 23 5356 6
49c000 48 25 5429 6
49b000 44 23 5497 6
5c1000 60 24 5582 6
7f73667ea000 80 29 5692 6
528000 45 21 5759 6
7f736669f000 75 70 5905 6
530000 39 22 5966 6
52f000 54 24 6045 6
7f736670e000 57 28 6131 6
7f736670d000 50 17 6198 6
7f736670c000 45 17 6261 6
564000 106 46 6414 7
563000 37 27 6479 7
7f7366707000 76 23 6579 7
631000 239 45 6863 7
47a000 67 36 6968 7
51e000 53 36 7058 7
51d000 64 28 7151 7
51c000 60 25 7237 7
51b000 72 26 7335 7
472000 61 30 7427 7
471000 37 21 7486 7
470000 47 22 7556 7
568000 72 34 7663 7
4b8000 56 21 7741 7
4b7000 70 42 7854 7
4b6000 43 21 7919 7
515000 37 22 7979 7
525000 87 40 8107 7
509000 54 27 8188 7
508000 58 29 8277 7
507000 39 19 8336 7
475000 50 35 8421 7
474000 64 33 8519 7
473000 68 32 8620 7
543000 63 24 8708 7
542000 52 23 8784 7
541000 64 27 8876 7
5be000 81 27 8985 7
540000 30 19 9035 7
53f000 21 15 9072 7
53e000 34 18 9125 7
53d000 60 27 9212 7
7f7366718000 63 88 9364 7
7f7366717000 98 55 9517 7
4f1000 65 30 9614 7
5d1000 48 27 9690 7
4f6000 56 26 9773 7
4df000 33 21 9828 7
58a000 50 21 9900 7
589000 89 60 10050 7
50f000 67 34 10153 7
412000 56 31 10241 7
5b3000 45 29 10315 7
617000 67 33 10416 8
10450 8
12 31 17 40 2 4 20 1 
0x5c6000
5c6000 51 32 84 2
59f000 52 28 165 2
633000 1037 167 1369 2
505000 70 28 1468 2
634000 1031 158 2657 2
504000 54 22 2733 3
403000 32 23 2788 4
402000 16 15 2820 4
5f8000 54 28 2903 4
5c7000 55 25 2984 4
7f736670e000 56 28 3069 4
7f736670d000 50 17 3137 4
7f736670c000 46 17 3200 4
7f7366718000 63 88 3351 5
7f7366717000 98 55 3504 5
4f0000 45 24 3574 5
632000 1042 162 4778 5
7f736669f000 76 70 4924 5
532000 54 26 5005 5
552000 104 44 5154 5
631000 240 46 5441 5
551000 74 79 5595 5
584000 77 28 5701 5
44b000 45 27 5774 5
4a8000 70 33 5879 5
4a7000 75 38 5993 5
61f000 63 26 6082 5
61e000 43 17 6143 5
5a8000 58 26 6228 5
507000 38 19 6286 5
475000 50 34 6371 5
474000 65 32 6469 5
473000 68 33 6571 5
472000 62 30 6663 5
471000 36 21 6721 5
470000 47 23 6792 5
568000 72 35 6899 5
4b8000 56 20 6976 5
4b7000 70 43 7090 5
4b6000 43 21 7155 5
515000 37 22 7215 5
525000 87 40 7343 5
509000 54 27 7424 5
508000 58 29 7512 5
5d0000 64 37 7614 5
7f7366707000 76 24 7715 5
4e9000 36 19 7770 5
5e0000 63 27 7861 5
5df000 48 22 7932 5
45f000 31 21 7985 6
51a000 39 22 8047 6
7f7366719000 65 60 8173 6
519000 36 18 8227 6
527000 48 30 8306 6
526000 75 29 8411 6
5c9000 65 31 8508 6
553000 52 34 8595 6
5c8000 66 43 8705 6
514000 36 22 8764 6
60e000 91 24 8880 6
60d000 55 17 8953 6
60c000 40 22 9016 6
443000 50 27 9094 6
50e000 49 23 9167 6
50d000 66 40 9274 6
7f73666f1000 150 43 9468 6
4d8000 57 31 9556 6
4d7000 66 34 9657 6
4d6000 63 32 9753 6
5f7000 56 29 9839 6
5f6000 42 26 9908 6
48c000 47 27 9983 6
48b000 62 29 10075 6
48a000 56 28 10160 6
489000 52 22 10235 6
4bb000 41 22 10299 6
4ba000 61 26 10387 6
7f73666a5000 32 31 10451 6
7f73666a4000 55 50 10556 6
7f73666a3000 63 41 10660 6
7f736667f000 122 21 10803 6
7f73666a2000 59 25 10887 6
7f73666a1000 47 38 10973 6
7f736678c000 90 36 11099 6
7f736678b000 109 31 11239 6
7f736678a000 68 66 11374 6
7f7366788000 75 26 11475 6
7f7366742000 41 25 11541 6
7f7366690000 75 33 11649 6
7f736668f000 37 25 11711 6
7f736668e000 53 22 11786 6
7f736668d000 84 31 11902 6
7f736668c000 33 20 11956 6
7f7366684000 46 25 12027 6
7f7366683000 43 27 12097 6
7f7366682000 62 22 12181 6
7f73667bc000 100 38 12320 6
7f73666df000 74 36 12430 7
7f73666ec000 86 32 12548 7
7f73666eb000 77 44 12669 7
7f7366770000 56 73 12799 7
7f736676b000 54 52 12905 7
7f736676a000 77 80 13063 7
7f7366769000 61 54 13178 7
7f7366768000 46 18 13242 7
7f7366767000 44 17 13304 7
7f73666fc000 84 62 13450 7
7f73666fb000 86 43 13579 7
7f73666fa000 61 32 13672 7
7f73666f9000 82 34 13789 7
7f73666f8000 93 28 13911 7
7f73666f7000 67 39 14018 7
7f73666f2000 61 46 14125 7
7f73666be000 56 25 14207 7
7f7366766000 53 20 14281 7
7f7366765000 49 21 14352 7
7f7366764000 35 18 14406 7
7f7366763000 46 22 14475 7
7f7366762000 39 19 14534 7
7f7366761000 43 22 14600 7
7f736679b000 53 22 14676 7
7f736677d000 68 83 14827 7
7f73666ea000 61 30 14918 7
7f7366775000 60 50 15028 7
7f7366771000 79 62 15169 7
7f7366774000 49 37 15255 7
7f73666ee000 103 44 15403 7
7f7366773000 95 42 15540 7
7f7366772000 61 57 15658 7
7f73666bf000 32 27 15718 7
7f73666e8000 47 25 15790 7
7f7366740000 49 27 15866 7
7f736673f000 56 49 15971 7
7f73667a1000 44 28 16044 7
7f73667a0000 57 34 16136 7
7f736679f000 48 30 16215 7
7f736679e000 62 31 16309 8
16344 8
39 67 24 75 1 2 26 42 
0x59f000
59f000 52 27 79 1
633000 1033 166 1279 1
505000 70 28 1378 1
634000 1030 157 2566 1
504000 53 23 2643 2
403000 32 23 2698 3
402000 17 15 2730 3
5f8000 54 28 2813 3
5c7000 55 25 2894 3
5c6000 51 31 2977 4
45d000 56 28 3062 5
503000 62 31 3156 5
4d8000 57 30 3244 5
632000 1028 160 4433 5
4d7000 66 33 4532 5
4d6000 63 32 4628 5
631000 238 45 4912 5
5f7000 55 29 4998 5
5f6000 42 25 5066 5
4a8000 69 33 5170 5
4a7000 74 37 5282 5
61f000 62 27 5372 5
61e000 41 18 5432 5
5a8000 57 26 5516 5
7f7366718000 61 88 5666 5
7f7366717000 97 55 5818 5
507000 38 19 5876 5
475000 49 35 5961 5
474000 64 32 6058 5
473000 68 31 6158 5
472000 61 30 6250 5
471000 36 21 6308 5
470000 47 22 6378 5
568000 71 35 6485 5
4b8000 56 20 6561 5
4b7000 70 42 6674 5
4b6000 43 20 6738 5
515000 37 22 6798 5
525000 86 39 6924 5
509000 54 26 7005 5
7f736669f000 75 70 7151 5
508000 57 29 7238 5
5d0000 64 36 7339 5
7f7366707000 76 23 7439 5
4e9000 36 19 7495 5
5e0000 62 27 7584 5
5df000 49 21 7655 5
45f000 31 21 7708 6
51a000 38 22 7769 6
7f7366719000 65 59 7894 6
519000 35 18 7948 6
527000 47 30 8026 6
526000 75 28 8130 6
5c9000 65 31 8227 6
553000 52 34 8314 6
5c8000 66 42 8422 6
514000 37 21 8481 6
60e000 91 23 8596 6
60d000 54 17 8668 6
60c000 40 22 8731 6
443000 49 27 8808 6
50e000 49 23 8881 6
50d000 66 39 8986 6
7f73666f1000 150 42 9179 6
586000 48 25 9253 6
585000 43 31 9328 7
7f73666a5000 31 31 9391 7
7f73666a4000 54 49 9495 7
7f73666a3000 62 40 9598 7
7f736667f000 122 20 9741 7
7f73666a2000 59 24 9824 7
7f73666a1000 47 38 9910 7
7f736678c000 90 35 10035 7
7f736678b000 107 31 10174 7
7f736678a000 67 66 10308 7
7f7366788000 75 25 10408 7
7f7366742000 42 23 10473 7
7f7366690000 74 33 10581 7
7f736668f000 37 24 10642 7
7f736668e000 52 22 10717 7
7f736668d000 84 31 10832 7
7f736668c000 33 19 10885 7
7f7366684000 45 25 10956 7
7f7366683000 42 27 11025 7
7f7366682000 62 22 11109 7
7f73667bc000 99 38 11246 7
7f73666df000 73 35 11355 7
7f73666ec000 85 31 11472 7
7f73666eb000 76 44 11593 7
7f7366770000 56 72 11721 7
7f736676b000 53 52 11827 7
7f736676a000 76 80 11983 7
7f7366769000 61 53 12097 7
7f7366768000 46 18 12161 7
7f7366767000 43 17 12222 7
7f73666fc000 82 62 12367 7
7f73666fb000 85 43 12495 7
7f73666fa000 61 32 12588 7
7f73666f9000 80 35 12704 7
7f73666f8000 93 28 12825 7
7f73666f7000 68 38 12931 7
7f73666f2000 60 46 13037 7
7f73666be000 55 26 13119 7
7f7366766000 53 20 13192 7
7f7366765000 48 22 13263 7
7f7366764000 35 17 13316 7
7f7366763000 45 23 13385 7
7f7366762000 39 19 13443 7
7f7366761000 43 22 13509 7
7f736679b000 53 22 13584 7
7f736677d000 67 83 13735 7
7f73666ea000 61 29 13825 7
7f7366775000 59 50 13935 7
7f7366771000 78 61 14074 7
7f7366774000 49 37 14160 7
7f73666ee000 102 44 14306 7
7f7366773000 94 42 14442 7
7f7366772000 61 57 14560 7
7f73666bf000 32 26 14618 7
7f73666e8000 47 24 14690 7
7f7366740000 48 26 14765 7
7f736673f000 56 49 14871 7
7f73667a1000 45 28 14944 7
7f73667a0000 57 34 15035 7
7f736679f000 48 30 15114 7
7f736679e000 63 30 15208 8
15240 8
41 64 25 71 2 2 20 42 
0x633000
633000 1033 166 1199 0
505000 71 28 1299 0
634000 1035 158 2492 0
504000 54 22 2568 1
403000 32 22 2623 2
402000 17 15 2656 2
5f8000 54 29 2739 2
5c7000 54 25 2819 2
5c6000 51 32 2903 4
59f000 52 27 2983 4
59e000 52 23 3059 4
511000 67 33 3160 4
510000 45 22 3228 4
50f000 67 34 3330 4
412000 56 30 3417 4
5b3000 45 28 3491 4
632000 1032 161 4685 4
617000 66 33 4784 5
5b2000 29 18 4832 5
635000 125 29 4987 5
631000 239 45 5272 5
7f736644b000 42 25 5341 5
7f736644a000 59 20 5420 5
7f7366449000 68 24 5513 5
7f7366452000 56 40 5610 6
7f7366451000 53 22 5686 6
7f7366450000 58 26 5771 6
7f736644e000 60 24 5856 6
7f7366455000 235 57 6149 6
7f736644d000 93 24 6267 6
7f736644c000 35 20 6323 6
7f7366453000 36 23 6383 6
7f7366454000 120 39 6544 6
7f7366448000 51 20 6616 6
7f736644f000 35 18 6671 6
408000 58 23 6755 6
7f736669f000 76 69 6901 6
7f7366707000 76 23 7001 6
594000 48 26 7075 6
593000 66 26 7168 6
7f7366718000 61 88 7318 7
7f7366717000 103 55 7477 7
7f736670e000 57 29 7563 7
7f736670d000 50 17 7630 7
7f736670c000 46 16 7693 7
618000 71 35 7800 7
434000 61 30 7892 7
5d4000 52 38 7983 8
7994 8
2 12 17 29 1 4 8 2 
0x505000
505000 72 27 99 0
634000 1043 159 1302 0
504000 54 23 1379 1
633000 1040 167 2586 1
60f000 90 36 2713 1
5e4000 74 52 2840 2
451000 66 26 2933 2
7f7366718000 63 88 3084 4
7f7366717000 98 56 3239 4
403000 32 23 3294 4
402000 17 15 3327 4
5f8000 55 29 3411 4
5c7000 55 25 3492 4
5c6000 51 32 3576 5
59f000 52 28 3657 5
59e000 52 23 3733 5
511000 67 34 3835 5
510000 45 22 3903 5
50f000 67 34 4005 5
412000 56 31 4093 5
5b3000 46 28 4167 5
632000 1038 161 5367 5
617000 67 33 5468 6
5b2000 29 18 5516 6
635000 125 30 5672 6
631000 240 45 5957 6
7f736644b000 42 25 6026 6
7f736644a000 59 20 6105 6
7f7366449000 69 24 6199 6
7f7366452000 56 40 6296 7
7f7366451000 53 22 6372 7
7f7366450000 58 26 6457 7
7f736644e000 60 24 6542 7
7f7366455000 237 58 6837 7
7f736644d000 94 24 6955 7
7f736644c000 35 20 7011 7
7f7366453000 36 23 7071 7
7f7366454000 121 39 7232 7
7f7366448000 51 21 7305 7
7f736644f000 35 19 7360 7
408000 58 23 7444 7
7f736669f000 75 70 7590 7
7f7366707000 76 23 7690 7
594000 48 26 7764 7
593000 66 26 7857 7
7f736670e000 57 28 7943 7
7f736670d000 50 17 8010 7
7f736670c000 45 16 8072 7
618000 70 36 8179 7
434000 61 30 8270 7
5d4000 53 37 8360 8
8373 8
2 19 17 29 1 4 8 2 
0x504000
504000 54 22 76 1
76 1
0 0 1 0 0 0 0 0 
0x549000
549000 86 36 122 0
632000 1034 161 1318 0
633000 1035 167 2520 0
505000 70 27 2618 0
634000 1033 158 3810 0
504000 53 23 3887 1
403000 32 22 3941 2
402000 17 15 3974 2
5f8000 55 28 4057 2
5c7000 55 25 4138 2
5c6000 51 31 4221 4
59f000 52 27 4301 4
59e000 52 23 4377 4
511000 67 34 4479 4
510000 44 22 4546 4
50f000 67 33 4647 4
412000 56 31 4735 4
5b3000 45 29 4809 4
617000 67 33 4909 5
5b2000 30 18 4957 5
635000 125 29 5112 5
631000 238 46 5397 5
7f736644b000 43 24 5465 5
7f736644a000 58 20 5544 5
7f7366449000 69 23 5637 5
7f7366452000 57 39 5734 6
7f7366451000 54 21 5810 6
7f7366450000 58 27 5896 6
7f736644e000 59 24 5980 6
7f7366455000 236 58 6275 6
7f736644d000 93 25 6393 6
7f736644c000 35 20 6449 6
7f7366453000 37 23 6509 6
7f7366454000 121 39 6670 6
7f7366448000 51 20 6742 6
7f736644f000 35 18 6797 6
408000 57 24 6882 6
7f736669f000 75 70 7028 6
7f7366707000 76 23 7127 6
594000 48 26 7202 6
593000 66 26 7294 6
7f7366718000 62 88 7445 7
7f7366717000 98 55 7598 7
7f736670e000 57 28 7683 7
7f736670d000 49 17 7750 7
7f736670c000 45 17 7813 7
618000 70 35 7919 7
434000 61 29 8010 7
5d4000 52 37 8100 8
8112 8
2 12 17 29 1 4 8 2 
0x599000
599000 77 34 112 0
4df000 32 22 167 1
632000 1031 160 1358 1
633000 1032 166 2556 1
505000 70 28 2655 1
634000 1041 158 3855 1
504000 54 22 3931 2
403000 32 22 3986 3
402000 17 15 4019 3
5f8000 54 29 4103 3
5c7000 55 25 4183 3
5c6000 51 31 4266 5
59f000 52 27 4346 5
59e000 52 23 4422 5
511000 68 33 4524 5
510000 44 23 4592 5
50f000 67 34 4693 5
412000 56 30 4780 5
5b3000 45 28 4854 5
617000 66 34 4955 6
5b2000 29 18 5002 6
635000 126 29 5158 6
631000 239 46 5444 6
7f736644b000 43 24 5512 6
7f736644a000 58 20 5591 6
7f7366449000 69 24 5685 6
7f7366452000 57 39 5781 7
7f7366451000 54 21 5857 7
7f7366450000 59 26 5943 7
7f736644e000 61 24 6029 7
7f7366455000 238 58 6326 7
7f736644d000 94 25 6446 7
7f736644c000 35 20 6502 7
7f7366453000 36 24 6563 7
7f7366454000 122 39 6725 7
7f7366448000 52 20 6798 7
7f736644f000 35 19 6854 7
408000 58 24 6939 7
7f736669f000 76 70 7086 7
7f7366707000 76 24 7186 7
594000 48 26 7260 7
593000 66 25 7352 7
7f7366718000 62 88 7503 8
7514 8
2 9 13 12 1 2 6 2 
0x4df000
4df000 33 21 54 1
632000 1035 161 1251 1
633000 1036 166 2454 1
505000 71 27 2553 1
634000 1031 158 3743 1
504000 53 23 3820 2
403000 32 23 3875 3
402000 17 15 3907 3
5f8000 55 28 3990 3
5c7000 55 25 4071 3
5c6000 51 31 4154 5
59f000 52 27 4234 5
59e000 52 23 4310 5
511000 67 33 4411 5
510000 45 22 4479 5
50f000 67 34 4580 5
412000 56 30 4667 5
5b3000 45 28 4741 5
617000 66 33 4841 6
5b2000 29 18 4889 6
635000 125 29 5044 6
631000 242 46 5332 6
7f736644b000 43 25 5401 6
7f736644a000 59 20 5481 6
7f7366449000 70 24 5576 6
7f7366452000 57 40 5674 7
7f7366451000 54 22 5751 7
7f7366450000 59 27 5838 7
7f736644e000 61 24 5923 7
7f7366455000 239 58 6221 7
7f736644d000 94 25 6341 7
7f736644c000 36 20 6398 7
7f7366453000 37 24 6459 7
7f7366454000 122 39 6621 7
7f7366448000 52 21 6695 7
7f736644f000 36 18 6750 7
408000 59 24 6836 7
7f736669f000 76 70 6983 7
7f7366707000 76 24 7084 7
594000 48 26 7159 7
593000 67 26 7253 7
7f7366718000 62 89 7405 8
7415 8
2 9 13 12 1 2 6 2 
0x58a000
58a000 49 21 71 1
634000 1033 158 1263 1
589000 88 49 1401 2
50f000 66 34 1502 3
412000 56 31 1590 3
5b3000 46 28 1664 4
632000 1034 161 2860 4
617000 67 33 2960 5
5b2000 30 17 3007 5
635000 126 29 3163 5
631000 240 45 3449 5
7f736644b000 43 24 3518 5
7f736644a000 58 20 3597 5
7f7366449000 69 24 3691 5
7f7366452000 56 40 3788 6
7f7366451000 53 22 3864 6
7f7366450000 59 26 3949 6
7f736644e000 60 24 4034 7
7f7366455000 236 58 4328 7
7f736644d000 93 24 4446 7
7f736644c000 35 20 4502 7
7f7366453000 36 23 4562 7
7f7366454000 120 39 4723 7
7f7366448000 51 20 4795 7
7f736644f000 35 18 4850 7
403000 32 22 4907 7
402000 17 15 4940 7
5f8000 55 28 5023 7
5c7000 55 25 5104 7
5c6000 51 32 5188 7
59f000 52 27 5268 7
633000 1036 166 6471 7
505000 71 27 6570 7
504000 54 22 6647 7
549000 85 36 6769 7
7f736669f000 76 70 6916 7
599000 78 34 7028 7
4df000 32 22 7083 8
7092 8
2 9 7 13 1 2 6 2 
0x589000
589000 88 49 138 1
50f000 66 34 239 2
412000 56 30 326 2
5b3000 45 28 400 3
632000 1030 161 1592 3
617000 67 33 1692 4
5b2000 30 17 1739 4
635000 126 29 1895 4
631000 240 45 2180 4
7f736644b000 42 25 2249 4
7f736644a000 59 20 2328 4
7f7366449000 69 24 2422 4
7f7366452000 57 39 2518 5
7f7366451000 54 21 2594 5
7f7366450000 58 26 2679 5
7f736644e000 60 24 2764 6
7f7366455000 236 57 3058 6
7f736644d000 93 25 3177 6
7f736644c000 35 19 3232 6
7f7366453000 36 24 3293 6
7f7366454000 120 40 3454 6
7f7366448000 51 20 3526 6
7f736644f000 35 18 3581 6
403000 32 22 3638 6
402000 17 15 3671 6
634000 1033 158 4862 6
5f8000 54 29 4946 6
5c7000 55 25 5026 6
5c6000 51 32 5110 6
59f000 51 28 5190 6
633000 1043 166 6400 6
505000 71 27 6499 6
504000 53 23 6576 6
549000 86 37 6699 6
7f736669f000 76 69 6844 6
599000 77 34 6956 6
4df000 33 21 7011 7
58a000 49 22 7083 8
7092 8
2 9 7 13 1 2 6 2 
0x50f000
50f000 66 34 101 1
412000 56 30 188 1
5b3000 45 28 262 3
632000 1035 160 1458 3
617000 67 33 1559 4
5b2000 29 18 1606 4
635000 126 29 1762 4
631000 240 45 2047 4
7f736644b000 43 24 2115 4
7f736644a000 59 20 2195 4
7f7366449000 69 24 2288 4
7f7366452000 56 40 2385 5
7f7366451000 53 22 2461 5
7f7366450000 58 26 2546 5
7f736644e000 60 24 2631 6
7f7366455000 236 57 2925 6
7f736644d000 93 24 3043 6
7f736644c000 35 20 3099 6
7f7366453000 36 24 3160 6
7f7366454000 120 39 3320 6
7f7366448000 51 21 3393 6
7f736644f000 35 19 3448 6
403000 32 22 3505 6
402000 16 15 3537 6
634000 1034 158 4730 6
5f8000 54 29 4814 6
5c7000 54 25 4894 6
5c6000 51 32 4978 6
59f000 52 27 5058 6
633000 1037 167 6263 6
505000 70 28 6362 6
504000 53 22 6438 6
549000 86 36 6561 6
7f736669f000 75 70 6707 6
599000 78 34 6819 6
4df000 32 21 6873 7
58a000 50 21 6945 8
6954 8
2 9 7 10 1 2 6 2 
0x412000
412000 56 31 87 0
87 0
0 0 0 0 0 0 0 0 
0x5b3000
5b3000 45 28 74 3
632000 1034 161 1270 3
617000 68 33 1371 4
5b2000 30 18 1419 4
635000 126 29 1575 4
631000 241 45 1861 4
7f736644b000 43 24 1929 4
7f736644a000 59 19 2008 4
7f7366449000 69 24 2102 4
7f7366452000 56 40 2199 5
7f7366451000 53 22 2275 5
7f7366450000 58 27 2361 5
7f736644e000 60 23 2445 6
7f7366455000 236 58 2740 6
7f736644d000 94 24 2858 6
7f736644c000 35 20 2914 6
7f7366453000 36 23 2974 6
7f7366454000 120 39 3135 6
7f7366448000 51 21 3208 6
7f736644f000 35 19 3263 6
403000 32 22 3320 6
402000 17 15 3353 6
634000 1030 158 4541 6
5f8000 55 28 4625 6
5c7000 55 25 4706 6
5c6000 51 32 4790 6
59f000 53 27 4871 6
633000 1039 170 6081 6
505000 72 27 6181 6
504000 54 23 6259 6
549000 87 36 6382 6
7f736669f000 76 70 6529 6
599000 78 34 6642 6
4df000 33 21 6697 7
58a000 50 21 6769 8
6778 8
2 7 7 10 1 2 6 2 
0x617000
617000 67 33 100 3
100 3
0 1 0 0 0 0 2 1 
0x5b2000
5b2000 30 17 48 0
635000 127 30 206 0
631000 240 45 491 0
7f736644b000 43 25 560 0
7f736644a000 59 20 639 0
7f7366449000 68 24 732 0
7f7366452000 57 39 829 2
7f7366451000 54 21 905 2
7f7366450000 58 27 991 2
7f736644e000 59 24 1075 3
7f7366455000 236 57 1369 4
7f736644d000 93 24 1487 4
7f736644c000 36 19 1543 4
7f7366453000 36 24 1604 4
7f7366454000 121 39 1765 4
7f7366448000 51 20 1837 4
7f736644f000 35 18 1892 4
403000 32 23 1950 5
402000 16 15 1982 5
634000 1034 158 3175 5
5f8000 54 28 3258 5
5c7000 55 25 3339 5
5c6000 51 31 3422 6
59f000 52 27 3502 6
633000 1033 167 4703 6
505000 70 28 4802 6
504000 53 22 4878 6
549000 86 36 5001 6
632000 1031 161 6194 6
7f736669f000 75 70 6339 6
599000 78 33 6451 6
4df000 33 22 6507 7
58a000 50 21 6578 8
6585 8
2 4 7 9 1 2 2 1 
0x635000
635000 126 29 156 0
631000 241 45 442 0
7f736644b000 43 24 510 0
7f736644a000 59 19 589 0
7f7366449000 69 24 683 0
7f7366452000 56 40 780 2
7f7366451000 54 21 856 2
7f7366450000 59 26 942 2
7f736644e000 60 24 1027 3
7f7366455000 237 57 1321 4
7f736644d000 93 25 1440 4
7f736644c000 35 20 1496 4
7f7366453000 37 23 1556 4
7f7366454000 122 39 1718 4
7f7366448000 51 20 1790 4
7f736644f000 35 18 1845 4
403000 32 23 1903 5
402000 17 15 1935 5
634000 1028 158 3122 5
5f8000 54 28 3205 5
5c7000 55 25 3286 5
5c6000 51 31 3369 6
59f000 52 28 3450 6
633000 1050 166 4667 6
505000 71 27 4766 6
504000 54 22 4843 6
549000 86 36 4966 6
632000 1036 160 6163 6
7f736669f000 76 70 6309 6
599000 78 34 6421 6
4df000 32 22 6476 7
58a000 50 21 6547 8
6554 8
2 4 7 9 1 2 2 1 
0x631000
631000 240 45 286 0
287 0
0 0 0 0 0 0 0 0 
0x408000
408000 58 23 82 1
632000 1034 161 1278 1
7f736669f000 76 70 1424 1
403000 32 23 1479 2
402000 17 15 1511 2
634000 1032 158 2702 2
5f8000 54 28 2785 2
5c7000 55 25 2866 2
5c6000 51 31 2949 4
59f000 52 28 3030 4
633000 1059 167 4257 4
505000 71 28 4357 4
504000 54 22 4434 4
549000 86 36 4557 4
599000 78 34 4671 4
4df000 32 22 4726 5
58a000 50 21 4798 6
589000 88 49 4936 6
50f000 67 34 5038 6
412000 56 31 5126 6
5b3000 45 29 5201 6
617000 67 33 5302 7
5b2000 30 18 5350 7
635000 126 30 5507 7
631000 241 46 5794 7
7f736644b000 43 24 5863 7
7f736644a000 59 20 5943 7
7f7366449000 69 24 6037 7
7f7366452000 56 40 6134 8
6146 8
2 9 6 9 1 2 6 1 
0x594000
594000 49 26 75 0
5b3000 45 28 149 3
632000 1047 161 1358 3
617000 67 33 1458 4
5b2000 29 18 1506 4
635000 127 29 1663 4
631000 242 45 1950 4
7f736644b000 43 24 2019 4
7f736644a000 59 21 2100 4
7f7366449000 70 24 2194 4
7f7366452000 56 40 2291 5
7f7366451000 54 21 2367 5
7f7366450000 58 27 2453 5
7f736644e000 60 24 2538 6
7f7366455000 236 58 2833 6
7f736644d000 93 24 2951 6
7f736644c000 35 20 3007 6
7f7366453000 36 23 3067 6
7f7366454000 120 39 3228 6
7f7366448000 51 21 3301 6
7f736644f000 35 19 3356 6
403000 32 22 3413 6
402000 17 14 3445 6
634000 1037 158 4641 6
5f8000 55 29 4726 6
5c7000 54 26 4807 6
5c6000 51 32 4891 6
59f000 52 27 4971 6
633000 1042 168 6182 6
505000 71 28 6281 6
504000 53 23 6358 6
549000 86 36 6481 6
7f736669f000 76 70 6628 6
599000 78 34 6741 6
4df000 32 22 6796 7
58a000 50 21 6868 8
6877 8
2 7 7 10 1 2 6 2 
0x593000
593000 66 26 92 0
634000 1039 158 1290 0
403000 32 23 1346 1
402000 16 15 1378 1
5f8000 55 28 1462 1
5c7000 55 25 1543 1
5c6000 52 32 1628 3
59f000 53 27 1708 3
633000 1041 167 2917 3
505000 71 27 3016 3
504000 54 22 3093 4
549000 86 37 3217 4
632000 1039 161 4417 4
7f736669f000 76 70 4563 4
599000 78 34 4676 4
4df000 32 22 4731 5
58a000 50 21 4803 6
589000 89 49 4942 6
50f000 66 34 5043 6
412000 56 31 5131 6
5b3000 45 28 5204 6
617000 67 33 5305 7
5b2000 30 17 5352 7
635000 126 29 5508 7
631000 241 45 5794 7
7f736644b000 43 24 5863 7
7f736644a000 58 20 5942 7
7f7366449000 69 24 6036 7
7f7366452000 56 40 6133 8
6144 8
2 9 5 9 1 2 6 1 
0x618000
618000 70 35 106 1
434000 60 30 197 1
5c6000 51 32 280 3
59f000 52 27 360 3
633000 1034 167 1562 3
505000 71 27 1660 3
634000 1031 158 2850 3
504000 53 23 2927 4
403000 32 22 2981 4
402000 17 15 3014 4
5f8000 55 28 3097 4
5c7000 55 25 3178 4
7f736670e000 57 28 3263 4
7f736670d000 49 17 3330 4
7f736670c000 45 17 3393 4
7f7366718000 62 87 3543 5
7f7366717000 97 55 3696 5
4f0000 44 24 3765 5
632000 1032 161 4958 5
7f736669f000 75 70 5103 5
532000 55 26 5184 5
552000 103 43 5331 5
631000 241 45 5618 5
551000 73 79 5772 5
584000 78 27 5877 5
44b000 44 27 5950 5
4a8000 70 33 6055 5
4a7000 76 37 6168 5
61f000 63 26 6257 5
61e000 42 17 6317 5
5a8000 58 26 6402 5
507000 39 19 6460 5
475000 49 35 6545 5
474000 64 33 6643 5
473000 68 32 6744 5
472000 62 29 6836 5
471000 35 22 6895 5
470000 47 22 6965 5
568000 72 34 7071 5
4b8000 56 20 7148 5
4b7000 70 42 7261 5
4b6000 43 21 7326 5
515000 37 21 7385 5
525000 87 40 7513 5
509000 54 27 7594 5
508000 57 29 7681 5
5d0000 64 37 7783 5
7f7366707000 76 23 7883 5
4e9000 36 19 7939 5
5e0000 62 27 8029 5
5df000 48 21 8099 5
45f000 31 22 8153 6
51a000 38 22 8214 6
7f7366719000 65 59 8339 6
519000 36 18 8393 6
527000 47 30 8471 6
526000 75 29 8576 6
5c9000 64 32 8673 6
553000 52 34 8760 6
5c8000 66 42 8868 6
514000 37 21 8927 6
60e000 91 23 9042 6
60d000 55 17 9115 6
60c000 40 22 9178 6
443000 49 27 9255 6
50e000 49 23 9328 6
50d000 66 39 9434 6
7f73666f1000 149 43 9627 6
4d8000 56 31 9715 6
4d7000 66 34 9816 6
4d6000 63 32 9911 6
5f7000 55 29 9996 6
5f6000 42 26 10065 6
48c000 47 27 10140 6
48b000 62 29 10232 6
48a000 55 28 10316 6
489000 52 22 10391 6
4bb000 41 21 10454 6
4ba000 61 26 10542 6
7f73666a5000 31 32 10606 6
7f73666a4000 54 50 10710 6
7f73666a3000 63 41 10814 6
7f736667f000 122 20 10956 6
7f73666a2000 59 24 11040 6
7f73666a1000 47 38 11126 6
7f736678c000 90 35 11251 6
7f736678b000 107 32 11391 6
7f736678a000 68 66 11525 6
7f7366788000 75 25 11625 6
7f7366742000 41 24 11690 6
7f7366690000 75 33 11799 6
7f736668f000 37 24 11860 6
7f736668e000 52 22 11935 6
7f736668d000 83 32 12051 6
7f736668c000 33 20 12104 6
7f7366684000 45 25 12174 6
7f7366683000 42 26 12243 6
7f7366682000 62 22 12328 6
7f73667bc000 99 38 12465 6
7f73666df000 73 35 12574 7
7f73666ec000 85 32 12692 7
7f73666eb000 77 43 12812 7
7f7366770000 56 73 12942 7
7f736676b000 54 52 13048 7
7f736676a000 76 79 13204 7
7f7366769000 61 53 13319 7
7f7366768000 46 19 13384 7
7f7366767000 44 16 13444 7
7f73666fc000 83 62 13590 7
7f73666fb000 85 43 13718 7
7f73666fa000 60 33 13812 7
7f73666f9000 81 35 13928 7
7f73666f8000 93 27 14048 7
7f73666f7000 67 38 14154 7
7f73666f2000 60 46 14261 7
7f73666be000 56 25 14343 7
7f7366766000 53 21 14417 7
7f7366765000 49 21 14487 7
7f7366764000 35 18 14541 7
7f7366763000 45 22 14609 7
7f7366762000 39 19 14668 7
7f7366761000 43 21 14733 7
7f736679b000 53 22 14809 7
7f736677d000 68 83 14960 7
7f73666ea000 60 30 15051 7
7f7366775000 61 49 15161 7
7f7366771000 78 62 15302 7
7f7366774000 49 37 15388 7
7f73666ee000 104 43 15535 7
7f7366773000 94 42 15672 7
7f7366772000 62 57 15791 7
7f73666bf000 31 27 15850 7
7f73666e8000 47 24 15922 7
7f7366740000 48 27 15998 7
7f736673f000 57 49 16104 7
7f73667a1000 45 27 16177 7
7f73667a0000 58 34 16270 7
7f736679f000 48 30 16349 7
7f736679e000 63 31 16444 8
16479 8
39 68 24 75 1 2 26 42 
0x434000
434000 61 30 92 0
92 0
0 0 0 0 0 0 0 0 
0x5d4000
5d4000 53 38 91 3
633000 1041 166 1299 3
505000 71 28 1399 3
634000 1037 158 2595 3
504000 54 22 2672 4
403000 32 23 2728 5
402000 17 15 2760 5
5f8000 54 29 2844 5
5c7000 55 25 2925 5
5c6000 51 32 3009 6
59f000 51 28 3089 6
59e000 51 24 3165 6
511000 67 33 3266 6
510000 44 22 3333 6
50f000 67 34 3435 6
412000 56 31 3523 6
5b3000 45 28 3596 6
632000 1034 160 4791 6
617000 66 33 4891 7
5b2000 29 18 4939 7
635000 126 29 5095 7
631000 239 45 5379 7
7f736644b000 43 24 5447 7
7f736644a000 58 20 5526 7
7f7366449000 69 24 5620 7
7f7366452000 56 40 5717 7
7f7366451000 53 22 5793 7
7f7366450000 58 26 5878 7
7f736644e000 60 24 5963 7
7f7366455000 236 57 6257 7
7f736644d000 93 25 6376 7
7f736644c000 35 19 6431 7
7f7366453000 36 24 6492 7
7f7366454000 121 39 6653 7
7f7366448000 51 21 6726 7
7f736644f000 35 19 6781 7
408000 58 23 6865 7
7f736669f000 76 69 7011 7
7f7366707000 76 23 7111 7
594000 47 26 7185 7
593000 66 26 7278 7
7f7366718000 62 88 7429 8
7439 8
2 9 13 12 1 4 8 2 
0x4dc000
4dc000 40 23 64 0
633000 1033 166 1264 0
505000 70 28 1363 0
634000 1032 158 2554 0
504000 53 23 2631 1
403000 32 23 2686 2
402000 17 15 2718 2
5f8000 54 28 2801 2
5c7000 55 25 2882 2
5c6000 51 32 2966 4
59f000 52 27 3046 4
59e000 51 24 3122 4
511000 67 33 3223 4
510000 44 22 3290 4
50f000 67 34 3392 4
412000 56 30 3479 4
5b3000 45 28 3553 4
632000 1032 161 4747 4
617000 67 33 4847 5
5b2000 30 17 4894 5
635000 126 29 5050 5
631000 239 46 5335 5
7f736644b000 43 24 5403 5
7f736644a000 58 20 5482 5
7f7366449000 69 24 5576 5
7f7366452000 56 40 5673 6
7f7366451000 54 22 5749 6
7f7366450000 58 27 5834 6
7f736644e000 60 23 5918 6
7f7366455000 236 58 6213 6
7f736644d000 93 24 6331 6
7f736644c000 35 20 6387 6
7f7366453000 36 23 6447 6
7f7366454000 121 39 6608 6
7f7366448000 52 20 6681 6
7f736644f000 35 18 6736 6
408000 58 24 6821 6
7f736669f000 75 70 6967 6
7f7366707000 76 23 7066 6
594000 48 26 7141 6
593000 66 26 7234 6
7f7366718000 62 87 7384 7
7f7366717000 97 55 7537 7
7f736670e000 56 28 7622 7
7f736670d000 50 16 7689 7
7f736670c000 45 17 7752 7
618000 70 35 7858 7
434000 61 29 7949 7
5d4000 52 38 8040 8
8052 8
2 12 17 29 1 4 8 2 
0x4f8000
4f8000 53 29 82 0
632000 1031 160 1274 0
4f7000 45 24 1344 0
633000 1038 166 2549 0
505000 70 28 2648 0
634000 1028 158 3835 0
504000 53 23 3912 1
403000 32 23 3967 2
402000 17 15 3999 2
5f8000 54 28 4082 2
5c7000 55 25 4163 2
5c6000 51 31 4246 4
59f000 52 27 4326 4
59e000 52 23 4402 4
511000 67 34 4504 4
510000 44 22 4571 4
50f000 67 34 4673 4
412000 56 31 4760 4
5b3000 46 28 4834 4
617000 67 33 4934 5
5b2000 30 17 4981 5
635000 126 29 5137 5
631000 243 45 5426 5
7f736644b000 43 24 5494 5
7f736644a000 58 20 5573 5
7f7366449000 69 24 5667 5
7f7366452000 56 40 5764 6
7f7366451000 53 22 5840 6
7f7366450000 58 26 5925 6
7f736644e000 60 24 6010 6
7f7366455000 236 57 6304 6
7f736644d000 93 25 6423 6
7f736644c000 35 20 6479 6
7f7366453000 36 23 6539 6
7f7366454000 121 39 6700 6
7f7366448000 51 21 6773 6
7f736644f000 35 19 6828 6
408000 58 23 6912 6
7f736669f000 76 69 7058 6
7f7366707000 76 24 7159 6
594000 48 26 7233 6
593000 66 26 7326 6
7f7366718000 62 88 7477 7
7f7366717000 98 55 7630 7
7f736670e000 57 28 7715 7
7f736670d000 49 17 7782 7
7f736670c000 45 16 7844 7
618000 70 36 7951 7
434000 60 30 8042 7
5d4000 53 37 8132 8
8145 8
2 12 17 29 1 4 8 2 
0x4f7000
4f7000 46 23 69 0
633000 1033 167 1270 0
505000 72 27 1369 0
634000 1035 158 2563 0
504000 54 22 2639 1
403000 32 22 2694 2
402000 16 15 2726 2
5f8000 54 29 2810 2
5c7000 54 25 2890 2
5c6000 51 32 2974 4
59f000 51 28 3054 4
59e000 51 23 3129 4
511000 67 34 3231 4
510000 44 22 3298 4
50f000 67 34 3400 4
412000 56 31 3487 4
5b3000 45 29 3561 4
632000 1035 161 4757 4
617000 67 33 4857 5
5b2000 30 17 4904 5
635000 126 29 5060 5
631000 240 45 5346 5
7f736644b000 43 25 5415 5
7f736644a000 59 20 5494 5
7f7366449000 68 24 5587 5
7f7366452000 57 39 5684 6
7f7366451000 54 21 5760 6
7f7366450000 58 27 5846 6
7f736644e000 60 24 5930 6
7f7366455000 236 58 6225 6
7f736644d000 94 24 6343 6
7f736644c000 36 19 6399 6
7f7366453000 36 24 6460 6
7f7366454000 121 39 6621 6
7f7366448000 51 21 6694 6
7f736644f000 35 19 6749 6
408000 58 23 6833 6
7f736669f000 76 69 6979 6
7f7366707000 76 23 7079 6
594000 48 26 7154 6
593000 66 25 7246 6
7f7366718000 62 88 7397 7
7f7366717000 97 55 7550 7
7f736670e000 57 28 7636 7
7f736670d000 49 17 7703 7
7f736670c000 45 17 7766 7
618000 70 35 7872 7
434000 60 30 7963 7
5d4000 53 37 8053 8
8065 8
2 12 17 29 1 4 8 2 
0x42b000
42b000 53 21 74 0
7f7366707000 76 23 174 0
403000 32 22 229 1
402000 17 15 262 1
634000 1031 158 1451 1
5f8000 54 29 1535 1
5c7000 55 25 1615 1
5c6000 51 32 1699 3
59f000 51 28 1779 3
633000 1032 166 2978 3
505000 70 28 3077 3
504000 53 23 3154 4
549000 86 36 3276 4
632000 1036 161 4474 4
7f736669f000 75 70 4620 4
599000 78 34 4732 4
4df000 32 22 4787 5
58a000 49 21 4858 6
589000 88 48 4995 6
50f000 67 34 5097 6
412000 56 31 5185 6
5b3000 45 28 5258 6
617000 67 33 5359 7
5b2000 29 18 5406 7
635000 126 29 5562 7
631000 239 46 5847 7
7f736644b000 43 24 5915 7
7f736644a000 58 20 5994 7
7f7366449000 69 24 6088 7
7f7366452000 56 40 6185 8
6196 8
2 9 5 9 1 2 6 1 
0x42a000
42a000 45 25 71 1
632000 1035 160 1266 1
429000 59 28 1354 2
485000 39 25 1419 2
633000 1037 166 2622 2
505000 70 28 2721 2
634000 1034 158 3914 2
504000 53 23 3991 3
403000 32 23 4046 3
402000 17 15 4078 3
5f8000 54 28 4161 3
5c7000 55 25 4242 3
5c6000 51 31 4325 4
59f000 52 27 4405 4
59e000 52 23 4481 4
511000 67 33 4582 4
510000 45 22 4650 4
50f000 67 34 4751 4
412000 56 30 4838 4
5b3000 45 28 4912 4
617000 66 33 5012 5
5b2000 29 18 5060 5
635000 125 29 5215 5
631000 238 46 5500 5
7f736644b000 43 24 5568 5
7f736644a000 58 20 5647 5
7f7366449000 69 24 5741 5
7f7366452000 56 39 5837 6
7f7366451000 54 21 5913 6
7f7366450000 58 27 5999 6
7f736644e000 59 24 6083 6
7f7366455000 237 57 6378 6
7f736644d000 93 25 6497 6
7f736644c000 35 20 6553 6
7f7366453000 36 24 6613 6
7f7366454000 121 39 6774 6
7f7366448000 51 20 6846 6
7f736644f000 35 18 6901 6
408000 58 23 6985 6
7f736669f000 76 69 7131 6
7f7366707000 76 23 7231 6
594000 48 26 7306 6
593000 66 26 7398 6
7f7366718000 62 88 7549 7
7f7366717000 98 54 7701 7
7f736670e000 57 28 7787 7
7f736670d000 50 17 7854 7
7f736670c000 46 16 7916 7
618000 70 35 8022 7
434000 61 29 8113 7
5d4000 52 38 8204 8
8216 8
2 13 17 29 1 4 9 2 
0x429000
429000 60 27 87 1
87 1
0 0 0 0 0 0 1 0 
0x485000
485000 40 24 64 0
64 0
0 0 0 0 0 0 0 0 
0x419000
419000 58 29 87 1
87 1
0 1 0 0 0 0 0 0 
0x520000
520000 33 19 53 0
51f000 31 21 106 1
51e000 54 35 196 3
51d000 64 28 289 3
632000 1034 160 1484 3
51c000 59 25 1569 3
51b000 72 26 1667 3
633000 1032 166 2866 3
505000 71 27 2965 3
634000 1035 158 4159 3
504000 53 23 4236 4
403000 32 23 4291 4
402000 17 15 4323 4
5f8000 54 29 4407 4
5c7000 54 25 4487 4
5c6000 51 32 4571 4
59f000 52 27 4651 4
59e000 51 24 4727 4
511000 67 33 4828 4
510000 45 22 4896 4
50f000 67 33 4997 4
412000 56 31 5085 4
5b3000 46 28 5159 4
617000 66 33 5259 5
5b2000 29 18 5307 5
635000 125 29 5462 5
631000 240 45 5748 5
7f736644b000 43 24 5816 5
7f736644a000 59 20 5896 5
7f7366449000 68 24 5989 5
7f7366452000 56 40 6086 6
7f7366451000 54 21 6162 6
7f7366450000 58 27 6248 6
7f736644e000 60 23 6332 6
7f7366455000 237 58 6628 6
7f736644d000 93 25 6747 6
7f736644c000 35 20 6803 6
7f7366453000 36 23 6863 6
7f7366454000 120 39 7024 6
7f7366448000 52 20 7097 6
7f736644f000 36 18 7152 6
408000 58 24 7237 6
7f736669f000 75 70 7383 6
7f7366707000 76 24 7483 6
594000 48 26 7557 6
593000 66 26 7650 6
7f7366718000 62 88 7801 7
7f7366717000 97 55 7953 7
7f736670e000 56 29 8039 7
7f736670d000 50 17 8106 7
7f736670c000 46 16 8168 7
618000 70 35 8274 7
434000 61 30 8366 7
5d4000 52 38 8456 8
8472 8
2 14 17 31 1 4 10 2 
0x51f000
51f000 30 22 53 1
51e000 54 36 143 3
51d000 64 28 236 3
632000 1032 161 1430 3
51c000 59 25 1514 3
51b000 71 26 1612 3
633000 1033 166 2812 3
505000 71 27 2911 3
634000 1041 159 4112 3
504000 54 23 4189 4
403000 33 22 4244 4
402000 17 15 4277 4
5f8000 55 29 4361 4
5c7000 54 25 4441 4
5c6000 51 31 4524 4
59f000 52 28 4605 4
59e000 51 23 4680 4
511000 67 33 4781 4
510000 45 22 4849 4
50f000 66 34 4950 4
412000 56 31 5038 4
5b3000 45 28 5111 4
617000 67 33 5212 5
5b2000 30 18 5260 5
635000 126 29 5415 5
631000 239 46 5701 5
7f736644b000 43 24 5769 5
7f736644a000 59 20 5849 5
7f7366449000 69 24 5942 5
7f7366452000 57 39 6039 6
7f7366451000 54 22 6116 6
7f7366450000 58 26 6201 6
7f736644e000 60 24 6286 6
7f7366455000 236 58 6581 6
7f736644d000 93 25 6699 6
7f736644c000 35 20 6755 6
7f7366453000 36 24 6816 6
7f7366454000 121 40 6978 6
7f7366448000 52 20 7051 6
7f736644f000 35 19 7107 6
408000 58 23 7191 6
7f736669f000 76 70 7338 6
7f7366707000 76 24 7439 6
594000 48 26 7514 6
593000 66 26 7607 6
7f7366718000 62 88 7758 7
7f7366717000 98 54 7911 7
7f736670e000 57 28 7997 7
7f736670d000 50 17 8064 7
7f736670c000 45 16 8126 7
618000 70 36 8233 7
434000 60 30 8324 7
5d4000 53 38 8415 8
8430 8
2 14 17 31 1 4 10 2 
0x51e000
51e000 53 36 90 2
51d000 64 28 183 2
632000 1034 160 1378 2
51c000 59 26 1463 2
51b000 71 26 1560 2
633000 1036 167 2764 2
505000 71 27 2863 2
634000 1035 159 4058 2
504000 53 22 4134 3
403000 32 22 4189 3
402000 17 15 4222 3
5f8000 54 28 4305 3
5c7000 55 25 4386 3
5c6000 51 32 4470 4
59f000 51 28 4550 4
59e000 52 23 4626 4
511000 67 33 4727 4
510000 45 22 4795 4
50f000 67 33 4896 4
412000 56 31 4984 4
5b3000 56 28 5068 4
617000 67 33 5169 5
5b2000 30 17 5216 5
635000 126 29 5372 5
631000 239 45 5657 5
7f736644b000 43 24 5725 5
7f736644a000 59 20 5805 5
7f7366449000 70 24 5899 5
7f7366452000 57 39 5995 6
7f7366451000 54 21 6071 6
7f7366450000 58 27 6157 6
7f736644e000 59 24 6241 6
7f7366455000 237 58 6537 6
7f736644d000 94 24 6655 6
7f736644c000 36 19 6711 6
7f7366453000 36 24 6772 6
7f7366454000 120 40 6933 6
7f7366448000 51 20 7005 6
7f736644f000 35 18 7060 6
408000 59 23 7145 6
7f736669f000 75 70 7291 6
7f7366707000 75 24 7391 6
594000 48 26 7465 6
593000 66 26 7558 6
7f7366718000 62 87 7708 7
7f7366717000 98 54 7861 7
7f736670e000 57 28 7947 7
7f736670d000 50 17 8014 7
7f736670c000 45 16 8076 7
618000 71 35 8183 7
434000 61 29 8274 7
5d4000 52 38 8365 8
8379 8
2 14 17 31 1 4 8 2 
0x51d000
51d000 64 28 92 1
632000 1033 160 1286 1
51c000 59 26 1371 2
51b000 71 26 1468 2
633000 1034 167 2670 2
505000 70 28 2769 2
634000 1039 158 3967 2
504000 54 22 4044 3
403000 32 22 4099 3
402000 16 15 4131 3
5f8000 54 29 4215 3
5c7000 54 25 4295 3
5c6000 51 32 4379 4
59f000 52 27 4459 4
59e000 51 24 4535 4
511000 67 33 4636 4
510000 45 22 4704 4
50f000 66 34 4805 4
412000 56 30 4892 4
5b3000 45 28 4966 4
617000 66 34 5067 5
5b2000 29 18 5114 5
635000 126 29 5270 5
631000 238 46 5555 5
7f736644b000 44 24 5624 5
7f736644a000 59 20 5704 5
7f7366449000 68 24 5797 5
7f7366452000 57 39 5894 6
7f7366451000 54 21 5970 6
7f7366450000 58 27 6056 6
7f736644e000 59 24 6140 6
7f7366455000 236 58 6435 6
7f736644d000 93 25 6554 6
7f736644c000 35 19 6609 6
7f7366453000 36 24 6670 6
7f7366454000 120 40 6831 6
7f7366448000 51 21 6904 6
7f736644f000 35 19 6959 6
408000 58 23 7043 6
7f736669f000 75 70 7189 6
7f7366707000 76 24 7289 6
594000 48 26 7363 6
593000 66 25 7455 6
7f7366718000 63 87 7606 7
7f7366717000 97 55 7759 7
7f736670e000 57 28 7844 7
7f736670d000 50 16 7911 7
7f736670c000 45 17 7974 7
618000 70 35 8080 7
434000 61 29 8171 7
5d4000 52 38 8262 8
8275 8
2 13 17 30 1 4 8 2 
0x51c000
51c000 59 25 84 1
51b000 71 26 182 1
633000 1032 166 1381 1
505000 71 27 1480 1
634000 1032 158 2671 1
504000 53 23 2747 2
403000 32 23 2802 3
402000 16 15 2834 3
5f8000 54 28 2917 3
5c7000 55 25 2998 3
5c6000 51 32 3082 4
59f000 52 27 3162 4
59e000 51 23 3237 4
511000 68 33 3339 4
510000 44 23 3407 4
50f000 67 34 3508 4
412000 56 30 3595 4
5b3000 45 28 3669 4
632000 1032 160 4862 4
617000 66 34 4963 5
5b2000 30 17 5010 5
635000 126 29 5166 5
631000 238 45 5450 5
7f736644b000 43 24 5519 5
7f736644a000 58 20 5598 5
7f7366449000 69 24 5692 5
7f7366452000 57 40 5789 6
7f7366451000 53 22 5865 6
7f7366450000 57 27 5950 6
7f736644e000 60 24 6035 6
7f7366455000 236 58 6330 6
7f736644d000 93 25 6449 6
7f736644c000 35 19 6504 6
7f7366453000 36 24 6565 6
7f7366454000 120 39 6725 6
7f7366448000 52 20 6798 6
7f736644f000 36 18 6853 6
408000 58 23 6937 6
7f736669f000 76 69 7083 6
7f7366707000 76 23 7183 6
594000 47 26 7257 6
593000 66 26 7350 6
7f7366718000 62 88 7501 7
7f7366717000 98 55 7654 7
7f736670e000 57 28 7739 7
7f736670d000 50 17 7806 7
7f736670c000 45 17 7869 7
618000 70 36 7975 7
434000 60 30 8066 7
5d4000 52 37 8156 8
8168 8
2 12 17 30 1 4 8 2 
0x51b000
51b000 72 26 98 0
633000 1034 167 1299 0
505000 71 27 1398 0
634000 1033 158 2590 0
504000 54 22 2666 1
403000 32 22 2721 2
402000 17 15 2754 2
5f8000 55 29 2838 2
5c7000 55 25 2919 2
5c6000 51 32 3003 4
59f000 52 28 3084 4
59e000 51 24 3160 4
511000 68 33 3262 4
510000 45 22 3330 4
50f000 67 34 3432 4
412000 56 31 3520 4
5b3000 46 28 3594 4
632000 1039 161 4795 4
617000 66 34 4896 5
5b2000 30 18 4944 5
635000 126 29 5100 5
631000 239 45 5385 5
7f736644b000 43 24 5454 5
7f736644a000 58 20 5533 5
7f7366449000 69 24 5627 5
7f7366452000 56 39 5723 6
7f7366451000 54 21 5799 6
7f7366450000 58 27 5885 6
7f736644e000 60 24 5970 6
7f7366455000 236 58 6265 6
7f736644d000 94 24 6383 6
7f736644c000 35 20 6439 6
7f7366453000 36 23 6499 6
7f7366454000 120 39 6660 6
7f7366448000 52 20 6733 6
7f736644f000 36 18 6788 6
408000 58 24 6873 6
7f736669f000 75 70 7019 6
7f7366707000 75 24 7119 6
594000 48 26 7193 6
593000 66 26 7286 6
7f7366718000 62 87 7436 7
7f7366717000 97 55 7589 7
7f736670e000 56 28 7674 7
7f736670d000 50 17 7742 7
7f736670c000 46 16 7804 7
618000 70 36 7911 7
434000 61 30 8003 7
5d4000 53 37 8093 8
8106 8
2 12 17 29 1 4 8 2 
0x472000
472000 61 30 92 2
471000 36 22 151 2
470000 47 22 221 2
403000 32 22 276 2
402000 17 15 309 2
634000 1033 158 1501 2
5f8000 55 28 1584 2
5c7000 55 25 1665 2
5c6000 50 32 1748 4
59f000 52 27 1828 4
633000 1032 166 3027 4
505000 71 28 3127 4
504000 54 22 3203 5
549000 86 36 3326 5
632000 1029 160 4516 5
7f736669f000 75 71 4663 5
599000 78 33 4774 5
4df000 33 21 4829 6
58a000 50 21 4901 6
589000 87 49 5038 6
50f000 67 33 5139 6
412000 57 30 5227 6
5b3000 45 28 5301 6
617000 67 33 5402 7
5b2000 29 18 5449 7
635000 126 29 5605 7
631000 240 45 5890 7
7f736644b000 43 24 5959 7
7f736644a000 58 20 6038 7
7f7366449000 69 24 6132 7
7f7366452000 56 40 6229 8
6242 8
4 10 5 9 1 2 6 1 
0x471000
471000 36 21 57 0
470000 47 22 127 0
403000 32 22 182 1
402000 17 15 215 1
634000 1031 160 1406 1
5f8000 55 28 1489 1
5c7000 55 25 1570 1
5c6000 51 32 1654 3
59f000 52 27 1734 3
633000 1038 166 2939 3
505000 71 27 3038 3
504000 53 23 3115 4
549000 87 36 3238 4
632000 1032 161 4432 4
7f736669f000 76 69 4577 4
599000 77 34 4689 4
4df000 33 21 4744 5
58a000 51 21 4817 6
589000 87 49 4954 6
50f000 67 34 5056 6
412000 56 30 5143 6
5b3000 45 28 5217 6
617000 67 33 5318 7
5b2000 30 17 5365 7
635000 126 29 5521 7
631000 242 45 5808 7
7f736644b000 43 24 5877 7
7f736644a000 58 20 5956 7
7f7366449000 69 24 6050 7
7f7366452000 56 40 6147 8
6159 8
2 9 5 9 1 2 6 1 
0x470000
470000 47 22 69 0
69 0
0 0 0 0 0 0 0 0 
0x568000
568000 72 34 106 1
4b8000 56 20 183 1
4b7000 69 43 296 3
4b6000 43 21 361 3
515000 36 22 420 3
525000 87 39 547 3
632000 1029 160 1737 3
402000 16 15 1769 3
633000 1029 167 2966 3
505000 71 27 3065 3
634000 1043 158 4267 3
504000 54 22 4344 4
403000 32 23 4400 4
5f8000 55 29 4484 4
5c7000 55 25 4565 4
5c6000 51 32 4649 5
59f000 53 27 4730 5
59e000 52 23 4806 5
511000 68 33 4908 5
510000 46 22 4977 5
50f000 67 34 5079 5
412000 56 31 5167 5
5b3000 46 28 5241 5
617000 67 33 5342 6
5b2000 29 18 5390 6
635000 126 30 5547 6
631000 241 45 5833 6
7f736644b000 43 24 5902 6
7f736644a000 59 20 5982 6
7f7366449000 69 24 6076 6
7f7366452000 57 39 6173 7
7f7366451000 54 22 6250 7
7f7366450000 58 27 6336 7
7f736644e000 60 24 6421 7
7f7366455000 237 58 6717 7
7f736644d000 94 24 6836 7
7f736644c000 36 19 6892 7
7f7366453000 37 23 6953 7
7f7366454000 121 39 7115 7
7f7366448000 52 20 7188 7
7f736644f000 35 18 7243 7
408000 59 23 7328 7
7f736669f000 76 70 7475 7
7f7366707000 76 23 7575 7
594000 48 26 7650 7
593000 66 26 7743 7
7f7366718000 63 88 7895 7
7f7366717000 98 55 8048 7
7f736670e000 57 28 8134 7
7f736670d000 51 16 8201 7
7f736670c000 46 16 8264 7
618000 71 35 8371 7
434000 61 30 8463 7
5d4000 53 38 8554 8
8569 8
3 15 17 30 1 4 8 2 
0x4b8000
4b8000 56 20 76 0
4b7000 70 43 190 3
4b6000 43 21 255 3
515000 37 22 315 3
525000 87 40 443 3
632000 1040 161 1644 3
402000 17 15 1676 3
633000 1044 167 2887 3
505000 71 27 2986 3
634000 1040 158 4185 3
504000 54 22 4262 4
403000 32 23 4318 4
5f8000 55 29 4402 4
5c7000 54 26 4483 4
5c6000 52 32 4567 5
59f000 53 27 4647 5
59e000 52 23 4723 5
511000 68 33 4825 5
510000 45 22 4893 5
50f000 67 34 4995 5
412000 56 31 5083 5
5b3000 45 28 5157 5
617000 67 34 5259 6
5b2000 30 17 5306 6
635000 127 29 5463 6
631000 241 46 5750 6
7f736644b000 43 24 5818 6
7f736644a000 58 20 5897 6
7f7366449000 69 24 5991 6
7f7366452000 56 40 6088 7
7f7366451000 54 21 6164 7
7f7366450000 58 26 6249 7
7f736644e000 60 24 6334 7
7f7366455000 236 57 6628 7
7f736644d000 93 25 6747 7
7f736644c000 35 20 6803 7
7f7366453000 36 23 6863 7
7f7366454000 121 39 7024 7
7f7366448000 51 21 7097 7
7f736644f000 35 18 7151 7
408000 59 23 7236 7
7f736669f000 75 70 7382 7
7f7366707000 76 23 7482 7
594000 48 26 7556 7
593000 66 26 7649 7
7f7366718000 62 87 7799 7
7f7366717000 97 55 7952 7
7f736670e000 57 28 8037 7
7f736670d000 50 17 8104 7
7f736670c000 45 17 8167 7
618000 70 35 8273 7
434000 61 30 8365 7
5d4000 53 37 8455 8
8470 8
3 14 17 30 1 4 8 2 
0x4b7000
4b7000 70 43 113 3
4b6000 43 21 178 3
515000 37 22 238 3
525000 87 40 366 3
632000 1030 162 1558 3
402000 17 15 1590 3
633000 1032 166 2788 3
505000 71 27 2887 3
634000 1034 158 4080 3
504000 54 22 4156 4
403000 31 23 4211 4
5f8000 54 29 4295 4
5c7000 55 25 4375 4
5c6000 51 32 4459 5
59f000 52 28 4540 5
59e000 52 23 4616 5
511000 68 33 4718 5
510000 45 22 4786 5
50f000 67 34 4888 5
412000 57 30 4975 5
5b3000 45 28 5049 5
617000 67 33 5150 6
5b2000 29 18 5198 6
635000 126 30 5355 6
631000 242 45 5642 6
7f736644b000 43 25 5711 6
7f736644a000 59 20 5790 6
7f7366449000 69 24 5884 6
7f7366452000 57 39 5981 7
7f7366451000 54 22 6058 7
7f7366450000 58 27 6144 7
7f736644e000 60 24 6229 7
7f7366455000 237 58 6525 7
7f736644d000 94 24 6644 7
7f736644c000 35 20 6700 7
7f7366453000 36 24 6761 7
7f7366454000 122 39 6923 7
7f7366448000 52 20 6996 7
7f736644f000 35 19 7052 7
408000 58 23 7136 7
7f736669f000 76 71 7284 7
7f7366707000 77 23 7384 7
594000 48 26 7459 7
593000 66 26 7552 7
7f7366718000 62 88 7703 7
7f7366717000 98 55 7857 7
7f736670e000 57 29 7943 7
7f736670d000 50 17 8010 7
7f736670c000 45 17 8073 7
618000 70 35 8179 7
434000 61 30 8271 7
5d4000 53 38 8362 8
8376 8
3 14 17 30 1 4 8 2 
0x4b6000
4b6000 43 21 64 0
515000 38 22 125 1
525000 86 40 252 1
632000 1037 160 1450 1
402000 17 15 1483 1
633000 1037 167 2687 1
505000 71 28 2787 1
634000 1036 159 3983 1
504000 54 22 4059 2
403000 32 23 4115 2
5f8000 55 29 4199 2
5c7000 55 25 4280 2
5c6000 51 32 4364 4
59f000 52 27 4444 4
59e000 52 23 4520 4
511000 68 33 4622 4
510000 45 22 4690 4
50f000 67 34 4792 4
412000 56 31 4880 4
5b3000 46 28 4954 4
617000 67 33 5055 5
5b2000 29 18 5103 5
635000 127 29 5260 5
631000 243 45 5548 5
7f736644b000 43 25 5617 5
7f736644a000 58 20 5696 5
7f7366449000 69 24 5790 5
7f7366452000 57 39 5887 6
7f7366451000 54 22 5964 6
7f7366450000 58 27 6050 6
7f736644e000 60 24 6135 6
7f7366455000 237 58 6431 6
7f736644d000 94 24 6550 6
7f736644c000 35 20 6606 6
7f7366453000 36 24 6667 6
7f7366454000 121 40 6829 6
7f7366448000 52 20 6902 6
7f736644f000 36 18 6957 6
408000 59 23 7042 6
7f736669f000 76 70 7189 6
7f7366707000 76 24 7290 6
594000 48 27 7365 6
593000 67 26 7458 6
7f7366718000 62 88 7609 7
7f7366717000 98 55 7762 7
7f736670e000 57 28 7848 7
7f736670d000 50 17 7916 7
7f736670c000 45 17 7979 7
618000 70 35 8085 7
434000 61 30 8177 7
5d4000 53 37 8268 8
8281 8
2 13 17 29 1 4 8 2 
0x515000
515000 37 22 59 1
525000 87 40 187 1
632000 1043 161 1392 1
402000 16 15 1424 1
633000 1042 168 2635 1
505000 72 27 2734 1
634000 1037 159 3931 1
504000 53 23 4008 2
403000 33 22 4063 2
5f8000 55 28 4147 2
5c7000 55 25 4228 2
5c6000 51 32 4312 4
59f000 52 28 4393 4
59e000 51 24 4469 4
511000 67 34 4571 4
510000 45 22 4639 4
50f000 67 34 4741 4
412000 56 31 4829 4
5b3000 45 28 4902 4
617000 67 33 5003 5
5b2000 29 18 5051 5
635000 126 29 5207 5
631000 241 46 5495 5
7f736644b000 43 25 5564 5
7f736644a000 59 20 5643 5
7f7366449000 70 24 5738 5
7f7366452000 57 40 5835 6
7f7366451000 54 22 5912 6
7f7366450000 59 26 5997 6
7f736644e000 61 23 6082 6
7f7366455000 239 58 6380 6
7f736644d000 94 25 6499 6
7f736644c000 35 20 6555 6
7f7366453000 36 24 6616 6
7f7366454000 121 40 6778 6
7f7366448000 51 21 6851 6
7f736644f000 36 18 6906 6
408000 59 23 6991 6
7f736669f000 76 70 7138 6
7f7366707000 76 23 7238 6
594000 48 26 7313 6
593000 66 26 7406 6
7f7366718000 63 88 7558 7
7f7366717000 98 55 7711 7
7f736670e000 57 28 7797 7
7f736670d000 50 17 7865 7
7f736670c000 45 17 7928 7
618000 70 35 8034 7
434000 61 30 8126 7
5d4000 52 38 8217 8
8229 8
2 13 17 29 1 4 8 2 
0x525000
525000 87 40 127 0
127 0
0 0 0 0 0 0 0 0 
0x509000
509000 55 27 82 0
632000 1037 162 1281 0
7f736669f000 76 70 1428 1
403000 32 23 1483 2
402000 16 15 1515 2
634000 1036 158 2710 2
5f8000 54 29 2794 2
5c7000 54 25 2874 2
5c6000 51 32 2958 4
59f000 51 28 3038 4
633000 1031 167 4237 4
505000 71 28 4336 4
504000 54 22 4412 4
549000 86 36 4535 4
599000 78 34 4648 4
4df000 32 21 4702 5
58a000 50 21 4774 6
589000 87 49 4911 6
50f000 67 33 5012 6
412000 56 31 5100 6
5b3000 46 28 5174 6
617000 66 34 5275 7
5b2000 29 18 5322 7
635000 126 29 5478 7
631000 241 45 5764 7
7f736644b000 43 24 5832 7
7f736644a000 58 20 5911 7
7f7366449000 69 24 6005 7
7f7366452000 56 40 6102 8
6114 8
2 9 5 9 1 2 6 1 
0x508000
508000 58 29 87 1
507000 39 19 146 1
475000 49 35 231 2
474000 65 32 329 2
473000 68 32 430 2
472000 62 30 523 3
471000 36 21 581 3
470000 48 22 652 3
403000 32 23 707 3
402000 16 15 739 3
634000 1039 158 1937 3
5f8000 55 28 2021 3
5c7000 55 26 2103 3
5c6000 51 32 2187 4
59f000 52 27 2267 4
633000 1042 167 3477 4
505000 71 28 3577 4
504000 54 22 3654 5
549000 86 36 3777 5
632000 1039 160 4977 5
7f736669f000 76 70 5124 5
599000 77 34 5235 5
4df000 33 21 5290 6
58a000 49 22 5362 6
589000 87 49 5499 6
50f000 67 34 5601 6
412000 56 30 5688 6
5b3000 45 28 5762 6
617000 67 33 5863 7
5b2000 30 17 5910 7
635000 126 29 6066 7
631000 240 45 6351 7
7f736644b000 43 24 6420 7
7f736644a000 58 20 6499 7
7f7366449000 69 24 6593 7
7f7366452000 57 39 6689 8
6706 8
4 11 5 15 1 2 6 1 
0x507000
507000 39 18 57 0
475000 50 34 142 2
474000 64 33 240 2
473000 69 32 341 2
472000 61 29 432 3
471000 36 21 491 3
470000 47 22 561 3
403000 32 23 616 3
402000 16 15 648 3
634000 1033 158 1840 3
5f8000 55 28 1923 3
5c7000 55 25 2004 3
5c6000 51 31 2087 4
59f000 52 27 2168 4
633000 1033 167 3369 4
505000 72 27 3469 4
504000 53 23 3546 5
549000 87 36 3669 5
632000 1037 160 4867 5
7f736669f000 76 70 5013 5
599000 78 34 5125 5
4df000 32 22 5180 6
58a000 49 21 5251 6
589000 88 49 5389 6
50f000 66 34 5490 6
412000 56 31 5578 6
5b3000 45 28 5651 6
617000 67 33 5752 7
5b2000 30 17 5799 7
635000 125 29 5955 7
631000 239 45 6239 7
7f736644b000 43 24 6308 7
7f736644a000 58 20 6387 7
7f7366449000 68 24 6480 7
7f7366452000 57 39 6577 8
6593 8
4 11 5 13 1 2 6 1 
0x475000
475000 49 35 85 2
474000 64 32 182 2
473000 69 32 284 2
472000 61 30 376 3
471000 36 21 434 3
470000 47 22 504 3
403000 33 22 559 3
402000 17 14 591 3
634000 1035 158 1785 3
5f8000 54 29 1869 3
5c7000 54 25 1949 3
5c6000 51 32 2033 4
59f000 52 27 2113 4
633000 1035 167 3316 4
505000 70 28 3415 4
504000 53 23 3492 5
549000 87 36 3615 5
632000 1035 160 4811 5
7f736669f000 75 70 4957 5
599000 77 34 5069 5
4df000 33 21 5124 6
58a000 49 21 5195 6
589000 87 49 5333 6
50f000 67 33 5434 6
412000 56 30 5522 6
5b3000 45 28 5596 6
617000 67 33 5697 7
5b2000 30 17 5744 7
635000 126 29 5900 7
631000 240 45 6186 7
7f736644b000 42 25 6255 7
7f736644a000 59 20 6334 7
7f7366449000 68 24 6427 7
7f7366452000 57 39 6524 8
6539 8
4 11 5 13 1 2 6 1 
0x474000
474000 64 32 97 0
473000 68 32 198 0
472000 61 30 290 2
471000 36 21 348 2
470000 47 22 418 2
403000 32 22 473 2
402000 17 15 506 2
634000 1029 158 1693 2
5f8000 55 28 1777 2
5c7000 55 25 1858 2
5c6000 50 32 1941 4
59f000 52 27 2021 4
633000 1035 166 3223 4
505000 71 27 3322 4
504000 54 22 3399 5
549000 86 36 3522 5
632000 1030 160 4713 5
7f736669f000 75 70 4859 5
599000 77 34 4971 5
4df000 32 22 5026 6
58a000 49 21 5097 6
589000 88 49 5235 6
50f000 66 34 5336 6
412000 56 31 5424 6
5b3000 46 28 5498 6
617000 66 33 5598 7
5b2000 30 18 5646 7
635000 125 29 5801 7
631000 239 46 6087 7
7f736644b000 43 24 6155 7
7f736644a000 58 20 6234 7
7f7366449000 69 24 6328 7
7f7366452000 56 40 6425 8
6439 8
4 10 5 9 1 2 6 1 
0x473000
473000 68 32 101 0
472000 61 30 193 2
471000 36 21 251 2
470000 47 22 321 2
403000 32 23 376 2
402000 16 15 408 2
634000 1035 158 1602 2
5f8000 54 29 1686 2
5c7000 55 25 1767 2
5c6000 50 32 1850 4
59f000 52 28 1931 4
633000 1034 166 3132 4
505000 71 27 3231 4
504000 54 22 3308 5
549000 86 36 3431 5
632000 1038 161 4631 5
7f736669f000 76 69 4776 5
599000 78 34 4889 5
4df000 32 21 4943 6
58a000 50 21 5015 6
589000 88 48 5152 6
50f000 66 34 5254 6
412000 56 31 5342 6
5b3000 45 28 5415 6
617000 67 33 5516 7
5b2000 30 17 5563 7
635000 127 29 5720 7
631000 240 45 6005 7
7f736644b000 43 24 6074 7
7f736644a000 58 20 6153 7
7f7366449000 69 24 6247 7
7f7366452000 56 40 6344 8
6357 8
4 10 5 9 1 2 6 1 
0x543000
543000 62 23 86 1
403000 32 23 142 1
402000 16 15 174 1
634000 1031 158 1364 1
5f8000 54 28 1447 1
5c7000 55 25 1528 1
5c6000 51 32 1612 3
59f000 51 28 1692 3
633000 1032 166 2891 3
505000 71 27 2990 3
504000 54 22 3067 4
549000 86 36 3190 4
632000 1030 160 4381 4
7f736669f000 75 70 4527 4
599000 77 34 4639 4
4df000 33 21 4694 5
58a000 50 21 4766 6
589000 87 49 4903 6
50f000 67 33 5004 6
412000 56 31 5092 6
5b3000 45 28 5166 6
617000 66 34 5267 7
5b2000 29 18 5314 7
635000 126 29 5470 7
631000 238 46 5755 7
7f736644b000 43 24 5823 7
7f736644a000 59 20 5903 7
7f7366449000 69 24 5996 7
7f7366452000 57 39 6093 8
6105 8
2 10 5 9 1 2 6 1 
0x542000
542000 52 24 76 0
634000 1032 158 1267 0
541000 63 28 1359 2
5be000 79 28 1467 2
538000 65 30 1562 2
537000 41 23 1627 3
575000 42 21 1691 3
536000 45 25 1762 3
535000 45 23 1831 3
424000 51 26 1909 3
5ab000 51 24 1984 3
5aa000 46 25 2056 4
5a9000 50 22 2129 4
44c000 60 30 2219 5
633000 1030 167 3417 5
505000 70 28 3516 5
504000 53 22 3592 6
403000 32 22 3647 6
402000 17 15 3680 6
5f8000 55 28 3763 6
5c7000 54 25 3843 6
5c6000 51 32 3927 6
59f000 52 27 4007 6
59e000 52 23 4083 6
511000 67 33 4184 6
510000 45 22 4252 6
50f000 67 33 4353 6
412000 56 31 4441 6
5b3000 45 28 4514 6
632000 1028 160 5704 6
617000 66 34 5805 7
5b2000 29 18 5852 7
635000 126 29 6008 7
631000 239 45 6292 7
7f736644b000 43 25 6361 7
7f736644a000 59 20 6440 7
7f7366449000 69 24 6534 7
7f7366452000 56 40 6631 7
7f7366451000 53 22 6707 7
7f7366450000 58 26 6792 7
7f736644e000 60 24 6877 7
7f7366455000 238 58 7174 7
7f736644d000 94 24 7293 7
7f736644c000 36 19 7349 7
7f7366453000 36 24 7410 7
7f7366454000 121 39 7571 7
7f7366448000 52 20 7644 7
7f736644f000 36 18 7699 7
408000 58 24 7784 7
7f736669f000 75 70 7930 7
7f7366707000 76 23 8029 7
594000 48 26 8104 7
593000 66 25 8196 7
7f7366718000 62 88 8347 7
7f7366717000 97 55 8500 7
7f736670e000 57 28 8585 7
7f736670d000 49 17 8652 7
7f736670c000 45 17 8715 7
618000 70 36 8821 7
434000 60 30 8912 7
5d4000 53 37 9002 8
9018 8
6 15 17 30 1 6 17 2 
0x541000
541000 63 28 92 2
634000 1040 158 1291 2
5be000 80 28 1400 2
538000 64 30 1495 2
537000 41 23 1560 3
575000 42 22 1625 3
536000 44 26 1695 3
535000 45 23 1764 3
424000 50 26 1841 3
5ab000 51 24 1917 3
5aa000 45 25 1988 4
5a9000 51 21 2061 4
44c000 59 31 2152 5
633000 1033 166 3351 5
505000 71 27 3450 5
504000 54 22 3527 6
403000 32 22 3582 6
402000 17 15 3615 6
5f8000 55 28 3698 6
5c7000 55 25 3779 6
5c6000 50 32 3862 6
59f000 52 27 3942 6
59e000 52 23 4018 6
511000 68 33 4120 6
510000 44 23 4188 6
50f000 67 34 4289 6
412000 56 30 4376 6
5b3000 45 28 4450 6
632000 1034 160 5645 6
617000 66 33 5745 7
5b2000 30 18 5793 7
635000 126 29 5948 7
631000 239 46 6234 7
7f736644b000 43 24 6302 7
7f736644a000 59 20 6382 7
7f7366449000 69 24 6476 7
7f7366452000 56 40 6573 7
7f7366451000 54 21 6649 7
7f7366450000 59 26 6735 7
7f736644e000 60 24 6820 7
7f7366455000 236 58 7115 7
7f736644d000 93 25 7234 7
7f736644c000 35 20 7290 7
7f7366453000 36 24 7351 7
7f7366454000 121 40 7513 7
7f7366448000 51 21 7586 7
7f736644f000 35 20 7642 7
408000 58 24 7727 7
7f736669f000 75 70 7873 7
7f7366707000 76 24 7973 7
594000 48 26 8047 7
593000 66 25 8139 7
7f7366718000 63 87 8290 7
7f7366717000 111 55 8457 7
7f736670e000 57 28 8542 7
7f736670d000 50 16 8609 7
7f736670c000 45 17 8672 7
618000 70 35 8778 7
434000 61 29 8869 7
5d4000 52 38 8960 8
8975 8
6 15 17 30 1 6 17 2 
0x5be000
5be000 80 28 108 1
108 1
0 0 0 0 0 0 1 0 
0x538000
538000 64 30 95 1
537000 41 23 160 2
575000 42 22 225 2
536000 45 25 295 3
535000 45 23 364 3
424000 51 26 442 3
5ab000 51 24 517 3
5aa000 45 25 588 4
5a9000 51 21 661 4
44c000 59 31 752 5
633000 1037 167 1956 5
505000 71 27 2055 5
634000 1032 159 3247 5
504000 54 22 3323 6
403000 32 23 3379 6
402000 18 15 3412 6
5f8000 55 29 3496 6
5c7000 55 25 3577 6
5c6000 51 32 3661 6
59f000 52 28 3742 6
59e000 51 24 3818 6
511000 68 33 3920 6
510000 45 22 3988 6
50f000 67 34 4090 6
412000 56 31 4178 6
5b3000 45 28 4252 6
632000 1039 161 5453 6
617000 67 33 5554 7
5b2000 30 18 5602 7
635000 126 30 5759 7
631000 241 46 6046 7
7f736644b000 44 24 6115 7
7f736644a000 59 20 6195 7
7f7366449000 69 25 6290 7
7f7366452000 57 40 6387 7
7f7366451000 54 22 6464 7
7f7366450000 58 27 6550 7
7f736644e000 60 24 6635 7
7f7366455000 239 58 6933 7
7f736644d000 94 25 7053 7
7f736644c000 35 20 7109 7
7f7366453000 36 24 7170 7
7f7366454000 122 39 7332 7
7f7366448000 51 21 7406 7
7f736644f000 36 18 7461 7
408000 59 23 7546 7
7f736669f000 76 70 7693 7
7f7366707000 76 24 7794 7
594000 48 26 7868 7
593000 67 26 7962 7
7f7366718000 62 88 8113 7
7f7366717000 98 55 8267 7
7f736670e000 58 28 8353 7
7f736670d000 50 17 8421 7
7f736670c000 46 17 8484 7
618000 71 36 8591 7
434000 61 30 8683 7
5d4000 53 37 8773 8
8787 8
4 15 17 30 1 6 14 2 
0x537000
537000 41 23 65 1
575000 43 21 130 2
536000 44 26 201 3
535000 46 22 270 3
424000 51 26 348 3
5ab000 51 25 425 3
5aa000 45 26 497 4
5a9000 50 22 570 4
44c000 59 31 661 5
633000 1041 167 1870 5
505000 71 28 1970 5
634000 1040 159 3170 5
504000 53 23 3247 6
403000 32 22 3302 6
402000 17 15 3335 6
5f8000 54 29 3419 6
5c7000 54 25 3499 6
5c6000 51 32 3583 6
59f000 52 27 3663 6
59e000 51 23 3738 6
511000 67 34 3840 6
510000 44 22 3907 6
50f000 67 34 4009 6
412000 56 30 4096 6
5b3000 45 28 4170 6
632000 1032 161 5364 6
617000 67 33 5464 7
5b2000 30 17 5511 7
635000 126 29 5667 7
631000 240 45 5952 7
7f736644b000 43 24 6021 7
7f736644a000 58 20 6100 7
7f7366449000 69 24 6194 7
7f7366452000 56 40 6291 7
7f7366451000 53 22 6367 7
7f7366450000 58 26 6452 7
7f736644e000 60 24 6537 7
7f7366455000 237 58 6833 7
7f736644d000 94 24 6951 7
7f736644c000 36 19 7007 7
7f7366453000 36 24 7068 7
7f7366454000 121 39 7229 7
7f7366448000 51 21 7302 7
7f736644f000 35 19 7357 7
408000 58 23 7441 7
7f736669f000 75 70 7587 7
7f7366707000 76 23 7687 7
594000 47 26 7761 7
593000 66 26 7854 7
7f7366718000 62 87 8004 7
7f7366717000 97 55 8157 7
7f736670e000 56 28 8242 7
7f736670d000 50 16 8309 7
7f736670c000 45 17 8372 7
618000 70 35 8478 7
434000 61 29 8569 7
5d4000 52 38 8660 8
8673 8
4 15 17 30 1 6 13 2 
0x575000
575000 42 21 64 1
64 1
0 0 0 0 0 0 2 0 
0x536000
536000 45 25 70 2
535000 45 23 139 3
424000 50 26 216 3
5ab000 51 24 292 3
5aa000 45 25 363 4
5a9000 51 21 436 4
44c000 59 31 527 5
633000 1035 166 1728 5
505000 71 28 1828 5
634000 1034 158 3020 5
504000 54 22 3096 6
403000 32 23 3151 6
402000 16 15 3183 6
5f8000 54 29 3267 6
5c7000 54 25 3347 6
5c6000 51 32 3431 6
59f000 52 27 3511 6
59e000 52 23 3587 6
511000 67 33 3688 6
510000 45 22 3756 6
50f000 67 35 3859 6
412000 56 31 3947 6
5b3000 45 28 4020 6
632000 1039 161 5221 6
617000 67 33 5322 7
5b2000 30 18 5370 7
635000 126 29 5526 7
631000 241 45 5812 7
7f736644b000 43 24 5881 7
7f736644a000 59 20 5961 7
7f7366449000 69 24 6055 7
7f7366452000 56 40 6152 7
7f7366451000 54 22 6229 7
7f7366450000 58 27 6315 7
7f736644e000 60 24 6400 7
7f7366455000 237 58 6696 7
7f736644d000 93 25 6815 7
7f736644c000 35 20 6871 7
7f7366453000 36 24 6932 7
7f7366454000 121 40 7094 7
7f7366448000 51 21 7167 7
7f736644f000 36 18 7222 7
408000 58 24 7307 7
7f736669f000 75 71 7454 7
7f7366707000 76 24 7554 7
594000 48 26 7628 7
593000 67 26 7722 7
7f7366718000 62 88 7873 7
7f7366717000 98 54 8026 7
7f736670e000 57 28 8112 7
7f736670d000 50 17 8180 7
7f736670c000 46 17 8243 7
618000 71 35 8349 7
434000 61 30 8441 7
5d4000 53 38 8532 8
8545 8
4 14 17 30 1 6 11 2 
0x535000
535000 46 23 69 2
424000 51 26 147 2
5ab000 52 24 223 2
5aa000 45 26 295 3
5a9000 50 22 368 3
44c000 60 31 459 4
633000 1039 166 1664 4
505000 71 28 1764 4
634000 1037 158 2960 4
504000 53 23 3037 5
403000 32 22 3092 5
402000 17 15 3125 5
5f8000 55 29 3209 5
5c7000 55 26 3290 5
5c6000 52 31 3373 5
59f000 52 28 3454 5
59e000 52 23 3530 5
511000 67 34 3632 5
510000 45 22 3700 5
50f000 67 34 3802 5
412000 57 30 3889 5
5b3000 45 28 3963 5
632000 1038 161 5163 5
617000 67 33 5263 6
5b2000 29 18 5311 6
635000 126 29 5467 6
631000 240 45 5753 6
7f736644b000 43 24 5822 6
7f736644a000 58 20 5901 6
7f7366449000 69 24 5995 6
7f7366452000 57 40 6093 6
7f7366451000 53 22 6169 6
7f7366450000 58 27 6255 6
7f736644e000 60 24 6340 6
7f7366455000 237 58 6636 6
7f736644d000 93 25 6755 6
7f736644c000 35 20 6811 6
7f7366453000 36 24 6872 6
7f7366454000 121 40 7034 6
7f7366448000 51 21 7107 6
7f736644f000 36 18 7162 6
408000 59 23 7247 6
7f736669f000 75 71 7394 6
7f7366707000 77 23 7494 6
594000 47 27 7569 6
593000 67 25 7661 6
7f7366718000 62 88 7812 7
7f7366717000 98 54 7964 7
7f736670e000 56 28 8049 7
7f736670d000 50 16 8116 7
7f736670c000 45 17 8179 7
618000 70 35 8285 7
434000 61 29 8376 7
5d4000 52 38 8467 8
8479 8
2 13 17 30 1 6 11 2 
0x424000
424000 50 26 77 1
77 1
0 0 0 0 0 0 1 0 
0x5ab000
5ab000 51 24 76 0
5aa000 45 25 147 1
5a9000 50 22 220 1
44c000 60 30 310 2
633000 1031 166 1507 2
505000 70 28 1606 2
634000 1033 158 2798 2
504000 54 22 2875 3
403000 32 23 2930 4
402000 17 15 2962 4
5f8000 54 28 3045 4
5c7000 55 25 3126 4
5c6000 51 32 3210 5
59f000 51 28 3290 5
59e000 51 23 3365 5
511000 67 33 3466 5
510000 45 22 3534 5
50f000 66 34 3635 5
412000 56 31 3723 5
5b3000 45 28 3796 5
632000 1037 160 4994 5
617000 67 33 5094 6
5b2000 30 17 5141 6
635000 126 29 5297 6
631000 240 45 5582 6
7f736644b000 43 24 5650 6
7f736644a000 58 20 5729 6
7f7366449000 69 23 5822 6
7f7366452000 56 40 5919 6
7f7366451000 54 21 5995 6
7f7366450000 58 26 6080 6
7f736644e000 60 24 6165 6
7f7366455000 235 58 6459 6
7f736644d000 93 24 6577 6
7f736644c000 35 20 6633 6
7f7366453000 36 23 6693 6
7f7366454000 121 39 6854 6
7f7366448000 51 20 6926 6
7f736644f000 35 18 6981 6
408000 58 23 7065 6
7f736669f000 75 70 7211 6
7f7366707000 76 23 7311 6
594000 48 26 7385 6
593000 65 26 7477 6
7f7366718000 62 87 7627 7
7f7366717000 97 55 7780 7
7f736670e000 57 28 7865 7
7f736670d000 50 17 7932 7
7f736670c000 46 16 7994 7
618000 70 35 8100 7
434000 61 29 8191 7
5d4000 52 37 8281 8
8294 8
2 12 17 30 1 6 8 2 
0x5aa000
5aa000 45 25 70 1
5a9000 51 21 143 1
44c000 59 31 234 2
633000 1033 166 1433 2
505000 71 27 1532 2
634000 1039 158 2730 2
504000 53 23 2807 3
403000 32 23 2862 4
402000 17 15 2894 4
5f8000 54 29 2978 4
5c7000 54 25 3058 4
5c6000 51 32 3142 5
59f000 52 27 3222 5
59e000 51 24 3298 5
511000 67 33 3399 5
510000 44 22 3466 5
50f000 67 34 3568 5
412000 56 31 3656 5
5b3000 45 28 3729 5
632000 1028 160 4918 5
617000 67 33 5018 6
5b2000 30 17 5065 6
635000 126 29 5221 6
631000 240 45 5506 6
7f736644b000 42 25 5575 6
7f736644a000 59 20 5654 6
7f7366449000 68 24 5747 6
7f7366452000 56 40 5844 6
7f7366451000 54 21 5920 6
7f7366450000 58 27 6006 6
7f736644e000 59 24 6090 6
7f7366455000 236 57 6384 6
7f736644d000 93 25 6503 6
7f736644c000 35 19 6558 6
7f7366453000 36 24 6619 6
7f7366454000 122 39 6781 6
7f7366448000 52 20 6854 6
7f736644f000 35 19 6909 6
408000 58 23 6993 6
7f736669f000 75 70 7139 6
7f7366707000 76 23 7239 6
594000 48 26 7313 6
593000 66 26 7406 6
7f7366718000 62 87 7556 7
7f7366717000 97 55 7709 7
7f736670e000 56 28 7794 7
7f736670d000 50 16 7861 7
7f736670c000 46 16 7924 7
618000 70 35 8030 7
434000 61 29 8121 7
5d4000 52 38 8212 8
8223 8
2 12 17 30 1 6 8 2 
0x5a9000
5a9000 50 22 73 0
73 0
0 0 0 0 0 0 0 0 
0x44c000
44c000 59 31 91 1
91 1
0 0 0 0 0 2 0 0 
0x4d1000
4d1000 65 31 97 1
97 1
0 0 1 0 0 0 0 0 
0x482000
482000 58 27 85 0
85 0
0 0 0 0 0 0 0 0 
0x49f000
49f000 64 33 97 2
49e000 46 23 167 2
49d000 61 22 250 2
49c000 48 25 324 3
49b000 43 24 392 4
5c1000 60 25 478 4
632000 1030 160 1668 4
7f73667ea000 80 29 1778 4
403000 32 22 1833 4
402000 16 15 1865 4
634000 1040 158 3064 4
5f8000 55 28 3147 4
5c7000 55 25 3228 4
5c6000 51 32 3312 4
59f000 52 27 3392 4
633000 1046 167 4606 4
505000 71 27 4705 4
504000 53 24 4783 4
549000 86 36 4905 4
7f736669f000 75 70 5051 4
599000 77 34 5163 4
4df000 32 22 5218 5
58a000 50 21 5289 6
589000 87 49 5426 6
50f000 67 34 5528 6
412000 56 30 5615 6
5b3000 45 28 5689 6
617000 66 34 5790 7
5b2000 29 18 5837 7
635000 126 29 5993 7
631000 240 45 6278 7
7f736644b000 43 24 6347 7
7f736644a000 58 20 6426 7
7f7366449000 69 24 6520 7
7f7366452000 56 40 6617 8
6632 8
2 12 7 10 1 2 9 1 
0x49e000
49e000 47 22 69 0
49d000 60 23 153 0
49c000 48 25 226 2
49b000 44 23 294 3
5c1000 60 24 379 3
632000 1033 161 1574 3
7f73667ea000 80 29 1683 3
403000 32 22 1738 3
402000 17 15 1771 3
634000 1034 158 2963 3
5f8000 54 29 3047 3
5c7000 55 25 3127 3
5c6000 51 32 3211 3
59f000 52 27 3291 3
633000 1036 167 4495 3
505000 70 28 4594 3
504000 53 23 4671 4
549000 86 36 4793 4
7f736669f000 75 70 4939 4
599000 77 34 5051 4
4df000 32 22 5106 5
58a000 50 21 5177 6
589000 88 48 5314 6
50f000 67 34 5416 6
412000 56 31 5504 6
5b3000 46 28 5578 6
617000 67 33 5679 7
5b2000 30 17 5726 7
635000 125 29 5881 7
631000 239 45 6166 7
7f736644b000 43 24 6234 7
7f736644a000 59 20 6314 7
7f7366449000 69 24 6407 7
7f7366452000 56 40 6504 8
6519 8
2 11 5 10 1 2 9 1 
0x49d000
49d000 60 22 83 0
49c000 48 25 157 2
49b000 44 23 225 3
5c1000 60 25 311 3
632000 1037 160 1508 3
7f73667ea000 80 29 1618 3
403000 32 22 1673 3
402000 17 15 1706 3
634000 1033 159 2898 3
5f8000 55 28 2981 3
5c7000 55 25 3062 3
5c6000 51 32 3146 3
59f000 52 28 3226 3
633000 1038 166 4431 3
505000 71 27 4530 3
504000 53 23 4607 4
549000 86 36 4729 4
7f736669f000 75 70 4875 4
599000 77 34 4987 4
4df000 32 22 5042 5
58a000 49 21 5113 6
589000 88 49 5251 6
50f000 66 34 5352 6
412000 56 31 5440 6
5b3000 45 28 5513 6
617000 67 33 5614 7
5b2000 30 17 5661 7
635000 126 29 5817 7
631000 240 45 6103 7
7f736644b000 43 24 6172 7
7f736644a000 58 20 6251 7
7f7366449000 69 23 6344 7
7f7366452000 57 39 6441 8
6456 8
2 11 5 10 1 2 9 1 
0x49c000
49c000 48 25 73 2
49b000 44 24 141 3
5c1000 60 24 226 3
632000 1035 160 1422 3
7f73667ea000 80 29 1532 3
403000 32 22 1587 3
402000 17 14 1619 3
634000 1032 158 2810 3
5f8000 55 28 2894 3
5c7000 55 25 2975 3
5c6000 52 31 3058 3
59f000 52 27 3138 3
633000 1033 167 4339 3
505000 71 27 4438 3
504000 53 23 4515 4
549000 86 36 4637 4
7f736669f000 75 70 4783 4
599000 77 34 4895 4
4df000 32 22 4950 5
58a000 49 21 5021 6
589000 88 49 5159 6
50f000 66 34 5260 6
412000 56 31 5348 6
5b3000 45 28 5421 6
617000 67 33 5522 7
5b2000 30 18 5570 7
635000 125 30 5726 7
631000 240 45 6011 7
7f736644b000 43 24 6080 7
7f736644a000 58 20 6159 7
7f7366449000 69 24 6253 7
7f7366452000 56 40 6350 8
6364 8
2 11 5 10 1 2 9 1 
0x49b000
49b000 43 24 68 1
5c1000 60 24 153 3
632000 1034 160 1348 3
7f73667ea000 80 29 1458 3
403000 32 23 1513 3
402000 16 15 1545 3
634000 1035 158 2739 3
5f8000 55 28 2823 3
5c7000 55 25 2904 3
5c6000 51 32 2988 3
59f000 52 27 3068 3
633000 1036 166 4271 3
505000 71 27 4370 3
504000 54 22 4447 4
549000 86 36 4570 4
7f736669f000 75 70 4716 4
599000 78 34 4828 4
4df000 33 21 4882 5
58a000 50 21 4954 6
589000 87 49 5091 6
50f000 66 34 5192 6
412000 56 31 5280 6
5b3000 46 28 5354 6
617000 66 34 5455 7
5b2000 30 17 5502 7
635000 126 29 5658 7
631000 240 45 5943 7
7f736644b000 43 24 6011 7
7f736644a000 59 20 6091 7
7f7366449000 69 24 6184 7
7f7366452000 56 40 6281 8
6294 8
2 10 5 10 1 2 8 1 
0x5c1000
5c1000 60 25 85 2
632000 1034 160 1279 2
7f73667ea000 80 29 1389 2
403000 32 22 1444 2
402000 17 15 1477 2
634000 1049 159 2685 2
5f8000 55 29 2769 2
5c7000 55 25 2850 2
5c6000 51 32 2934 3
59f000 52 28 3015 3
633000 1045 168 4229 3
505000 71 27 4328 3
504000 55 22 4406 4
549000 87 36 4530 4
7f736669f000 76 70 4677 4
599000 78 34 4790 4
4df000 33 21 4845 5
58a000 50 21 4917 6
589000 88 49 5055 6
50f000 68 34 5158 6
412000 56 31 5246 6
5b3000 45 29 5320 6
617000 67 33 5421 7
5b2000 30 18 5469 7
635000 126 29 5625 7
631000 241 46 5913 7
7f736644b000 43 24 5982 7
7f736644a000 59 20 6062 7
7f7366449000 69 24 6156 7
7f7366452000 57 40 6254 8
6266 8
2 10 5 9 1 2 8 1 
0x528000
528000 46 21 67 0
403000 33 22 123 1
402000 17 15 156 1
634000 1035 158 1349 1
5f8000 55 28 1433 1
5c7000 55 25 1514 1
5c6000 51 31 1597 3
59f000 52 28 1678 3
633000 1034 166 2879 3
505000 71 27 2978 3
504000 53 23 3055 4
549000 86 37 3178 4
632000 1031 161 4370 4
7f736669f000 76 70 4517 4
599000 78 34 4629 4
4df000 33 21 4684 5
58a000 50 21 4756 6
589000 88 49 4894 6
50f000 67 34 4996 6
412000 56 31 5084 6
5b3000 46 28 5158 6
617000 67 33 5259 7
5b2000 30 17 5307 7
635000 126 29 5463 7
631000 241 45 5750 7
7f736644b000 43 24 5819 7
7f736644a000 59 20 5899 7
7f7366449000 69 24 5993 7
7f7366452000 57 39 6090 8
6103 8
2 9 5 9 1 2 6 1 
0x530000
530000 39 22 61 0
634000 1043 159 1264 0
52f000 55 25 1345 0
7f736670e000 57 29 1432 1
7f736670d000 51 17 1500 1
7f736670c000 46 17 1563 1
403000 32 23 1619 1
402000 17 15 1651 1
5f8000 55 29 1736 1
5c7000 55 25 1817 1
5c6000 52 32 1902 3
59f000 52 28 1983 3
633000 1049 168 3201 3
505000 72 28 3301 3
504000 54 23 3378 4
549000 86 37 3502 4
632000 1044 162 4709 4
7f736669f000 76 70 4855 4
599000 78 34 4967 4
4df000 33 21 5022 5
58a000 50 21 5094 6
589000 88 49 5232 6
50f000 67 34 5334 6
412000 57 30 5422 6
5b3000 45 28 5496 6
617000 67 34 5598 7
5b2000 30 17 5645 7
635000 126 30 5802 7
631000 241 45 6088 7
7f736644b000 43 24 6157 7
7f736644a000 58 20 6236 7
7f7366449000 70 24 6331 7
7f7366452000 57 40 6428 8
6440 8
2 11 5 9 1 2 6 1 
0x52f000
52f000 54 25 80 0
7f736670e000 57 28 166 1
7f736670d000 50 17 234 1
7f736670c000 46 16 296 1
403000 32 23 352 1
402000 17 15 385 1
634000 1044 160 1589 1
5f8000 55 29 1673 1
5c7000 55 25 1754 1
5c6000 51 32 1838 3
59f000 53 28 1920 3
633000 1052 167 3139 3
505000 71 28 3239 3
504000 54 22 3316 4
549000 86 36 3439 4
632000 1040 161 4641 4
7f736669f000 75 70 4787 4
599000 78 34 4900 4
4df000 32 22 4955 5
58a000 49 22 5027 6
589000 88 48 5164 6
50f000 67 34 5266 6
412000 56 31 5354 6
5b3000 45 28 5428 6
617000 67 33 5529 7
5b2000 30 17 5577 7
635000 126 30 5734 7
631000 241 45 6020 7
7f736644b000 42 25 6089 7
7f736644a000 58 20 6168 7
7f7366449000 69 24 6262 7
7f7366452000 57 40 6360 8
6372 8
2 11 5 9 1 2 6 1 
0x564000
564000 108 45 153 4
633000 1038 167 1359 4
505000 71 27 1458 4
634000 1039 158 2656 4
504000 53 23 2733 4
403000 32 23 2788 5
402000 17 15 2820 5
5f8000 54 29 2904 5
5c7000 54 25 2984 5
5c6000 51 32 3068 6
59f000 52 28 3149 6
59e000 51 24 3225 6
511000 67 34 3327 6
510000 45 22 3395 6
50f000 67 34 3497 6
412000 56 31 3585 6
5b3000 46 28 3659 6
632000 1041 162 4863 6
617000 67 33 4963 7
5b2000 30 17 5011 7
635000 127 29 5168 7
631000 242 45 5455 7
7f736644b000 43 24 5524 7
7f736644a000 59 20 5604 7
7f7366449000 69 24 5698 7
7f7366452000 57 40 5796 7
7f7366451000 54 21 5872 7
7f7366450000 59 26 5958 7
7f736644e000 61 24 6044 7
7f7366455000 237 58 6340 7
7f736644d000 94 25 6460 7
7f736644c000 35 20 6516 7
7f7366453000 36 23 6576 7
7f7366454000 121 40 6739 7
7f7366448000 51 21 6812 7
7f736644f000 35 19 6867 7
408000 58 23 6951 7
7f736669f000 75 70 7097 7
7f7366707000 76 23 7197 7
594000 47 26 7271 7
593000 66 26 7364 7
7f7366718000 62 88 7515 8
7526 8
2 9 15 12 1 4 8 2 
0x563000
563000 37 27 65 1
633000 1037 166 1269 1
505000 71 27 1368 1
634000 1038 159 2566 1
504000 53 23 2643 2
403000 33 22 2698 2
402000 17 15 2731 2
5f8000 55 29 2815 2
5c7000 55 25 2896 2
5c6000 50 32 2979 4
59f000 52 27 3059 4
59e000 52 23 3135 4
511000 67 33 3236 4
510000 45 22 3304 4
50f000 66 34 3405 4
412000 56 31 3493 4
5b3000 45 28 3566 4
632000 1034 161 4762 4
617000 67 33 4862 5
5b2000 30 18 4910 5
635000 126 29 5065 5
631000 239 45 5350 5
7f736644b000 43 24 5418 5
7f736644a000 58 20 5497 5
7f7366449000 69 24 5591 5
7f7366452000 56 40 5688 6
7f7366451000 54 21 5763 6
7f7366450000 58 27 5849 6
7f736644e000 60 23 5933 6
7f7366455000 236 58 6228 6
7f736644d000 94 24 6346 6
7f736644c000 35 20 6402 6
7f7366453000 36 23 6462 6
7f7366454000 120 39 6623 6
7f7366448000 52 20 6696 6
7f736644f000 35 19 6751 6
408000 58 23 6835 6
7f736669f000 76 69 6981 6
7f7366707000 76 23 7081 6
594000 47 26 7155 6
593000 66 26 7248 6
7f7366718000 62 87 7398 7
7f7366717000 97 55 7551 7
7f736670e000 57 28 7636 7
7f736670d000 50 16 7703 7
7f736670c000 45 17 7766 7
618000 70 35 7872 7
434000 60 30 7963 7
5d4000 52 37 8053 8
8066 8
2 15 17 29 1 4 8 2 
0x47a000
47a000 68 35 103 1
634000 1030 158 1292 1
633000 1034 166 2493 1
505000 71 27 2592 1
504000 53 23 2669 2
403000 32 22 2723 2
402000 17 15 2756 2
5f8000 55 28 2839 2
5c7000 55 25 2920 2
5c6000 50 32 3003 4
59f000 52 27 3083 4
59e000 52 23 3159 4
511000 67 33 3260 4
510000 45 22 3328 4
50f000 66 34 3429 4
412000 56 31 3517 4
5b3000 46 28 3591 4
632000 1029 161 4782 4
617000 67 33 4882 5
5b2000 30 17 4929 5
635000 126 29 5085 5
631000 239 45 5370 5
7f736644b000 42 25 5439 5
7f736644a000 59 20 5518 5
7f7366449000 69 24 5611 5
7f7366452000 57 39 5708 6
7f7366451000 54 22 5785 6
7f7366450000 58 26 5870 6
7f736644e000 60 24 5955 6
7f7366455000 236 58 6250 6
7f736644d000 94 24 6368 6
7f736644c000 35 20 6424 6
7f7366453000 36 23 6484 6
7f7366454000 121 39 6646 6
7f7366448000 51 21 6719 6
7f736644f000 35 19 6774 6
408000 58 23 6858 6
7f736669f000 75 70 7004 6
7f7366707000 76 23 7104 6
594000 48 26 7178 6
593000 66 26 7271 6
7f7366718000 62 87 7421 7
7f7366717000 98 55 7575 7
7f736670e000 57 28 7660 7
7f736670d000 49 17 7727 7
7f736670c000 45 17 7790 7
618000 70 35 7896 7
434000 61 30 7988 7
5d4000 53 37 8078 8
8091 8
2 13 17 29 1 4 8 2 
0x4c1000
4c1000 57 32 89 1
89 1
0 1 0 0 0 0 0 0 
0x511000
511000 68 33 101 0
510000 45 22 169 1
50f000 67 34 270 2
412000 56 30 357 2
5b3000 45 28 431 4
632000 1031 161 1624 4
617000 66 33 1724 5
5b2000 29 18 1772 5
635000 125 29 1927 5
631000 238 46 2212 5
7f736644b000 43 24 2280 5
7f736644a000 58 20 2359 5
7f7366449000 69 24 2453 5
7f7366452000 56 40 2550 6
7f7366451000 54 22 2626 6
7f7366450000 58 27 2711 6
7f736644e000 60 24 2796 6
7f7366455000 235 58 3090 6
7f736644d000 93 24 3208 6
7f736644c000 36 19 3264 6
7f7366453000 36 24 3325 6
7f7366454000 121 39 3486 6
7f7366448000 51 20 3558 6
7f736644f000 35 18 3613 6
403000 32 22 3671 6
402000 16 15 3703 6
634000 1032 159 4895 6
5f8000 55 30 4980 6
5c7000 54 25 5060 6
5c6000 51 32 5144 6
59f000 52 27 5224 6
633000 1033 167 6425 6
505000 71 27 6524 6
504000 53 23 6601 6
549000 86 36 6723 6
7f736669f000 76 69 6869 6
599000 77 34 6981 6
4df000 33 21 7036 7
58a000 49 22 7108 8
7118 8
2 9 9 10 1 2 6 2 
0x510000
510000 45 22 67 1
50f000 67 33 168 2
412000 56 31 256 2
5b3000 45 28 329 4
632000 1036 161 1527 4
617000 67 33 1627 5
5b2000 29 18 1675 5
635000 127 29 1832 5
631000 240 46 2118 5
7f736644b000 43 24 2186 5
7f736644a000 59 20 2266 5
7f7366449000 69 24 2359 5
7f7366452000 56 41 2457 6
7f7366451000 53 22 2533 6
7f7366450000 58 26 2618 6
7f736644e000 60 24 2703 6
7f7366455000 236 58 2998 6
7f736644d000 93 24 3116 6
7f736644c000 35 19 3172 6
7f7366453000 36 24 3233 6
7f7366454000 121 39 3394 6
7f7366448000 51 21 3467 6
7f736644f000 35 19 3522 6
403000 32 22 3579 6
402000 17 15 3612 6
634000 1033 158 4803 6
5f8000 54 29 4887 6
5c7000 55 25 4968 6
5c6000 50 32 5051 6
59f000 52 27 5131 6
633000 1034 167 6333 6
505000 70 28 6432 6
504000 53 23 6509 6
549000 86 36 6631 6
7f736669f000 75 70 6777 6
599000 77 34 6889 6
4df000 33 21 6944 7
58a000 49 21 7015 8
7025 8
2 9 9 10 1 2 6 2 
0x5d5000
5d5000 68 33 101 0
5d4000 53 37 192 3
633000 1038 167 1398 3
505000 70 28 1497 3
634000 1033 158 2689 3
504000 53 23 2766 4
403000 32 23 2821 5
402000 16 15 2853 5
5f8000 54 29 2937 5
5c7000 54 25 3017 5
5c6000 51 32 3101 6
59f000 52 27 3181 6
59e000 51 23 3256 6
511000 67 33 3358 6
510000 45 22 3426 6
50f000 67 33 3527 6
412000 56 31 3615 6
5b3000 45 29 3689 6
632000 1035 160 4885 6
617000 66 34 4986 7
5b2000 29 18 5033 7
635000 126 29 5189 7
631000 241 45 5475 7
7f736644b000 42 25 5544 7
7f736644a000 59 20 5623 7
7f7366449000 68 24 5716 7
7f7366452000 57 39 5813 7
7f7366451000 54 22 5890 7
7f7366450000 59 26 5975 7
7f736644e000 60 24 6060 7
7f7366455000 236 57 6354 7
7f736644d000 93 25 6473 7
7f736644c000 35 20 6529 7
7f7366453000 36 23 6589 7
7f7366454000 121 40 6751 7
7f7366448000 51 20 6823 7
7f736644f000 35 18 6878 7
408000 58 23 6962 7
7f736669f000 76 70 7109 7
7f7366707000 76 24 7209 7
594000 48 26 7283 7
593000 66 26 7376 7
7f7366718000 62 87 7526 8
7538 8
2 9 13 12 1 4 8 2 
0x5bc000
5bc000 78 35 113 1
5bb000 53 26 193 1
5ba000 39 30 263 3
633000 1034 166 1464 3
505000 71 27 1563 3
634000 1031 158 2753 3
504000 54 22 2830 3
403000 32 22 2885 4
402000 16 15 2917 4
5f8000 54 29 3001 4
5c7000 54 25 3081 4
5c6000 51 32 3165 4
59f000 52 28 3246 4
59e000 51 23 3321 4
511000 68 33 3423 4
510000 45 22 3491 4
50f000 66 34 3592 4
412000 56 31 3680 4
5b3000 45 29 3754 4
632000 1032 160 4947 4
617000 67 33 5047 5
5b2000 30 18 5095 5
635000 126 30 5251 5
631000 240 45 5536 5
7f736644b000 43 24 5605 5
7f736644a000 58 20 5684 5
7f7366449000 69 24 5778 5
7f7366452000 57 39 5874 6
7f7366451000 54 21 5950 6
7f7366450000 58 27 6036 6
7f736644e000 60 24 6121 6
7f7366455000 237 57 6416 6
7f736644d000 94 24 6535 6
7f736644c000 35 20 6591 6
7f7366453000 36 23 6651 6
7f7366454000 120 40 6813 6
7f7366448000 51 20 6885 6
7f736644f000 35 18 6940 6
408000 58 23 7025 6
7f736669f000 75 70 7171 6
7f7366707000 76 23 7271 6
594000 48 26 7345 6
593000 66 26 7438 6
7f7366718000 62 87 7588 7
7f7366717000 97 55 7741 7
7f736670e000 57 28 7826 7
7f736670d000 49 17 7893 7
7f736670c000 45 16 7955 7
618000 70 36 8062 7
434000 60 30 8153 7
5d4000 53 37 8243 8
8256 8
2 12 18 30 1 4 9 2 
0x5bb000
5bb000 53 26 80 0
5ba000 39 31 151 2
633000 1035 166 1352 2
505000 71 27 1451 2
634000 1045 158 2655 2
504000 54 23 2733 3
403000 32 23 2788 4
402000 17 15 2820 4
5f8000 54 29 2904 4
5c7000 55 25 2985 4
5c6000 51 32 3069 4
59f000 53 27 3150 4
59e000 52 23 3226 4
511000 68 33 3328 4
510000 45 22 3396 4
50f000 67 34 3498 4
412000 56 31 3586 4
5b3000 46 28 3660 4
632000 1037 160 4858 4
617000 67 33 4959 5
5b2000 29 18 5007 5
635000 126 30 5164 5
631000 242 46 5452 5
7f736644b000 43 24 5520 5
7f736644a000 59 20 5600 5
7f7366449000 69 24 5694 5
7f7366452000 57 39 5791 6
7f7366451000 54 22 5868 6
7f7366450000 58 27 5954 6
7f736644e000 61 24 6039 6
7f7366455000 237 58 6335 6
7f736644d000 94 25 6455 6
7f736644c000 35 20 6511 6
7f7366453000 36 24 6572 6
7f7366454000 122 39 6734 6
7f7366448000 52 20 6807 6
7f736644f000 35 19 6863 6
408000 58 23 6947 6
7f736669f000 76 70 7094 6
7f7366707000 76 24 7195 6
594000 48 26 7269 6
593000 66 26 7362 6
7f7366718000 63 88 7514 7
7f7366717000 98 55 7667 7
7f736670e000 57 28 7753 7
7f736670d000 50 16 7820 7
7f736670c000 45 17 7883 7
618000 70 36 7990 7
434000 61 30 8082 7
5d4000 53 37 8172 8
8185 8
2 12 17 30 1 4 9 2 
0x5ba000
5ba000 40 29 70 2
633000 1039 166 1276 2
505000 71 28 1376 2
634000 1039 158 2574 2
504000 54 22 2651 3
403000 32 23 2707 4
402000 17 15 2739 4
5f8000 54 29 2823 4
5c7000 55 25 2904 4
5c6000 51 32 2988 4
59f000 52 28 3069 4
59e000 51 24 3145 4
511000 67 34 3247 4
510000 45 22 3315 4
50f000 67 34 3417 4
412000 57 31 3505 4
5b3000 45 29 3579 4
632000 1034 161 4775 4
617000 67 33 4876 5
5b2000 30 18 4924 5
635000 126 29 5080 5
631000 241 46 5367 5
7f736644b000 44 25 5437 5
7f736644a000 59 20 5517 5
7f7366449000 69 24 5611 5
7f7366452000 57 40 5709 6
7f7366451000 53 22 5785 6
7f7366450000 58 27 5871 6
7f736644e000 60 24 5956 6
7f7366455000 238 58 6253 6
7f736644d000 94 24 6372 6
7f736644c000 36 19 6428 6
7f7366453000 37 23 6489 6
7f7366454000 121 40 6652 6
7f7366448000 52 20 6725 6
7f736644f000 35 19 6781 6
408000 58 24 6866 6
7f736669f000 75 71 7013 6
7f7366707000 77 23 7113 6
594000 48 26 7188 6
593000 65 26 7280 6
7f7366718000 62 88 7431 7
7f7366717000 98 54 7583 7
7f736670e000 57 28 7669 7
7f736670d000 50 17 7736 7
7f736670c000 45 16 7798 7
618000 70 35 7904 7
434000 61 30 7996 7
5d4000 53 37 8086 8
8098 8
2 12 17 30 1 4 9 2 
0x592000
592000 71 45 117 1
591000 37 17 172 1
590000 47 34 253 2
58f000 70 32 356 3
58e000 72 31 460 3
403000 32 23 516 3
402000 17 15 548 3
634000 1031 158 1738 3
5f8000 54 29 1822 3
5c7000 54 25 1902 3
5c6000 51 32 1986 5
59f000 52 27 2066 5
633000 1036 167 3270 5
505000 71 28 3369 5
504000 54 22 3445 5
549000 86 36 3568 5
632000 1031 160 4760 5
7f736669f000 76 69 4905 5
599000 77 34 5017 5
4df000 33 21 5072 6
58a000 49 21 5143 7
589000 88 49 5281 7
50f000 66 34 5382 7
412000 56 31 5470 7
5b3000 45 28 5543 7
617000 67 33 5644 7
5b2000 30 17 5691 7
635000 126 29 5847 7
631000 239 45 6131 7
7f736644b000 43 24 6200 7
7f736644a000 59 20 6280 7
7f7366449000 69 24 6373 7
7f7366452000 57 39 6470 8
6485 8
2 10 6 9 1 2 6 2 
0x591000
591000 36 17 53 0
590000 46 34 134 1
58f000 69 32 236 2
58e000 71 31 339 2
403000 32 22 394 2
402000 17 15 427 2
634000 1034 158 1619 2
5f8000 54 29 1703 2
5c7000 55 25 1783 2
5c6000 51 32 1867 4
59f000 52 28 1948 4
633000 1037 167 3153 4
505000 70 28 3252 4
504000 53 22 3328 4
549000 86 36 3451 4
632000 1034 160 4646 4
7f736669f000 75 70 4792 4
599000 78 34 4904 4
4df000 32 22 4959 5
58a000 49 21 5030 6
589000 88 49 5168 6
50f000 67 33 5269 6
412000 56 31 5357 6
5b3000 46 28 5431 6
617000 66 33 5531 7
5b2000 29 18 5579 7
635000 125 29 5734 7
631000 239 45 6019 7
7f736644b000 42 25 6088 7
7f736644a000 58 20 6167 7
7f7366449000 69 24 6261 7
7f7366452000 56 40 6358 8
6372 8
2 10 6 9 1 2 6 1 
0x590000
590000 47 34 82 1
58f000 69 31 183 2
58e000 72 31 287 2
403000 32 23 342 2
402000 16 15 374 2
634000 1034 158 1567 2
5f8000 55 28 1651 2
5c7000 55 25 1732 2
5c6000 50 32 1815 4
59f000 52 27 1895 4
633000 1033 166 3095 4
505000 71 28 3195 4
504000 53 22 3271 4
549000 86 36 3394 4
632000 1036 160 4591 4
7f736669f000 76 69 4736 4
599000 77 34 4848 4
4df000 33 21 4903 5
58a000 50 21 4975 6
589000 87 49 5112 6
50f000 67 34 5214 6
412000 56 30 5301 6
5b3000 45 28 5375 6
617000 66 33 5475 7
5b2000 29 18 5523 7
635000 126 29 5679 7
631000 240 45 5964 7
7f736644b000 43 24 6033 7
7f736644a000 58 20 6112 7
7f7366449000 69 24 6206 7
7f7366452000 56 40 6303 8
6317 8
2 10 6 9 1 2 6 1 
0x58f000
58f000 69 31 101 1
58e000 72 31 205 1
403000 32 22 260 1
402000 17 15 293 1
634000 1033 157 1483 1
5f8000 55 28 1567 1
5c7000 55 25 1648 1
5c6000 50 32 1731 3
59f000 52 27 1811 3
633000 1039 167 3018 3
505000 71 27 3117 3
504000 53 23 3194 4
549000 86 36 3316 4
632000 1031 160 4508 4
7f736669f000 75 71 4654 4
599000 77 34 4766 4
4df000 32 22 4821 5
58a000 49 21 4892 6
589000 88 49 5030 6
50f000 66 34 5131 6
412000 56 31 5219 6
5b3000 45 28 5292 6
617000 67 33 5393 7
5b2000 30 17 5440 7
635000 126 29 5596 7
631000 240 45 5882 7
7f736644b000 43 24 5951 7
7f736644a000 58 20 6030 7
7f7366449000 69 24 6124 7
7f7366452000 56 40 6221 8
6234 8
2 10 5 9 1 2 6 1 
0x58e000
58e000 72 31 103 0
403000 32 23 158 1
402000 17 14 190 1
634000 1033 159 1383 1
5f8000 54 29 1467 1
5c7000 54 25 1547 1
5c6000 51 32 1631 3
59f000 52 27 1711 3
633000 1035 166 2913 3
505000 71 27 3012 3
504000 53 23 3089 4
549000 86 36 3211 4
632000 1033 160 4405 4
7f736669f000 75 70 4551 4
599000 78 34 4663 4
4df000 32 21 4717 5
58a000 50 21 4789 6
589000 87 49 4926 6
50f000 67 34 5028 6
412000 56 30 5115 6
5b3000 45 28 5189 6
617000 66 34 5290 7
5b2000 30 17 5337 7
635000 126 29 5493 7
631000 240 46 5779 7
7f736644b000 43 24 5847 7
7f736644a000 59 19 5926 7
7f7366449000 69 24 6020 7
7f7366452000 56 40 6117 8
6129 8
2 9 5 9 1 2 6 1 
0x58d000
58d000 31 18 50 0
50 0
0 0 0 0 0 0 0 0 
0x57f000
57f000 54 25 79 1
634000 1032 159 1271 1
57e000 45 22 1338 1
4fc000 51 33 1423 3
633000 1036 167 2627 3
505000 70 28 2726 3
504000 53 22 2802 3
403000 32 22 2857 3
402000 17 15 2890 3
5f8000 55 28 2973 3
5c7000 55 25 3054 3
5c6000 51 31 3137 4
59f000 52 28 3218 4
59e000 52 23 3293 4
511000 67 33 3394 4
510000 45 22 3462 4
50f000 67 34 3564 4
412000 56 30 3651 4
5b3000 45 28 3725 4
632000 1035 161 4922 4
617000 67 33 5022 5
5b2000 30 17 5069 5
635000 126 29 5225 5
631000 239 45 5510 5
7f736644b000 42 25 5579 5
7f736644a000 58 20 5658 5
7f7366449000 69 24 5752 5
7f7366452000 57 39 5848 6
7f7366451000 54 22 5925 6
7f7366450000 58 26 6010 6
7f736644e000 60 24 6095 6
7f7366455000 236 57 6389 6
7f736644d000 93 25 6508 6
7f736644c000 35 20 6564 6
7f7366453000 36 23 6624 6
7f7366454000 121 39 6786 6
7f7366448000 51 21 6859 6
7f736644f000 35 18 6913 6
408000 58 23 6998 6
7f736669f000 75 70 7144 6
7f7366707000 76 24 7244 6
594000 48 26 7318 6
593000 66 25 7410 6
7f7366718000 62 88 7561 7
7f7366717000 97 55 7714 7
7f736670e000 57 28 7799 7
7f736670d000 50 16 7866 7
7f736670c000 45 17 7929 7
618000 70 35 8035 7
434000 61 29 8126 7
5d4000 52 38 8217 8
8230 8
2 14 18 31 1 4 8 2 
