0x61b000
61b000 85 37 122 2
7f7b114dc000 56 29 209 2
454000 21 14 245 2
453000 19 14 278 2
7f7b10e63000 49 25 352 3
7f7b10e38000 226 16 594 3
7f7b10e62000 55 25 675 4
455000 21 14 711 4
7f7b10d4f000 42 30 784 6
67b000 889 145 1819 6
615000 98 37 1955 6
67c000 989 161 3106 6
614000 76 31 3214 6
602000 85 35 3335 6
7f7b10a3a000 66 37 3438 7
4b5000 139 60 3637 7
680000 987 165 4790 7
4d8000 83 43 4916 7
67f000 989 162 6068 7
7f7b1138a000 32 23 6125 7
7f7b1132f000 16 14 6155 7
7f7b11332000 16 14 6185 7
7f7b11333000 16 14 6215 7
7f7b11522000 66 23 6305 7
7f7b1132e000 214 14 6533 7
7f7b11406000 56 28 6617 7
7f7b11405000 46 22 6685 7
7f7b11331000 16 13 6715 7
7f7b11330000 16 13 6745 7
7f7b11510000 50 67 6863 7
7f7b1134e000 58 18 6940 7
7f7b11334000 16 14 6971 7
7f7b11512000 51 29 7051 7
7f7b1134d000 60 21 7133 7
7f7b1134c000 54 31 7219 7
7f7b1134b000 53 27 7299 7
7f7b1133b000 39 16 7355 7
7f7b1133a000 52 32 7439 7
7f7b11339000 72 26 7537 7
7f7b1144d000 58 21 7616 7
7f7b113ee000 48 26 7691 7
7f7b1133c000 43 29 7764 7
7f7b11525000 41 21 7827 7
7f7b11388000 83 38 7948 7
7f7b11389000 58 23 8029 7
7f7b11392000 56 33 8119 7
456000 43 22 8184 7
515000 71 40 8297 7
67d000 991 160 9449 7
490000 72 37 9559 7
5c6000 96 48 9703 7
5c3000 76 23 9803 7
5c2000 81 33 9918 7
596000 65 32 10016 7
595000 79 30 10126 7
55b000 83 34 10244 7
5c9000 65 25 10336 7
56b000 91 40 10468 7
504000 75 40 10585 7
681000 464 76 11126 7
5f7000 59 30 11216 7
67e000 982 163 12362 7
524000 56 35 12454 7
567000 57 27 12539 7
566000 45 26 12611 7
565000 83 39 12734 7
564000 69 30 12834 7
653000 61 31 12928 7
7f7b10ace000 104 30 13063 7
7f7b10acd000 67 65 13196 7
7f7b10acb000 72 24 13292 7
7f7b12313000 58 39 13390 7
7f7b12312000 39 16 13445 7
7f7b12311000 51 17 13513 7
518000 64 29 13606 7
7f7b10a5b000 61 86 13754 7
7f7b10a5a000 95 53 13903 7
4f9000 71 28 14003 7
5ae000 67 28 14099 7
580000 66 29 14195 7
57f000 89 44 14328 7
531000 56 22 14407 7
64a000 64 27 14499 7
4fa000 66 41 14607 7
5d7000 81 38 14727 7
4ff000 88 33 14849 7
482000 68 37 14954 7
481000 60 35 15050 7
480000 69 30 15150 8
15190 8
18 44 14 38 1 6 35 3 
0x454000
454000 21 14 35 0
453000 18 14 68 0
68 0
0 0 0 0 0 0 0 0 
0x453000
453000 18 14 32 0
32 0
0 0 0 0 0 0 0 0 
0x455000
455000 21 14 36 0
453000 18 14 69 0
69 0
0 0 0 0 0 0 0 0 
0x67b000
67b000 884 145 1029 0
615000 98 37 1165 1
67c000 980 161 2307 1
614000 75 31 2414 3
602000 84 35 2534 3
7f7b10a3a000 65 37 2637 5
453000 18 14 2669 5
4b5000 138 59 2867 5
680000 979 163 4011 5
4d8000 82 43 4137 5
67f000 979 162 5279 5
454000 21 14 5315 5
7f7b1138a000 32 23 5371 5
7f7b1132f000 16 14 5401 5
7f7b11332000 16 14 5431 5
7f7b11333000 16 13 5460 5
7f7b11522000 66 23 5550 5
7f7b1132e000 212 14 5776 5
7f7b11406000 55 28 5860 5
7f7b11405000 46 22 5928 5
7f7b11331000 16 14 5958 5
7f7b11330000 16 13 5987 5
7f7b11510000 50 67 6105 5
7f7b1134e000 58 19 6182 5
7f7b11334000 16 14 6212 5
7f7b11512000 51 29 6292 5
7f7b1134d000 60 21 6373 5
7f7b1134c000 54 30 6458 6
7f7b1134b000 52 27 6538 6
7f7b1133b000 40 15 6593 6
7f7b1133a000 51 32 6677 7
7f7b11339000 72 25 6774 7
7f7b1144d000 57 21 6853 7
7f7b113ee000 48 27 6928 7
7f7b1133c000 43 29 7000 7
7f7b11525000 40 21 7062 7
7f7b11388000 81 38 7182 7
7f7b11389000 57 23 7263 7
7f7b10e63000 48 25 7337 7
7f7b10e38000 224 17 7579 7
7f7b10e62000 55 25 7659 7
7f7b11392000 55 33 7747 7
456000 42 23 7813 7
515000 71 40 7925 7
67d000 984 161 9071 7
490000 73 37 9181 7
5c6000 96 47 9324 7
5c3000 76 24 9425 7
5c2000 81 33 9540 7
596000 65 32 9638 7
595000 79 30 9748 7
55b000 83 34 9866 7
5c9000 65 25 9957 7
56b000 91 41 10090 7
504000 76 40 10207 7
681000 463 77 10748 7
5f7000 59 30 10837 7
67e000 990 163 11991 7
524000 56 35 12083 7
567000 58 27 12169 7
566000 45 26 12241 7
565000 83 39 12364 7
564000 68 29 12462 7
653000 59 31 12553 7
7f7b10ace000 104 30 12688 7
7f7b10acd000 67 65 12821 7
7f7b10acb000 73 24 12918 7
7f7b12313000 58 39 13015 7
7f7b12312000 39 16 13070 7
7f7b12311000 51 16 13138 7
518000 63 29 13231 7
7f7b10a5b000 62 86 13379 7
7f7b10a5a000 94 54 13528 7
4f9000 71 29 13628 7
5ae000 67 28 13723 7
580000 66 28 13818 7
57f000 89 44 13952 7
531000 56 22 14031 7
64a000 64 27 14123 7
4fa000 66 41 14231 7
5d7000 81 38 14351 7
4ff000 88 33 14473 7
482000 68 36 14578 7
481000 61 34 14674 7
480000 69 30 14774 8
14811 8
16 41 12 37 1 4 33 3 
0x615000
615000 97 37 135 1
67c000 981 161 1278 1
614000 75 31 1385 3
602000 84 35 1505 3
7f7b10a3a000 65 37 1608 5
453000 18 14 1640 5
4b5000 138 60 1839 5
67b000 882 144 2866 5
681000 465 77 3409 5
5f7000 59 30 3498 5
67e000 988 163 4650 5
524000 55 35 4741 5
567000 57 28 4827 5
67d000 986 161 5975 5
490000 72 36 6084 5
5c6000 96 47 6228 5
454000 21 14 6264 5
5c3000 76 24 6365 5
5c2000 81 33 6480 5
67f000 985 161 7627 5
596000 65 32 7725 5
595000 79 30 7835 6
680000 979 164 8979 6
55b000 82 35 9097 6
5c9000 65 25 9188 6
56b000 91 41 9321 6
504000 76 40 9438 7
455000 21 15 9475 7
7f7b10a3b000 90 26 9591 7
7f7b10a34000 142 42 9776 7
5e3000 49 30 9856 7
5e2000 97 40 9994 7
5e1000 65 36 10096 7
469000 46 25 10168 7
468000 49 24 10242 7
4fc000 47 24 10314 7
7f7b10a21000 57 26 10398 7
7f7b10a20000 55 23 10477 7
7f7b10a27000 82 37 10596 7
7f7b109c2000 117 19 10732 7
7f7b10a5c000 65 58 10855 7
7f7b10a5b000 61 87 11003 7
7f7b10a5a000 95 53 11151 7
7f7b10a26000 30 27 11209 7
7f7b10a1d000 84 31 11324 7
7f7b109d3000 72 32 11428 7
7f7b109d2000 36 24 11488 7
7f7b109d1000 51 21 11560 7
7f7b109d0000 81 30 11671 7
7f7b109cf000 33 18 11723 7
7f7b109c7000 44 24 11791 7
7f7b109c6000 42 25 11858 7
7f7b109c5000 60 20 11939 7
7f7b10aff000 95 38 12073 7
7f7b10acf000 87 34 12194 7
7f7b10ace000 103 31 12329 7
7f7b10acd000 67 65 12461 7
7f7b10acb000 72 24 12558 7
7f7b10a22000 71 34 12663 8
12692 8
25 27 16 30 1 4 16 12 
0x67c000
67c000 981 161 1143 0
1144 0
0 0 0 0 0 0 0 0 
0x614000
614000 76 30 106 3
602000 85 34 226 3
7f7b10a3a000 65 37 329 5
453000 18 14 362 5
4b5000 138 60 560 5
67c000 989 162 1712 5
67b000 892 145 2750 5
615000 97 38 2886 5
454000 21 14 2922 5
680000 983 163 4068 5
57a000 52 28 4149 5
579000 82 39 4271 5
67d000 985 160 5416 5
490000 73 36 5526 5
5c6000 97 48 5672 5
5c3000 77 23 5773 5
5c2000 83 33 5890 5
67f000 986 161 7038 5
596000 65 32 7136 5
595000 79 30 7246 6
55b000 82 35 7364 6
5c9000 65 25 7455 6
56b000 91 41 7588 6
504000 75 41 7705 7
681000 462 77 8245 7
5f7000 59 30 8334 7
67e000 986 163 9484 7
524000 55 35 9575 7
567000 57 28 9661 7
566000 44 26 9732 7
565000 84 39 9856 7
564000 69 28 9953 7
653000 60 30 10044 7
7f7b10ace000 103 31 10180 7
7f7b10acd000 67 65 10312 7
7f7b10acb000 72 24 10409 7
7f7b12313000 58 39 10506 7
7f7b12312000 39 16 10561 7
7f7b12311000 51 17 10629 7
456000 43 22 10694 7
515000 71 40 10806 7
485000 53 30 10890 7
50d000 49 23 10963 7
50a000 68 34 11066 7
5bb000 39 19 11125 7
531000 56 23 11205 7
64a000 64 26 11296 7
4fa000 66 42 11405 7
5d7000 82 38 11525 7
4ff000 88 33 11647 7
482000 68 37 11752 7
481000 60 35 11848 7
480000 68 31 11948 8
11985 8
8 42 8 12 1 2 9 3 
0x602000
602000 85 35 120 0
120 0
0 0 0 0 0 0 0 0 
0x4b5000
4b5000 138 60 198 0
67c000 981 160 1340 0
67b000 881 144 2366 0
615000 98 37 2502 1
614000 75 31 2609 3
602000 84 35 2729 3
7f7b10a3a000 65 37 2832 5
453000 18 14 2864 5
680000 981 164 4010 5
613000 30 19 4059 5
454000 21 14 4094 5
4ca000 73 40 4208 5
455000 22 14 4244 5
4bc000 59 33 4337 5
4bb000 60 41 4439 5
4ba000 53 37 4530 5
7f7b10a51000 56 27 4614 5
7f7b10a50000 49 15 4679 5
7f7b10a4f000 45 15 4740 5
48a000 51 29 4821 5
67e000 984 163 5969 5
524000 56 35 6061 5
567000 56 28 6146 5
67d000 987 160 7294 5
490000 73 36 7404 5
5c6000 97 47 7548 5
5c3000 76 23 7648 5
5c2000 82 33 7764 5
67f000 985 162 8912 5
596000 65 32 9010 5
595000 79 30 9120 6
55b000 83 34 9238 6
5c9000 66 24 9329 6
56b000 92 41 9463 6
504000 75 40 9579 7
681000 464 77 10121 7
5f7000 59 30 10210 7
515000 71 41 10323 7
4bd000 69 26 10418 7
7f7b10a21000 57 27 10503 7
7f7b10a20000 55 23 10581 7
7f7b10a27000 82 37 10701 7
7f7b109c2000 117 19 10837 7
7f7b10a5c000 64 58 10960 7
7f7b10a5b000 62 86 11108 7
7f7b10a5a000 94 54 11257 7
7f7b10a26000 30 27 11315 7
7f7b10a1d000 84 31 11430 7
7f7b109d3000 72 32 11534 7
7f7b109d2000 36 24 11594 7
7f7b109d1000 52 20 11666 7
7f7b109d0000 80 30 11777 7
7f7b109cf000 33 18 11829 7
7f7b109c7000 45 23 11897 7
7f7b109c6000 41 26 11965 7
7f7b109c5000 60 20 12046 7
7f7b10aff000 96 37 12180 7
7f7b10acf000 88 34 12302 7
7f7b10ace000 104 31 12437 7
7f7b10acd000 67 66 12570 7
7f7b10acb000 73 24 12667 7
7f7b10a22000 71 35 12773 8
12800 8
22 31 16 32 1 2 14 10 
0x680000
680000 986 164 1150 0
1151 0
0 0 0 0 0 0 0 0 
0x4d8000
4d8000 82 44 127 0
67c000 995 161 1284 0
680000 997 165 2447 0
67f000 999 163 3610 0
454000 21 14 3646 0
453000 18 14 3679 0
67b000 896 146 4722 0
615000 99 37 4859 1
614000 77 31 4968 3
602000 86 35 5090 3
7f7b10a3a000 66 38 5194 5
4b5000 141 60 5395 5
494000 83 30 5509 5
493000 90 40 5640 5
67e000 998 165 6804 5
524000 56 35 6896 5
567000 57 28 6982 5
67d000 1000 160 8143 5
490000 73 36 8252 5
5c6000 96 48 8397 5
5c3000 76 24 8497 5
5c2000 81 33 8612 5
596000 65 32 8710 5
595000 78 31 8820 6
55b000 82 34 8937 6
5c9000 65 25 9029 6
56b000 91 41 9162 6
504000 76 40 9279 7
681000 464 76 9820 7
5f7000 59 30 9910 7
515000 71 40 10022 7
4bd000 69 26 10118 7
7f7b10a21000 56 27 10202 7
7f7b10a20000 55 23 10280 7
7f7b10a27000 82 37 10400 7
7f7b109c2000 117 19 10536 7
7f7b10a5c000 65 58 10659 7
7f7b10a5b000 61 87 10807 7
7f7b10a5a000 94 53 10955 7
7f7b10a26000 30 27 11013 7
7f7b10a1d000 85 30 11128 7
7f7b109d3000 71 32 11232 7
7f7b109d2000 37 23 11292 7
7f7b109d1000 51 21 11364 7
7f7b109d0000 80 30 11475 7
7f7b109cf000 33 18 11527 7
7f7b109c7000 44 23 11595 7
7f7b109c6000 41 26 11663 7
7f7b109c5000 59 21 11744 7
7f7b10aff000 95 37 11877 7
7f7b10acf000 87 34 11999 7
7f7b10ace000 103 31 12134 7
7f7b10acd000 67 65 12266 7
7f7b10acb000 73 24 12363 7
7f7b10a22000 71 35 12469 8
12494 8
22 24 18 30 1 2 12 10 
0x67f000
67f000 983 161 1144 0
1145 0
0 0 0 0 0 0 0 0 
0x456000
456000 43 22 65 1
453000 18 14 98 1
67c000 983 160 1241 1
67b000 883 144 2269 1
615000 98 37 2405 2
614000 76 30 2512 3
602000 85 34 2632 3
7f7b10a3a000 65 37 2735 5
4b5000 138 59 2933 5
680000 981 165 4080 5
4d8000 83 43 4207 5
67f000 995 162 5365 5
454000 21 14 5401 5
7f7b1138a000 32 23 5458 5
7f7b1132f000 16 14 5488 5
7f7b11332000 16 14 5518 5
7f7b11333000 17 13 5548 5
7f7b11522000 67 22 5638 5
7f7b1132e000 214 14 5867 5
7f7b11406000 56 28 5951 5
7f7b11405000 47 22 6020 5
7f7b11331000 16 14 6050 5
7f7b11330000 16 14 6080 5
7f7b11510000 51 67 6198 5
7f7b1134e000 58 18 6275 5
7f7b11334000 16 14 6306 5
7f7b11512000 51 29 6386 5
7f7b1134d000 60 21 6468 5
7f7b1134c000 55 30 6554 6
7f7b1134b000 53 27 6635 6
7f7b1133b000 40 16 6691 6
7f7b1133a000 52 31 6774 7
7f7b11339000 71 26 6872 7
7f7b1144d000 58 21 6951 7
7f7b113ee000 48 27 7026 7
7f7b1133c000 43 29 7098 7
7f7b11525000 40 21 7160 7
7f7b11388000 82 37 7280 7
7f7b11389000 57 24 7362 7
7f7b10e63000 49 25 7436 7
7f7b10e38000 225 16 7677 7
7f7b10e62000 55 25 7758 7
7f7b11392000 56 33 7847 7
7f7b10a3f000 81 61 7989 7
7f7b10a3e000 82 42 8113 7
7f7b10aff000 96 37 8246 7
7f7b10a3d000 59 31 8336 7
7f7b10a3c000 79 33 8449 7
7f7b10a34000 143 42 8634 7
7f7b10a3b000 90 27 8751 7
7f7b10a35000 59 45 8855 7
7f7b109c2000 117 19 8992 7
7f7b10a01000 55 24 9071 7
7f7b10acf000 87 34 9192 7
7f7b10ace000 104 30 9327 7
7f7b10acd000 67 65 9460 7
7f7b10acb000 73 24 9557 7
455000 22 14 9593 7
67d000 987 160 10741 7
490000 72 37 10851 7
5c6000 96 48 10995 7
5c3000 76 23 11095 7
5c2000 81 33 11210 7
596000 65 32 11308 7
595000 79 30 11418 7
55b000 83 34 11536 7
5c9000 65 25 11628 7
56b000 91 41 11761 7
504000 76 40 11878 7
681000 463 77 12419 7
5f7000 59 30 12508 7
67e000 982 163 13654 7
524000 56 35 13746 7
567000 57 27 13831 7
566000 44 26 13902 7
565000 83 39 14026 7
564000 68 29 14124 7
653000 60 30 14215 7
7f7b12313000 58 38 14313 7
7f7b12312000 39 17 14369 7
7f7b12311000 51 16 14436 7
518000 63 29 14529 7
7f7b10a5b000 61 87 14678 7
7f7b10a5a000 94 54 14826 7
4f9000 71 28 14926 7
5ae000 67 28 15022 7
580000 66 28 15117 7
57f000 89 43 15250 7
531000 56 22 15330 7
64a000 64 27 15422 7
4fa000 66 41 15530 7
5d7000 82 38 15651 7
4ff000 87 33 15772 7
482000 68 36 15877 7
481000 60 35 15974 7
480000 68 30 16073 8
16111 8
23 47 14 57 1 4 33 12 
0x515000
515000 71 41 112 1
112 1
0 1 0 0 0 0 0 0 
0x67d000
67d000 988 160 1148 0
490000 73 36 1258 2
5c6000 96 47 1402 3
454000 21 14 1438 3
453000 18 14 1471 3
5c3000 77 23 1571 3
5c2000 82 32 1686 3
67c000 983 161 2831 3
67f000 986 162 3979 3
67b000 882 144 5006 3
615000 98 37 5142 3
614000 75 31 5249 4
602000 84 35 5369 4
7f7b10a3a000 65 37 5472 5
4b5000 138 60 5670 5
680000 979 164 6814 5
4d8000 82 43 6940 5
7f7b1138a000 33 22 6996 5
7f7b1132f000 16 13 7026 5
7f7b11332000 16 13 7056 5
7f7b11333000 16 13 7086 5
7f7b11522000 66 23 7176 5
7f7b1132e000 212 14 7402 5
7f7b11406000 56 28 7486 5
7f7b11405000 46 22 7554 5
7f7b11331000 16 14 7584 5
7f7b11330000 16 14 7614 5
7f7b11510000 51 66 7731 5
7f7b1134e000 58 18 7808 5
7f7b11334000 16 13 7838 5
7f7b11512000 50 29 7918 5
7f7b1134d000 60 21 8000 5
7f7b1134c000 55 30 8085 6
7f7b1134b000 53 27 8165 6
7f7b1133b000 40 15 8220 6
7f7b1133a000 51 32 8304 7
7f7b11339000 71 26 8401 7
7f7b1144d000 57 21 8480 7
7f7b113ee000 47 27 8555 7
7f7b1133c000 43 29 8627 7
7f7b11525000 40 22 8690 7
7f7b11388000 82 38 8810 7
7f7b11389000 57 24 8892 7
7f7b10e63000 49 25 8966 7
7f7b10e38000 225 16 9207 7
7f7b10e62000 55 25 9288 7
7f7b11392000 56 33 9377 7
456000 43 23 9443 7
515000 70 41 9555 7
596000 65 32 9653 7
595000 78 31 9763 7
55b000 82 34 9880 7
5c9000 65 25 9972 7
56b000 91 41 10105 7
504000 76 40 10222 7
681000 464 77 10764 7
5f7000 59 30 10853 7
67e000 984 163 12001 7
524000 55 35 12092 7
567000 57 28 12178 7
566000 44 26 12249 7
565000 85 39 12374 7
564000 68 28 12471 7
653000 60 30 12563 7
7f7b10ace000 104 31 12700 7
7f7b10acd000 68 65 12833 7
7f7b10acb000 72 24 12930 7
7f7b12313000 58 39 13028 7
7f7b12312000 39 16 13084 7
7f7b12311000 52 16 13152 7
518000 64 29 13246 7
7f7b10a5b000 62 87 13395 7
7f7b10a5a000 95 54 13545 7
4f9000 71 28 13645 7
5ae000 68 28 13742 7
580000 67 28 13838 7
57f000 89 44 13972 7
531000 57 22 14052 7
64a000 65 27 14145 7
4fa000 66 42 14254 7
5d7000 82 38 14374 7
4ff000 89 32 14496 7
482000 68 37 14602 7
481000 60 35 14698 7
480000 68 31 14798 8
14835 8
16 41 12 37 1 4 33 3 
0x490000
490000 73 36 109 2
109 2
0 1 2 0 0 0 0 0 
0x5c6000
5c6000 96 48 144 1
454000 21 14 180 1
453000 18 14 212 1
5c3000 76 23 312 1
5c2000 82 33 428 1
67c000 980 161 1570 1
67f000 984 162 2717 1
67b000 885 144 3747 1
615000 98 37 3883 1
614000 75 31 3990 3
602000 84 35 4110 3
7f7b10a3a000 65 37 4213 5
4b5000 138 60 4411 5
680000 982 163 5557 5
4d8000 82 43 5683 5
7f7b1138a000 32 22 5739 5
7f7b1132f000 16 13 5769 5
7f7b11332000 16 13 5799 5
7f7b11333000 16 13 5829 5
7f7b11522000 66 23 5919 5
7f7b1132e000 212 14 6145 5
7f7b11406000 56 27 6228 5
7f7b11405000 45 22 6296 5
7f7b11331000 16 13 6326 5
7f7b11330000 16 14 6356 5
7f7b11510000 51 66 6473 5
7f7b1134e000 58 19 6551 5
7f7b11334000 16 14 6581 5
7f7b11512000 51 29 6661 5
7f7b1134d000 61 20 6742 5
7f7b1134c000 54 30 6827 6
7f7b1134b000 53 26 6907 6
7f7b1133b000 39 16 6963 6
7f7b1133a000 52 31 7046 7
7f7b11339000 71 26 7144 7
7f7b1144d000 57 21 7223 7
7f7b113ee000 47 27 7298 7
7f7b1133c000 43 29 7370 7
7f7b11525000 40 22 7433 7
7f7b11388000 82 38 7553 7
7f7b11389000 56 24 7634 7
7f7b10e63000 49 25 7708 7
7f7b10e38000 224 17 7950 7
7f7b10e62000 55 25 8030 7
7f7b11392000 56 33 8119 7
456000 42 23 8185 7
515000 71 40 8297 7
67d000 984 161 9443 7
490000 72 37 9553 7
5a8000 100 38 9691 7
5d6000 98 42 9832 7
681000 464 76 10373 7
5f7000 59 30 10463 7
67e000 984 163 11611 7
524000 55 35 11702 7
567000 58 27 11788 7
566000 44 26 11859 7
565000 84 38 11982 7
564000 69 28 12080 7
653000 60 31 12172 7
7f7b10ace000 104 31 12308 7
7f7b10acd000 68 65 12441 7
7f7b10acb000 73 24 12538 7
7f7b12313000 58 39 12636 7
7f7b12312000 40 16 12692 7
7f7b12311000 51 17 12760 7
518000 65 29 12854 7
7f7b10a5b000 61 87 13003 7
7f7b10a5a000 95 54 13153 7
4f9000 72 28 13253 7
5ae000 67 29 13350 7
580000 67 29 13446 7
57f000 89 44 13579 7
531000 57 23 13660 7
64a000 64 27 13752 7
4fa000 67 41 13861 7
5d7000 82 38 13982 7
4ff000 89 33 14105 7
482000 69 37 14211 7
481000 61 34 14307 7
480000 69 31 14408 8
14441 8
14 39 11 35 1 2 32 3 
0x5c3000
5c3000 77 23 101 0
5c2000 82 33 217 0
453000 18 15 251 0
67c000 993 162 1406 0
67f000 997 162 2565 0
67b000 893 145 3604 0
615000 98 37 3740 1
614000 77 30 3848 3
602000 85 35 3969 3
7f7b10a3a000 65 37 4071 5
4b5000 138 59 4269 5
680000 980 163 5413 5
4d8000 82 43 5539 5
454000 21 14 5575 5
7f7b1138a000 32 22 5631 5
7f7b1132f000 16 13 5661 5
7f7b11332000 16 13 5691 5
7f7b11333000 16 14 5721 5
7f7b11522000 67 23 5811 5
7f7b1132e000 213 13 6037 5
7f7b11406000 56 27 6121 5
7f7b11405000 46 22 6189 5
7f7b11331000 16 14 6219 5
7f7b11330000 16 14 6249 5
7f7b11510000 51 66 6366 5
7f7b1134e000 57 19 6443 5
7f7b11334000 16 14 6473 5
7f7b11512000 51 29 6553 5
7f7b1134d000 60 21 6635 5
7f7b1134c000 55 30 6720 6
7f7b1134b000 53 27 6800 6
7f7b1133b000 40 15 6855 6
7f7b1133a000 51 32 6939 7
7f7b11339000 72 26 7037 7
7f7b1144d000 57 21 7115 7
7f7b113ee000 47 27 7190 7
7f7b1133c000 42 30 7263 7
7f7b11525000 41 21 7325 7
7f7b11388000 82 38 7445 7
7f7b11389000 57 23 7526 7
7f7b10e63000 48 25 7600 7
7f7b10e38000 225 16 7842 7
7f7b10e62000 55 25 7922 7
7f7b11392000 56 33 8011 7
456000 43 22 8076 7
515000 71 40 8188 7
67d000 983 160 9332 7
490000 72 37 9442 7
5c6000 96 48 9586 7
50f000 48 24 9659 7
455000 21 14 9696 7
5c0000 66 28 9791 7
5bf000 79 34 9905 7
617000 45 21 9972 7
616000 82 33 10088 7
7f7b1151a000 61 27 10177 7
7f7b1122a000 76 34 10288 7
7f7b11159000 360 110 10759 8
10776 8
8 10 6 14 2 3 33 1 
0x5c2000
5c2000 81 33 115 0
453000 18 14 148 0
67c000 980 161 1290 0
67f000 983 161 2434 0
67b000 884 145 3464 0
615000 98 37 3599 1
614000 76 30 3706 3
602000 85 34 3826 3
7f7b10a3a000 65 37 3929 5
4b5000 138 59 4127 5
680000 982 163 5273 5
4d8000 82 43 5399 5
454000 21 14 5435 5
7f7b1138a000 33 22 5491 5
7f7b1132f000 16 13 5521 5
7f7b11332000 16 13 5551 5
7f7b11333000 16 13 5581 5
7f7b11522000 66 23 5671 5
7f7b1132e000 212 14 5897 5
7f7b11406000 56 27 5980 5
7f7b11405000 46 21 6048 5
7f7b11331000 16 13 6078 5
7f7b11330000 16 14 6109 5
7f7b11510000 51 67 6227 5
7f7b1134e000 58 19 6304 5
7f7b11334000 16 14 6334 5
7f7b11512000 51 29 6414 5
7f7b1134d000 61 21 6496 5
7f7b1134c000 55 30 6581 6
7f7b1134b000 53 27 6662 6
7f7b1133b000 40 16 6718 6
7f7b1133a000 52 32 6802 7
7f7b11339000 72 26 6900 7
7f7b1144d000 57 22 6980 7
7f7b113ee000 48 27 7055 7
7f7b1133c000 42 30 7128 7
7f7b11525000 40 22 7191 7
7f7b11388000 83 38 7312 7
7f7b11389000 57 24 7394 7
7f7b10e63000 49 25 7468 7
7f7b10e38000 226 17 7711 7
7f7b10e62000 55 25 7791 7
7f7b11392000 56 33 7880 7
456000 43 22 7945 7
515000 70 41 8058 7
67d000 989 161 9208 7
490000 73 36 9317 7
5c6000 96 47 9461 7
5c3000 76 23 9561 7
67e000 983 163 10708 7
524000 56 35 10800 7
567000 57 27 10885 7
566000 44 26 10956 7
565000 84 39 11080 7
564000 68 29 11178 7
653000 59 31 11269 7
7f7b10ace000 105 30 11405 7
7f7b10acd000 67 65 11538 7
7f7b10acb000 73 24 11635 7
7f7b12313000 59 38 11732 7
7f7b12312000 39 17 11788 7
7f7b12311000 51 16 11855 7
518000 63 29 11948 7
7f7b10a5b000 61 87 12097 7
7f7b10a5a000 94 54 12245 7
681000 463 76 12785 7
5f7000 59 30 12875 7
4bd000 69 26 12971 7
7f7b10a21000 56 27 13056 7
7f7b10a20000 55 23 13134 7
7f7b10a27000 81 37 13253 7
7f7b109c2000 117 19 13390 7
7f7b10a5c000 64 59 13513 7
7f7b10a26000 31 26 13570 7
7f7b10a1d000 84 30 13685 7
7f7b109d3000 71 32 13789 7
7f7b109d2000 36 24 13849 7
7f7b109d1000 51 21 13921 7
7f7b109d0000 81 30 14032 7
7f7b109cf000 32 19 14084 7
7f7b109c7000 44 24 14152 7
7f7b109c6000 41 26 14219 7
7f7b109c5000 60 20 14300 7
7f7b10aff000 95 38 14434 7
7f7b10acf000 87 34 14555 7
7f7b10a22000 71 34 14661 8
14682 8
27 30 16 36 1 2 33 10 
0x596000
596000 66 32 98 1
67c000 988 161 1248 1
67b000 893 146 2288 1
615000 98 38 2425 2
614000 76 31 2533 3
602000 85 36 2655 3
7f7b10a3a000 66 37 2758 5
453000 18 14 2791 5
4b5000 139 60 2990 5
680000 985 164 4140 5
4d8000 82 43 4266 5
67f000 986 162 5415 5
454000 21 14 5451 5
7f7b1138a000 32 22 5507 5
7f7b1132f000 15 14 5537 5
7f7b11332000 16 14 5567 5
7f7b11333000 16 14 5597 5
7f7b11522000 66 23 5686 5
7f7b1132e000 213 14 5913 5
7f7b11406000 56 27 5996 5
7f7b11405000 46 22 6064 5
7f7b11331000 16 14 6094 5
7f7b11330000 16 14 6124 5
7f7b11510000 51 66 6241 5
7f7b1134e000 57 19 6318 5
7f7b11334000 16 14 6348 5
7f7b11512000 51 29 6428 5
7f7b1134d000 61 20 6509 5
7f7b1134c000 54 30 6594 6
7f7b1134b000 53 26 6674 6
7f7b1133b000 39 16 6730 6
7f7b1133a000 52 31 6813 7
7f7b11339000 71 26 6911 7
7f7b1144d000 57 21 6989 7
7f7b113ee000 47 27 7064 7
7f7b1133c000 42 30 7137 7
7f7b11525000 41 21 7199 7
7f7b11388000 82 38 7319 7
7f7b11389000 57 24 7400 7
7f7b10e63000 49 25 7474 7
7f7b10e38000 224 16 7714 7
7f7b10e62000 55 25 7795 7
7f7b11392000 55 33 7883 7
456000 42 23 7949 7
515000 70 41 8061 7
67d000 984 160 9205 7
490000 72 37 9315 7
5c6000 97 47 9459 7
5c3000 76 23 9559 7
5c2000 82 33 9675 7
7f7b10a51000 56 27 9759 7
7f7b10a50000 49 15 9824 7
7f7b10a4f000 45 15 9885 7
4ee000 59 35 9980 7
4ed000 56 29 10066 7
67e000 984 163 11214 7
524000 55 35 11305 7
567000 57 27 11390 7
566000 45 26 11462 7
565000 83 40 11586 7
564000 69 28 11684 7
653000 60 31 11776 7
7f7b10ace000 105 30 11913 7
7f7b10acd000 67 66 12047 7
7f7b10acb000 73 24 12144 7
7f7b12313000 58 39 12242 7
7f7b12312000 40 16 12298 7
7f7b12311000 51 17 12366 7
518000 64 29 12460 7
7f7b10a5b000 62 86 12609 7
7f7b10a5a000 95 54 12759 7
681000 469 77 13306 7
5f7000 60 30 13396 7
4bd000 70 26 13493 7
7f7b10a21000 57 27 13578 7
7f7b10a20000 55 23 13657 7
7f7b10a27000 83 37 13777 7
7f7b109c2000 118 19 13915 7
7f7b10a5c000 65 59 14039 7
7f7b10a26000 30 27 14096 7
7f7b10a1d000 85 31 14213 7
7f7b109d3000 72 32 14317 7
7f7b109d2000 37 23 14377 7
7f7b109d1000 52 21 14450 7
7f7b109d0000 81 31 14562 7
7f7b109cf000 33 19 14614 7
7f7b109c7000 45 23 14682 7
7f7b109c6000 41 26 14750 7
7f7b109c5000 60 21 14832 7
7f7b10aff000 96 37 14966 7
7f7b10acf000 88 34 15089 7
7f7b10a22000 72 34 15195 8
15221 8
28 34 16 37 1 2 37 10 
0x595000
595000 80 30 110 3
67c000 991 161 1263 3
680000 991 165 2420 3
454000 22 14 2456 3
453000 18 15 2489 3
55b000 83 35 2607 4
67b000 889 145 3642 4
615000 98 37 3778 4
614000 76 31 3886 5
602000 85 35 4007 5
7f7b10a3a000 66 37 4111 6
4b5000 139 61 4311 6
4d8000 82 43 4437 6
67f000 993 163 5594 6
7f7b1138a000 33 22 5650 6
7f7b1132f000 16 14 5681 6
7f7b11332000 16 14 5711 6
7f7b11333000 16 14 5741 6
7f7b11522000 67 23 5831 6
7f7b1132e000 215 14 6060 6
7f7b11406000 57 27 6144 6
7f7b11405000 47 22 6213 6
7f7b11331000 16 14 6243 6
7f7b11330000 16 14 6273 6
7f7b11510000 51 67 6391 6
7f7b1134e000 58 19 6468 6
7f7b11334000 16 13 6498 6
7f7b11512000 51 29 6579 6
7f7b1134d000 61 20 6661 6
7f7b1134c000 55 30 6747 7
7f7b1134b000 53 27 6828 7
7f7b1133b000 40 15 6883 7
7f7b1133a000 52 31 6967 7
7f7b11339000 72 26 7066 7
7f7b1144d000 58 21 7145 7
7f7b113ee000 48 27 7221 7
7f7b1133c000 43 29 7293 7
7f7b11525000 41 21 7356 7
7f7b11388000 82 38 7477 7
7f7b11389000 57 24 7559 7
7f7b10e63000 49 25 7633 7
7f7b10e38000 227 16 7877 7
7f7b10e62000 55 25 7958 7
7f7b11392000 56 34 8048 7
456000 43 23 8114 7
515000 71 40 8226 7
67d000 994 161 9382 7
490000 73 36 9492 7
5c6000 96 48 9637 7
5c3000 76 23 9737 7
5c2000 82 33 9853 7
596000 65 32 9951 7
67e000 996 163 11111 7
524000 56 35 11203 7
567000 58 27 11289 7
566000 45 26 11361 7
565000 84 40 11486 7
564000 70 28 11584 7
653000 60 31 11676 7
7f7b10ace000 105 31 11813 7
7f7b10acd000 68 65 11946 7
7f7b10acb000 72 25 12044 7
7f7b12313000 59 38 12141 7
7f7b12312000 39 16 12197 7
7f7b12311000 51 16 12265 7
518000 64 29 12359 7
7f7b10a5b000 62 87 12508 7
7f7b10a5a000 95 54 12658 7
681000 468 77 13203 7
5f7000 59 31 13293 7
4bd000 70 26 13390 7
7f7b10a21000 57 27 13475 7
7f7b10a20000 55 23 13554 7
7f7b10a27000 82 37 13674 7
7f7b109c2000 117 20 13812 7
7f7b10a5c000 65 58 13935 7
7f7b10a26000 30 27 13993 7
7f7b10a1d000 85 31 14109 7
7f7b109d3000 72 32 14213 7
7f7b109d2000 36 24 14273 7
7f7b109d1000 51 21 14345 7
7f7b109d0000 80 30 14456 7
7f7b109cf000 33 18 14508 7
7f7b109c7000 44 24 14576 7
7f7b109c6000 41 25 14643 7
7f7b109c5000 60 20 14724 7
7f7b10aff000 96 37 14858 7
7f7b10acf000 87 34 14979 7
7f7b10a22000 71 34 15085 8
15110 8
27 33 17 38 1 4 33 10 
0x55b000
55b000 83 34 117 1
67c000 980 161 1259 1
67b000 879 145 2284 1
615000 98 37 2419 1
614000 76 30 2526 3
602000 85 35 2647 3
7f7b10a3a000 65 37 2749 5
453000 18 14 2782 5
4b5000 138 60 2980 5
680000 980 164 4125 5
4d8000 83 42 4250 5
67f000 984 162 5397 5
454000 21 14 5433 5
7f7b1138a000 32 22 5488 5
7f7b1132f000 16 14 5519 5
7f7b11332000 16 13 5548 5
7f7b11333000 16 13 5578 5
7f7b11522000 66 23 5668 5
7f7b1132e000 212 14 5894 5
7f7b11406000 56 27 5977 5
7f7b11405000 46 21 6045 5
7f7b11331000 16 14 6076 5
7f7b11330000 16 14 6106 5
7f7b11510000 50 67 6223 5
7f7b1134e000 58 19 6300 5
7f7b11334000 17 13 6330 5
7f7b11512000 51 29 6411 5
7f7b1134d000 60 21 6493 5
7f7b1134c000 54 30 6578 6
7f7b1134b000 53 27 6658 6
7f7b1133b000 40 15 6713 6
7f7b1133a000 51 32 6797 7
7f7b11339000 72 26 6895 7
7f7b1144d000 57 21 6973 7
7f7b113ee000 47 27 7048 7
7f7b1133c000 43 29 7120 7
7f7b11525000 40 21 7182 7
7f7b11388000 82 37 7302 7
7f7b11389000 57 24 7384 7
7f7b10e63000 49 24 7457 7
7f7b10e38000 225 16 7699 7
7f7b10e62000 55 25 7779 7
7f7b11392000 56 33 7868 7
456000 42 23 7933 7
515000 71 41 8046 7
67d000 985 160 9191 7
490000 73 36 9300 7
5c6000 96 48 9445 7
5c3000 76 24 9545 7
5c2000 82 33 9660 7
596000 65 32 9758 7
595000 79 30 9868 7
504000 76 40 9985 7
681000 464 77 10527 7
5f7000 59 30 10616 7
67e000 983 163 11763 7
524000 56 35 11855 7
567000 58 27 11940 7
566000 45 26 12012 7
565000 83 39 12135 7
564000 69 28 12233 7
653000 60 31 12325 7
7f7b10ace000 104 30 12460 7
7f7b10acd000 67 65 12593 7
7f7b10acb000 73 24 12690 7
7f7b12313000 59 38 12787 7
7f7b12312000 39 16 12843 7
7f7b12311000 51 17 12911 7
518000 64 29 13004 7
7f7b10a5b000 61 87 13152 7
7f7b10a5a000 94 54 13301 7
4f9000 71 29 13401 7
5ae000 68 28 13497 7
580000 67 28 13592 7
57f000 89 44 13726 7
531000 56 23 13806 7
64a000 64 26 13897 7
4fa000 67 41 14006 7
5d7000 82 38 14126 7
4ff000 88 33 14248 7
482000 68 37 14353 7
481000 60 35 14449 7
480000 68 31 14549 8
14584 8
16 40 12 37 1 4 32 3 
0x5c9000
5c9000 65 25 91 0
56b000 91 41 224 2
67c000 986 161 1372 2
504000 76 41 1490 3
681000 468 77 2036 3
5f7000 59 30 2126 4
67e000 997 164 3288 4
524000 55 35 3379 4
567000 57 27 3464 4
67d000 983 160 4608 4
490000 73 36 4718 5
5c6000 96 47 4862 5
454000 21 14 4898 5
453000 18 14 4931 5
5c3000 77 23 5031 5
5c2000 81 33 5146 5
67f000 983 162 6292 5
67b000 884 145 7321 5
615000 98 37 7456 5
614000 76 31 7564 5
602000 84 35 7684 5
7f7b10a3a000 65 38 7788 6
4b5000 139 60 7987 6
680000 979 164 9131 6
4d8000 82 42 9256 6
7f7b1138a000 32 22 9312 6
7f7b1132f000 16 13 9342 6
7f7b11332000 16 13 9372 6
7f7b11333000 16 13 9402 6
7f7b11522000 66 23 9492 6
7f7b1132e000 213 14 9719 6
7f7b11406000 56 27 9802 6
7f7b11405000 46 22 9871 6
7f7b11331000 16 13 9900 6
7f7b11330000 16 13 9930 6
7f7b11510000 50 67 10048 6
7f7b1134e000 58 19 10125 6
7f7b11334000 16 14 10155 6
7f7b11512000 51 29 10235 6
7f7b1134d000 61 20 10316 6
7f7b1134c000 54 31 10402 6
7f7b1134b000 53 26 10481 6
7f7b1133b000 40 15 10537 6
7f7b1133a000 51 32 10621 7
7f7b11339000 72 25 10718 7
7f7b1144d000 57 21 10797 7
7f7b113ee000 47 27 10872 7
7f7b1133c000 42 30 10945 7
7f7b11525000 41 21 11007 7
7f7b11388000 82 38 11127 7
7f7b11389000 57 24 11209 7
7f7b10e63000 49 25 11283 7
7f7b10e38000 227 16 11526 7
7f7b10e62000 55 25 11606 7
7f7b11392000 55 33 11695 7
456000 43 22 11760 7
515000 71 41 11873 7
596000 65 32 11971 7
595000 79 30 12081 7
55b000 82 35 12199 7
5d7000 82 38 12320 7
4ff000 87 33 12441 7
482000 68 37 12547 7
481000 60 34 12642 7
480000 69 30 12742 8
12769 8
9 22 5 17 1 4 33 1 
0x56b000
56b000 92 41 133 2
67c000 982 161 1277 2
504000 75 40 1393 3
681000 464 77 1935 3
5f7000 59 30 2024 4
67e000 989 163 3177 4
524000 55 35 3268 4
567000 57 28 3354 4
67d000 984 160 4498 4
490000 72 37 4608 5
5c6000 96 48 4752 5
454000 22 14 4788 5
453000 18 14 4820 5
5c3000 76 23 4920 5
5c2000 82 33 5036 5
67f000 985 161 6183 5
67b000 883 145 7212 5
615000 98 37 7348 5
614000 76 30 7455 5
602000 85 35 7576 5
7f7b10a3a000 65 37 7678 6
4b5000 138 59 7876 6
680000 979 164 9020 6
4d8000 82 42 9145 6
7f7b1138a000 32 22 9201 6
7f7b1132f000 16 14 9232 6
7f7b11332000 16 14 9262 6
7f7b11333000 16 14 9292 6
7f7b11522000 67 22 9381 6
7f7b1132e000 212 14 9608 6
7f7b11406000 56 27 9691 6
7f7b11405000 45 22 9759 6
7f7b11331000 16 13 9789 6
7f7b11330000 16 13 9819 6
7f7b11510000 51 66 9936 6
7f7b1134e000 58 18 10013 6
7f7b11334000 16 13 10043 6
7f7b11512000 51 29 10123 6
7f7b1134d000 60 21 10205 6
7f7b1134c000 55 30 10290 6
7f7b1134b000 53 27 10370 6
7f7b1133b000 40 15 10425 6
7f7b1133a000 52 31 10508 7
7f7b11339000 71 26 10606 7
7f7b1144d000 58 21 10685 7
7f7b113ee000 48 26 10759 7
7f7b1133c000 42 30 10832 7
7f7b11525000 41 21 10894 7
7f7b11388000 81 38 11014 7
7f7b11389000 57 24 11096 7
7f7b10e63000 49 25 11170 7
7f7b10e38000 225 16 11411 7
7f7b10e62000 55 25 11491 7
7f7b11392000 56 33 11580 7
456000 42 23 11645 7
515000 71 40 11757 7
596000 65 32 11855 7
595000 79 30 11965 7
55b000 83 34 12083 7
5c9000 66 24 12174 7
5c8000 57 29 12261 7
54d000 80 38 12380 7
54c000 29 17 12427 7
455000 21 14 12463 7
469000 46 25 12535 7
468000 48 25 12609 7
4fc000 47 24 12680 7
7f7b10a21000 57 26 12764 7
7f7b10a20000 55 23 12843 7
7f7b10a27000 82 37 12962 7
7f7b109c2000 117 19 13098 7
7f7b10a5c000 64 58 13221 7
7f7b10a5b000 62 87 13370 7
7f7b10a5a000 95 53 13518 7
7f7b10a26000 30 27 13576 7
7f7b10a1d000 85 30 13691 7
7f7b109d3000 71 32 13795 7
7f7b109d2000 36 23 13855 7
7f7b109d1000 51 21 13928 7
7f7b109d0000 81 30 14039 7
7f7b109cf000 32 19 14091 7
7f7b109c7000 44 24 14159 7
7f7b109c6000 41 26 14227 7
7f7b109c5000 60 21 14308 7
7f7b10aff000 96 37 14441 7
7f7b10acf000 87 35 14564 7
7f7b10ace000 104 31 14699 7
7f7b10acd000 68 65 14832 7
7f7b10acb000 72 24 14928 7
7f7b10a22000 71 34 15034 8
15064 8
28 31 16 39 1 4 38 10 
0x504000
504000 76 40 117 1
681000 464 76 658 2
5f7000 59 30 748 3
67e000 983 163 1895 3
524000 55 35 1986 3
67c000 982 160 3129 3
567000 57 28 3215 3
67d000 983 160 4358 3
490000 73 36 4467 4
5c6000 96 47 4611 4
454000 21 14 4647 4
453000 18 14 4680 4
5c3000 77 24 4781 4
5c2000 81 33 4896 4
67f000 980 162 6039 4
67b000 880 144 7063 4
615000 98 37 7199 4
614000 75 31 7306 5
602000 84 35 7426 5
7f7b10a3a000 65 37 7529 6
4b5000 138 60 7727 6
680000 980 164 8872 6
4d8000 82 42 8997 6
7f7b1138a000 32 22 9053 6
7f7b1132f000 16 14 9084 6
7f7b11332000 16 13 9113 6
7f7b11333000 16 13 9143 6
7f7b11522000 66 23 9233 6
7f7b1132e000 213 14 9460 6
7f7b11406000 56 27 9543 6
7f7b11405000 47 21 9611 6
7f7b11331000 16 13 9641 6
7f7b11330000 15 14 9671 6
7f7b11510000 51 66 9788 6
7f7b1134e000 57 19 9865 6
7f7b11334000 17 13 9895 6
7f7b11512000 52 28 9975 6
7f7b1134d000 61 20 10057 6
7f7b1134c000 54 30 10142 6
7f7b1134b000 53 26 10222 6
7f7b1133b000 39 15 10277 6
7f7b1133a000 51 32 10361 7
7f7b11339000 72 25 10458 7
7f7b1144d000 57 21 10537 7
7f7b113ee000 48 27 10612 7
7f7b1133c000 43 29 10684 7
7f7b11525000 40 21 10746 7
7f7b11388000 81 38 10866 7
7f7b11389000 57 23 10947 7
7f7b10e63000 48 25 11021 7
7f7b10e38000 224 16 11262 7
7f7b10e62000 55 25 11342 7
7f7b11392000 56 33 11431 7
456000 43 22 11496 7
515000 71 41 11609 7
596000 65 32 11706 7
595000 79 30 11816 7
55b000 83 34 11934 7
5c9000 66 24 12025 7
56b000 91 41 12158 7
565000 84 39 12282 7
564000 68 28 12379 7
653000 60 31 12471 7
7f7b10ace000 104 30 12606 7
7f7b10acd000 68 64 12738 7
7f7b10acb000 72 24 12835 7
7f7b12313000 59 38 12932 7
7f7b12312000 39 17 12988 7
7f7b12311000 51 16 13055 7
518000 64 29 13149 7
7f7b10a5b000 61 87 13297 7
7f7b10a5a000 94 54 13446 7
4f9000 70 29 13546 7
5ae000 68 28 13642 7
580000 67 28 13737 7
57f000 89 44 13871 7
531000 56 22 13950 7
64a000 64 27 14042 7
4fa000 66 41 14150 7
5d7000 82 38 14271 7
4ff000 88 32 14392 7
482000 68 37 14498 7
481000 60 34 14593 7
480000 69 30 14693 8
14729 8
16 41 12 36 1 4 33 3 
0x681000
681000 468 77 545 1
5f7000 59 30 635 2
67e000 993 164 1793 2
524000 56 35 1885 2
67c000 993 162 3041 2
567000 58 27 3126 2
67d000 992 161 4280 2
490000 73 37 4391 3
5c6000 97 48 4536 3
454000 21 14 4572 3
453000 18 14 4605 3
5c3000 77 24 4706 3
5c2000 83 33 4822 3
67f000 991 162 5976 3
67b000 890 146 7013 3
615000 98 37 7149 3
614000 77 30 7257 4
602000 85 36 7379 4
7f7b10a3a000 66 37 7482 5
4b5000 139 60 7682 5
680000 988 164 8835 5
4d8000 83 43 8962 5
7f7b1138a000 32 22 9018 5
7f7b1132f000 16 14 9049 5
7f7b11332000 16 14 9079 5
7f7b11333000 16 14 9109 5
7f7b11522000 67 23 9199 5
7f7b1132e000 215 14 9428 5
7f7b11406000 56 28 9512 5
7f7b11405000 46 22 9580 5
7f7b11331000 16 13 9610 5
7f7b11330000 16 14 9641 5
7f7b11510000 51 67 9759 5
7f7b1134e000 58 19 9836 5
7f7b11334000 16 14 9866 5
7f7b11512000 52 29 9947 5
7f7b1134d000 61 21 10029 5
7f7b1134c000 54 31 10115 6
7f7b1134b000 54 26 10195 6
7f7b1133b000 39 16 10251 6
7f7b1133a000 52 32 10335 7
7f7b11339000 72 26 10433 7
7f7b1144d000 57 22 10513 7
7f7b113ee000 48 27 10588 7
7f7b1133c000 43 30 10661 7
7f7b11525000 41 21 10723 7
7f7b11388000 82 38 10844 7
7f7b11389000 57 24 10926 7
7f7b10e63000 49 25 11001 7
7f7b10e38000 227 16 11244 7
7f7b10e62000 55 25 11325 7
7f7b11392000 56 33 11415 7
456000 43 23 11481 7
515000 71 41 11594 7
596000 66 32 11692 7
595000 79 31 11803 7
55b000 83 35 11922 7
5c9000 66 25 12014 7
56b000 92 41 12148 7
504000 76 40 12265 7
455000 22 14 12302 7
7f7b10a3b000 90 27 12420 7
7f7b10a34000 145 42 12607 7
5e3000 50 30 12687 7
5e2000 98 40 12826 7
5e1000 67 36 12930 7
469000 46 26 13003 7
468000 48 25 13077 7
4fc000 47 24 13149 7
7f7b10a21000 57 27 13234 7
7f7b10a20000 55 23 13313 7
7f7b10a27000 82 37 13433 7
7f7b109c2000 118 19 13571 7
7f7b10a5c000 65 58 13695 7
7f7b10a5b000 62 87 13845 7
7f7b10a5a000 95 54 13994 7
7f7b10a26000 30 27 14052 7
7f7b10a1d000 84 31 14168 7
7f7b109d3000 72 32 14273 7
7f7b109d2000 37 23 14333 7
7f7b109d1000 51 21 14406 7
7f7b109d0000 81 30 14518 7
7f7b109cf000 33 19 14570 7
7f7b109c7000 45 24 14639 7
7f7b109c6000 42 26 14707 7
7f7b109c5000 60 21 14788 7
7f7b10aff000 96 38 14923 7
7f7b10acf000 88 34 15045 7
7f7b10ace000 104 31 15181 7
7f7b10acd000 68 65 15314 7
7f7b10acb000 72 25 15412 7
7f7b10a22000 71 35 15518 8
15548 8
31 32 16 37 1 6 40 12 
0x5f7000
5f7000 60 30 90 2
67e000 989 163 1243 2
524000 56 35 1335 2
67c000 982 160 2478 2
567000 57 28 2564 2
67d000 982 161 3708 2
490000 72 36 3817 3
5c6000 96 47 3961 3
454000 21 14 3997 3
453000 18 14 4030 3
5c3000 76 23 4130 3
5c2000 81 33 4245 3
67f000 992 163 5401 3
67b000 917 147 6466 3
615000 98 38 6603 3
614000 77 31 6712 4
602000 85 35 6833 4
7f7b10a3a000 67 38 6939 5
4b5000 139 61 7139 5
680000 989 164 8293 5
4d8000 82 43 8419 5
7f7b1138a000 32 22 8475 5
7f7b1132f000 16 14 8506 5
7f7b11332000 16 14 8536 5
7f7b11333000 16 14 8566 5
7f7b11522000 68 22 8656 5
7f7b1132e000 215 13 8885 5
7f7b11406000 56 27 8969 5
7f7b11405000 46 22 9038 5
7f7b11331000 16 14 9068 5
7f7b11330000 16 14 9098 5
7f7b11510000 51 67 9216 5
7f7b1134e000 58 19 9294 5
7f7b11334000 16 14 9324 5
7f7b11512000 52 29 9405 5
7f7b1134d000 61 21 9487 5
7f7b1134c000 55 30 9572 6
7f7b1134b000 53 33 9659 6
7f7b1133b000 40 16 9715 6
7f7b1133a000 52 32 9799 7
7f7b11339000 72 26 9897 7
7f7b1144d000 57 22 9977 7
7f7b113ee000 48 27 10052 7
7f7b1133c000 43 30 10125 7
7f7b11525000 41 21 10187 7
7f7b11388000 82 38 10308 7
7f7b11389000 57 24 10390 7
7f7b10e63000 49 25 10464 7
7f7b10e38000 227 16 10708 7
7f7b10e62000 56 25 10790 7
7f7b11392000 56 34 10880 7
456000 42 23 10946 7
515000 71 41 11059 7
596000 65 32 11157 7
595000 80 30 11268 7
55b000 84 34 11387 7
5c9000 66 25 11479 7
56b000 92 41 11613 7
504000 77 40 11731 7
681000 467 77 12276 7
4c4000 67 32 12375 7
4c3000 54 25 12455 7
4c2000 73 39 12568 7
4c1000 102 46 12717 7
455000 22 14 12754 7
7f7b10ba5000 28 25 12808 7
4f5000 72 35 12916 7
60c000 53 29 12999 7
4a7000 79 37 13116 7
4a6000 55 31 13203 7
5c0000 65 28 13297 7
5bf000 79 34 13411 7
617000 46 21 13479 7
616000 82 33 13595 7
7f7b1151a000 61 27 13684 7
7f7b1122a000 76 34 13795 7
7f7b11159000 359 110 14265 8
14300 8
10 26 7 27 2 5 36 2 
0x67e000
67e000 985 163 1148 1
524000 55 35 1239 1
67c000 983 161 2384 1
567000 58 27 2469 1
67d000 986 160 3616 1
490000 73 36 3726 2
5c6000 96 47 3870 3
454000 21 14 3906 3
453000 18 14 3939 3
5c3000 76 23 4038 3
5c2000 82 33 4154 3
67f000 989 162 5306 3
67b000 891 145 6343 3
615000 99 37 6480 3
614000 77 30 6588 4
602000 86 35 6710 4
7f7b10a3a000 65 38 6814 5
4b5000 139 60 7013 5
680000 978 163 8156 5
4d8000 82 43 8282 5
7f7b1138a000 33 22 8338 5
7f7b1132f000 16 14 8368 5
7f7b11332000 16 14 8398 5
7f7b11333000 16 14 8428 5
7f7b11522000 66 23 8517 5
7f7b1132e000 213 14 8744 5
7f7b11406000 56 27 8827 5
7f7b11405000 46 22 8895 5
7f7b11331000 16 14 8925 5
7f7b11330000 16 14 8955 5
7f7b11510000 51 66 9072 5
7f7b1134e000 57 20 9150 5
7f7b11334000 16 14 9180 5
7f7b11512000 51 30 9261 5
7f7b1134d000 61 20 9342 5
7f7b1134c000 55 30 9428 6
7f7b1134b000 53 27 9509 6
7f7b1133b000 40 16 9565 6
7f7b1133a000 52 32 9649 7
7f7b11339000 72 26 9747 7
7f7b1144d000 58 21 9826 7
7f7b113ee000 48 27 9901 7
7f7b1133c000 43 29 9974 7
7f7b11525000 41 21 10037 7
7f7b11388000 83 38 10158 7
7f7b11389000 57 24 10240 7
7f7b10e63000 49 25 10314 7
7f7b10e38000 227 16 10558 7
7f7b10e62000 56 25 10639 7
7f7b11392000 56 33 10728 7
456000 42 23 10794 7
515000 71 41 10907 7
596000 65 32 11005 7
595000 80 30 11116 7
55b000 83 35 11235 7
5c9000 66 24 11326 7
56b000 92 42 11461 7
504000 76 40 11578 7
681000 467 77 12123 7
5f7000 62 31 12216 7
4bd000 70 26 12313 7
7f7b10a21000 57 27 12398 7
7f7b10a20000 56 23 12477 7
7f7b10a27000 82 37 12597 7
7f7b109c2000 118 19 12735 7
7f7b10a5c000 64 59 12859 7
7f7b10a5b000 62 87 13008 7
7f7b10a5a000 95 54 13158 7
7f7b10a26000 31 27 13216 7
7f7b10a1d000 85 31 13332 7
7f7b109d3000 72 32 13436 7
7f7b109d2000 36 23 13496 7
7f7b109d1000 52 20 13569 7
7f7b109d0000 81 30 13681 7
7f7b109cf000 33 19 13734 7
7f7b109c7000 45 23 13802 7
7f7b109c6000 41 26 13870 7
7f7b109c5000 60 21 13952 7
7f7b10aff000 97 37 14086 7
7f7b10acf000 87 35 14209 7
7f7b10ace000 105 30 14344 7
7f7b10acd000 68 65 14478 7
7f7b10acb000 73 24 14575 7
7f7b10a22000 71 35 14682 8
14705 8
28 28 16 37 1 4 34 10 
0x524000
524000 56 35 91 1
67c000 994 162 1248 1
567000 58 28 1334 1
67d000 993 162 2490 1
490000 73 36 2600 2
5c6000 97 47 2745 3
454000 21 15 2782 3
453000 18 14 2814 3
5c3000 77 23 2915 3
5c2000 82 33 3031 3
67f000 994 162 4188 3
67b000 890 145 5224 3
615000 99 37 5361 3
614000 77 30 5469 4
602000 86 35 5591 4
7f7b10a3a000 66 38 5695 5
4b5000 140 60 5895 5
680000 989 165 7050 5
4d8000 83 43 7176 5
7f7b1138a000 32 23 7233 5
7f7b1132f000 16 14 7264 5
7f7b11332000 16 14 7294 5
7f7b11333000 16 14 7324 5
7f7b11522000 67 23 7414 5
7f7b1132e000 242 14 7670 5
7f7b11406000 56 27 7753 5
7f7b11405000 46 22 7822 5
7f7b11331000 16 13 7851 5
7f7b11330000 16 13 7881 5
7f7b11510000 50 67 7999 5
7f7b1134e000 58 19 8076 5
7f7b11334000 16 14 8106 5
7f7b11512000 51 29 8186 5
7f7b1134d000 61 20 8267 5
7f7b1134c000 54 30 8352 6
7f7b1134b000 53 26 8432 6
7f7b1133b000 39 16 8488 6
7f7b1133a000 52 31 8571 7
7f7b11339000 71 26 8669 7
7f7b1144d000 57 21 8748 7
7f7b113ee000 47 27 8823 7
7f7b1133c000 43 30 8896 7
7f7b11525000 41 21 8958 7
7f7b11388000 82 38 9078 7
7f7b11389000 57 23 9159 7
7f7b10e63000 48 25 9233 7
7f7b10e38000 224 17 9475 7
7f7b10e62000 55 25 9555 7
7f7b11392000 59 36 9650 7
456000 43 23 9717 7
515000 71 41 9830 7
596000 65 33 9929 7
595000 79 31 10040 7
55b000 83 34 10158 7
5c9000 65 25 10250 7
56b000 93 41 10385 7
504000 76 41 10503 7
681000 467 77 11048 7
5f7000 59 31 11139 7
67e000 992 163 12295 7
5b8000 47 29 12372 7
543000 38 23 12434 7
542000 61 31 12527 7
7f7b10a3b000 89 27 12644 7
7f7b10a34000 143 42 12829 7
455000 21 14 12864 7
61b000 78 36 12980 7
7f7b114dc000 57 28 13066 7
7f7b10d4f000 42 30 13139 7
50a000 67 35 13241 7
5bb000 39 19 13300 7
531000 56 22 13379 7
64a000 64 27 13471 7
4fa000 66 42 13580 7
5d7000 82 38 13700 7
4ff000 88 33 13822 7
482000 68 37 13927 7
481000 60 35 14023 7
480000 68 31 14123 8
14160 8
14 33 7 18 1 6 35 3 
0x567000
567000 57 27 85 1
67d000 990 160 1236 1
490000 73 36 1346 2
5c6000 96 49 1492 3
454000 21 14 1528 3
453000 18 14 1561 3
5c3000 77 23 1661 3
5c2000 82 33 1777 3
67c000 984 161 2923 3
67f000 984 162 4070 3
67b000 892 145 5108 3
615000 98 38 5245 3
614000 76 31 5353 4
602000 85 35 5474 4
7f7b10a3a000 66 37 5578 5
4b5000 139 59 5776 5
680000 982 163 6923 5
4d8000 82 43 7049 5
7f7b1138a000 33 22 7105 5
7f7b1132f000 15 14 7135 5
7f7b11332000 16 14 7165 5
7f7b11333000 16 14 7195 5
7f7b11522000 67 22 7284 5
7f7b1132e000 212 14 7511 5
7f7b11406000 56 27 7594 5
7f7b11405000 46 21 7662 5
7f7b11331000 16 13 7692 5
7f7b11330000 16 13 7722 5
7f7b11510000 51 67 7840 5
7f7b1134e000 58 18 7916 5
7f7b11334000 16 13 7946 5
7f7b11512000 51 29 8027 5
7f7b1134d000 60 21 8108 5
7f7b1134c000 54 30 8193 6
7f7b1134b000 53 26 8273 6
7f7b1133b000 39 16 8329 6
7f7b1133a000 52 31 8412 7
7f7b11339000 71 26 8510 7
7f7b1144d000 58 21 8589 7
7f7b113ee000 48 27 8664 7
7f7b1133c000 43 29 8736 7
7f7b11525000 40 21 8798 7
7f7b11388000 82 37 8918 7
7f7b11389000 57 24 9000 7
7f7b10e63000 49 25 9074 7
7f7b10e38000 225 16 9315 7
7f7b10e62000 55 25 9396 7
7f7b11392000 56 32 9484 7
456000 42 23 9550 7
515000 71 40 9662 7
596000 65 32 9760 7
595000 79 30 9870 7
55b000 82 35 9988 7
5c9000 66 24 10079 7
56b000 92 40 10212 7
504000 76 41 10330 7
681000 464 76 10870 7
5f7000 59 30 10960 7
67e000 983 163 12107 7
524000 56 35 12199 7
523000 94 36 12330 7
455000 21 14 12366 7
7f7b10a3b000 90 26 12483 7
7f7b10a34000 143 42 12669 7
52a000 65 37 12771 7
529000 64 28 12864 7
528000 85 35 12985 7
7f7b1151a000 61 27 13074 7
7f7b1151e000 69 35 13179 7
61a000 113 46 13339 7
619000 63 27 13430 7
45c000 36 21 13490 7
56d000 60 31 13582 7
5dc000 68 36 13688 7
4bd000 69 26 13785 7
7f7b10a21000 57 26 13869 7
7f7b10a20000 55 23 13948 7
7f7b10a27000 82 37 14067 7
7f7b109c2000 117 19 14204 7
7f7b10a5c000 65 58 14327 7
7f7b10a5b000 61 87 14475 7
7f7b10a5a000 94 54 14624 7
7f7b10a26000 31 26 14681 7
7f7b10a1d000 84 31 14797 7
7f7b109d3000 71 32 14900 7
7f7b109d2000 36 23 14960 7
7f7b109d1000 51 20 15032 7
7f7b109d0000 80 31 15144 7
7f7b109cf000 33 18 15195 7
7f7b109c7000 44 24 15264 7
7f7b109c6000 41 26 15331 7
7f7b109c5000 60 21 15412 7
7f7b10aff000 97 37 15546 7
7f7b10acf000 87 34 15668 7
7f7b10ace000 104 30 15803 7
7f7b10acd000 68 65 15936 7
7f7b10acb000 73 24 16033 7
7f7b10a22000 71 34 16138 8
16169 8
29 34 16 38 1 5 38 12 
0x566000
566000 44 26 71 1
565000 84 39 195 1
564000 68 28 292 2
67c000 984 161 1438 2
67b000 885 145 2469 2
615000 97 38 2605 2
614000 75 31 2712 4
602000 85 35 2833 4
7f7b10a3a000 66 37 2936 5
453000 18 14 2969 5
4b5000 139 60 3168 5
680000 983 163 4315 5
4d8000 82 43 4441 5
67f000 986 162 5590 5
454000 21 14 5626 5
7f7b1138a000 32 22 5682 5
7f7b1132f000 16 13 5712 5
7f7b11332000 16 13 5742 5
7f7b11333000 16 13 5772 5
7f7b11522000 66 23 5862 5
7f7b1132e000 213 14 6089 5
7f7b11406000 56 27 6172 5
7f7b11405000 45 22 6240 5
7f7b11331000 16 13 6270 5
7f7b11330000 16 13 6300 5
7f7b11510000 50 67 6418 5
7f7b1134e000 58 19 6495 5
7f7b11334000 16 14 6525 5
7f7b11512000 51 29 6605 5
7f7b1134d000 61 21 6687 5
7f7b1134c000 55 30 6772 6
7f7b1134b000 53 27 6852 6
7f7b1133b000 40 15 6907 6
7f7b1133a000 51 32 6991 7
7f7b11339000 72 25 7088 7
7f7b1144d000 62 21 7172 7
7f7b113ee000 48 27 7248 7
7f7b1133c000 43 29 7320 7
7f7b11525000 41 21 7383 7
7f7b11388000 83 38 7504 7
7f7b11389000 57 24 7586 7
7f7b10e63000 49 25 7660 7
7f7b10e38000 227 16 7904 7
7f7b10e62000 55 25 7984 7
7f7b11392000 56 33 8074 7
456000 43 23 8140 7
515000 71 41 8253 7
67d000 994 161 9408 7
490000 74 36 9518 7
5c6000 97 47 9663 7
5c3000 77 23 9764 7
5c2000 82 33 9880 7
596000 66 32 9979 7
595000 80 30 10090 7
55b000 83 35 10209 7
5c9000 66 25 10301 7
56b000 93 41 10435 7
504000 76 41 10553 7
681000 469 77 11100 7
5f7000 59 30 11190 7
67e000 995 164 12350 7
524000 56 35 12442 7
567000 57 28 12528 7
455000 22 14 12565 7
62a000 76 35 12676 7
629000 64 27 12768 7
48a000 52 29 12849 7
5e7000 65 27 12942 7
5b2000 79 37 13059 7
5d7000 83 39 13182 7
4ff000 88 33 13304 7
482000 68 37 13410 7
481000 61 34 13506 7
480000 69 31 13607 8
13641 8
9 25 6 18 1 6 34 1 
0x565000
565000 84 40 124 0
564000 70 28 222 1
67c000 991 161 1375 1
67b000 891 146 2413 1
615000 98 38 2550 2
614000 76 31 2658 4
602000 85 35 2779 4
7f7b10a3a000 66 37 2882 5
453000 18 14 2915 5
4b5000 138 61 3115 5
680000 987 165 4268 5
4d8000 82 43 4394 5
67f000 991 162 5548 5
454000 21 14 5584 5
7f7b1138a000 32 22 5640 5
7f7b1132f000 16 14 5671 5
7f7b11332000 16 14 5701 5
7f7b11333000 16 14 5731 5
7f7b11522000 67 22 5820 5
7f7b1132e000 212 14 6047 5
7f7b11406000 56 27 6130 5
7f7b11405000 46 22 6198 5
7f7b11331000 16 14 6228 5
7f7b11330000 16 13 6257 5
7f7b11510000 50 67 6375 5
7f7b1134e000 58 18 6451 5
7f7b11334000 16 13 6481 5
7f7b11512000 50 29 6561 5
7f7b1134d000 60 21 6643 5
7f7b1134c000 54 31 6728 6
7f7b1134b000 53 26 6807 6
7f7b1133b000 39 16 6863 6
7f7b1133a000 52 31 6946 7
7f7b11339000 71 26 7044 7
7f7b1144d000 57 21 7122 7
7f7b113ee000 47 27 7197 7
7f7b1133c000 42 30 7270 7
7f7b11525000 41 21 7332 7
7f7b11388000 82 38 7452 7
7f7b11389000 57 23 7533 7
7f7b10e63000 48 25 7607 7
7f7b10e38000 225 16 7848 7
7f7b10e62000 55 24 7928 7
7f7b11392000 55 33 8017 7
456000 42 23 8083 7
515000 70 41 8195 7
67d000 984 160 9339 7
490000 72 37 9449 7
5c6000 96 47 9592 7
5c3000 76 23 9692 7
5c2000 82 33 9808 7
596000 64 32 9905 7
595000 79 31 10016 7
55b000 82 34 10133 7
5c9000 65 24 10224 7
56b000 91 41 10357 7
504000 76 40 10474 7
681000 462 77 11014 7
5f7000 58 30 11103 7
67e000 983 163 12250 7
524000 55 35 12341 7
567000 57 27 12426 7
566000 45 26 12498 7
584000 65 30 12594 7
583000 81 32 12708 7
49e000 57 31 12797 7
630000 55 26 12878 7
62f000 87 35 13001 7
7f7b10a3f000 80 61 13143 7
7f7b10a3e000 81 42 13267 7
7f7b10aff000 95 38 13401 7
7f7b10a3d000 58 32 13491 7
7f7b10a3c000 79 33 13603 7
7f7b10a34000 143 42 13788 7
7f7b10a3b000 89 27 13904 7
7f7b10a35000 59 46 14009 7
7f7b109c2000 116 20 14145 7
7f7b10a01000 54 25 14224 7
7f7b10acf000 87 34 14345 7
7f7b10ace000 103 31 14480 7
7f7b10acd000 67 65 14612 7
7f7b10acb000 72 24 14708 7
516000 51 26 14786 7
7f7b10a03000 44 28 14858 7
7f7b10a02000 31 26 14915 7
7f7b10a2b000 46 24 14985 7
7f7b10a4a000 74 22 15081 7
455000 21 14 15117 7
56a000 51 29 15198 7
7f7b10d54000 50 24 15273 7
7f7b113ff000 71 27 15371 7
569000 44 26 15441 7
7f7b1140b000 41 25 15508 7
669000 71 31 15611 7
7f7b1151a000 61 27 15699 7
7f7b1140f000 68 31 15798 7
4e1000 52 26 15876 7
4e0000 60 29 15966 7
7f7b11469000 68 37 16071 7
7f7b11412000 56 25 16153 7
7f7b11340000 55 35 16244 7
7f7b11524000 70 20 16334 7
7f7b113f1000 52 27 16414 7
7f7b11411000 61 29 16505 7
7f7b11341000 80 37 16622 7
7f7b11383000 66 28 16717 7
4fd000 81 37 16836 7
7f7b10aad000 75 79 16991 7
7f7b10aae000 53 51 17095 7
7f7b10aac000 59 52 17207 7
7f7b10aab000 44 17 17269 7
7f7b10aaa000 42 15 17327 7
7f7b10aa9000 52 19 17399 7
7f7b10aa8000 46 21 17467 7
7f7b10aa7000 34 17 17519 7
7f7b10aa6000 45 21 17585 7
7f7b10aa5000 39 18 17642 7
7f7b10aa4000 42 21 17705 7
7f7b10ade000 52 21 17779 7
7f7b10ac0000 68 82 17930 7
7f7b10a2d000 59 29 18019 7
7f7b10ab8000 59 49 18127 7
7f7b10ab4000 77 60 18264 7
7f7b10ab3000 56 71 18392 7
7f7b10ab6000 91 41 18525 7
7f7b10ab5000 59 56 18641 7
7f7b10ab7000 47 36 18725 7
7f7b10a2e000 74 43 18843 7
7f7b10a31000 99 42 18984 7
7f7b10a83000 47 26 19058 7
7f7b10a82000 55 48 19161 7
7f7b10ae4000 43 27 19232 7
7f7b10ae3000 55 34 19322 7
7f7b10ae2000 47 29 19398 7
7f7b10ae1000 61 30 19490 7
7f7b10ae0000 84 28 19602 7
7f7b10adf000 55 26 19684 8
19720 8
32 63 10 50 2 8 54 36 
0x564000
564000 68 29 98 1
67c000 982 161 1241 1
67b000 883 145 2269 1
615000 97 37 2404 2
614000 76 30 2511 4
602000 84 35 2631 4
7f7b10a3a000 68 37 2737 5
453000 18 14 2769 5
4b5000 138 60 2968 5
680000 984 164 4117 5
4d8000 83 43 4243 5
67f000 985 162 5390 5
454000 21 14 5426 5
7f7b1138a000 33 22 5482 5
7f7b1132f000 16 13 5512 5
7f7b11332000 16 13 5542 5
7f7b11333000 15 14 5572 5
7f7b11522000 67 23 5662 5
7f7b1132e000 213 13 5888 5
7f7b11406000 56 27 5972 5
7f7b11405000 46 22 6040 5
7f7b11331000 16 14 6070 5
7f7b11330000 16 14 6100 5
7f7b11510000 51 66 6217 5
7f7b1134e000 58 18 6294 5
7f7b11334000 16 13 6324 5
7f7b11512000 50 29 6404 5
7f7b1134d000 60 21 6486 5
7f7b1134c000 55 30 6571 6
7f7b1134b000 53 27 6651 6
7f7b1133b000 40 15 6706 6
7f7b1133a000 51 32 6790 7
7f7b11339000 72 25 6887 7
7f7b1144d000 57 21 6966 7
7f7b113ee000 47 27 7041 7
7f7b1133c000 43 30 7114 7
7f7b11525000 41 21 7176 7
7f7b11388000 82 38 7296 7
7f7b11389000 57 23 7377 7
7f7b10e63000 48 25 7451 7
7f7b10e38000 225 17 7694 7
7f7b10e62000 55 25 7774 7
7f7b11392000 56 33 7863 7
456000 43 22 7928 7
515000 71 41 8041 7
67d000 990 161 9192 7
490000 72 37 9302 7
5c6000 97 47 9446 7
5c3000 76 24 9547 7
5c2000 81 33 9662 7
596000 65 32 9760 7
595000 79 30 9870 7
55b000 83 34 9988 7
5c9000 66 24 10079 7
56b000 91 41 10212 7
504000 76 40 10329 7
681000 466 77 10873 7
5f7000 59 30 10962 7
67e000 986 163 12112 7
524000 55 35 12203 7
567000 57 28 12289 7
566000 45 26 12360 7
565000 83 39 12483 7
5ac000 123 59 12666 7
588000 64 37 12768 7
587000 69 31 12869 7
50a000 67 34 12971 7
5bb000 39 19 13030 7
531000 56 23 13110 7
64a000 64 26 13201 7
4fa000 66 41 13310 7
5d7000 81 38 13430 7
4ff000 89 33 13553 7
482000 68 37 13658 7
481000 60 35 13754 7
480000 68 31 13854 8
13892 8
9 28 7 18 1 4 33 1 
0x653000
653000 60 31 91 1
67c000 983 161 1235 1
7f7b10ace000 103 31 1370 3
7f7b10acd000 67 65 1502 3
7f7b10acb000 72 24 1599 3
453000 18 14 1632 3
67b000 883 145 2660 3
615000 97 37 2795 4
614000 76 30 2902 5
602000 85 35 3023 5
7f7b10a3a000 66 37 3126 6
4b5000 138 60 3324 6
680000 980 163 4468 6
4d8000 82 43 4594 6
67f000 988 162 5745 6
454000 21 14 5781 6
7f7b1138a000 32 22 5836 6
7f7b1132f000 16 14 5867 6
7f7b11332000 16 14 5897 6
7f7b11333000 16 14 5927 6
7f7b11522000 67 22 6016 6
7f7b1132e000 213 13 6243 6
7f7b11406000 55 28 6327 6
7f7b11405000 46 22 6395 6
7f7b11331000 16 14 6425 6
7f7b11330000 16 14 6455 6
7f7b11510000 50 67 6572 6
7f7b1134e000 57 19 6649 6
7f7b11334000 16 14 6679 6
7f7b11512000 51 29 6759 6
7f7b1134d000 60 21 6841 6
7f7b1134c000 55 30 6926 6
7f7b1134b000 53 27 7006 6
7f7b1133b000 40 15 7061 6
7f7b1133a000 51 32 7145 7
7f7b11339000 72 26 7243 7
7f7b1144d000 57 21 7321 7
7f7b113ee000 47 27 7396 7
7f7b1133c000 43 30 7469 7
7f7b11525000 41 21 7531 7
7f7b11388000 82 38 7651 7
7f7b11389000 57 23 7732 7
7f7b10e63000 48 25 7806 7
7f7b10e38000 225 16 8048 7
7f7b10e62000 54 25 8128 7
7f7b11392000 55 34 8218 7
456000 43 22 8283 7
515000 71 41 8396 7
67d000 993 161 9551 7
490000 73 36 9661 7
5c6000 96 48 9806 7
5c3000 77 23 9907 7
5c2000 82 34 10024 7
596000 65 32 10122 7
595000 80 30 10233 7
55b000 83 35 10352 7
5c9000 66 24 10443 7
56b000 92 41 10577 7
504000 77 40 10695 7
681000 468 77 11241 7
5f7000 59 31 11331 7
67e000 991 163 12486 7
524000 55 35 12577 7
567000 57 28 12663 7
566000 45 26 12734 7
565000 84 39 12858 7
564000 68 28 12955 7
4fb000 42 27 13025 7
7f7b122b2000 80 49 13155 7
455000 21 14 13191 7
7f7b122a8000 84 44 13320 7
4fa000 66 42 13428 7
57f000 88 44 13560 7
531000 56 23 13640 7
64a000 64 27 13732 7
5d7000 81 38 13852 7
4ff000 88 33 13974 7
482000 68 37 14080 7
481000 60 35 14176 7
480000 69 31 14276 8
14313 8
15 38 6 18 1 4 37 3 
0x518000
518000 64 29 93 1
93 1
0 1 0 0 0 0 0 0 
0x4f9000
4f9000 71 29 100 1
100 1
0 1 0 0 0 0 0 0 
0x5ae000
5ae000 67 29 96 1
96 1
0 1 0 0 0 0 0 0 
0x580000
580000 66 28 95 1
57f000 89 43 228 1
67c000 986 162 1377 1
67b000 892 146 2416 1
615000 98 37 2552 2
614000 76 31 2660 3
602000 85 36 2782 3
7f7b10a3a000 66 37 2885 5
453000 18 14 2918 5
4b5000 140 60 3118 5
680000 993 164 4276 5
4d8000 83 43 4403 5
67f000 995 163 5562 5
454000 21 14 5598 5
7f7b1138a000 32 23 5655 5
7f7b1132f000 16 14 5685 5
7f7b11332000 16 14 5715 5
7f7b11333000 16 13 5745 5
7f7b11522000 66 23 5835 5
7f7b1132e000 214 14 6064 5
7f7b11406000 56 27 6148 5
7f7b11405000 46 22 6217 5
7f7b11331000 16 14 6247 5
7f7b11330000 16 13 6277 5
7f7b11510000 50 67 6395 5
7f7b1134e000 58 18 6472 5
7f7b11334000 16 14 6503 5
7f7b11512000 51 30 6584 5
7f7b1134d000 61 21 6666 5
7f7b1134c000 54 31 6752 6
7f7b1134b000 54 26 6832 6
7f7b1133b000 40 15 6888 6
7f7b1133a000 52 31 6972 7
7f7b11339000 72 26 7071 7
7f7b1144d000 58 21 7150 7
7f7b113ee000 48 27 7226 7
7f7b1133c000 43 30 7300 7
7f7b11525000 41 21 7362 7
7f7b11388000 82 38 7483 7
7f7b11389000 57 24 7565 7
7f7b10e63000 49 25 7640 7
7f7b10e38000 227 17 7884 7
7f7b10e62000 55 25 7964 7
7f7b11392000 56 33 8054 7
456000 43 23 8120 7
515000 71 41 8233 7
67d000 1000 164 9397 7
490000 72 37 9507 7
5c6000 97 49 9653 7
5c3000 77 23 9753 7
5c2000 82 33 9869 7
596000 65 32 9967 7
595000 78 31 10077 7
55b000 82 35 10195 7
5c9000 66 24 10286 7
56b000 91 41 10419 7
504000 76 40 10536 7
681000 464 77 11078 7
5f7000 59 30 11168 7
67e000 984 165 12318 7
524000 55 35 12409 7
567000 57 28 12495 7
566000 44 26 12566 7
565000 84 39 12690 7
564000 69 28 12788 7
653000 60 30 12879 7
7f7b10ace000 103 31 13015 7
7f7b10acd000 67 65 13147 7
7f7b10acb000 72 24 13244 7
7f7b12313000 59 38 13341 7
7f7b12312000 38 17 13397 7
7f7b12311000 51 16 13464 7
518000 63 30 13558 7
7f7b10a5b000 61 87 13706 7
7f7b10a5a000 95 53 13854 7
4f9000 71 28 13954 7
5ae000 67 28 14050 7
601000 50 29 14130 7
5fe000 70 31 14232 7
626000 47 22 14302 7
4b7000 69 39 14411 7
543000 37 23 14472 7
542000 59 31 14563 7
7f7b10a3b000 89 27 14680 7
7f7b10a34000 143 42 14865 7
455000 22 14 14901 7
61b000 78 37 15017 7
7f7b114dc000 56 29 15103 7
7f7b10d4f000 42 30 15175 7
50a000 67 34 15277 7
5bb000 40 19 15337 7
531000 56 22 15416 7
64a000 64 27 15508 7
4fa000 66 41 15616 7
5d7000 81 38 15736 7
4ff000 88 33 15858 7
482000 68 37 15964 7
481000 60 35 16060 7
480000 69 31 16161 8
16208 8
19 55 14 38 1 6 37 5 
0x57f000
57f000 89 44 134 1
67c000 991 161 1287 1
67b000 891 145 2324 1
615000 98 37 2460 2
614000 76 31 2568 3
602000 85 35 2689 3
7f7b10a3a000 65 38 2793 5
453000 18 14 2825 5
4b5000 139 60 3025 5
680000 993 164 4183 5
4d8000 82 44 4310 5
67f000 993 162 5466 5
454000 21 14 5502 5
7f7b1138a000 32 22 5558 5
7f7b1132f000 16 14 5589 5
7f7b11332000 16 14 5619 5
7f7b11333000 16 14 5649 5
7f7b11522000 67 23 5739 5
7f7b1132e000 215 13 5967 5
7f7b11406000 56 27 6051 5
7f7b11405000 46 22 6120 5
7f7b11331000 16 14 6150 5
7f7b11330000 16 14 6180 5
7f7b11510000 51 67 6298 5
7f7b1134e000 58 19 6375 5
7f7b11334000 16 14 6405 5
7f7b11512000 51 29 6485 5
7f7b1134d000 61 20 6567 5
7f7b1134c000 55 30 6653 6
7f7b1134b000 53 26 6733 6
7f7b1133b000 39 16 6789 6
7f7b1133a000 52 32 6873 7
7f7b11339000 72 26 6971 7
7f7b1144d000 58 21 7050 7
7f7b113ee000 48 27 7125 7
7f7b1133c000 42 30 7198 7
7f7b11525000 40 22 7261 7
7f7b11388000 82 38 7381 7
7f7b11389000 57 24 7463 7
7f7b10e63000 49 25 7537 7
7f7b10e38000 227 17 7781 7
7f7b10e62000 55 25 7861 7
7f7b11392000 56 33 7950 7
456000 42 23 8016 7
515000 71 41 8129 7
67d000 991 161 9281 7
490000 73 37 9392 7
5c6000 97 48 9537 7
5c3000 76 24 9638 7
5c2000 82 33 9754 7
596000 65 32 9852 7
595000 80 30 9963 7
55b000 83 35 10082 7
5c9000 66 24 10173 7
56b000 92 41 10307 7
504000 76 41 10425 7
681000 468 77 10971 7
5f7000 59 31 11062 7
67e000 988 164 12214 7
524000 55 36 12306 7
567000 57 28 12392 7
566000 45 26 12464 7
565000 84 39 12588 7
564000 69 29 12687 7
653000 60 31 12779 7
7f7b10ace000 104 31 12915 7
7f7b10acd000 67 66 13049 7
7f7b10acb000 73 24 13146 7
7f7b12313000 58 39 13244 7
7f7b12312000 40 16 13300 7
7f7b12311000 51 17 13368 7
518000 65 29 13462 7
7f7b10a5b000 62 87 13611 7
7f7b10a5a000 95 54 13760 7
4f9000 71 29 13861 7
5ae000 68 28 13957 7
580000 67 28 14053 7
7f7b10e48000 53 24 14132 7
7f7b10e47000 58 20 14211 7
7f7b10e66000 90 46 14348 7
7f7b10e60000 59 30 14437 7
7f7b10e5e000 55 18 14510 7
7f7b10e5d000 67 29 14607 7
7f7b10e5c000 78 31 14717 7
7f7b10e5b000 47 18 14783 7
7f7b10e5a000 72 29 14885 7
7f7b10e59000 57 22 14964 7
7f7b10e4f000 39 28 15032 7
7f7b10e4a000 81 41 15154 7
7f7b10e64000 70 44 15268 7
7f7b10e61000 64 29 15361 7
7f7b10e43000 89 35 15486 7
7f7b10e42000 64 26 15576 7
7f7b10e51000 71 26 15674 7
7f7b10e3d000 72 24 15771 7
7f7b10e69000 89 39 15900 7
7f7b10e40000 59 25 15984 7
7f7b10e3f000 50 23 16057 7
7f7b10e3c000 84 50 16191 7
7f7b10e3b000 101 83 16376 7
7f7b10e3e000 74 34 16484 7
7f7b10e3a000 63 25 16572 7
7f7b10e6a000 50 28 16650 7
7f7b10e4b000 46 20 16717 7
7f7b10e50000 56 22 16796 7
7f7b10e39000 74 44 16915 8
16945 8
21 37 14 44 2 6 112 3 
0x531000
531000 56 23 80 0
64a000 64 27 172 0
67e000 992 164 1329 1
524000 56 35 1421 1
67c000 992 162 2576 1
567000 57 28 2662 1
67d000 994 162 3819 1
490000 73 37 3929 2
5c6000 96 48 4074 3
454000 21 14 4110 3
453000 18 14 4143 3
5c3000 76 24 4244 3
5c2000 82 33 4360 3
67f000 992 163 5516 3
67b000 891 145 6552 3
615000 98 38 6689 3
614000 76 31 6797 4
602000 85 35 6918 4
7f7b10a3a000 66 37 7021 5
4b5000 139 60 7221 5
680000 992 165 8379 5
4d8000 82 44 8506 5
7f7b1138a000 33 22 8562 5
7f7b1132f000 16 13 8592 5
7f7b11332000 16 13 8622 5
7f7b11333000 16 14 8653 5
7f7b11522000 67 23 8743 5
7f7b1132e000 215 14 8972 5
7f7b11406000 57 27 9056 5
7f7b11405000 47 22 9125 5
7f7b11331000 16 14 9155 5
7f7b11330000 16 14 9185 5
7f7b11510000 51 67 9303 5
7f7b1134e000 59 18 9380 5
7f7b11334000 16 14 9411 5
7f7b11512000 51 29 9491 5
7f7b1134d000 61 21 9574 5
7f7b1134c000 55 30 9659 6
7f7b1134b000 53 27 9740 6
7f7b1133b000 40 16 9796 6
7f7b1133a000 52 32 9880 7
7f7b11339000 72 26 9978 7
7f7b1144d000 57 22 10058 7
7f7b113ee000 48 27 10133 7
7f7b1133c000 44 29 10206 7
7f7b11525000 41 21 10269 7
7f7b11388000 82 38 10390 7
7f7b11389000 58 23 10472 7
7f7b10e63000 49 25 10547 7
7f7b10e38000 228 16 10791 7
7f7b10e62000 56 25 10872 7
7f7b11392000 56 33 10961 7
456000 42 23 11027 7
515000 71 41 11140 7
596000 65 33 11239 7
595000 79 31 11350 7
55b000 83 35 11469 7
5c9000 66 24 11560 7
56b000 92 41 11694 7
504000 76 41 11812 7
681000 468 77 12358 7
5f7000 59 30 12448 7
4bd000 69 27 12546 7
7f7b10a21000 57 26 12630 7
7f7b10a20000 55 23 12709 7
7f7b10a27000 82 37 12829 7
7f7b109c2000 117 20 12967 7
7f7b10a5c000 64 59 13090 7
7f7b10a5b000 61 88 13240 7
7f7b10a5a000 95 54 13389 7
7f7b10a26000 30 27 13447 7
7f7b10a1d000 84 31 13563 7
7f7b109d3000 72 32 13668 7
7f7b109d2000 37 23 13728 7
7f7b109d1000 52 21 13801 7
7f7b109d0000 83 30 13914 7
7f7b109cf000 32 19 13966 7
7f7b109c7000 44 24 14034 7
7f7b109c6000 41 26 14102 7
7f7b109c5000 60 21 14183 7
7f7b10aff000 96 37 14316 7
7f7b10acf000 87 34 14438 7
7f7b10ace000 104 30 14572 7
7f7b10acd000 67 65 14705 7
7f7b10acb000 72 25 14802 7
7f7b10a22000 71 34 14907 8
14932 8
28 28 16 37 1 4 34 10 
0x64a000
64a000 64 26 91 0
67e000 986 164 1242 1
524000 55 35 1333 1
67c000 983 161 2478 1
567000 57 28 2563 1
67d000 990 161 3715 1
490000 73 36 3824 2
5c6000 96 47 3968 3
454000 21 14 4004 3
453000 18 14 4037 3
5c3000 76 23 4137 3
5c2000 82 33 4253 3
67f000 987 162 5403 3
67b000 886 145 6435 3
615000 97 37 6570 3
614000 76 30 6677 4
602000 85 35 6798 4
7f7b10a3a000 65 37 6900 5
4b5000 138 60 7099 5
680000 981 164 8245 5
4d8000 82 43 8371 5
7f7b1138a000 32 22 8427 5
7f7b1132f000 16 14 8458 5
7f7b11332000 16 14 8488 5
7f7b11333000 16 13 8517 5
7f7b11522000 66 23 8607 5
7f7b1132e000 213 13 8833 5
7f7b11406000 56 27 8917 5
7f7b11405000 46 22 8985 5
7f7b11331000 16 13 9015 5
7f7b11330000 16 13 9045 5
7f7b11510000 50 67 9163 5
7f7b1134e000 58 18 9239 5
7f7b11334000 16 14 9270 5
7f7b11512000 51 29 9350 5
7f7b1134d000 61 20 9431 5
7f7b1134c000 54 31 9517 6
7f7b1134b000 53 27 9597 6
7f7b1133b000 40 15 9652 6
7f7b1133a000 51 32 9736 7
7f7b11339000 72 26 9834 7
7f7b1144d000 57 21 9912 7
7f7b113ee000 48 26 9987 7
7f7b1133c000 42 30 10060 7
7f7b11525000 40 21 10122 7
7f7b11388000 82 38 10243 7
7f7b11389000 58 23 10324 7
7f7b10e63000 48 26 10399 7
7f7b10e38000 227 16 10642 7
7f7b10e62000 55 25 10723 7
7f7b11392000 56 33 10812 7
456000 42 23 10878 7
515000 71 41 10991 7
596000 65 33 11090 7
595000 80 30 11200 7
55b000 83 35 11319 7
5c9000 66 25 11411 7
56b000 92 41 11545 7
504000 76 40 11662 7
681000 467 77 12208 7
5f7000 59 31 12299 7
4bd000 69 27 12396 7
7f7b10a21000 57 26 12480 7
7f7b10a20000 55 23 12559 7
7f7b10a27000 82 38 12680 7
7f7b109c2000 118 19 12817 7
7f7b10a5c000 65 58 12940 7
7f7b10a5b000 61 88 13090 7
7f7b10a5a000 95 54 13239 7
7f7b10a26000 30 27 13297 7
7f7b10a1d000 85 31 13413 7
7f7b109d3000 72 32 13517 7
7f7b109d2000 36 23 13577 7
7f7b109d1000 51 21 13650 7
7f7b109d0000 81 31 13762 7
7f7b109cf000 33 18 13813 7
7f7b109c7000 44 24 13882 7
7f7b109c6000 41 26 13950 7
7f7b109c5000 61 20 14031 7
7f7b10aff000 96 38 14166 7
7f7b10acf000 87 35 14288 7
7f7b10ace000 104 31 14423 7
7f7b10acd000 68 65 14556 7
7f7b10acb000 72 25 14654 7
7f7b10a22000 71 35 14760 8
14784 8
28 28 16 37 1 4 34 10 
0x4fa000
4fa000 66 42 109 1
109 1
0 2 0 0 0 0 0 0 
0x5d7000
5d7000 82 38 121 1
4ff000 89 33 244 2
67c000 995 161 1400 2
482000 69 37 1507 3
481000 60 35 1603 3
480000 69 30 1703 5
7f7b10a51000 57 27 1788 5
7f7b10a50000 50 16 1854 5
7f7b10a4f000 45 16 1915 5
454000 21 14 1951 5
453000 18 15 1984 5
681000 467 77 2528 5
5f7000 59 31 2618 5
67e000 994 164 3777 5
524000 55 35 3868 5
567000 58 27 3954 5
67d000 998 161 5114 5
490000 73 36 5224 6
5c6000 97 47 5369 6
5c3000 77 23 5470 6
5c2000 83 33 5587 6
67f000 996 163 6747 6
67b000 893 145 7786 6
615000 98 37 7922 6
614000 77 30 8030 6
602000 86 35 8152 6
7f7b10a3a000 66 37 8255 7
4b5000 139 60 8455 7
680000 993 165 9614 7
4d8000 83 43 9740 7
7f7b1138a000 32 23 9797 7
7f7b1132f000 17 13 9827 7
7f7b11332000 16 13 9857 7
7f7b11333000 16 13 9887 7
7f7b11522000 67 22 9977 7
7f7b1132e000 213 14 10205 7
7f7b11406000 56 27 10289 7
7f7b11405000 45 22 10357 7
7f7b11331000 16 13 10387 7
7f7b11330000 16 13 10417 7
7f7b11510000 50 67 10535 7
7f7b1134e000 58 18 10611 7
7f7b11334000 16 14 10642 7
7f7b11512000 51 29 10722 7
7f7b1134d000 60 21 10803 7
7f7b1134c000 54 30 10888 7
7f7b1134b000 53 26 10968 7
7f7b1133b000 40 15 11023 7
7f7b1133a000 52 31 11107 8
11126 8
3 17 4 10 1 2 22 1 
0x4ff000
4ff000 88 33 121 1
121 1
0 1 0 0 0 0 0 0 
0x482000
482000 68 37 105 3
481000 60 35 201 3
480000 68 31 301 5
7f7b10a51000 56 27 385 5
7f7b10a50000 49 16 451 5
7f7b10a4f000 45 15 511 5
454000 21 14 547 5
453000 18 14 580 5
681000 463 76 1120 5
5f7000 59 30 1210 5
67e000 986 166 2363 5
524000 55 35 2454 5
67c000 983 161 3599 5
567000 57 27 3684 5
67d000 989 160 4834 5
490000 72 37 4944 6
5c6000 96 48 5088 6
5c3000 76 23 5188 6
5c2000 82 33 5304 6
67f000 987 162 6454 6
67b000 888 145 7488 6
615000 97 37 7623 6
614000 76 31 7731 6
602000 84 35 7851 6
7f7b10a3a000 65 38 7955 7
4b5000 139 60 8154 7
680000 992 165 9313 7
4d8000 83 43 9440 7
7f7b1138a000 32 22 9496 7
7f7b1132f000 16 14 9527 7
7f7b11332000 16 14 9557 7
7f7b11333000 16 14 9587 7
7f7b11522000 67 23 9677 7
7f7b1132e000 214 14 9905 7
7f7b11406000 56 27 9988 7
7f7b11405000 46 21 10056 7
7f7b11331000 16 13 10086 7
7f7b11330000 16 13 10116 7
7f7b11510000 50 67 10234 7
7f7b1134e000 58 19 10311 7
7f7b11334000 16 14 10341 7
7f7b11512000 51 29 10421 7
7f7b1134d000 61 20 10502 7
7f7b1134c000 55 30 10588 7
7f7b1134b000 53 27 10668 7
7f7b1133b000 40 15 10723 7
7f7b1133a000 51 32 10807 8
10824 8
3 16 4 9 1 2 22 1 
0x481000
481000 60 35 96 2
480000 68 31 196 5
7f7b10a51000 56 27 280 5
7f7b10a50000 50 15 345 5
7f7b10a4f000 45 15 406 5
454000 21 14 442 5
453000 18 14 475 5
681000 466 77 1018 5
5f7000 58 31 1108 5
67e000 984 163 2256 5
524000 55 35 2347 5
67c000 981 161 3490 5
567000 57 28 3575 5
67d000 988 160 4724 5
490000 73 36 4834 6
5c6000 96 48 4979 6
5c3000 76 23 5079 6
5c2000 82 33 5195 6
67f000 988 162 6346 6
67b000 885 144 7376 6
615000 98 37 7512 6
614000 75 31 7619 6
602000 85 35 7740 6
7f7b10a3a000 66 37 7843 7
4b5000 138 60 8041 7
680000 985 164 9191 7
4d8000 82 43 9317 7
7f7b1138a000 32 22 9373 7
7f7b1132f000 16 14 9404 7
7f7b11332000 16 14 9434 7
7f7b11333000 16 14 9464 7
7f7b11522000 66 23 9553 7
7f7b1132e000 212 13 9779 7
7f7b11406000 56 27 9863 7
7f7b11405000 46 22 9931 7
7f7b11331000 16 14 9961 7
7f7b11330000 16 14 9991 7
7f7b11510000 51 66 10108 7
7f7b1134e000 58 18 10185 7
7f7b11334000 16 13 10215 7
7f7b11512000 51 29 10296 7
7f7b1134d000 60 21 10377 7
7f7b1134c000 54 30 10462 7
7f7b1134b000 53 26 10542 7
7f7b1133b000 40 15 10598 7
7f7b1133a000 52 32 10682 8
10698 8
3 15 4 8 1 2 20 1 
0x480000
480000 69 31 100 4
7f7b10a51000 55 28 184 4
7f7b10a50000 49 16 249 4
7f7b10a4f000 44 16 310 4
454000 22 14 346 4
453000 18 14 378 4
681000 463 76 918 4
5f7000 59 30 1008 5
67e000 985 163 2157 5
524000 55 35 2248 5
67c000 979 161 3389 5
567000 57 27 3474 5
67d000 987 160 4622 5
490000 74 37 4734 6
5c6000 97 48 4879 6
5c3000 77 23 4980 6
5c2000 82 34 5097 6
67f000 995 162 6255 6
67b000 893 145 7294 6
615000 99 37 7431 6
614000 76 31 7539 6
602000 84 35 7659 6
7f7b10a3a000 65 37 7762 7
4b5000 138 60 7961 7
680000 983 164 9109 7
4d8000 83 42 9234 7
7f7b1138a000 32 23 9291 7
7f7b1132f000 16 14 9321 7
7f7b11332000 16 14 9351 7
7f7b11333000 17 13 9381 7
7f7b11522000 66 23 9471 7
7f7b1132e000 212 14 9697 7
7f7b11406000 56 27 9781 7
7f7b11405000 46 22 9849 7
7f7b11331000 16 14 9879 7
7f7b11330000 16 14 9909 7
7f7b11510000 51 66 10026 7
7f7b1134e000 58 18 10103 7
7f7b11334000 16 13 10133 7
7f7b11512000 51 29 10214 7
7f7b1134d000 60 21 10295 7
7f7b1134c000 54 30 10380 7
7f7b1134b000 53 26 10460 7
7f7b1133b000 40 15 10516 7
7f7b1133a000 52 32 10600 8
10615 8
3 13 4 7 1 2 20 1 
0x47f000
47f000 58 35 93 1
93 1
0 0 0 1 0 0 0 0 
0x52b000
52b000 77 33 110 1
52a000 65 36 212 2
67f000 985 161 1359 2
529000 65 27 1452 3
528000 86 35 1574 3
67c000 980 161 2716 3
454000 21 14 2752 3
453000 17 15 2785 3
680000 981 164 3930 3
455000 22 14 3967 3
7f7b1151a000 62 27 4056 3
7f7b11331000 16 14 4086 3
456000 43 22 4151 3
67b000 886 144 5182 3
615000 98 37 5318 4
614000 76 30 5425 4
602000 85 35 5546 4
7f7b10a3a000 66 37 5649 6
4b5000 139 59 5847 6
4d8000 82 43 5974 6
7f7b1138a000 32 23 6031 6
7f7b1132f000 16 13 6061 6
7f7b11332000 16 13 6091 6
7f7b11333000 16 14 6122 6
7f7b11522000 67 23 6212 6
7f7b1132e000 214 14 6440 6
7f7b11406000 56 28 6525 6
7f7b11405000 46 22 6593 6
7f7b11330000 16 14 6624 6
7f7b11510000 51 67 6742 6
7f7b1134e000 59 18 6819 6
7f7b11334000 16 14 6850 6
7f7b11512000 51 29 6930 6
7f7b1134d000 61 21 7013 6
7f7b1134c000 55 31 7099 7
7f7b1134b000 53 27 7179 7
7f7b1133b000 39 16 7235 7
7f7b1133a000 53 31 7319 7
7f7b11339000 72 26 7418 7
7f7b1144d000 58 21 7497 7
7f7b113ee000 48 27 7573 7
7f7b1133c000 43 30 7646 7
7f7b11525000 41 22 7709 7
7f7b11388000 83 38 7830 7
7f7b11389000 57 24 7912 7
7f7b10e63000 49 25 7986 7
7f7b10e38000 227 17 8231 7
7f7b10e62000 56 25 8312 7
7f7b11392000 56 33 8401 7
7f7b10a3f000 81 62 8545 7
7f7b10a3e000 83 42 8670 7
7f7b10aff000 97 37 8804 7
7f7b10a3d000 59 31 8895 7
7f7b10a3c000 79 34 9009 7
7f7b10a34000 144 43 9196 7
7f7b10a3b000 90 27 9313 7
7f7b10a35000 60 46 9419 7
7f7b109c2000 118 20 9557 7
7f7b10a01000 55 25 9637 7
7f7b10acf000 87 35 9759 7
7f7b10ace000 104 31 9894 7
7f7b10acd000 67 65 10026 7
7f7b10acb000 72 24 10123 7
67d000 991 162 11277 7
490000 72 37 11387 7
5c6000 97 47 11531 7
5c3000 76 24 11632 7
5c2000 81 33 11747 7
596000 65 32 11846 7
595000 79 30 11956 7
55b000 82 35 12074 7
5c9000 66 24 12165 7
56b000 92 40 12298 7
504000 76 40 12416 7
681000 466 77 12960 7
5f7000 59 31 13050 7
67e000 983 163 14197 7
524000 56 35 14289 7
567000 57 27 14374 7
566000 45 26 14446 7
565000 84 39 14570 7
564000 69 28 14668 7
653000 60 31 14760 7
7f7b12313000 58 39 14858 7
7f7b12312000 39 16 14913 7
7f7b12311000 51 16 14981 7
518000 63 29 15074 7
7f7b10a5b000 61 87 15223 7
7f7b10a5a000 95 53 15371 7
4f9000 71 29 15472 7
5ae000 67 29 15568 7
580000 67 28 15663 7
57f000 88 44 15796 7
531000 57 22 15876 7
64a000 64 26 15967 7
4fa000 66 41 16076 7
5d7000 81 39 16197 7
4ff000 87 33 16318 7
482000 68 37 16424 7
481000 60 35 16520 7
480000 68 31 16620 8
16662 8
23 51 14 57 1 5 35 12 
0x52a000
52a000 65 36 102 2
67f000 988 162 1253 2
529000 65 27 1345 3
528000 86 35 1467 3
67c000 984 161 2613 3
454000 22 13 2648 3
453000 18 14 2681 3
680000 980 164 3826 3
455000 21 14 3862 3
7f7b1151a000 61 27 3951 3
7f7b11331000 16 14 3981 3
456000 42 23 4047 3
67b000 885 145 5078 3
615000 97 37 5213 4
614000 76 31 5321 4
602000 86 35 5443 4
7f7b10a3a000 65 38 5546 6
4b5000 138 60 5744 6
4d8000 82 43 5870 6
7f7b1138a000 32 22 5926 6
7f7b1132f000 16 13 5956 6
7f7b11332000 16 13 5986 6
7f7b11333000 16 13 6016 6
7f7b11522000 66 23 6106 6
7f7b1132e000 213 14 6333 6
7f7b11406000 56 28 6417 6
7f7b11405000 46 22 6485 6
7f7b11330000 16 14 6515 6
7f7b11510000 50 67 6632 6
7f7b1134e000 57 19 6709 6
7f7b11334000 16 14 6739 6
7f7b11512000 51 29 6819 6
7f7b1134d000 60 20 6900 6
7f7b1134c000 55 30 6986 7
7f7b1134b000 53 27 7067 7
7f7b1133b000 40 16 7123 7
7f7b1133a000 52 32 7207 7
7f7b11339000 72 26 7305 7
7f7b1144d000 57 22 7385 7
7f7b113ee000 48 27 7460 7
7f7b1133c000 44 29 7533 7
7f7b11525000 41 21 7596 7
7f7b11388000 82 38 7717 7
7f7b11389000 57 24 7799 7
7f7b10e63000 49 25 7874 7
7f7b10e38000 228 16 8118 7
7f7b10e62000 55 25 8198 7
7f7b11392000 56 33 8288 7
7f7b10a3f000 82 61 8431 7
7f7b10a3e000 82 42 8556 7
7f7b10aff000 96 38 8691 7
7f7b10a3d000 59 32 8782 7
7f7b10a3c000 79 34 8895 7
7f7b10a34000 144 43 9082 7
7f7b10a3b000 90 27 9199 7
7f7b10a35000 60 45 9304 7
7f7b109c2000 119 19 9443 7
7f7b10a01000 55 25 9524 7
7f7b10acf000 88 34 9646 7
7f7b10ace000 105 30 9782 7
7f7b10acd000 67 66 9916 7
7f7b10acb000 73 24 10013 7
67d000 994 161 11169 7
490000 73 37 11280 7
5c6000 97 48 11425 7
5c3000 77 23 11526 7
5c2000 83 33 11643 7
596000 65 32 11741 7
595000 80 30 11852 7
55b000 83 35 11971 7
5c9000 66 25 12063 7
56b000 92 41 12197 7
504000 77 40 12315 7
681000 468 77 12861 7
5f7000 59 30 12951 7
67e000 993 166 14111 7
524000 56 35 14203 7
567000 57 28 14289 7
566000 45 26 14361 7
565000 84 39 14485 7
564000 69 29 14584 7
653000 60 31 14676 7
7f7b12313000 59 39 14775 7
7f7b12312000 39 16 14830 7
7f7b12311000 51 17 14899 7
518000 64 29 14992 7
7f7b10a5b000 61 88 15142 7
7f7b10a5a000 95 54 15292 7
4f9000 71 29 15393 7
5ae000 68 29 15490 7
580000 67 29 15586 7
57f000 89 44 15720 7
531000 57 22 15800 7
64a000 65 27 15893 7
4fa000 66 42 16002 7
5d7000 82 38 16123 7
4ff000 89 33 16246 7
482000 69 37 16353 7
481000 60 35 16449 7
480000 69 31 16550 8
16591 8
23 49 14 57 1 5 35 12 
