0x55f0388bc000
55f0388bc000 41 19 60 0
55f038924000 813 146 1020 0
55f038923000 445 85 1550 0
55f0388fa000 54 29 1635 1
55f038904000 47 23 1706 2
55f038920000 57 24 1788 2
55f0388c4000 53 23 1865 3
55f0388fd000 40 28 1934 4
55f0388fc000 56 27 2018 4
55f0388e6000 70 30 2119 4
55f0388c5000 41 23 2183 4
55f03891c000 53 27 2264 6
55f038906000 39 24 2329 6
55f038905000 55 22 2407 6
55f0388e4000 57 25 2491 6
55f0388bb000 17 16 2525 6
55f038915000 60 27 2613 6
55f038914000 36 20 2670 6
55f038913000 49 23 2743 7
55f0388c8000 37 21 2801 7
55f0388c7000 24 17 2843 7
55f0388c6000 28 18 2890 7
55f038903000 50 23 2964 7
55f03890a000 54 24 3044 7
55f0388e1000 50 28 3125 7
55f0388e0000 55 24 3205 7
55f0388d6000 48 26 3280 7
55f0388d5000 38 21 3340 8
3360 8
4 13 1 6 1 2 5 1 
0x55f038924000
55f038924000 814 146 960 0
960 0
0 0 0 0 0 0 0 0 
0x55f038923000
55f038923000 446 85 531 0
532 0
0 0 0 0 0 0 0 0 
0x55f0388fa000
55f0388fa000 55 29 84 1
55f038904000 48 23 156 2
55f038924000 809 146 1112 2
55f038923000 444 85 1641 2
55f0388bc000 37 19 1698 2
55f0388bd000 111 46 1856 2
55f0388f2000 53 28 1938 2
55f038920000 57 24 2020 2
55f0388c4000 53 23 2097 3
55f0388fd000 41 27 2166 4
55f0388fc000 56 28 2251 4
55f0388e6000 70 30 2351 4
55f0388c5000 41 23 2415 4
55f03891c000 53 28 2497 6
55f038906000 38 25 2562 6
55f038905000 56 22 2640 6
55f0388e4000 58 25 2724 6
55f0388bb000 17 16 2758 6
55f038915000 61 27 2846 6
55f038914000 36 20 2903 6
55f038913000 49 23 2976 7
55f0388c8000 36 22 3035 7
55f0388c7000 23 18 3077 7
55f0388c6000 27 19 3124 7
55f038903000 49 24 3198 7
55f03890a000 55 23 3277 7
55f0388e1000 50 29 3359 7
55f0388e0000 56 23 3439 7
55f0388d6000 49 26 3515 7
55f0388d5000 37 21 3574 8
3596 8
4 13 1 6 1 2 5 1 
0x55f038904000
55f038904000 48 23 71 1
55f038924000 817 146 1035 1
55f038923000 446 85 1566 1
55f0388bc000 38 18 1623 1
55f0388fa000 54 29 1707 2
55f0388f9000 47 21 1776 5
55f0388bb000 17 16 1810 5
55f038920000 56 24 1891 5
55f0388c4000 53 23 1968 5
55f0388fd000 41 27 2037 6
55f0388fc000 56 27 2121 6
55f0388e6000 70 29 2221 6
55f0388c5000 40 24 2286 6
55f03891c000 53 27 2367 8
2377 8
2 3 2 4 2 1 3 1 
0x55f038920000
55f038920000 57 23 80 0
55f038924000 810 146 1037 0
55f0388bc000 38 18 1093 0
55f038923000 446 85 1625 0
55f0388fa000 54 29 1709 1
55f038904000 48 23 1781 2
55f0388e1000 50 29 1861 2
55f0388e0000 55 23 1940 2
55f0388d6000 49 26 2016 2
55f0388d5000 37 21 2075 3
55f0388bf000 40 19 2136 3
55f0388be000 62 23 2222 4
55f0388bd000 111 47 2381 4
55f0388f2000 52 28 2462 4
55f0388bb000 17 16 2497 4
55f0388c5000 41 23 2561 4
55f03891c000 53 27 2642 5
55f038906000 38 24 2707 5
55f038905000 55 23 2786 5
55f0388e4000 57 25 2869 5
55f038915000 61 28 2959 5
55f038914000 35 20 3015 5
55f038913000 49 23 3088 6
55f0388c8000 37 21 3147 6
55f0388c7000 24 17 3189 6
55f0388c6000 28 18 3236 6
55f038903000 49 24 3310 7
55f03890a000 55 24 3390 7
55f0388cc000 49 22 3464 7
55f0388cb000 39 21 3525 7
55f038910000 40 20 3586 7
55f03890f000 46 27 3660 7
55f03890e000 55 26 3742 7
55f038902000 49 32 3824 7
55f038908000 52 27 3904 7
55f038907000 39 19 3963 7
55f0388c0000 60 29 4053 7
55f0388fb000 50 23 4127 7
55f0388d2000 55 27 4211 7
55f03890b000 56 23 4291 7
55f0388d4000 48 26 4367 7
55f0388f7000 50 26 4444 7
55f0388e9000 45 25 4516 7
55f0388f9000 46 22 4585 8
4624 8
6 20 3 10 1 4 8 2 
0x55f0388c4000
55f0388c4000 53 23 76 1
76 1
0 0 0 0 1 0 0 0 
0x55f0388fd000
55f0388fd000 40 28 69 1
55f038924000 813 146 1029 1
55f0388fc000 55 28 1113 2
55f038923000 445 85 1643 2
55f0388bc000 38 18 1700 2
55f0388fa000 54 29 1784 3
55f038904000 48 23 1856 3
55f038920000 57 23 1937 3
55f0388c4000 54 23 2015 4
55f0388f7000 51 26 2092 5
55f0388e9000 45 25 2163 5
55f0388f9000 46 22 2232 7
55f0388bb000 17 16 2266 7
55f0388ee000 41 21 2328 7
55f0388f0000 29 18 2377 7
55f0388ef000 25 17 2420 7
55f0388f1000 61 26 2507 7
55f03890b000 56 23 2588 7
55f03890a000 54 24 2667 7
55f038914000 36 20 2723 7
55f038913000 49 22 2795 7
55f0388c8000 37 21 2854 7
55f0388c7000 24 17 2896 7
55f0388c6000 28 18 2943 7
55f038903000 50 24 3018 7
55f0388c5000 40 24 3084 7
55f03891c000 54 27 3166 8
3188 8
2 8 2 6 2 4 8 2 
0x55f0388fc000
55f0388fc000 56 28 85 2
85 2
0 2 0 0 0 0 2 0 
0x55f0388e6000
55f0388e6000 71 30 101 0
101 0
0 0 0 0 0 0 0 0 
0x55f0388c5000
55f0388c5000 40 24 65 0
55f0388bc000 37 19 122 0
55f038924000 825 146 1094 0
55f038923000 452 86 1633 0
55f0388fa000 55 29 1718 1
55f038904000 48 23 1790 2
55f038920000 58 24 1873 2
55f0388c4000 54 22 1950 3
55f0388fd000 41 28 2020 4
55f0388fc000 56 28 2105 4
55f0388e6000 71 29 2205 4
55f0388fb000 50 23 2280 4
55f0388bb000 18 16 2315 4
55f03890f000 46 27 2388 4
55f03890e000 55 26 2470 4
55f038902000 50 32 2553 5
55f038908000 52 27 2633 5
55f038907000 39 20 2693 5
55f038906000 39 24 2757 5
55f038905000 56 22 2836 5
55f0388e4000 57 26 2921 5
55f038915000 61 29 3012 5
55f038914000 42 20 3076 6
55f038913000 50 22 3149 7
55f0388c8000 37 21 3208 7
55f0388c7000 24 18 3251 7
55f0388c6000 28 18 3298 7
55f038903000 50 24 3373 7
55f03890a000 55 24 3453 7
55f0388e1000 50 29 3535 7
55f0388e0000 56 23 3615 7
55f0388d6000 49 26 3691 7
55f0388d5000 38 21 3751 8
3778 8
3 20 1 9 1 1 6 1 
0x55f03891c000
55f03891c000 54 27 81 2
55f0388bc000 38 19 139 2
55f038924000 817 147 1103 2
55f038923000 448 85 1636 2
55f0388fa000 54 30 1721 3
55f038904000 48 23 1793 4
55f038920000 57 24 1875 4
55f0388c4000 54 23 1953 5
55f0388fd000 41 28 2023 6
55f0388fc000 56 27 2107 6
55f0388e6000 70 30 2208 6
55f0388c5000 41 23 2273 6
55f0388e3000 56 21 2352 6
55f0388e2000 38 21 2412 7
55f0388bb000 17 16 2445 7
55f038908000 52 27 2525 7
55f038907000 40 19 2585 7
55f038906000 39 24 2649 7
55f038905000 56 22 2728 7
55f0388e4000 57 26 2813 7
55f038915000 61 27 2902 7
55f038914000 35 20 2959 7
55f038913000 50 22 3032 7
55f0388c8000 37 21 3091 7
55f0388c7000 24 17 3133 7
55f0388c6000 28 18 3180 7
55f038903000 50 24 3255 7
55f03890a000 55 23 3334 7
55f0388e1000 50 29 3416 7
55f0388e0000 55 24 3496 7
55f0388d6000 48 26 3571 7
55f0388d5000 38 21 3631 8
3656 8
4 13 1 7 1 2 7 2 
0x55f038906000
55f038906000 39 24 63 1
55f038905000 55 23 142 1
55f038923000 448 85 675 1
55f038924000 817 146 1639 1
55f0388bc000 38 18 1695 1
55f0388fa000 54 29 1779 2
55f038904000 48 23 1851 3
55f038920000 57 24 1933 3
55f0388c4000 53 23 2010 4
55f0388fd000 41 27 2079 5
55f0388fc000 56 27 2163 5
55f0388e6000 70 30 2264 5
55f0388c5000 41 23 2328 5
55f03891c000 53 28 2410 6
55f03891d000 46 24 2482 6
55f0388f9000 47 22 2552 8
2564 8
4 4 2 4 2 1 3 1 
0x55f038905000
55f038905000 55 22 77 0
55f038923000 447 85 610 0
55f038924000 818 145 1574 0
55f0388bc000 37 19 1631 0
55f0388fa000 54 29 1715 1
55f038904000 47 24 1787 2
55f038920000 56 24 1868 2
55f0388c4000 54 23 1946 3
55f0388fd000 41 28 2015 4
55f0388fc000 55 28 2099 4
55f0388e6000 71 29 2199 4
55f0388c5000 40 24 2264 4
55f03891c000 53 27 2345 6
55f038906000 39 24 2410 6
55f03890c000 42 24 2477 6
55f03890b000 57 24 2559 6
55f03890a000 54 24 2638 6
55f038914000 36 20 2695 6
55f038913000 49 23 2768 7
55f0388c8000 36 22 2827 7
55f0388c7000 24 17 2869 7
55f0388c6000 28 18 2916 7
55f038903000 50 24 2991 7
55f0388bb000 18 16 3027 7
55f0388e1000 50 29 3107 7
55f0388e0000 56 23 3187 7
55f0388d6000 49 26 3263 7
55f0388d5000 37 22 3323 8
3343 8
4 9 1 6 1 2 5 1 
0x55f0388e4000
55f0388e4000 58 25 83 1
55f0388bb000 17 16 117 1
55f038924000 812 146 1075 1
55f038915000 60 28 1164 1
55f0388bc000 37 19 1221 1
55f038923000 445 85 1752 1
55f0388fa000 53 30 1837 2
55f038904000 48 23 1909 2
55f038920000 57 24 1991 2
55f0388c4000 53 23 2068 3
55f0388fd000 41 27 2137 4
55f0388fc000 56 28 2222 4
55f0388e6000 70 30 2322 4
55f0388c5000 41 24 2387 4
55f03891c000 53 27 2468 6
55f038906000 39 24 2533 6
55f038905000 55 23 2612 6
55f03890a000 55 23 2691 6
55f03890c000 41 24 2758 6
55f03890b000 57 23 2839 6
55f038914000 36 20 2896 6
55f038913000 49 23 2969 7
55f0388c8000 36 22 3028 7
55f0388c7000 24 17 3070 7
55f0388c6000 28 18 3117 7
55f038903000 49 24 3191 7
55f0388e1000 50 29 3274 7
55f0388e0000 56 23 3354 7
55f0388d6000 49 26 3430 7
55f0388d5000 38 21 3490 8
3511 8
4 13 1 6 1 2 5 1 
0x55f0388bb000
55f0388bb000 18 16 34 0
34 0
0 0 0 0 0 0 0 0 
0x55f038915000
55f038915000 61 28 89 1
55f0388bb000 17 16 123 1
55f0388bc000 38 18 179 1
55f038924000 814 146 1140 1
55f038923000 445 85 1670 1
55f0388fa000 53 30 1755 2
55f038904000 48 23 1827 2
55f038920000 57 23 1908 2
55f0388c4000 54 23 1986 3
55f0388fd000 41 27 2055 4
55f0388fc000 56 28 2140 4
55f0388e6000 70 30 2240 4
55f0388c5000 40 24 2305 4
55f03891c000 53 27 2386 6
55f038906000 39 24 2452 6
55f038905000 56 22 2530 6
55f0388e4000 58 25 2614 6
55f0388e3000 56 20 2691 6
55f0388e2000 38 21 2751 7
55f038908000 51 28 2831 7
55f038907000 39 19 2890 7
55f0388c0000 60 29 2980 7
55f0388fb000 50 23 3054 7
55f03890f000 45 28 3129 7
55f03890e000 55 26 3211 7
55f038902000 49 33 3294 7
55f0388e0000 55 24 3374 7
55f0388d6000 48 27 3450 7
55f0388d5000 37 22 3510 8
3532 8
5 16 1 7 1 1 8 1 
0x55f038914000
55f038914000 36 20 56 1
55f038913000 49 23 129 2
55f0388c8000 36 22 188 3
55f038924000 814 146 1149 3
55f0388bc000 38 19 1206 3
55f038923000 448 85 1740 3
55f0388fa000 55 29 1825 4
55f038904000 47 23 1896 4
55f038920000 57 24 1978 4
55f0388c4000 54 22 2055 5
55f0388fd000 41 28 2125 6
55f0388fc000 56 28 2210 6
55f0388e6000 72 30 2312 6
55f0388c5000 41 23 2376 6
55f03891c000 54 28 2460 7
55f038906000 39 25 2526 7
55f038905000 55 23 2605 7
55f0388e4000 58 25 2689 7
55f0388bb000 18 16 2724 7
55f038915000 61 28 2813 7
55f038900000 53 24 2891 7
55f0388ff000 58 26 2976 7
55f0388fe000 44 24 3045 7
55f03890f000 45 28 3120 7
55f03890e000 55 26 3202 7
55f038902000 50 33 3286 7
55f038908000 51 28 3366 7
55f038907000 39 20 3426 7
55f0388c0000 60 29 3516 7
55f0388fb000 50 24 3591 7
55f0388d2000 55 27 3675 7
55f03890b000 57 23 3756 7
55f03890a000 55 24 3836 7
55f0388d4000 48 26 3911 7
55f0388f2000 53 28 3993 7
55f0388c3000 44 22 4061 7
55f0388f7000 50 26 4138 7
55f0388e9000 45 25 4210 7
55f0388f9000 47 22 4280 8
4310 8
5 19 2 11 2 4 11 2 
0x55f038913000
55f038913000 49 23 73 1
55f0388c8000 36 22 132 2
55f038924000 809 146 1088 2
55f0388bc000 38 18 1144 2
55f038923000 445 85 1675 2
55f0388fa000 54 29 1760 3
55f038904000 48 23 1832 3
55f038920000 57 24 1914 3
55f0388c4000 53 23 1991 4
55f0388fd000 41 27 2060 5
55f0388fc000 56 28 2145 5
55f0388e6000 70 30 2245 5
55f0388c5000 41 23 2309 5
55f03891c000 53 28 2391 7
55f038906000 39 24 2456 7
55f038905000 55 23 2535 7
55f0388e4000 58 25 2619 7
55f0388bb000 17 16 2653 7
55f038915000 61 28 2742 7
55f038914000 35 20 2798 7
55f038900000 52 24 2877 7
55f0388ff000 58 25 2961 7
55f0388fe000 44 24 3030 7
55f03890f000 46 27 3105 7
55f03890e000 56 26 3188 7
55f038902000 49 33 3271 7
55f038908000 51 27 3350 7
55f038907000 39 20 3410 7
55f0388c0000 60 28 3499 7
55f0388fb000 50 23 3574 7
55f0388d2000 55 27 3658 7
55f03890b000 56 23 3738 7
55f03890a000 55 24 3818 7
55f0388d4000 48 26 3893 7
55f0388f2000 53 28 3975 7
55f0388c3000 43 23 4043 7
55f0388f7000 50 26 4119 7
55f0388e9000 45 25 4191 7
55f0388f9000 47 22 4261 8
4290 8
5 19 2 11 2 4 11 2 
0x55f0388c8000
55f0388c8000 36 22 59 1
55f038924000 815 150 1025 1
55f0388bc000 38 21 1085 1
55f038923000 497 91 1674 1
55f0388fa000 61 30 1766 2
55f038904000 49 23 1839 2
55f038920000 58 24 1922 2
55f0388c4000 54 22 1999 3
55f0388fd000 41 27 2068 4
55f0388fc000 56 27 2152 4
55f0388e6000 70 30 2253 4
55f0388c5000 40 24 2318 4
55f03891c000 53 27 2399 6
55f038906000 39 24 2464 6
55f038905000 55 22 2542 6
55f0388e4000 57 25 2626 6
55f0388bb000 18 16 2661 6
55f038915000 61 28 2750 6
55f038914000 36 21 2808 6
55f038913000 50 23 2881 7
55f038912000 57 28 2967 7
55f038911000 33 20 3021 7
55f038910000 41 21 3084 7
55f03890f000 46 27 3158 7
55f03890e000 56 26 3241 7
55f038902000 50 33 3325 7
55f038908000 51 28 3405 7
55f038907000 39 20 3465 7
55f0388c0000 60 29 3555 7
55f0388fb000 50 23 3629 7
55f0388d2000 55 27 3714 7
55f03890b000 56 23 3794 7
55f03890a000 55 24 3874 7
55f0388d4000 48 27 3950 7
55f0388f2000 52 28 4031 7
55f0388c3000 44 22 4099 7
55f0388f7000 50 26 4176 7
55f0388e9000 45 25 4247 7
55f0388f9000 47 22 4317 8
4349 8
7 19 2 11 2 4 10 2 
0x55f0388c7000
55f0388c7000 24 18 42 1
55f0388bc000 38 18 98 1
55f038924000 823 148 1070 1
55f038923000 445 85 1601 1
55f0388fa000 54 29 1685 2
55f038904000 48 23 1757 2
55f038920000 57 23 1838 2
55f0388c4000 54 23 1916 3
55f0388fd000 42 28 1987 4
55f0388fc000 56 28 2072 4
55f0388e6000 70 30 2173 4
55f0388c5000 40 23 2237 4
55f03891c000 54 27 2319 6
55f038906000 39 24 2384 6
55f038905000 55 22 2462 6
55f0388e4000 58 25 2546 6
55f0388bb000 17 16 2580 6
55f038915000 60 28 2669 6
55f038914000 36 20 2726 6
55f038913000 50 23 2800 7
55f0388c8000 37 22 2860 7
55f0388c6000 28 19 2907 7
55f038903000 49 24 2981 7
55f03890a000 55 23 3060 7
55f0388c9000 50 29 3142 7
55f0388e8000 58 27 3228 7
55f0388f9000 47 22 3298 8
3318 8
4 17 2 7 2 2 7 2 
0x55f0388c6000
55f0388c6000 28 18 47 0
55f038923000 446 85 579 0
55f0388c8000 37 21 638 1
55f038924000 830 146 1615 1
55f0388bc000 37 19 1672 1
55f0388fa000 55 29 1757 2
55f038904000 53 23 1834 2
55f038920000 57 24 1916 2
55f0388c4000 55 22 1994 3
55f0388fd000 41 28 2064 4
55f0388fc000 56 28 2149 4
55f0388e6000 71 30 2250 4
55f0388c5000 41 24 2315 4
55f03891c000 53 28 2397 6
55f038906000 44 24 2467 6
55f038905000 55 22 2545 6
55f0388e4000 57 25 2629 6
55f0388bb000 18 15 2663 6
55f038915000 61 27 2752 6
55f038914000 36 20 2809 6
55f038913000 49 23 2882 7
55f038912000 56 28 2967 7
55f038911000 33 20 3022 7
55f038910000 41 20 3083 7
55f03890f000 45 28 3157 7
55f03890e000 55 25 3238 7
55f038902000 50 32 3321 7
55f038908000 52 27 3401 7
55f038907000 39 19 3460 7
55f0388c0000 61 28 3550 7
55f0388fb000 51 23 3625 7
55f0388d2000 55 27 3709 7
55f03890b000 56 23 3789 7
55f03890a000 55 23 3868 7
55f0388d4000 48 26 3943 7
55f0388f2000 52 28 4024 7
55f0388c3000 43 22 4092 7
55f0388f7000 50 26 4169 7
55f0388e9000 45 26 4242 7
55f0388f9000 46 22 4311 8
4344 8
7 19 2 11 2 4 10 2 
0x55f038903000
55f038903000 49 24 74 1
55f038924000 819 146 1040 1
55f0388bc000 38 18 1097 1
55f038923000 446 85 1629 1
55f0388fa000 54 29 1714 2
55f038904000 48 23 1786 3
55f038920000 57 24 1868 3
55f0388c4000 54 23 1946 4
55f0388fd000 41 28 2015 4
55f0388fc000 55 28 2099 4
55f0388e6000 71 30 2200 4
55f0388c5000 41 24 2265 4
55f03891c000 53 27 2346 6
55f038906000 39 24 2411 6
55f038905000 56 22 2490 6
55f0388e4000 57 25 2574 6
55f0388bb000 17 16 2608 6
55f038915000 61 27 2696 6
55f038914000 36 20 2753 6
55f038913000 49 23 2826 7
55f0388c8000 36 22 2885 7
55f0388c7000 24 17 2927 7
55f0388c6000 28 19 2975 7
55f0388e1000 51 29 3058 7
55f0388e0000 55 24 3138 7
55f0388d6000 48 27 3214 7
55f0388d5000 37 22 3274 8
3295 8
4 12 1 4 1 2 5 1 
0x55f03890a000
55f03890a000 55 23 79 2
79 2
0 1 0 2 0 0 0 0 
0x55f0388e1000
55f0388e1000 49 30 80 0
55f0388e0000 56 24 161 1
55f038923000 451 85 697 1
55f0388d6000 49 26 773 1
55f0388d5000 37 22 833 2
55f038924000 815 146 1795 2
55f0388bc000 37 19 1852 2
55f0388fa000 54 29 1936 3
55f038904000 48 23 2008 3
55f038920000 57 23 2089 3
55f0388c4000 54 23 2167 4
55f0388fd000 40 28 2236 5
55f0388fc000 57 27 2321 5
55f0388e6000 70 30 2422 5
55f0388c5000 41 23 2486 5
55f03891c000 54 27 2568 7
55f038906000 38 25 2634 7
55f038905000 56 22 2712 7
55f0388e4000 58 25 2796 7
55f0388bb000 17 16 2830 7
55f038915000 62 28 2920 7
55f038914000 36 20 2977 7
55f038913000 50 22 3049 8
3067 8
4 9 1 4 1 2 3 1 
0x55f0388e0000
55f0388e0000 56 24 80 1
55f038923000 450 85 616 1
55f0388d6000 49 26 692 1
55f0388d5000 38 21 752 2
55f038924000 813 146 1712 2
55f0388bc000 37 19 1769 2
55f0388fa000 54 29 1853 3
55f038904000 48 23 1925 3
55f038920000 57 24 2007 3
55f0388c4000 53 23 2084 4
55f0388fd000 41 27 2153 5
55f0388fc000 56 27 2237 5
55f0388e6000 70 30 2338 5
55f0388c5000 41 24 2403 5
55f03891c000 54 27 2484 7
55f038906000 39 24 2549 7
55f038905000 55 23 2628 7
55f0388e4000 57 26 2712 7
55f0388bb000 18 16 2746 7
55f038915000 61 27 2834 7
55f038914000 36 20 2891 7
55f038913000 49 23 2964 8
2980 8
4 9 1 4 1 2 3 1 
0x55f0388d6000
55f0388d6000 49 26 75 1
55f0388d5000 38 21 135 2
55f038924000 815 146 1097 2
55f038923000 446 85 1628 2
55f0388bc000 37 19 1686 2
55f0388fa000 54 29 1770 3
55f038904000 48 23 1842 3
55f038920000 57 24 1924 3
55f0388c4000 53 23 2001 4
55f0388fd000 40 28 2070 5
55f0388fc000 56 27 2154 5
55f0388e6000 70 30 2255 5
55f0388c5000 41 23 2319 5
55f03891c000 54 27 2401 7
55f038906000 39 24 2466 7
55f038905000 55 23 2545 7
55f0388e4000 57 25 2628 7
55f0388bb000 18 16 2663 7
55f038915000 61 27 2751 7
55f038914000 36 20 2808 7
55f038913000 50 23 2882 8
2897 8
4 8 1 4 1 2 3 1 
0x55f0388d5000
55f0388d5000 38 21 59 1
55f038924000 821 147 1028 1
55f038923000 450 85 1563 1
55f0388bc000 37 19 1621 1
55f0388fa000 54 29 1705 2
55f038904000 48 23 1777 3
55f038920000 57 23 1858 3
55f0388c4000 53 23 1936 4
55f0388fd000 40 28 2005 5
55f0388fc000 56 27 2089 5
55f0388e6000 70 30 2190 5
55f0388c5000 41 23 2254 5
55f03891c000 53 28 2336 7
55f038906000 39 24 2401 7
55f038905000 55 22 2479 7
55f0388e4000 57 25 2563 7
55f0388bb000 18 15 2597 7
55f038915000 61 27 2686 7
55f038914000 36 20 2743 7
55f038913000 49 23 2816 8
2829 8
4 7 1 4 1 2 3 1 
0x55f0388bf000
55f0388bf000 40 19 60 0
55f038924000 813 146 1020 0
55f038923000 445 85 1551 0
55f0388be000 61 24 1638 1
55f0388bd000 111 46 1796 1
55f0388bc000 37 19 1853 1
55f0388fa000 53 30 1937 2
55f038904000 47 24 2009 3
55f038920000 57 23 2090 3
55f0388c4000 54 23 2168 4
55f0388fd000 41 28 2237 5
55f0388fc000 56 27 2321 5
55f0388e6000 70 30 2422 5
55f0388c5000 41 23 2486 5
55f03891c000 53 28 2568 6
55f038906000 39 24 2633 6
55f038905000 55 23 2712 6
55f0388e4000 57 25 2795 6
55f0388bb000 18 15 2829 6
55f038915000 61 27 2918 6
55f038914000 36 20 2975 6
55f038913000 49 23 3048 7
55f0388c8000 36 22 3107 7
55f0388c7000 24 17 3149 7
55f0388c6000 28 18 3196 7
55f038903000 49 24 3270 7
55f03890a000 55 24 3350 7
55f0388e1000 49 29 3431 7
55f0388e0000 56 23 3511 7
55f0388d6000 48 27 3587 7
55f0388d5000 37 21 3646 8
3670 8
5 13 1 6 1 2 5 1 
0x55f0388be000
55f0388be000 62 23 85 1
55f038924000 811 146 1043 1
55f0388bd000 111 46 1201 1
55f038923000 445 86 1733 1
55f0388bc000 37 19 1790 1
55f0388fa000 53 30 1874 2
55f038904000 48 23 1946 3
55f038920000 58 23 2028 3
55f0388c4000 55 22 2106 4
55f0388fd000 41 27 2175 5
55f0388fc000 56 27 2259 5
55f0388e6000 70 30 2360 5
55f0388c5000 41 23 2424 5
55f03891c000 53 27 2505 6
55f038906000 38 24 2570 6
55f038905000 56 22 2649 6
55f0388e4000 58 25 2733 6
55f0388bb000 17 16 2767 6
55f038915000 61 27 2855 6
55f038914000 36 20 2912 6
55f038913000 49 23 2985 7
55f0388c8000 36 22 3044 7
55f0388c7000 24 18 3086 7
55f0388c6000 28 19 3133 7
55f038903000 50 24 3208 7
55f03890a000 55 23 3287 7
55f0388e1000 50 29 3370 7
55f0388e0000 55 24 3450 7
55f0388d6000 49 26 3526 7
55f0388d5000 37 22 3586 8
3609 8
5 13 1 6 1 2 5 1 
0x55f0388bd000
55f0388bd000 112 46 158 0
55f038924000 821 146 1126 0
55f038923000 450 85 1662 0
55f0388bc000 38 19 1720 0
55f0388fa000 55 29 1804 1
55f038904000 48 23 1876 2
55f038920000 57 24 1958 2
55f0388c4000 54 23 2036 3
55f0388fd000 41 28 2106 4
55f0388fc000 56 27 2190 4
55f0388e6000 70 30 2291 4
55f0388c5000 40 24 2356 4
55f03891c000 53 28 2438 6
55f038906000 39 24 2503 6
55f038905000 56 22 2582 6
55f0388e4000 58 26 2667 6
55f0388bb000 18 16 2701 6
55f038915000 61 28 2790 6
55f038914000 36 20 2847 6
55f038913000 49 23 2920 7
55f0388c8000 37 21 2979 7
55f0388c7000 24 17 3021 7
55f0388c6000 28 19 3069 7
55f038903000 50 24 3143 7
55f03890a000 55 23 3223 7
55f0388e1000 51 29 3306 7
55f0388e0000 56 23 3386 7
55f0388d6000 49 26 3462 7
55f0388d5000 38 21 3522 8
3544 8
4 13 1 6 1 2 5 1 
0x55f0388f2000
55f0388f2000 53 28 81 0
55f038924000 816 146 1044 0
55f038904000 48 23 1116 1
55f038923000 448 86 1651 1
55f0388bc000 38 18 1708 1
55f0388fa000 55 29 1793 2
55f0388f9000 47 22 1863 5
55f0388bb000 17 16 1897 5
55f038920000 57 24 1979 5
55f0388c4000 54 23 2057 5
55f0388fd000 41 28 2127 6
55f0388fc000 56 27 2211 6
55f0388e6000 71 30 2313 6
55f0388c5000 41 24 2378 6
55f03891c000 53 28 2460 8
2470 8
2 3 2 4 2 1 3 1 
0x55f0388c3000
55f0388c3000 43 22 66 2
66 2
0 0 0 1 0 0 1 0 
0x55f0388c0000
55f0388c0000 60 29 89 1
55f0388bc000 38 18 146 1
55f038924000 819 146 1112 1
55f038923000 449 86 1647 1
55f0388fa000 54 30 1732 2
55f038904000 48 23 1804 3
55f038920000 58 24 1887 3
55f0388c4000 54 23 1965 4
55f0388fd000 41 28 2034 4
55f0388fc000 57 27 2119 4
55f0388e6000 71 29 2220 4
55f0388c5000 41 23 2285 4
55f03891c000 53 28 2367 6
55f038906000 39 24 2432 6
55f038905000 55 23 2511 6
55f0388e4000 57 26 2595 6
55f0388bb000 18 15 2628 6
55f038915000 61 27 2717 6
55f038914000 36 20 2774 6
55f038913000 49 23 2847 7
55f0388c8000 36 22 2906 7
55f0388c7000 24 17 2948 7
55f0388c6000 27 19 2995 7
55f038903000 49 24 3069 7
55f03890a000 55 23 3148 7
55f0388e1000 50 30 3232 7
55f0388e0000 55 23 3311 7
55f0388d6000 49 26 3387 7
55f0388d5000 37 22 3447 8
3468 8
4 13 1 6 1 2 7 1 
0x55f0388fb000
55f0388fb000 50 23 74 0
55f038924000 813 146 1033 0
55f0388bc000 38 18 1089 0
55f038923000 446 85 1621 0
55f0388fa000 54 29 1705 1
55f038904000 48 23 1777 2
55f038920000 57 24 1859 2
55f0388c4000 54 23 1937 3
55f0388fd000 41 28 2007 4
55f0388fc000 56 28 2092 4
55f0388e6000 71 30 2193 4
55f0388c5000 41 24 2258 4
55f03891c000 53 28 2340 6
55f038906000 39 24 2405 6
55f038905000 56 23 2485 6
55f0388e4000 58 25 2569 6
55f0388bb000 17 16 2603 6
55f038915000 61 28 2693 6
55f038914000 36 20 2750 6
55f038913000 50 22 2823 7
55f0388c8000 37 22 2883 7
55f0388c7000 24 17 2925 7
55f0388c6000 28 18 2972 7
55f038903000 50 24 3047 7
55f03890a000 55 24 3127 7
55f0388e1000 50 30 3210 7
55f0388e0000 55 24 3290 7
55f0388d6000 48 27 3366 7
55f0388d5000 37 22 3426 8
3448 8
4 13 1 6 1 2 5 1 
0x55f03890f000
55f03890f000 46 27 73 1
55f0388c5000 41 24 139 1
55f0388bc000 38 19 196 1
55f038924000 818 147 1162 1
55f038923000 449 86 1697 1
55f0388fa000 54 30 1782 2
55f038904000 48 24 1854 2
55f038920000 57 24 1936 2
55f0388c4000 54 23 2014 3
55f0388fd000 41 28 2084 4
55f0388fc000 56 28 2169 4
55f0388e6000 71 30 2270 4
55f0388fb000 50 23 2344 4
55f0388bb000 17 16 2379 4
55f0388d2000 56 26 2462 4
55f03890b000 56 23 2543 4
55f03890a000 55 24 2623 4
55f038914000 36 20 2680 5
55f038913000 50 23 2754 6
55f0388c8000 37 22 2813 6
55f0388c7000 24 17 2855 6
55f0388c6000 28 18 2902 6
55f038903000 50 24 2977 6
55f038905000 56 22 3059 6
55f0388e4000 58 26 3144 6
55f038915000 61 27 3233 6
55f038900000 53 24 3312 6
55f0388ff000 58 25 3396 6
55f0388fe000 44 25 3466 6
55f0388c9000 49 29 3546 6
55f0388e8000 58 27 3632 6
55f0388f9000 47 22 3702 7
55f0388ee000 41 21 3765 7
55f0388f0000 29 17 3814 7
55f0388ef000 26 17 3858 7
55f0388f1000 62 25 3945 7
55f0388dc000 33 18 3998 7
55f038902000 50 33 4083 8
4110 8
1 27 2 9 2 1 9 2 
0x55f03890e000
55f03890e000 56 26 82 0
55f038902000 51 32 165 4
55f038924000 819 147 1132 4
55f0388bc000 38 19 1189 4
55f038923000 450 86 1725 4
55f0388fa000 54 30 1810 4
55f038904000 48 23 1882 4
55f038920000 58 24 1965 4
55f0388c4000 54 23 2043 5
55f0388fd000 41 28 2112 5
55f0388fc000 57 27 2197 5
55f0388e6000 70 30 2298 5
55f0388c5000 40 24 2363 5
55f03891c000 53 28 2444 6
55f038906000 39 24 2509 6
55f038905000 55 22 2587 6
55f0388e4000 58 25 2671 6
55f0388bb000 17 16 2705 6
55f038915000 61 27 2793 6
55f038914000 36 20 2850 6
55f038913000 49 23 2923 7
55f0388c8000 36 22 2982 7
55f0388c7000 23 18 3024 7
55f0388c6000 28 19 3071 7
55f038903000 49 24 3145 7
55f03890a000 55 23 3224 7
55f0388e1000 50 29 3306 7
55f0388e0000 55 24 3386 7
55f0388d6000 48 26 3461 7
55f0388d5000 37 22 3521 8
3543 8
5 19 1 8 1 2 6 1 
0x55f038902000
55f038902000 50 32 82 4
55f038924000 813 146 1042 4
55f0388bc000 37 19 1099 4
55f038923000 445 85 1630 4
55f0388fa000 54 29 1714 4
55f038904000 48 23 1786 4
55f038920000 57 24 1868 4
55f0388c4000 53 23 1945 5
55f0388fd000 40 28 2014 5
55f0388fc000 56 27 2098 5
55f0388e6000 70 30 2199 5
55f0388c5000 41 23 2263 5
55f03891c000 53 27 2344 6
55f038906000 38 24 2409 6
55f038905000 55 23 2488 6
55f0388e4000 57 25 2571 6
55f0388bb000 17 16 2605 6
55f038915000 60 28 2694 6
55f038914000 36 20 2751 6
55f038913000 49 22 2823 7
55f0388c8000 37 21 2882 7
55f0388c7000 24 17 2924 7
55f0388c6000 28 18 2971 7
55f038903000 49 24 3045 7
55f03890a000 55 23 3124 7
55f0388e1000 50 29 3206 7
55f0388e0000 55 24 3286 7
55f0388d6000 48 26 3361 7
55f0388d5000 37 21 3420 8
3442 8
5 19 1 8 1 2 6 1 
0x55f038908000
55f038908000 51 28 79 1
55f038924000 812 146 1037 1
55f038907000 39 19 1095 1
55f038923000 445 85 1626 1
55f0388bc000 38 19 1684 1
55f0388fa000 55 29 1769 1
55f038904000 48 24 1842 2
55f038920000 58 24 1925 2
55f0388c4000 54 23 2003 3
55f0388fd000 41 28 2073 4
55f0388fc000 57 27 2158 4
55f0388e6000 71 30 2260 4
55f0388c5000 41 23 2325 4
55f03891c000 54 27 2407 6
55f038906000 40 24 2473 6
55f038905000 55 23 2552 6
55f0388e4000 58 26 2637 6
55f0388bb000 18 16 2671 6
55f038915000 62 27 2760 6
55f038914000 36 20 2817 6
55f038913000 50 23 2891 7
55f0388c8000 37 21 2950 7
55f0388c7000 24 17 2992 7
55f0388c6000 28 19 3040 7
55f038903000 50 24 3115 7
55f03890a000 55 24 3195 7
55f0388e1000 50 30 3278 7
55f0388e0000 56 24 3358 7
55f0388d6000 48 27 3434 7
55f0388d5000 37 22 3494 8
3517 8
4 13 1 7 1 2 5 1 
0x55f038907000
55f038907000 40 19 59 0
55f038923000 449 85 594 0
55f0388bc000 38 19 652 0
55f038924000 824 147 1624 0
55f0388fa000 54 29 1708 1
55f038904000 49 23 1781 2
55f038920000 57 24 1863 2
55f0388c4000 54 23 1941 3
55f0388fd000 41 28 2011 4
55f0388fc000 56 28 2096 4
55f0388e6000 71 30 2197 4
55f0388c5000 40 24 2262 4
55f03891c000 54 27 2344 6
55f038906000 40 24 2410 6
55f038905000 55 23 2489 6
55f0388e4000 58 25 2573 6
55f0388bb000 17 16 2607 6
55f038915000 61 28 2697 6
55f038914000 36 20 2754 6
55f038913000 49 23 2827 7
55f0388c8000 37 21 2886 7
55f0388c7000 25 17 2929 7
55f0388c6000 28 18 2976 7
55f038903000 50 24 3051 7
55f03890a000 55 23 3130 7
55f0388e1000 50 29 3213 7
55f0388e0000 55 24 3293 7
55f0388d6000 48 27 3369 7
55f0388d5000 37 22 3429 8
3451 8
4 13 1 6 1 2 5 1 
0x55f03891b000
55f03891b000 59 26 86 0
55f038923000 450 86 623 0
55f038924000 823 147 1594 0
55f03891a000 51 21 1666 0
55f038919000 46 24 1737 1
55f038908000 52 27 1817 2
55f038907000 39 20 1877 2
55f0388bc000 38 19 1934 2
55f0388fa000 54 30 2019 2
55f038904000 48 23 2091 2
55f038920000 58 24 2174 2
55f0388c4000 54 23 2252 3
55f0388fd000 41 28 2321 4
55f0388fc000 57 27 2406 4
55f0388e6000 71 30 2508 4
55f0388c5000 41 23 2573 4
55f03891c000 54 27 2655 6
55f038906000 40 24 2721 6
55f038905000 55 23 2800 6
55f0388e4000 58 26 2885 6
55f0388bb000 17 16 2919 6
55f038915000 61 28 3008 6
55f038914000 36 20 3065 6
55f038913000 50 22 3138 7
55f0388c8000 37 21 3197 7
55f0388c7000 24 17 3239 7
55f0388c6000 28 18 3286 7
55f038903000 49 24 3360 7
55f03890a000 55 24 3440 7
55f0388e1000 50 29 3522 7
55f0388e0000 56 23 3601 7
55f0388d6000 48 27 3677 7
55f0388d5000 37 21 3736 8
3761 8
4 17 1 7 1 2 5 1 
0x55f03891a000
55f03891a000 51 21 72 0
55f038919000 45 25 142 1
55f038908000 51 28 221 2
55f038924000 811 146 1178 2
55f038907000 39 19 1237 2
55f038923000 444 85 1767 2
55f0388bc000 38 18 1824 2
55f0388fa000 54 29 1908 2
55f038904000 48 23 1980 2
55f038920000 57 24 2062 2
55f0388c4000 53 23 2139 3
55f0388fd000 41 27 2208 4
55f0388fc000 56 28 2293 4
55f0388e6000 71 29 2393 4
55f0388c5000 40 24 2458 4
55f03891c000 53 27 2539 6
55f038906000 39 24 2604 6
55f038905000 55 22 2682 6
55f0388e4000 58 25 2766 6
55f0388bb000 17 16 2800 6
55f038915000 61 27 2888 6
55f038914000 35 20 2945 6
55f038913000 49 23 3018 7
55f0388c8000 37 21 3077 7
55f0388c7000 24 17 3119 7
55f0388c6000 28 18 3166 7
55f038903000 49 24 3240 7
55f03890a000 55 23 3319 7
55f0388e1000 50 29 3402 7
55f0388e0000 55 23 3481 7
55f0388d6000 48 27 3557 7
55f0388d5000 37 21 3616 8
3640 8
4 17 1 7 1 2 5 1 
0x55f038919000
55f038919000 45 25 70 1
70 1
0 4 0 0 0 0 0 0 
0x55f03890c000
55f03890c000 42 24 66 0
55f038924000 819 146 1032 0
55f03890b000 56 24 1112 0
55f03890a000 55 23 1190 2
55f0388bc000 37 19 1247 2
55f038923000 448 86 1782 2
55f0388fa000 54 29 1866 2
55f038904000 48 23 1938 2
55f038920000 57 24 2020 2
55f0388c4000 53 23 2097 3
55f0388fd000 41 27 2166 4
55f0388fc000 56 28 2251 4
55f0388e6000 71 29 2351 4
55f0388c5000 40 24 2416 4
55f03891c000 53 27 2497 6
55f038906000 39 24 2562 6
55f038905000 55 23 2641 6
55f0388e4000 57 25 2724 6
55f0388bb000 18 15 2758 6
55f038915000 61 27 2847 6
55f038914000 36 20 2904 6
55f038913000 49 23 2977 7
55f0388c8000 36 22 3036 7
55f0388c7000 23 18 3078 7
55f0388c6000 28 19 3125 7
55f038903000 50 24 3199 7
55f0388e1000 49 30 3282 7
55f0388e0000 55 24 3361 7
55f0388d6000 48 26 3436 7
55f0388d5000 38 21 3496 8
3519 8
4 13 1 6 1 2 5 1 
0x55f03890b000
55f03890b000 56 23 80 0
55f03890a000 54 24 159 2
55f0388bc000 38 18 215 2
55f038924000 819 146 1181 2
55f038923000 447 86 1714 2
55f0388fa000 54 29 1798 2
55f038904000 48 23 1870 2
55f038920000 57 24 1952 2
55f0388c4000 53 23 2029 3
55f0388fd000 40 28 2098 4
55f0388fc000 56 28 2183 4
55f0388e6000 71 30 2284 4
55f0388c5000 41 24 2349 4
55f03891c000 53 27 2430 6
55f038906000 39 24 2495 6
55f038905000 55 22 2573 6
55f0388e4000 58 25 2657 6
55f0388bb000 17 16 2691 6
55f038915000 60 28 2780 6
55f038914000 35 20 2836 6
55f038913000 49 23 2909 7
55f0388c8000 37 21 2968 7
55f0388c7000 24 17 3010 7
55f0388c6000 28 18 3057 7
55f038903000 49 24 3131 7
55f0388e1000 50 29 3214 7
55f0388e0000 55 23 3293 7
55f0388d6000 48 27 3369 7
55f0388d5000 37 21 3428 8
3450 8
4 13 1 6 1 2 5 1 
0x55f0388d4000
55f0388d4000 49 25 74 1
55f0388f2000 53 28 156 1
55f038924000 811 146 1114 1
55f038904000 48 23 1185 2
55f038923000 447 85 1718 2
55f0388bc000 38 18 1775 2
55f0388fa000 54 30 1860 2
55f0388f9000 47 22 1929 5
55f0388bb000 17 16 1963 5
55f038920000 57 24 2044 5
55f0388c4000 54 23 2122 5
55f0388fd000 41 28 2191 6
55f0388fc000 56 27 2275 6
55f0388e6000 70 30 2376 6
55f0388c5000 41 23 2440 6
55f03891c000 54 27 2522 8
2534 8
2 3 2 5 2 1 3 1 
0x55f0388f7000
55f0388f7000 50 26 77 2
55f0388bc000 38 18 134 2
55f038924000 815 146 1096 2
55f038923000 446 85 1627 2
55f0388fa000 54 29 1712 3
55f038904000 47 24 1784 4
55f038920000 57 24 1866 4
55f0388c4000 53 23 1943 5
55f0388fd000 41 28 2013 5
55f0388fc000 56 27 2097 5
55f0388e6000 70 30 2198 5
55f0388c5000 41 23 2262 5
55f03891c000 54 27 2344 6
55f038906000 39 24 2409 6
55f038905000 55 23 2488 6
55f0388e4000 58 25 2572 6
55f0388bb000 17 16 2606 6
55f038915000 61 27 2694 6
55f038914000 35 20 2751 6
55f038913000 50 22 2824 7
55f0388c8000 37 21 2883 7
55f0388c7000 24 17 2925 7
55f0388c6000 28 18 2972 7
55f038903000 50 24 3047 7
55f03890a000 55 23 3126 7
55f0388e1000 50 29 3209 7
55f0388e0000 55 23 3288 7
55f0388d6000 49 26 3364 7
55f0388d5000 37 21 3423 8
3445 8
4 13 1 6 1 4 7 1 
0x55f0388e9000
55f0388e9000 45 25 71 1
55f038923000 445 85 602 1
55f0388bc000 38 19 660 1
55f038924000 814 146 1620 1
55f0388fa000 54 29 1704 2
55f038904000 48 23 1776 3
55f038920000 57 24 1858 3
55f0388c4000 53 23 1935 4
55f0388fd000 41 27 2004 4
55f0388fc000 56 27 2088 4
55f0388e6000 70 30 2189 4
55f0388c5000 41 23 2253 4
55f03891c000 53 28 2335 6
55f038906000 39 24 2400 6
55f038905000 55 22 2478 6
55f0388e4000 58 25 2562 6
55f0388bb000 17 16 2596 6
55f038915000 61 27 2684 6
55f038914000 36 20 2741 6
55f038913000 49 23 2814 7
55f0388c8000 37 21 2873 7
55f0388c7000 24 17 2915 7
55f0388c6000 28 18 2962 7
55f038903000 49 24 3036 7
55f03890a000 55 23 3115 7
55f0388e1000 49 29 3197 7
55f0388e0000 55 24 3277 7
55f0388d6000 48 26 3352 7
55f0388d5000 38 21 3412 8
3434 8
4 13 1 6 1 2 6 1 
0x55f0388f9000
55f0388f9000 47 22 69 3
55f0388bc000 38 19 126 3
55f038924000 819 146 1091 3
55f038923000 447 86 1624 3
55f0388fa000 54 29 1708 4
55f038904000 48 23 1780 5
55f038920000 57 24 1862 5
55f0388c4000 54 23 1940 5
55f0388fd000 41 28 2009 6
55f0388fc000 56 27 2093 6
55f0388e6000 70 30 2194 6
55f0388c5000 41 23 2258 6
55f03891c000 53 28 2340 8
2349 8
2 3 2 4 2 1 3 1 
0x55f0388ee000
55f0388ee000 41 21 62 0
55f038924000 826 146 1035 0
55f038920000 57 24 1117 0
55f0388bc000 38 18 1174 0
55f038923000 454 85 1714 0
55f0388fa000 55 29 1799 1
55f038904000 48 24 1872 2
55f0388e1000 50 30 1953 2
55f0388e0000 55 24 2033 2
55f0388d6000 49 26 2109 2
55f0388d5000 38 21 2169 3
55f0388bf000 40 20 2231 3
55f0388be000 62 24 2318 4
55f0388bd000 112 46 2477 4
55f0388f2000 53 29 2560 4
55f0388bb000 18 16 2595 4
55f0388c5000 41 23 2659 4
55f03891c000 54 27 2741 5
55f038906000 39 24 2807 5
55f038905000 55 23 2886 5
55f0388e4000 58 25 2970 5
55f038915000 62 27 3060 5
55f038914000 36 20 3117 5
55f038913000 50 23 3191 6
55f0388c8000 36 22 3250 6
55f0388c7000 24 17 3292 6
55f0388c6000 28 18 3339 6
55f038903000 50 24 3414 7
55f03890a000 55 24 3494 7
55f0388cc000 50 22 3569 7
55f0388cb000 38 22 3630 7
55f038910000 40 21 3692 7
55f03890f000 45 28 3766 7
55f03890e000 55 26 3848 7
55f038902000 50 33 3932 7
55f038908000 51 28 4012 7
55f038907000 39 19 4071 7
55f0388c0000 60 28 4161 7
55f0388fb000 50 23 4236 7
55f0388d2000 55 27 4321 7
55f03890b000 57 23 4402 7
55f0388d4000 49 26 4478 7
55f0388f7000 51 26 4556 7
55f0388e9000 46 25 4628 7
55f0388f9000 47 22 4698 8
4739 8
6 20 3 10 1 4 8 2 
0x55f0388f0000
55f0388f0000 29 18 47 0
55f038924000 821 146 1015 0
55f0388ef000 26 16 1058 0
55f0388ee000 41 21 1121 0
55f038920000 57 24 1203 0
55f0388bc000 37 19 1260 0
55f038923000 450 85 1796 0
55f0388fa000 54 30 1881 1
55f038904000 48 23 1953 2
55f0388e1000 50 29 2034 2
55f0388e0000 56 24 2115 2
55f0388d6000 49 27 2191 2
55f0388d5000 38 22 2251 3
55f0388bf000 41 19 2312 3
55f0388be000 62 24 2399 4
55f0388bd000 112 47 2559 4
55f0388f2000 53 28 2641 4
55f0388bb000 18 16 2676 4
55f0388c5000 41 24 2741 4
55f03891c000 53 28 2823 5
55f038906000 39 24 2888 5
55f038905000 56 22 2967 5
55f0388e4000 58 25 3051 5
55f038915000 61 28 3141 5
55f038914000 36 20 3198 5
55f038913000 50 23 3272 6
55f0388c8000 37 22 3331 6
55f0388c7000 24 17 3373 6
55f0388c6000 28 18 3420 6
55f038903000 50 24 3495 7
55f03890a000 55 24 3575 7
55f0388cc000 50 22 3650 7
55f0388cb000 39 21 3711 7
55f038910000 41 20 3773 7
55f03890f000 45 28 3847 7
55f03890e000 55 26 3929 7
55f038902000 50 32 4012 7
55f038908000 52 28 4093 7
55f038907000 39 19 4152 7
55f0388c0000 61 28 4242 7
55f0388fb000 50 23 4317 7
55f0388d2000 55 27 4402 7
55f03890b000 56 23 4482 7
55f0388d4000 49 26 4559 7
55f0388f7000 50 27 4637 7
55f0388e9000 45 26 4709 7
55f0388f9000 47 22 4779 8
4822 8
6 20 3 10 1 4 8 2 
0x55f0388ef000
55f0388ef000 26 16 42 0
55f0388ee000 41 21 105 0
55f038924000 826 146 1078 0
55f038920000 57 24 1160 0
55f0388bc000 38 19 1218 0
55f038923000 449 86 1754 0
55f0388fa000 55 29 1839 1
55f038904000 48 23 1911 2
55f0388e1000 50 29 1992 2
55f0388e0000 56 24 2073 2
55f0388d6000 48 27 2149 2
55f0388d5000 37 22 2209 3
55f0388bf000 41 19 2270 3
55f0388be000 62 24 2357 4
55f0388bd000 113 47 2518 4
55f0388f2000 52 29 2600 4
55f0388bb000 18 16 2635 4
55f0388c5000 41 24 2700 4
55f03891c000 53 28 2782 5
55f038906000 39 24 2847 5
55f038905000 56 22 2926 5
55f0388e4000 58 25 3011 5
55f038915000 61 28 3101 5
55f038914000 36 20 3158 5
55f038913000 49 23 3231 6
55f0388c8000 37 21 3290 6
55f0388c7000 24 18 3333 6
55f0388c6000 29 18 3380 6
55f038903000 50 24 3455 7
55f03890a000 55 24 3535 7
55f0388cc000 50 22 3610 7
55f0388cb000 39 21 3671 7
55f038910000 41 20 3733 7
55f03890f000 46 27 3807 7
55f03890e000 56 26 3890 7
55f038902000 51 32 3974 7
55f038908000 52 28 4055 7
55f038907000 40 19 4115 7
55f0388c0000 61 29 4206 7
55f0388fb000 51 23 4281 7
55f0388d2000 55 27 4366 7
55f03890b000 57 24 4448 7
55f0388d4000 49 26 4524 7
55f0388f7000 50 27 4603 7
55f0388e9000 46 25 4675 7
55f0388f9000 47 22 4746 8
4788 8
6 20 3 10 1 4 8 2 
0x55f0388f1000
55f0388f1000 62 26 88 1
55f038923000 453 85 626 1
55f038924000 826 147 1601 1
55f0388ef000 26 16 1644 1
55f0388ee000 42 21 1708 1
55f038920000 57 24 1790 1
55f0388bc000 38 19 1848 1
55f0388fa000 55 29 1933 2
55f038904000 49 23 2006 2
55f0388e1000 50 30 2088 2
55f0388e0000 56 24 2168 2
55f0388d6000 49 26 2244 2
55f0388d5000 38 21 2304 3
55f0388bf000 41 19 2366 3
55f0388be000 63 24 2454 4
55f0388bd000 113 47 2614 4
55f0388f2000 53 28 2696 4
55f0388bb000 17 16 2731 4
55f0388c5000 41 24 2797 4
55f03891c000 54 28 2879 5
55f038906000 40 24 2945 5
55f038905000 55 23 3024 5
55f0388e4000 59 25 3109 5
55f038915000 61 28 3199 5
55f038914000 36 20 3256 5
55f038913000 50 23 3330 6
55f0388c8000 37 22 3390 6
55f0388c7000 25 17 3432 6
55f0388c6000 28 18 3479 6
55f038903000 50 24 3554 7
55f03890a000 55 24 3635 7
55f0388cc000 50 23 3711 7
55f0388cb000 39 21 3771 7
55f038910000 41 21 3834 7
55f03890f000 45 28 3908 7
55f03890e000 56 26 3991 7
55f038902000 51 32 4075 7
55f038908000 52 28 4156 7
55f038907000 39 20 4216 7
55f0388c0000 60 29 4306 7
55f0388fb000 51 23 4381 7
55f0388d2000 55 27 4466 7
55f03890b000 58 23 4548 7
55f0388d4000 49 26 4625 7
55f0388f7000 51 26 4703 7
55f0388e9000 45 26 4775 7
55f0388f9000 47 22 4845 8
4888 8
6 21 3 10 1 4 8 2 
0x55f0388dc000
55f0388dc000 33 18 51 0
55f038923000 453 86 591 0
55f038924000 827 147 1567 0
55f0388bc000 38 19 1624 0
55f0388fa000 54 29 1708 1
55f038904000 48 24 1781 2
55f038920000 57 24 1863 2
55f0388c4000 54 23 1941 3
55f0388fd000 40 28 2010 4
55f0388fc000 56 27 2094 4
55f0388e6000 70 29 2194 4
55f0388c5000 40 24 2259 4
55f03891c000 53 27 2340 6
55f038906000 39 24 2405 6
55f038905000 55 23 2484 6
55f0388e4000 57 25 2567 6
55f0388bb000 17 16 2601 6
55f038915000 61 28 2690 6
55f038914000 36 20 2747 6
55f038913000 50 22 2819 7
55f0388c8000 37 21 2878 7
55f0388c7000 24 17 2920 7
55f0388c6000 28 18 2967 7
55f038903000 49 24 3041 7
55f03890a000 55 23 3120 7
55f0388e1000 50 29 3202 7
55f0388e0000 55 24 3282 7
55f0388d6000 48 26 3357 7
55f0388d5000 37 22 3417 8
3438 8
4 13 1 6 1 2 5 1 
0x55f038909000
55f038909000 45 24 69 0
55f038924000 812 146 1028 0
55f038923000 445 85 1559 0
55f0388bc000 37 19 1617 0
55f0388fa000 54 29 1701 1
55f038904000 48 23 1773 2
55f038920000 57 24 1855 2
55f0388c4000 53 23 1932 3
55f0388fd000 40 28 2001 4
55f0388fc000 56 27 2085 4
55f0388e6000 70 30 2186 4
55f0388c5000 41 23 2250 4
55f03891c000 53 27 2331 6
55f038906000 38 24 2396 6
55f038905000 55 23 2475 6
55f0388e4000 57 25 2558 6
55f0388bb000 17 16 2592 6
55f038915000 60 28 2681 6
55f038914000 35 20 2737 6
55f038913000 49 23 2810 7
55f0388c8000 37 21 2869 7
55f0388c7000 24 17 2911 7
55f0388c6000 28 18 2958 7
55f038903000 49 24 3032 7
55f03890a000 55 23 3111 7
55f0388e1000 49 29 3193 7
55f0388e0000 55 24 3273 7
55f0388d6000 48 26 3348 7
55f0388d5000 37 22 3408 8
3429 8
4 13 1 6 1 2 5 1 
0x55f0388ed000
55f0388ed000 52 26 79 2
55f0388ec000 56 25 161 2
55f038923000 444 85 691 2
55f038924000 815 146 1653 2
55f038903000 50 24 1727 3
55f0388bc000 37 19 1784 3
55f0388fa000 54 29 1868 3
55f038904000 48 23 1940 4
55f038920000 57 23 2021 4
55f0388c4000 54 23 2099 5
55f0388fd000 40 28 2168 5
55f0388fc000 56 27 2252 5
55f0388e6000 70 30 2353 5
55f0388c5000 41 23 2417 5
55f03891c000 53 28 2499 6
55f038906000 39 24 2564 6
55f038905000 55 22 2642 6
55f0388e4000 58 25 2726 6
55f0388bb000 17 16 2760 6
55f038915000 61 28 2849 6
55f038914000 35 20 2905 6
55f038913000 49 23 2978 7
55f0388c8000 36 22 3037 7
55f0388c7000 24 17 3079 7
55f0388c6000 27 19 3126 7
55f0388e1000 50 29 3207 7
55f0388e0000 55 23 3286 7
55f0388d6000 48 26 3362 7
55f0388d5000 37 21 3421 8
3446 8
4 12 1 5 1 3 5 1 
0x55f0388ec000
55f0388ec000 56 25 81 0
55f038923000 444 86 612 0
55f038924000 815 145 1573 0
55f038903000 50 23 1647 1
55f0388bc000 38 19 1705 1
55f0388fa000 53 30 1789 2
55f038904000 48 23 1861 3
55f038920000 57 23 1942 3
55f0388c4000 53 23 2020 4
55f0388fd000 41 27 2089 4
55f0388fc000 56 28 2174 4
55f0388e6000 71 29 2274 4
55f0388c5000 41 23 2339 4
55f03891c000 53 28 2421 6
55f038906000 39 24 2486 6
55f038905000 55 22 2564 6
55f0388e4000 57 25 2648 6
55f0388bb000 17 16 2682 6
55f038915000 61 27 2771 6
55f038914000 36 20 2828 6
55f038913000 49 23 2901 7
55f0388c8000 36 22 2960 7
55f0388c7000 24 17 3002 7
55f0388c6000 28 18 3049 7
55f0388e1000 50 29 3130 7
55f0388e0000 55 24 3210 7
55f0388d6000 48 26 3285 7
55f0388d5000 38 21 3345 8
3368 8
4 12 1 4 1 2 5 1 
0x55f0388eb000
55f0388eb000 58 26 84 1
55f038924000 821 146 1052 1
55f0388ea000 57 24 1133 3
55f038923000 448 85 1667 3
55f0388bc000 38 19 1725 3
55f0388fa000 54 30 1809 4
55f038904000 48 23 1881 4
55f038920000 57 23 1962 4
55f0388c4000 53 23 2040 5
55f0388fd000 41 27 2109 5
55f0388fc000 56 27 2193 5
55f0388e6000 70 30 2294 5
55f0388c5000 41 23 2358 5
55f03891c000 53 28 2440 6
55f038906000 39 24 2505 6
55f038905000 55 22 2583 6
55f0388e4000 57 25 2667 6
55f0388bb000 17 16 2701 6
55f038915000 60 28 2790 6
55f038914000 36 20 2847 6
55f038913000 49 23 2920 7
55f0388c8000 36 22 2979 7
55f0388c7000 23 18 3021 7
55f0388c6000 28 18 3067 7
55f038903000 50 24 3142 7
55f03890a000 55 23 3221 7
55f0388e1000 49 29 3303 7
55f0388e0000 55 24 3383 7
55f0388d6000 48 26 3458 7
55f0388d5000 37 22 3518 8
3540 8
6 14 1 6 1 2 8 1 
0x55f0388ea000
55f0388ea000 57 24 81 2
81 2
0 1 0 0 0 0 3 0 
0x55f0388e8000
55f0388e8000 57 27 85 1
55f038923000 446 85 617 1
55f038904000 48 23 689 1
55f038924000 815 146 1651 1
55f0388bc000 38 18 1707 1
55f0388fa000 54 30 1792 2
55f0388f9000 47 22 1861 5
55f0388bb000 17 16 1895 5
55f038920000 57 24 1976 5
55f0388c4000 54 22 2053 5
55f0388fd000 41 28 2123 6
55f0388fc000 56 28 2207 6
55f0388e6000 70 30 2307 6
55f0388c5000 41 24 2372 6
55f03891c000 54 27 2453 8
2464 8
2 4 2 4 2 1 3 1 
0x55f0388c2000
55f0388c2000 65 21 87 1
55f038924000 811 146 1045 1
55f038920000 57 24 1126 1
55f0388bc000 37 19 1183 1
55f038923000 446 85 1714 1
55f0388fa000 54 29 1798 2
55f038904000 48 23 1870 2
55f0388e1000 49 29 1950 2
55f0388e0000 56 23 2030 2
55f0388d6000 48 27 2106 2
55f0388d5000 37 21 2165 3
55f0388bf000 40 19 2226 3
55f0388be000 62 23 2312 4
55f0388bd000 111 47 2471 4
55f0388f2000 52 28 2552 4
55f0388bb000 17 16 2587 4
55f0388c5000 41 23 2651 4
55f03891c000 53 28 2733 5
55f038906000 39 24 2798 5
55f038905000 55 22 2876 5
55f0388e4000 58 25 2961 5
55f038915000 61 28 3051 5
55f038914000 36 20 3108 5
55f038913000 49 23 3181 6
55f0388c8000 37 21 3240 6
55f0388c7000 24 17 3282 6
55f0388c6000 28 18 3329 6
55f038903000 50 24 3404 7
55f03890a000 55 24 3484 7
55f0388cc000 50 22 3559 7
55f0388cb000 38 22 3620 7
55f038910000 40 21 3682 7
55f03890f000 45 28 3756 7
55f03890e000 55 26 3838 7
55f038902000 50 32 3921 7
55f038908000 52 27 4001 7
55f038907000 40 19 4061 7
55f0388c0000 60 29 4151 7
55f0388fb000 50 23 4225 7
55f0388d2000 55 27 4310 7
55f03890b000 57 24 4392 7
55f0388d4000 49 26 4468 7
55f0388f7000 51 26 4546 7
55f0388e9000 45 25 4618 7
55f0388f9000 46 23 4689 8
4729 8
6 21 3 10 1 4 8 2 
0x55f038918000
55f038918000 52 29 81 2
55f038917000 63 32 176 4
55f038916000 44 27 247 4
55f038923000 453 85 786 4
55f038924000 827 146 1760 4
55f0388bc000 38 19 1818 4
55f0388fa000 54 30 1903 4
55f038904000 48 23 1975 4
55f038920000 58 24 2058 4
55f0388c4000 54 23 2136 5
55f0388fd000 41 28 2206 5
55f0388fc000 57 28 2292 5
55f0388e6000 71 30 2393 5
55f0388c5000 41 23 2457 5
55f03891c000 54 27 2539 7
55f038906000 39 24 2604 7
55f038905000 55 23 2683 7
55f0388e4000 58 25 2767 7
55f0388bb000 18 16 2802 7
55f038915000 61 28 2891 7
55f038914000 35 21 2948 7
55f038913000 50 23 3021 8
3038 8
4 10 1 5 1 2 6 1 
0x55f038917000
55f038917000 63 31 94 2
55f038916000 44 26 165 2
55f038923000 449 86 701 2
55f038924000 817 147 1666 2
55f0388bc000 38 18 1722 2
55f0388fa000 55 29 1807 2
55f038904000 48 23 1879 2
55f038920000 58 24 1962 2
55f0388c4000 54 22 2039 3
55f0388fd000 41 28 2109 4
55f0388fc000 56 28 2194 4
55f0388e6000 71 30 2295 4
55f0388c5000 41 24 2360 4
55f03891c000 53 27 2441 6
55f038906000 39 24 2507 6
55f038905000 55 23 2586 6
55f0388e4000 58 25 2670 6
55f0388bb000 17 16 2704 6
55f038915000 61 27 2793 6
55f038914000 36 20 2850 6
55f038913000 49 23 2923 7
55f0388c8000 37 21 2982 7
55f0388c7000 24 18 3025 7
55f0388c6000 28 19 3072 7
55f038903000 49 24 3146 7
55f03890a000 55 24 3226 7
55f0388e1000 50 30 3309 7
55f0388e0000 56 24 3389 7
55f0388d6000 48 27 3465 7
55f0388d5000 37 22 3525 8
3548 8
4 16 1 7 1 2 5 1 
0x55f038916000
55f038916000 44 27 71 0
55f038923000 450 86 608 0
55f038924000 822 147 1578 0
55f0388bc000 38 19 1635 0
55f0388fa000 54 30 1720 1
55f038904000 48 23 1792 2
55f038920000 57 24 1874 2
55f0388c4000 54 23 1952 3
55f0388fd000 41 28 2022 4
55f0388fc000 56 28 2107 4
55f0388e6000 71 29 2208 4
55f0388c5000 41 24 2274 4
55f03891c000 54 27 2355 6
55f038906000 39 24 2421 6
55f038905000 55 23 2500 6
55f0388e4000 58 26 2585 6
55f0388bb000 17 16 2619 6
55f038915000 62 27 2708 6
55f038914000 36 20 2765 6
55f038913000 50 23 2839 7
55f0388c8000 37 21 2898 7
55f0388c7000 24 17 2940 7
55f0388c6000 28 18 2987 7
55f038903000 50 24 3062 7
55f03890a000 56 23 3142 7
55f0388e1000 50 29 3225 7
55f0388e0000 55 24 3305 7
55f0388d6000 49 26 3381 7
55f0388d5000 37 22 3441 8
3463 8
4 13 1 6 1 2 5 1 
0x55f0388ff000
55f0388ff000 59 25 84 2
55f0388bb000 17 16 118 2
55f0388fe000 43 25 187 2
55f038924000 820 147 1155 2
55f0388bc000 38 19 1212 2
55f038923000 449 85 1747 2
55f0388fa000 54 30 1833 3
55f038904000 49 23 1905 3
55f038920000 57 24 1987 3
55f0388c4000 53 23 2065 4
55f0388fd000 41 28 2135 4
55f0388fc000 56 28 2220 4
55f0388e6000 71 30 2321 4
55f0388c5000 41 24 2386 4
55f03891c000 53 28 2468 6
55f038906000 39 24 2533 6
55f038905000 56 23 2613 6
55f0388e4000 58 26 2698 6
55f038915000 61 28 2788 6
55f038914000 36 20 2845 6
55f038913000 50 23 2919 7
55f0388c8000 37 21 2978 7
55f0388c7000 24 18 3021 7
55f0388c6000 28 18 3068 7
55f038903000 50 24 3143 7
55f03890a000 55 23 3223 7
55f0388e1000 51 29 3307 7
55f0388e0000 56 24 3388 7
55f0388d6000 48 27 3464 7
55f0388d5000 37 22 3524 8
3547 8
4 14 1 6 1 2 6 1 
0x55f0388fe000
55f0388fe000 44 25 69 0
55f038924000 829 146 1044 0
55f0388bc000 38 19 1102 0
55f038923000 452 86 1640 0
55f0388fa000 55 29 1725 1
55f038904000 49 23 1798 2
55f038920000 58 24 1881 2
55f0388c4000 54 23 1959 3
55f0388fd000 41 28 2029 4
55f0388fc000 56 28 2114 4
55f0388e6000 70 30 2215 4
55f0388c5000 41 24 2281 4
55f03891c000 54 28 2363 6
55f038906000 39 24 2428 6
55f038905000 56 23 2508 6
55f0388e4000 58 26 2593 6
55f0388bb000 18 16 2627 6
55f038915000 62 27 2716 6
55f038914000 36 20 2774 6
55f038913000 50 22 2847 7
55f0388c8000 37 22 2907 7
55f0388c7000 24 18 2950 7
55f0388c6000 29 18 2997 7
55f038903000 50 24 3072 7
55f03890a000 55 24 3152 7
55f0388e1000 51 29 3235 7
55f0388e0000 56 23 3315 7
55f0388d6000 49 27 3392 7
55f0388d5000 37 22 3452 8
3474 8
4 13 1 6 1 2 5 1 
0x55f0388c9000
55f0388c9000 50 29 79 3
55f038924000 830 146 1056 3
55f0388bc000 38 19 1114 3
55f038923000 469 86 1670 3
55f0388fa000 54 30 1755 3
55f038904000 48 23 1827 3
55f038920000 58 23 1909 3
55f0388c4000 54 23 1987 4
55f0388fd000 41 28 2057 4
55f0388fc000 56 28 2142 4
55f0388e6000 71 30 2243 4
55f0388c5000 41 24 2308 4
55f03891c000 54 27 2389 6
55f038906000 39 24 2455 6
55f038905000 55 23 2534 6
55f0388e4000 58 25 2618 6
55f0388bb000 17 16 2652 6
55f038915000 61 28 2742 6
55f038914000 36 20 2799 6
55f038913000 50 23 2873 7
55f0388c8000 37 21 2932 7
55f0388c7000 24 18 2975 7
55f0388c6000 28 18 3022 7
55f038903000 50 24 3097 7
55f03890a000 55 24 3178 7
55f0388e1000 50 29 3260 7
55f0388e0000 55 24 3340 7
55f0388d6000 49 26 3416 7
55f0388d5000 38 21 3476 8
3497 8
4 18 1 7 1 2 7 1 
0x55f0388ca000
55f0388ca000 36 21 58 1
55f0388bc000 37 19 115 1
55f038924000 826 146 1088 1
55f038923000 451 85 1625 1
55f0388fa000 55 29 1710 2
55f038904000 48 23 1782 2
55f038920000 58 24 1865 2
55f0388c4000 53 23 1942 3
55f0388fd000 41 28 2012 4
55f0388fc000 56 28 2097 4
55f0388e6000 71 30 2198 4
55f0388c5000 41 24 2263 4
55f03891c000 53 27 2344 6
55f038906000 39 24 2410 6
55f038905000 55 23 2489 6
55f0388e4000 58 25 2573 6
55f0388bb000 17 16 2607 6
55f038915000 61 27 2695 6
55f038914000 35 20 2752 6
55f038913000 49 23 2825 7
55f0388c8000 36 22 2884 7
55f0388c7000 24 17 2926 7
55f0388c6000 27 19 2973 7
55f038903000 49 24 3047 7
55f03890a000 55 23 3126 7
55f0388e1000 49 29 3208 7
55f0388e0000 55 24 3288 7
55f0388d6000 48 26 3363 7
55f0388d5000 37 22 3423 8
3445 8
4 14 1 6 1 2 5 1 
0x55f0388cc000
55f0388cc000 49 22 71 1
55f0388cb000 38 21 131 1
55f0388bc000 38 18 188 1
55f038924000 814 146 1149 1
55f038923000 445 85 1679 1
55f0388fa000 54 30 1764 2
55f038904000 48 23 1835 2
55f038920000 57 24 1917 2
55f0388c4000 54 22 1994 3
55f0388fd000 41 27 2063 4
55f0388fc000 56 28 2148 4
55f0388e6000 71 30 2249 4
55f0388c5000 41 23 2313 4
55f03891c000 54 27 2395 6
55f038906000 39 24 2460 6
55f038905000 55 22 2538 6
55f0388e4000 58 25 2622 6
55f0388bb000 17 16 2656 6
55f038915000 61 27 2744 6
55f038914000 36 20 2801 6
55f038913000 49 22 2873 7
55f0388c8000 37 21 2932 7
55f0388c7000 24 17 2974 7
55f0388c6000 28 18 3021 7
55f038903000 49 24 3095 7
55f03890a000 55 23 3174 7
55f0388e1000 49 29 3256 7
55f0388e0000 55 23 3335 7
55f0388d6000 49 26 3411 7
55f0388d5000 37 21 3470 8
3494 8
4 14 1 6 1 2 5 1 
0x55f0388cb000
55f0388cb000 38 21 59 0
55f0388bc000 37 19 116 0
55f038924000 817 146 1080 0
55f038923000 445 85 1611 0
55f0388fa000 54 30 1696 1
55f038904000 47 23 1767 2
55f038920000 57 24 1849 2
55f0388c4000 54 23 1927 3
55f0388fd000 41 28 1996 4
55f0388fc000 55 28 2080 4
55f0388e6000 71 29 2180 4
55f0388c5000 40 24 2245 4
55f03891c000 53 27 2326 6
55f038906000 39 24 2391 6
55f038905000 55 23 2470 6
55f0388e4000 57 25 2553 6
55f0388bb000 18 15 2587 6
55f038915000 61 27 2676 6
55f038914000 36 20 2733 6
55f038913000 49 22 2805 7
55f0388c8000 37 21 2864 7
55f0388c7000 24 17 2906 7
55f0388c6000 28 18 2953 7
55f038903000 50 23 3027 7
55f03890a000 54 24 3107 7
55f0388e1000 50 29 3189 7
55f0388e0000 55 23 3268 7
55f0388d6000 48 27 3344 7
55f0388d5000 37 21 3403 8
3426 8
4 13 1 6 1 2 5 1 
0x55f038910000
55f038910000 40 20 60 1
55f038923000 445 85 591 1
55f03890f000 45 27 665 1
55f0388c5000 41 24 731 1
55f0388bc000 38 18 787 1
55f038924000 814 146 1748 1
55f0388fa000 54 29 1831 2
55f038904000 48 23 1903 2
55f038920000 57 24 1985 2
55f0388c4000 54 23 2063 3
55f0388fd000 40 28 2132 4
55f0388fc000 56 27 2216 4
55f0388e6000 70 29 2316 4
55f0388fb000 50 23 2391 4
55f0388bb000 17 16 2425 4
55f0388d2000 55 27 2508 4
55f03890b000 56 23 2588 4
55f03890a000 55 23 2667 4
55f038914000 36 20 2724 5
55f038913000 50 22 2796 6
55f0388c8000 37 21 2855 6
55f0388c7000 24 17 2897 6
55f0388c6000 28 18 2944 6
55f038903000 50 23 3018 6
55f038905000 55 23 3100 6
55f0388e4000 58 25 3184 6
55f038915000 60 28 3273 6
55f038900000 53 24 3351 6
55f0388ff000 58 25 3435 6
55f0388fe000 43 25 3504 6
55f0388c9000 49 28 3583 6
55f0388e8000 57 27 3669 6
55f0388f9000 47 22 3739 7
55f0388ee000 40 21 3801 7
55f0388f0000 29 17 3850 7
55f0388ef000 26 16 3893 7
55f0388f1000 61 26 3981 7
55f0388dc000 33 17 4033 7
55f038902000 50 32 4117 8
4146 8
1 28 2 9 2 1 9 2 
0x55f038911000
55f038911000 34 19 53 0
55f038923000 444 85 583 0
55f038910000 40 20 645 1
55f03890f000 46 27 719 1
55f0388c5000 40 24 784 1
55f0388bc000 37 19 841 1
55f038924000 816 146 1804 1
55f0388fa000 54 29 1888 2
55f038904000 48 23 1960 2
55f038920000 57 24 2042 2
55f0388c4000 53 23 2119 3
55f0388fd000 41 28 2189 4
55f0388fc000 55 28 2273 4
55f0388e6000 70 30 2373 4
55f0388fb000 50 23 2447 4
55f0388bb000 17 16 2482 4
55f0388d2000 55 26 2564 4
55f03890b000 56 23 2645 4
55f03890a000 54 24 2724 4
55f038914000 36 20 2780 5
55f038913000 49 23 2853 6
55f0388c8000 36 21 2911 6
55f0388c7000 24 17 2953 6
55f0388c6000 28 18 3000 6
55f038903000 50 23 3074 6
55f038905000 56 22 3156 6
55f0388e4000 57 25 3240 6
55f038915000 61 27 3329 6
55f038900000 52 24 3407 6
55f0388ff000 58 25 3491 6
55f0388fe000 44 24 3560 6
55f0388c9000 49 29 3640 6
55f0388e8000 57 27 3725 6
55f0388f9000 47 22 3795 7
55f0388ee000 41 20 3857 7
55f0388f0000 29 17 3906 7
55f0388ef000 26 16 3949 7
55f0388f1000 61 26 4037 7
55f0388dc000 33 17 4089 7
55f038902000 49 33 4174 8
4204 8
1 28 2 9 2 1 9 2 
0x55f0388d9000
55f0388d9000 56 25 81 0
55f0388bc000 38 18 138 0
55f038924000 812 146 1097 0
55f038923000 445 85 1627 0
55f0388fa000 54 29 1711 1
55f038904000 48 23 1783 2
55f038920000 57 24 1865 2
55f0388c4000 54 23 1943 3
55f0388fd000 42 27 2012 4
55f0388fc000 56 27 2096 4
55f0388e6000 70 30 2197 4
55f0388c5000 41 23 2261 4
55f03891c000 53 27 2342 6
55f038906000 39 24 2408 6
55f038905000 56 22 2486 6
55f0388e4000 58 25 2570 6
55f0388bb000 17 16 2604 6
55f038915000 61 28 2693 6
55f038914000 36 20 2750 6
55f038913000 49 23 2823 7
55f0388c8000 37 21 2881 7
55f0388c7000 24 18 2924 7
55f0388c6000 28 18 2971 7
55f038903000 49 24 3045 7
55f03890a000 55 23 3124 7
55f0388e1000 49 29 3206 7
55f0388e0000 55 24 3286 7
55f0388d6000 48 26 3361 7
55f0388d5000 38 21 3421 8
3443 8
4 13 1 6 1 2 5 1 
0x55f03891f000
55f03891f000 44 22 66 0
55f0388bc000 38 18 123 0
55f038924000 813 146 1083 0
55f038923000 445 85 1613 0
55f0388fa000 54 30 1698 1
55f038904000 48 23 1769 2
55f038920000 57 24 1851 2
55f0388c4000 54 23 1929 3
55f0388fd000 41 28 1998 4
55f0388fc000 56 27 2082 4
55f0388e6000 70 30 2183 4
55f0388c5000 41 23 2247 4
55f03891c000 53 28 2329 6
55f038906000 39 24 2394 6
55f038905000 55 22 2472 6
55f0388e4000 57 25 2556 6
55f0388bb000 17 16 2590 6
55f038915000 60 28 2679 6
55f038914000 35 21 2736 6
55f038913000 50 22 2808 7
55f0388c8000 37 21 2867 7
55f0388c7000 24 17 2909 7
55f0388c6000 28 18 2956 7
55f038903000 49 24 3030 7
55f03890a000 54 24 3110 7
55f0388e1000 50 29 3192 7
55f0388e0000 55 23 3271 7
55f0388d6000 49 26 3347 7
55f0388d5000 38 21 3407 8
3429 8
4 13 1 6 1 2 5 1 
0x55f05ce67000
0 0
0 0 0 0 0 0 0 0 
0x55f03891e000
55f03891e000 58 20 78 0
55f0388d1000 57 22 158 0
55f0388d0000 53 24 236 1
55f0388c5000 40 24 301 1
55f0388bc000 37 19 358 1
55f038924000 813 147 1319 1
55f038923000 447 85 1851 1
55f0388fa000 54 29 1936 2
55f038904000 48 23 2008 3
55f038920000 57 24 2090 3
55f0388c4000 54 22 2167 4
55f0388fd000 41 28 2237 5
55f0388fc000 56 27 2321 5
55f0388e6000 70 30 2422 5
55f0388fb000 50 23 2496 5
55f0388bb000 17 16 2531 5
55f03890f000 46 27 2604 5
55f03890e000 55 26 2686 5
55f038902000 50 32 2769 6
55f038908000 52 27 2849 6
55f038907000 39 19 2908 6
55f038906000 39 24 2972 6
55f038905000 56 22 3051 6
55f0388e4000 59 25 3136 6
55f038915000 61 27 3225 6
55f038914000 36 20 3282 7
55f038913000 49 23 3355 7
55f0388c8000 36 22 3414 7
55f0388c7000 24 17 3456 7
55f0388c6000 27 19 3503 7
55f038903000 49 24 3577 7
55f03890a000 55 23 3656 7
55f0388e1000 50 29 3739 7
55f0388e0000 55 23 3818 7
55f0388d6000 49 26 3894 7
55f0388d5000 37 21 3953 8
3986 8
3 20 1 9 1 1 6 2 
0x55f0388d1000
55f0388d1000 57 22 80 0
55f0388d0000 53 24 158 1
55f0388c5000 41 23 223 1
55f0388bc000 38 19 281 1
55f038924000 816 146 1243 1
55f038923000 447 85 1775 1
55f0388fa000 54 30 1860 2
55f038904000 47 24 1932 3
55f038920000 57 24 2014 3
55f0388c4000 54 22 2091 4
55f0388fd000 41 28 2161 5
55f0388fc000 56 27 2245 5
55f0388e6000 70 30 2346 5
55f0388fb000 50 23 2420 5
55f0388bb000 18 16 2455 5
55f03890f000 45 28 2528 5
55f03890e000 55 26 2610 5
55f038902000 49 33 2693 6
55f038908000 51 27 2772 6
55f038907000 38 20 2832 6
55f038906000 38 24 2895 6
55f038905000 55 23 2974 6
55f0388e4000 58 25 3058 6
55f038915000 61 27 3147 6
55f038914000 36 20 3204 7
55f038913000 49 23 3277 7
55f0388c8000 36 22 3336 7
55f0388c7000 23 18 3378 7
55f0388c6000 27 18 3424 7
55f038903000 50 24 3499 7
55f03890a000 55 23 3578 7
55f0388e1000 50 29 3660 7
55f0388e0000 55 24 3740 7
55f0388d6000 48 26 3815 7
55f0388d5000 38 21 3875 8
3905 8
3 20 1 9 1 1 6 2 
0x55f0388d0000
55f0388d0000 53 24 77 1
55f0388c5000 40 24 142 1
55f0388bc000 37 19 199 1
55f038924000 815 146 1161 1
55f038923000 448 85 1694 1
55f0388fa000 54 30 1779 2
55f038904000 48 23 1851 3
55f038920000 57 24 1933 3
55f0388c4000 54 22 2010 4
55f0388fd000 41 28 2080 5
55f0388fc000 56 28 2165 5
55f0388e6000 70 30 2265 5
55f0388fb000 50 23 2339 5
55f0388bb000 17 16 2374 5
55f03890f000 45 27 2447 5
55f03890e000 55 26 2529 5
55f038902000 50 32 2612 6
55f038908000 52 27 2692 6
55f038907000 39 19 2751 6
55f038906000 39 24 2815 6
55f038905000 55 23 2894 6
55f0388e4000 57 26 2978 6
55f038915000 61 27 3067 6
55f038914000 36 20 3124 7
55f038913000 49 23 3197 7
55f0388c8000 36 22 3256 7
55f0388c7000 24 17 3298 7
55f0388c6000 27 19 3345 7
55f038903000 49 24 3419 7
55f03890a000 55 23 3498 7
55f0388e1000 50 29 3580 7
55f0388e0000 55 24 3660 7
55f0388d6000 48 26 3735 7
55f0388d5000 38 21 3795 8
3823 8
3 20 1 9 1 1 6 2 
0x55f0388e3000
55f0388e3000 56 20 77 1
55f038920000 57 24 159 1
55f038924000 820 146 1126 1
55f0388bc000 38 19 1183 1
55f038923000 445 85 1713 1
55f0388fa000 53 30 1798 2
55f038904000 48 23 1870 3
55f0388e1000 50 29 1950 3
55f0388e0000 55 23 2029 3
55f0388d6000 49 26 2105 3
55f0388d5000 37 21 2164 4
55f0388bf000 40 20 2226 4
55f0388be000 62 23 2312 5
55f0388bd000 111 47 2471 5
55f0388f2000 52 28 2552 5
55f0388bb000 17 16 2587 5
55f0388c5000 41 23 2651 5
55f03891c000 53 28 2733 6
55f038906000 39 24 2798 6
55f038905000 55 22 2876 6
55f0388e4000 57 25 2960 6
55f038915000 61 28 3050 6
55f038914000 35 20 3106 6
55f038913000 49 23 3179 7
55f0388c8000 37 21 3238 7
55f0388c7000 24 17 3280 7
55f0388c6000 28 18 3327 7
55f038903000 50 24 3402 7
55f03890a000 55 23 3481 7
55f0388cc000 49 22 3556 7
55f0388cb000 38 21 3616 7
55f038910000 41 20 3678 7
55f03890f000 46 27 3752 7
55f03890e000 55 26 3834 7
55f038902000 49 33 3917 7
55f038908000 51 28 3997 7
55f038907000 39 19 4056 7
55f0388c0000 60 28 4145 7
55f0388fb000 51 22 4219 7
55f0388d2000 55 26 4303 7
55f03890b000 56 23 4384 7
55f0388d4000 49 25 4459 7
55f0388f7000 50 26 4537 7
55f0388e9000 45 25 4608 7
55f0388f9000 46 22 4678 8
4718 8
6 20 3 10 1 4 9 2 
0x55f0388e2000
55f0388e2000 37 21 59 2
59 2
0 0 0 0 0 0 1 1 
0x55f0388dd000
55f0388dd000 43 25 68 1
55f038923000 444 85 598 1
55f0388dc000 33 18 650 1
55f038924000 820 146 1618 1
55f0388bc000 38 19 1675 1
55f0388fa000 54 30 1759 2
55f038904000 47 24 1831 2
55f038920000 56 24 1912 2
55f0388c4000 54 23 1990 3
55f0388fd000 41 28 2059 4
55f0388fc000 55 28 2143 4
55f0388e6000 70 30 2243 4
55f0388c5000 40 24 2308 4
55f03891c000 53 27 2389 6
55f038906000 39 24 2454 6
55f038905000 55 23 2533 6
55f0388e4000 57 25 2616 6
55f0388bb000 18 15 2650 6
55f038915000 61 27 2739 6
55f038914000 36 20 2796 6
55f038913000 49 22 2868 7
55f0388c8000 37 21 2927 7
55f0388c7000 24 17 2969 7
55f0388c6000 28 18 3016 7
55f038903000 50 23 3090 7
55f03890a000 55 24 3171 7
55f0388e1000 50 29 3253 7
55f0388e0000 55 24 3333 7
55f0388d6000 48 26 3408 7
55f0388d5000 38 21 3468 8
3491 8
4 14 1 6 1 2 5 1 
0x55f0388cf000
55f0388cf000 33 20 53 2
53 2
0 1 0 0 0 0 0 1 
0x55f0388de000
55f0388de000 60 24 84 1
55f038924000 823 146 1054 1
55f0388dd000 43 26 1123 2
55f038923000 446 86 1656 2
55f0388dc000 33 18 1708 2
55f0388bc000 37 19 1766 2
55f0388fa000 54 29 1850 3
55f038904000 48 23 1922 3
55f038920000 57 24 2004 3
55f0388c4000 54 23 2082 4
55f0388fd000 41 28 2151 4
55f0388fc000 56 27 2235 4
55f0388e6000 71 29 2336 4
55f0388c5000 41 23 2401 4
55f03891c000 53 28 2483 6
55f038906000 39 24 2548 6
55f038905000 56 22 2627 6
55f0388e4000 58 25 2711 6
55f0388bb000 17 16 2745 6
55f038915000 61 28 2834 6
55f038914000 36 20 2891 6
55f038913000 49 23 2964 7
55f0388c8000 37 21 3023 7
55f0388c7000 24 17 3065 7
55f0388c6000 28 18 3112 7
55f038903000 50 24 3187 7
55f03890a000 55 23 3266 7
55f0388e1000 50 29 3349 7
55f0388e0000 55 24 3429 7
55f0388d6000 48 26 3504 7
55f0388d5000 38 21 3564 8
3588 8
4 14 1 6 1 2 7 1 
0x55f0388df000
55f0388df000 40 21 61 0
55f0388bb000 17 16 95 0
55f038924000 816 145 1056 0
55f038923000 447 85 1589 0
55f0388bc000 37 19 1646 0
55f0388fa000 54 30 1731 1
55f038904000 47 23 1802 2
55f038920000 57 24 1884 2
55f0388c4000 54 23 1962 3
55f0388fd000 41 28 2031 4
55f0388fc000 56 27 2115 4
55f0388e6000 70 30 2216 4
55f0388c5000 40 24 2281 4
55f03891c000 53 27 2362 6
55f038906000 39 24 2427 6
55f038905000 55 22 2505 6
55f0388e4000 57 25 2589 6
55f038915000 61 27 2678 6
55f038914000 35 20 2735 6
55f038913000 49 23 2808 7
55f0388c8000 36 22 2867 7
55f0388c7000 24 17 2909 7
55f0388c6000 28 18 2956 7
55f038903000 49 24 3030 7
55f03890a000 55 23 3109 7
55f0388e1000 49 29 3191 7
55f0388e0000 56 23 3271 7
55f0388d6000 48 27 3347 7
55f0388d5000 37 21 3406 8
3429 8
4 13 1 6 1 2 5 1 
0x55f0388f4000
55f0388f4000 55 27 82 1
55f0388f3000 36 21 139 1
55f03890f000 45 28 212 1
55f0388c5000 40 24 277 1
55f0388bc000 38 18 333 1
55f038924000 814 146 1294 1
55f038923000 445 87 1826 1
55f0388fa000 54 29 1910 2
55f038904000 48 23 1982 2
55f038920000 57 24 2064 2
55f0388c4000 53 23 2141 3
55f0388fd000 40 28 2210 4
55f0388fc000 56 27 2294 4
55f0388e6000 70 30 2395 4
55f0388fb000 50 23 2469 4
55f0388bb000 17 16 2503 4
55f0388d2000 55 27 2586 4
55f03890b000 56 24 2667 4
55f03890a000 55 24 2746 4
55f038914000 36 20 2802 5
55f038913000 49 23 2875 6
55f0388c8000 36 22 2934 6
55f0388c7000 24 17 2976 6
55f0388c6000 28 18 3023 6
55f038903000 49 24 3097 6
55f038905000 55 22 3178 6
55f0388e4000 58 25 3262 6
55f038915000 61 27 3351 6
55f038900000 52 24 3429 6
55f0388ff000 58 25 3513 6
55f0388fe000 43 24 3581 6
55f0388c9000 50 28 3661 6
55f0388e8000 58 27 3747 6
55f0388f9000 46 22 3816 7
55f0388ee000 41 21 3879 7
55f0388f0000 28 18 3928 7
55f0388ef000 26 16 3971 7
55f0388f1000 61 25 4058 7
55f0388dc000 33 18 4111 7
55f038902000 50 32 4195 8
4224 8
1 28 2 9 2 1 9 2 
0x55f0388f3000
55f0388f3000 36 20 57 0
57 0
0 0 0 0 0 0 0 0 
0x55f0388f8000
55f0388f8000 38 21 59 0
55f038924000 811 146 1016 0
55f0388bc000 37 19 1073 0
55f038923000 448 86 1608 0
55f0388fa000 54 29 1692 1
55f038904000 48 23 1764 2
55f038920000 57 24 1846 2
55f0388c4000 54 22 1923 3
55f0388fd000 41 27 1992 4
55f0388fc000 56 28 2077 4
55f0388e6000 70 30 2177 4
55f0388c5000 41 23 2241 4
55f03891c000 53 28 2323 6
55f038906000 39 24 2388 6
55f038905000 55 22 2466 6
55f0388e4000 58 25 2550 6
55f0388bb000 17 16 2584 6
55f038915000 61 28 2673 6
55f038914000 35 20 2729 6
55f038913000 50 22 2802 7
55f0388c8000 37 21 2861 7
55f0388c7000 24 17 2903 7
55f0388c6000 28 18 2950 7
55f038903000 49 24 3024 7
55f03890a000 55 24 3104 7
55f0388e1000 50 29 3186 7
55f0388e0000 55 23 3265 7
55f0388d6000 49 26 3341 7
55f0388d5000 37 21 3400 8
3422 8
4 13 1 6 1 2 5 1 
0x55f0388f5000
55f0388f5000 54 23 77 1
77 1
0 0 0 0 0 0 0 1 
0x55f0388db000
55f0388db000 52 27 79 2
55f038923000 446 86 612 2
55f038924000 814 146 1573 2
55f0388bc000 38 18 1629 2
55f0388fa000 54 30 1714 3
55f038904000 49 23 1786 3
55f038920000 57 24 1868 3
55f0388c4000 53 23 1945 4
55f0388fd000 41 27 2014 5
55f0388fc000 56 28 2099 5
55f0388e6000 70 30 2199 5
55f0388c5000 41 23 2263 5
55f03891c000 54 27 2345 6
55f038906000 39 24 2410 6
55f038905000 55 22 2488 6
55f0388e4000 57 25 2572 6
55f0388bb000 17 16 2606 6
55f038915000 61 28 2695 6
55f038914000 36 20 2752 6
55f038913000 49 23 2825 7
55f0388c8000 36 22 2884 7
55f0388c7000 24 17 2926 7
55f0388c6000 27 19 2973 7
55f038903000 49 24 3047 7
55f03890a000 55 23 3126 7
55f0388e1000 49 29 3208 7
55f0388e0000 56 23 3288 7
55f0388d6000 48 26 3363 7
55f0388d5000 37 21 3423 8
3446 8
6 14 1 6 1 2 5 1 
0x55f03891d000
55f03891d000 46 25 71 1
55f0388f9000 46 22 140 4
55f0388bc000 37 19 197 4
55f038924000 812 146 1156 4
55f038923000 445 85 1686 4
55f0388fa000 54 29 1771 5
55f038904000 48 23 1843 5
55f038920000 57 24 1925 5
55f0388c4000 54 23 2003 5
55f0388fd000 41 28 2072 6
55f0388fc000 56 27 2156 6
55f0388e6000 70 30 2256 6
55f0388c5000 40 24 2321 6
55f03891c000 53 27 2402 8
2413 8
2 4 2 4 2 1 3 1 
0x55f0388c1000
55f0388c1000 54 28 83 0
55f038920000 57 24 165 0
55f038924000 811 146 1122 0
55f0388bc000 38 18 1178 0
55f038923000 446 86 1711 0
55f0388fa000 54 30 1796 1
55f038904000 48 23 1867 2
55f0388e1000 50 29 1948 2
55f0388e0000 55 23 2027 2
55f0388d6000 49 26 2103 2
55f0388d5000 37 21 2162 3
55f0388bf000 40 20 2224 3
55f0388be000 62 24 2310 4
55f0388bd000 110 47 2468 4
55f0388f2000 52 28 2549 4
55f0388bb000 17 16 2584 4
55f0388c5000 40 24 2649 4
55f03891c000 54 27 2730 5
55f038906000 39 24 2795 5
55f038905000 55 22 2873 5
55f0388e4000 57 25 2957 5
55f038915000 61 27 3046 5
55f038914000 35 20 3103 5
55f038913000 49 23 3176 6
55f0388c8000 36 22 3235 6
55f0388c7000 24 17 3277 6
55f0388c6000 27 19 3324 6
55f038903000 50 24 3398 7
55f03890a000 55 23 3477 7
55f0388cc000 49 22 3552 7
55f0388cb000 38 21 3612 7
55f038910000 40 20 3673 7
55f03890f000 46 27 3747 7
55f03890e000 55 26 3829 7
55f038902000 50 32 3911 7
55f038908000 52 27 3991 7
55f038907000 39 19 4050 7
55f0388c0000 60 29 4140 7
55f0388fb000 50 23 4214 7
55f0388d2000 54 27 4298 7
55f03890b000 56 24 4379 7
55f0388d4000 48 26 4454 7
55f0388f7000 50 26 4531 7
55f0388e9000 45 25 4603 7
55f0388f9000 47 21 4672 8
4713 8
6 20 3 10 1 4 8 2 
0x55f0388d2000
55f0388d2000 55 26 81 0
55f038923000 444 85 611 0
55f0388bc000 38 18 668 0
55f038924000 821 146 1636 0
55f0388fa000 54 30 1720 1
55f038904000 48 23 1791 2
55f038920000 58 23 1873 2
55f0388c4000 54 23 1951 3
55f0388fd000 41 28 2020 4
55f0388fc000 56 27 2104 4
55f0388e6000 70 30 2205 4
55f0388c5000 41 24 2270 4
55f03891c000 53 27 2351 6
55f038906000 39 24 2416 6
55f038905000 55 23 2495 6
55f0388e4000 58 25 2579 6
55f0388bb000 17 16 2613 6
55f038915000 61 27 2701 6
55f038914000 35 20 2758 6
55f038913000 50 22 2831 7
55f0388c8000 37 21 2890 7
55f0388c7000 24 17 2932 7
55f0388c6000 28 18 2979 7
55f038903000 50 23 3053 7
55f03890a000 54 24 3133 7
55f0388e1000 50 29 3215 7
55f0388e0000 56 23 3295 7
55f0388d6000 48 27 3371 7
55f0388d5000 38 21 3430 8
3452 8
4 13 1 6 1 2 5 1 
0x55f038900000
55f038900000 53 24 77 1
55f038923000 449 85 612 1
55f0388ff000 58 26 697 2
55f0388bb000 17 16 731 2
55f0388fe000 44 24 799 2
55f038924000 829 147 1776 2
55f0388bc000 38 18 1833 2
55f0388fa000 55 29 1918 3
55f038904000 48 24 1991 3
55f038920000 57 24 2073 3
55f0388c4000 55 23 2152 4
55f0388fd000 42 27 2221 4
55f0388fc000 57 28 2307 4
55f0388e6000 71 30 2408 4
55f0388c5000 41 23 2473 4
55f03891c000 54 27 2555 6
55f038906000 39 24 2621 6
55f038905000 56 22 2700 6
55f0388e4000 58 25 2785 6
55f038915000 61 28 2875 6
55f038914000 36 20 2932 6
55f038913000 50 23 3006 7
55f0388c8000 37 21 3065 7
55f0388c7000 24 18 3108 7
55f0388c6000 28 19 3155 7
55f038903000 50 24 3230 7
55f03890a000 56 23 3310 7
55f0388e1000 51 29 3393 7
55f0388e0000 56 24 3474 7
55f0388d6000 48 27 3550 7
55f0388d5000 37 22 3610 8
3634 8
4 15 1 6 1 2 6 1 
0x55f0388f6000
55f0388f6000 45 20 65 0
65 0
0 0 0 0 0 0 0 0 
0x55f038901000
55f038901000 48 25 73 2
55f0388bc000 38 19 131 2
55f038924000 826 147 1105 2
55f038923000 454 86 1645 2
55f0388fa000 55 29 1730 3
55f038904000 48 24 1803 4
55f038920000 57 24 1885 4
55f0388c4000 54 23 1963 5
55f0388fd000 41 28 2033 5
55f0388fc000 56 28 2118 5
55f0388e6000 71 30 2220 5
55f0388c5000 41 24 2285 5
55f03891c000 53 28 2367 7
55f038906000 39 24 2432 7
55f038905000 56 22 2511 7
55f0388e4000 59 25 2596 7
55f0388bb000 17 16 2630 7
55f038915000 61 28 2720 7
55f038914000 36 20 2777 7
55f038913000 49 23 2850 8
2865 8
4 7 1 4 1 2 5 1 
0x55f03890d000
55f03890d000 45 31 76 3
55f0388c9000 49 29 155 4
55f038924000 823 147 1126 4
55f0388bc000 37 19 1183 4
55f038923000 454 85 1723 4
55f0388fa000 55 29 1808 4
55f038904000 47 24 1880 4
55f038920000 57 23 1961 4
55f0388c4000 54 23 2039 5
55f0388fd000 41 28 2108 5
55f0388fc000 56 27 2192 5
55f0388e6000 70 30 2293 5
55f0388c5000 41 23 2357 5
55f03891c000 54 28 2440 6
55f038906000 39 24 2505 6
55f038905000 55 23 2584 6
55f0388e4000 58 26 2669 6
55f0388bb000 18 16 2703 6
55f038915000 62 27 2792 6
55f038914000 36 20 2849 6
55f038913000 50 23 2923 7
55f0388c8000 37 21 2982 7
55f0388c7000 24 17 3024 7
55f0388c6000 28 19 3072 7
55f038903000 49 24 3146 7
55f03890a000 55 23 3226 7
55f0388e1000 50 29 3309 7
55f0388e0000 55 24 3389 7
55f0388d6000 49 26 3465 7
55f0388d5000 38 21 3525 8
3548 8
4 20 1 7 1 4 9 1 
0x55f0388d3000
55f0388d3000 51 23 74 1
55f038924000 822 146 1043 1
55f0388bc000 38 18 1099 1
55f038923000 447 85 1632 1
55f0388fa000 54 29 1716 2
55f038904000 48 23 1788 3
55f038920000 57 24 1870 3
55f0388c4000 54 22 1947 4
55f0388fd000 41 27 2016 5
55f0388fc000 56 28 2101 5
55f0388e6000 71 29 2201 5
55f0388c5000 40 24 2266 5
55f03891c000 53 28 2348 7
55f038906000 39 24 2413 7
55f038905000 55 22 2491 7
55f0388e4000 57 25 2575 7
55f0388bb000 17 16 2609 7
55f038915000 61 27 2698 7
55f038914000 36 20 2755 7
55f038913000 49 23 2828 7
55f0388c8000 36 22 2887 7
55f0388c7000 24 17 2929 7
55f0388c6000 27 19 2976 7
55f038903000 49 24 3050 7
55f03890a000 55 23 3129 7
55f0388e1000 49 29 3211 7
55f0388e0000 56 23 3291 7
55f0388d6000 49 26 3367 7
55f0388d5000 37 22 3427 8
3449 8
4 13 1 6 1 2 5 2 
0x55f0388d8000
55f0388d8000 45 22 68 1
55f038923000 447 85 601 1
55f038924000 818 146 1566 1
55f0388bc000 37 19 1622 1
55f0388fa000 54 30 1707 2
55f038904000 48 23 1778 3
55f038920000 58 23 1860 3
55f0388c4000 54 23 1938 3
55f0388fd000 41 28 2008 4
55f0388fc000 56 27 2092 4
55f0388e6000 71 29 2192 4
55f0388c5000 40 24 2257 4
55f03891c000 53 27 2338 6
55f038906000 39 24 2403 6
55f038905000 55 23 2482 6
55f0388e4000 57 25 2565 6
55f0388bb000 17 16 2599 6
55f038915000 60 28 2688 6
55f038914000 36 20 2745 6
55f038913000 50 23 2818 7
55f0388c8000 37 21 2876 7
55f0388c7000 24 17 2918 7
55f0388c6000 28 18 2965 7
55f038903000 50 23 3039 7
55f03890a000 54 24 3119 7
55f0388e1000 50 29 3201 7
55f0388e0000 56 23 3281 7
55f0388d6000 48 27 3357 7
55f0388d5000 38 21 3416 8
3438 8
4 13 1 6 3 2 5 1 
0x55f038912000
55f038912000 57 28 85 2
55f0388bc000 38 19 142 2
55f038924000 812 146 1100 2
55f038923000 445 85 1630 2
55f0388fa000 54 29 1714 3
55f038904000 48 23 1786 3
55f038920000 57 24 1868 3
55f0388c4000 54 22 1945 4
55f0388fd000 41 28 2015 5
55f0388fc000 56 27 2099 5
55f0388e6000 69 30 2199 5
55f0388c5000 40 24 2264 5
55f03891c000 54 27 2345 6
55f038906000 39 24 2410 6
55f038905000 55 23 2489 6
55f0388e4000 57 25 2572 6
55f0388bb000 18 15 2606 6
55f038915000 61 27 2695 6
55f038914000 36 20 2752 6
55f038913000 49 23 2825 7
55f0388c8000 36 22 2884 7
55f0388c7000 24 18 2926 7
55f0388c6000 28 18 2972 7
55f038903000 50 24 3047 7
55f03890a000 54 24 3126 7
55f0388e1000 50 29 3208 7
55f0388e0000 55 23 3287 7
55f0388d6000 49 26 3363 7
55f0388d5000 37 22 3423 8
3445 8
6 14 1 6 1 2 5 1 
0x55f0388cd000
55f0388cd000 36 22 58 1
55f0388cc000 49 22 130 1
55f0388cb000 38 21 190 1
55f0388bc000 37 19 247 1
55f038924000 808 146 1202 1
55f038923000 443 85 1731 1
55f0388fa000 54 29 1815 2
55f038904000 48 23 1887 2
55f038920000 57 24 1969 2
55f0388c4000 53 23 2046 3
55f0388fd000 40 28 2115 4
55f0388fc000 56 27 2199 4
55f0388e6000 70 29 2299 4
55f0388c5000 40 24 2364 4
55f03891c000 53 27 2445 6
55f038906000 39 24 2510 6
55f038905000 55 23 2589 6
55f0388e4000 57 25 2672 6
55f0388bb000 18 15 2706 6
55f038915000 61 27 2795 6
55f038914000 36 20 2852 6
55f038913000 50 23 2926 7
55f0388c8000 37 22 2985 7
55f0388c7000 24 17 3027 7
55f0388c6000 28 18 3074 7
55f038903000 50 24 3149 7
55f03890a000 55 24 3230 7
55f0388e1000 50 29 3312 7
55f0388e0000 56 24 3393 7
55f0388d6000 49 27 3469 7
55f0388d5000 38 21 3529 8
3554 8
4 15 1 6 1 2 5 1 
0x55f0388ce000
55f0388ce000 21 16 37 0
55f038924000 814 147 999 0
55f0388cd000 36 22 1057 1
55f0388cc000 49 22 1129 1
55f0388cb000 38 21 1189 1
55f0388bc000 38 19 1247 1
55f038923000 448 85 1781 1
55f0388fa000 54 29 1865 2
55f038904000 49 23 1938 2
55f038920000 57 24 2020 2
55f0388c4000 54 23 2098 3
55f0388fd000 41 28 2167 4
55f0388fc000 56 27 2251 4
55f0388e6000 71 29 2352 4
55f0388c5000 41 23 2417 4
55f03891c000 53 28 2499 6
55f038906000 39 24 2564 6
55f038905000 55 23 2643 6
55f0388e4000 58 25 2727 6
55f0388bb000 17 16 2761 6
55f038915000 61 28 2850 6
55f038914000 36 20 2907 6
55f038913000 49 23 2980 7
55f0388c8000 36 22 3039 7
55f0388c7000 24 17 3081 7
55f0388c6000 27 19 3128 7
55f038903000 49 24 3202 7
55f03890a000 55 24 3282 7
55f0388e1000 50 29 3364 7
55f0388e0000 55 24 3444 7
55f0388d6000 48 26 3519 7
55f0388d5000 38 21 3579 8
3607 8
4 15 1 6 1 2 5 1 
0x55f0388e5000
55f0388e5000 48 25 73 2
55f038908000 52 27 153 2
55f038924000 817 146 1117 2
55f038907000 39 19 1176 2
55f038923000 447 85 1709 2
55f0388bc000 37 19 1767 2
55f0388fa000 54 29 1851 2
55f038904000 48 23 1923 2
55f038920000 58 23 2005 2
55f0388c4000 54 23 2083 3
55f0388fd000 40 28 2152 4
55f0388fc000 56 27 2236 4
55f0388e6000 70 30 2337 4
55f0388c5000 41 24 2402 4
55f03891c000 54 27 2483 6
55f038906000 39 24 2548 6
55f038905000 56 22 2627 6
55f0388e4000 58 25 2711 6
55f0388bb000 17 16 2745 6
55f038915000 61 28 2834 6
55f038914000 36 20 2891 6
55f038913000 49 23 2964 7
55f0388c8000 36 22 3023 7
55f0388c7000 24 17 3065 7
55f0388c6000 28 18 3112 7
55f038903000 49 24 3186 7
55f03890a000 55 24 3266 7
55f0388e1000 50 29 3348 7
55f0388e0000 55 23 3427 7
55f0388d6000 49 26 3503 7
55f0388d5000 37 21 3562 8
3587 8
4 15 1 8 1 2 5 1 
0x55f038921000
55f038921000 42 21 63 0
55f038924000 816 146 1026 0
55f038920000 57 24 1108 0
55f0388bc000 38 19 1166 0
55f038923000 448 86 1701 0
55f0388fa000 55 29 1786 1
55f038904000 48 24 1859 2
55f0388e1000 51 29 1940 2
55f0388e0000 56 23 2020 2
55f0388d6000 49 26 2096 2
55f0388d5000 38 21 2156 3
55f0388bf000 40 20 2218 3
55f0388be000 62 24 2305 4
55f0388bd000 112 47 2465 4
55f0388f2000 53 28 2547 4
55f0388bb000 17 16 2582 4
55f0388c5000 41 24 2647 4
55f03891c000 54 27 2729 5
55f038906000 40 24 2795 5
55f038905000 55 23 2874 5
55f0388e4000 58 26 2959 5
55f038915000 61 28 3049 5
55f038914000 36 20 3106 5
55f038913000 49 23 3179 6
55f0388c8000 37 22 3239 6
55f0388c7000 24 17 3281 6
55f0388c6000 28 18 3328 6
55f038903000 50 24 3403 7
55f03890a000 56 23 3483 7
55f0388cc000 49 23 3559 7
55f0388cb000 38 21 3619 7
55f038910000 41 21 3682 7
55f03890f000 45 28 3756 7
55f03890e000 55 26 3838 7
55f038902000 50 33 3922 7
55f038908000 51 28 4002 7
55f038907000 39 20 4062 7
55f0388c0000 60 29 4152 7
55f0388fb000 51 23 4227 7
55f0388d2000 55 27 4311 7
55f03890b000 57 23 4392 7
55f0388d4000 48 26 4468 7
55f0388f7000 50 26 4546 7
55f0388e9000 45 25 4618 7
55f0388f9000 46 23 4689 8
4729 8
6 20 3 10 1 4 8 2 
0x55f0388d7000
55f0388d7000 43 24 67 1
55f038924000 815 146 1029 1
55f0388d6000 48 26 1104 2
55f0388d5000 38 21 1164 3
55f038923000 445 85 1695 3
55f0388bc000 37 19 1753 3
55f0388fa000 54 30 1838 3
55f038904000 48 23 1910 3
55f038920000 58 24 1993 3
55f0388c4000 54 23 2071 4
55f0388fd000 41 27 2140 5
55f0388fc000 57 27 2225 5
55f0388e6000 70 30 2326 5
55f0388c5000 41 23 2391 5
55f03891c000 54 28 2474 7
55f038906000 39 24 2539 7
55f038905000 56 22 2618 7
55f0388e4000 58 25 2703 7
55f0388bb000 17 16 2737 7
55f038915000 62 27 2826 7
55f038914000 36 20 2883 7
55f038913000 49 23 2956 8
2972 8
4 8 1 5 1 2 3 1 
