0x41a000
41a000 40 20 61 0
415000 22 16 100 0
413000 17 17 135 0
419000 58 20 214 0
418000 39 22 276 0
414000 21 17 315 0
46d000 171 41 528 0
46c000 121 32 682 0
417000 34 19 736 1
7ff88e5ba000 74 34 845 2
7ff88e5b8000 121 49 1016 2
7ff88e335000 85 72 1174 4
7ff88e4fa000 18 17 1210 4
7ff88e5b7000 85 40 1336 4
7ff88e5b6000 74 27 1438 4
7ff88e5bb000 111 45 1595 4
7ff88e4fc000 84 33 1713 5
7ff88e4fb000 74 64 1852 6
7ff88e55d000 45 33 1932 7
7ff88e55c000 52 36 2021 7
7ff88e56f000 41 23 2087 7
7ff88e562000 48 30 2166 7
7ff88e33a000 65 61 2294 7
7ff88e339000 63 89 2447 7
7ff88e338000 102 56 2606 7
7ff88e5b9000 37 28 2672 7
7ff88e565000 55 30 2759 7
7ff88e564000 36 19 2815 7
7ff88e55f000 60 26 2903 7
7ff88e55e000 57 23 2984 7
7ff88e559000 37 21 3045 7
7ff88e55a000 39 20 3106 7
7ff88e55b000 32 19 3159 7
7ff88e56b000 31 19 3210 7
7ff88e56a000 33 18 3261 7
7ff88e566000 63 31 3356 7
7ff88e567000 29 17 3404 7
7ff88e569000 34 18 3457 7
7ff88e568000 36 18 3512 7
7ff88e4fe000 75 30 3620 7
7ff88e5b4000 70 31 3722 7
7ff88e4fd000 60 33 3815 7
7ff88e5b3000 48 26 3889 7
7ff88e5a9000 77 51 4019 7
7ff88e5a4000 73 50 4143 7
7ff88e4ff000 92 41 4277 7
7ff88e5d3000 49 26 4354 7
7ff88e5d2000 46 22 4423 7
7ff88e501000 62 25 4511 7
7ff88e500000 50 24 4586 7
7ff88e560000 63 27 4677 7
7ff88e561000 86 29 4794 7
7ff88e5ab000 59 36 4891 7
7ff88e5af000 55 25 4972 7
7ff88e5ad000 64 24 5061 8
5086 8
23 22 13 78 3 8 50 1 
0x415000
415000 21 17 39 0
413000 17 17 74 0
74 0
0 0 0 0 0 0 0 0 
0x413000
413000 17 17 34 0
34 0
0 0 0 0 0 0 0 0 
0x419000
419000 58 20 79 0
79 0
0 0 0 0 0 0 0 0 
0x418000
418000 40 21 61 0
413000 17 17 96 0
415000 22 17 135 0
414000 21 17 174 0
46d000 171 42 388 0
46c000 122 32 542 0
417000 35 18 596 1
7ff88e5ba000 75 34 706 2
7ff88e5b8000 122 49 878 2
7ff88e335000 85 73 1038 4
7ff88e4fa000 19 17 1074 4
7ff88e5b7000 85 40 1200 4
7ff88e5b6000 75 26 1302 4
7ff88e5bb000 110 45 1459 4
7ff88e4fc000 83 33 1577 5
7ff88e4fb000 74 65 1717 6
7ff88e55d000 46 32 1796 7
7ff88e55c000 51 37 1886 7
7ff88e56f000 41 23 1951 7
7ff88e562000 48 30 2030 7
7ff88e33a000 66 61 2159 7
7ff88e339000 64 89 2312 7
7ff88e338000 102 56 2471 7
7ff88e5b9000 37 28 2537 7
7ff88e565000 56 29 2624 7
7ff88e564000 36 20 2681 7
7ff88e55f000 61 25 2768 7
7ff88e55e000 57 23 2849 7
7ff88e559000 38 20 2910 7
7ff88e55a000 40 20 2972 7
7ff88e55b000 32 19 3025 7
7ff88e56b000 31 18 3075 7
7ff88e56a000 32 18 3126 7
7ff88e566000 63 32 3222 7
7ff88e567000 29 18 3270 7
7ff88e569000 34 17 3322 7
7ff88e568000 35 18 3377 7
7ff88e4fe000 75 31 3486 7
7ff88e5b4000 70 30 3587 7
7ff88e4fd000 60 33 3681 7
7ff88e5b3000 47 27 3755 7
7ff88e5a9000 77 51 3885 7
7ff88e5a4000 74 49 4009 7
7ff88e4ff000 92 41 4143 7
7ff88e5d3000 49 26 4220 7
7ff88e5d2000 45 23 4289 7
7ff88e501000 62 24 4376 7
7ff88e500000 49 24 4451 7
7ff88e560000 64 27 4543 7
7ff88e561000 86 29 4659 7
7ff88e5ab000 59 36 4756 7
7ff88e5af000 56 24 4837 7
7ff88e5ad000 65 24 4927 8
4949 8
23 22 13 78 3 8 50 1 
0x414000
414000 21 17 39 0
413000 17 16 73 0
73 0
0 0 0 0 0 0 0 0 
0x46d000
46d000 171 41 213 0
46c000 121 32 366 0
417000 34 19 420 1
413000 16 17 454 1
454 1
0 0 0 0 1 0 0 0 
0x46c000
46c000 122 32 154 0
154 0
0 0 0 0 0 0 0 0 
0x417000
417000 34 18 53 1
413000 17 17 88 1
88 1
0 0 0 0 1 0 0 0 
0x416000
416000 21 17 39 0
413000 17 16 73 0
73 0
0 0 0 0 0 0 0 0 
0x461000
461000 30 19 49 0
46c000 120 32 202 0
460000 29 17 249 0
7ff88e5ab000 59 37 346 1
417000 34 19 399 2
413000 17 16 433 2
7ff88e5a9000 78 50 562 6
7ff88e5a4000 74 49 686 6
7ff88e5b9000 37 28 752 6
7ff88e4fc000 83 33 869 6
7ff88e4fb000 74 65 1009 6
7ff88e55d000 46 33 1089 6
7ff88e55c000 52 36 1178 6
7ff88e56f000 40 24 1244 6
7ff88e562000 48 31 1323 6
7ff88e33a000 66 61 1451 7
7ff88e339000 64 89 1604 7
7ff88e338000 102 56 1763 7
7ff88e4fa000 18 17 1799 7
7ff88e565000 56 29 1885 7
7ff88e564000 35 20 1942 7
7ff88e55f000 61 25 2029 7
7ff88e55e000 56 23 2110 7
7ff88e559000 38 21 2172 7
7ff88e55a000 40 20 2233 7
7ff88e55b000 32 19 2286 7
7ff88e56b000 31 18 2336 7
7ff88e56a000 32 18 2387 7
7ff88e566000 64 31 2483 7
7ff88e567000 29 17 2531 7
7ff88e569000 34 18 2584 7
7ff88e568000 36 18 2639 7
7ff88e4fe000 76 30 2747 7
7ff88e5b4000 71 30 2849 7
7ff88e4fd000 59 33 2942 7
7ff88e5b3000 47 27 3017 7
7ff88e2a2000 74 38 3130 8
3143 8
22 17 9 60 1 8 49 1 
0x460000
460000 29 17 47 0
7ff88e5ab000 60 36 144 1
417000 34 19 197 2
413000 17 16 231 2
7ff88e5a9000 78 50 360 6
7ff88e5a4000 73 49 484 6
7ff88e5b9000 37 28 550 6
7ff88e4fc000 83 33 667 6
7ff88e4fb000 74 65 807 6
7ff88e55d000 46 33 887 6
7ff88e55c000 52 36 976 6
7ff88e56f000 41 23 1042 6
7ff88e562000 48 31 1121 6
7ff88e33a000 66 60 1248 7
7ff88e339000 64 89 1402 7
7ff88e338000 102 57 1562 7
7ff88e4fa000 18 17 1598 7
7ff88e565000 55 29 1683 7
7ff88e564000 36 19 1740 7
7ff88e55f000 62 25 1828 7
7ff88e55e000 57 23 1909 7
7ff88e559000 37 21 1970 7
7ff88e55a000 39 20 2031 7
7ff88e55b000 32 19 2084 7
7ff88e56b000 32 18 2135 7
7ff88e56a000 32 18 2186 7
7ff88e566000 64 31 2282 7
7ff88e567000 30 17 2330 7
7ff88e569000 34 18 2383 7
7ff88e568000 36 18 2438 7
7ff88e4fe000 76 30 2546 7
7ff88e5b4000 70 30 2648 7
7ff88e4fd000 60 33 2742 7
7ff88e5b3000 47 27 2816 7
7ff88e2a2000 74 38 2929 8
2941 8
22 17 9 60 1 8 49 1 
0x45f000
45f000 46 21 67 1
67 1
1 0 0 0 0 0 0 0 
0x462000
462000 35 20 56 1
415000 22 16 96 1
413000 17 17 131 1
461000 31 18 180 1
46c000 120 33 335 1
460000 29 17 381 1
7ff88e5ab000 59 36 478 1
417000 34 18 531 2
7ff88e5a9000 78 50 660 6
7ff88e5a4000 73 50 785 6
7ff88e5b9000 37 27 850 6
7ff88e4fc000 84 33 968 6
7ff88e4fb000 74 65 1108 6
7ff88e55d000 46 33 1188 6
7ff88e55c000 52 36 1277 6
7ff88e56f000 41 23 1342 6
7ff88e562000 48 30 1421 6
7ff88e33a000 66 61 1550 7
7ff88e339000 64 89 1703 7
7ff88e338000 102 56 1862 7
7ff88e4fa000 18 18 1899 7
7ff88e565000 55 29 1984 7
7ff88e564000 36 19 2041 7
7ff88e55f000 60 26 2129 7
7ff88e55e000 57 23 2210 7
7ff88e559000 37 21 2271 7
7ff88e55a000 39 20 2332 7
7ff88e55b000 32 19 2385 7
7ff88e56b000 31 19 2436 7
7ff88e56a000 33 17 2486 7
7ff88e566000 64 31 2582 7
7ff88e567000 29 17 2630 7
7ff88e569000 34 18 2683 7
7ff88e568000 36 18 2738 7
7ff88e4fe000 76 30 2846 7
7ff88e5b4000 71 30 2948 7
7ff88e4fd000 59 33 3041 7
7ff88e5b3000 47 27 3116 7
7ff88e2a2000 74 38 3229 8
3245 8
22 18 9 60 1 8 49 1 
0x463000
463000 24 17 41 0
46d000 171 41 254 0
46c000 120 32 407 0
417000 34 19 461 1
413000 17 16 495 1
462000 35 20 551 2
415000 21 17 591 2
461000 31 18 641 2
460000 29 17 688 2
7ff88e5ab000 59 36 785 2
7ff88e5a9000 77 51 914 6
7ff88e5a4000 74 49 1038 6
7ff88e5b9000 37 28 1104 6
7ff88e4fc000 83 33 1221 6
7ff88e4fb000 75 64 1361 6
7ff88e55d000 45 33 1441 6
7ff88e55c000 52 37 1531 6
7ff88e56f000 41 25 1598 6
7ff88e562000 51 30 1680 6
7ff88e33a000 65 61 1808 7
7ff88e339000 64 89 1961 7
7ff88e338000 102 57 2120 7
7ff88e4fa000 18 17 2155 7
7ff88e565000 55 30 2241 7
7ff88e564000 35 20 2297 7
7ff88e55f000 61 25 2384 7
7ff88e55e000 56 24 2465 7
7ff88e559000 38 20 2525 7
7ff88e55a000 39 20 2586 7
7ff88e55b000 32 19 2639 7
7ff88e56b000 30 19 2689 7
7ff88e56a000 32 18 2740 7
7ff88e566000 63 32 2835 7
7ff88e567000 29 18 2883 7
7ff88e569000 34 18 2935 7
7ff88e568000 35 18 2989 7
7ff88e4fe000 75 30 3097 7
7ff88e5b4000 70 31 3199 7
7ff88e4fd000 60 33 3292 7
7ff88e5b3000 47 27 3366 7
7ff88e2a2000 73 38 3478 8
3495 8
22 18 9 60 1 8 49 1 
0x465000
465000 22 18 40 0
417000 34 19 94 1
413000 17 17 128 1
416000 21 17 166 1
415000 22 16 205 1
46d000 173 41 420 1
46c000 120 32 573 1
462000 36 20 629 2
461000 30 19 679 2
460000 28 18 726 2
7ff88e5ab000 59 36 822 2
7ff88e5a9000 78 50 950 6
7ff88e5a4000 73 50 1074 6
7ff88e5b9000 37 28 1139 6
7ff88e4fc000 82 33 1255 6
7ff88e4fb000 75 64 1395 6
7ff88e55d000 46 32 1474 6
7ff88e55c000 52 36 1563 6
7ff88e56f000 41 23 1628 6
7ff88e562000 47 31 1707 6
7ff88e33a000 65 61 1834 7
7ff88e339000 63 89 1987 7
7ff88e338000 102 56 2146 7
7ff88e4fa000 18 17 2182 7
7ff88e565000 55 29 2267 7
7ff88e564000 36 20 2324 7
7ff88e55f000 60 26 2411 7
7ff88e55e000 56 23 2491 7
7ff88e559000 37 21 2552 7
7ff88e55a000 39 21 2613 7
7ff88e55b000 32 19 2665 7
7ff88e56b000 31 18 2715 7
7ff88e56a000 32 18 2766 7
7ff88e566000 63 31 2861 7
7ff88e567000 29 18 2909 7
7ff88e569000 33 18 2961 7
7ff88e568000 36 18 3016 7
7ff88e4fe000 75 30 3123 7
7ff88e5b4000 70 31 3225 7
7ff88e4fd000 59 33 3317 7
7ff88e5b3000 47 26 3391 7
7ff88e2a2000 73 38 3504 8
3520 8
22 18 9 60 1 8 49 1 
0x422000
422000 41 20 62 0
414000 21 17 101 0
413000 17 17 135 0
421000 30 19 184 1
415000 22 17 223 1
7ff88e32f000 57 30 311 2
7ff88e32e000 51 18 380 2
7ff88e32d000 46 19 446 2
416000 21 17 485 2
417000 35 18 538 3
46d000 170 41 750 3
46c000 120 32 903 3
7ff88e4fc000 83 33 1019 5
7ff88e4fb000 74 64 1158 6
7ff88e55d000 46 33 1238 7
7ff88e55c000 51 37 1327 7
7ff88e56f000 41 23 1392 7
7ff88e562000 48 30 1470 7
7ff88e33a000 66 61 1598 8
1603 8
11 8 2 27 1 4 25 1 
0x421000
421000 30 19 49 1
49 1
0 0 0 0 0 0 0 1 
0x423000
423000 36 19 55 0
7ff88e5a9000 78 50 184 5
7ff88e5a4000 73 50 308 5
7ff88e5b9000 37 28 373 5
7ff88e4fc000 83 32 489 5
7ff88e4fb000 74 65 629 5
7ff88e55d000 45 33 708 5
7ff88e55c000 51 37 797 5
7ff88e56f000 41 23 862 5
7ff88e562000 48 30 940 5
7ff88e33a000 65 61 1068 6
7ff88e339000 64 89 1221 6
7ff88e338000 102 56 1379 6
7ff88e4fa000 18 17 1415 6
7ff88e565000 55 29 1500 6
7ff88e564000 36 20 1557 6
7ff88e55f000 60 26 1644 6
7ff88e55e000 56 24 1725 6
7ff88e559000 38 21 1786 6
7ff88e55a000 40 20 1847 6
7ff88e55b000 32 19 1900 6
7ff88e56b000 31 19 1951 6
7ff88e56a000 33 18 2002 6
7ff88e566000 64 32 2098 6
7ff88e567000 29 18 2146 6
7ff88e569000 34 18 2198 6
7ff88e568000 36 18 2253 6
7ff88e4fe000 76 31 2362 6
7ff88e5b4000 71 30 2464 6
7ff88e4fd000 60 33 2558 6
7ff88e5b3000 47 27 2632 6
7ff88e2a2000 73 38 2745 7
7ff88e3de000 104 44 2893 7
7ff88e3dd000 105 40 3038 7
7ff88e2a0000 128 22 3189 7
7ff88e3ad000 95 37 3321 7
7ff88e3ac000 113 33 3467 7
7ff88e3ab000 70 67 3604 7
7ff88e3a9000 77 27 3709 7
7ff88e39d000 86 102 3897 7
7ff88e39b000 48 26 3971 7
7ff88e2b2000 58 53 4083 7
7ff88e2b1000 79 35 4197 7
7ff88e2b0000 38 26 4262 7
7ff88e2af000 56 23 4341 7
7ff88e2ae000 89 33 4464 7
7ff88e2ad000 35 21 4520 7
7ff88e2a5000 48 26 4594 7
7ff88e2a4000 43 29 4667 7
7ff88e2a3000 66 24 4757 7
7ff88e300000 77 37 4871 8
4883 8
34 27 13 62 1 8 62 10 
0x424000
424000 24 19 44 0
414000 21 17 83 0
413000 17 16 117 0
415000 22 17 157 0
418000 40 22 219 0
46d000 171 42 433 0
46c000 123 32 588 0
417000 34 19 641 1
7ff88e5ba000 74 34 750 2
7ff88e5b8000 119 49 919 2
7ff88e335000 85 72 1077 4
7ff88e4fa000 18 17 1113 4
7ff88e5b7000 86 40 1239 4
7ff88e5b6000 75 26 1341 4
7ff88e5bb000 111 45 1498 4
7ff88e4fc000 83 33 1615 5
7ff88e4fb000 74 65 1755 6
7ff88e55d000 45 33 1834 7
7ff88e55c000 51 37 1923 7
7ff88e56f000 41 23 1988 7
7ff88e562000 47 31 2067 7
7ff88e33a000 66 61 2195 7
7ff88e339000 63 90 2348 7
7ff88e338000 102 57 2507 7
7ff88e5b9000 37 27 2572 7
7ff88e565000 56 29 2659 7
7ff88e564000 35 20 2715 7
7ff88e55f000 61 25 2802 7
7ff88e55e000 57 23 2883 7
7ff88e559000 37 21 2944 7
7ff88e55a000 39 20 3004 7
7ff88e55b000 32 19 3057 7
7ff88e56b000 31 18 3107 7
7ff88e56a000 32 18 3158 7
7ff88e566000 64 31 3253 7
7ff88e567000 30 17 3301 7
7ff88e569000 34 17 3353 7
7ff88e568000 36 18 3408 7
7ff88e4fe000 76 31 3517 7
7ff88e5b4000 70 31 3619 7
7ff88e4fd000 60 33 3712 7
7ff88e5b3000 47 27 3787 7
7ff88e5a9000 78 51 3917 7
7ff88e5a4000 74 50 4042 7
7ff88e4ff000 93 42 4177 7
7ff88e5d3000 49 26 4254 7
7ff88e5d2000 45 23 4323 7
7ff88e501000 62 25 4411 7
7ff88e500000 50 24 4486 7
7ff88e560000 63 28 4578 7
7ff88e561000 86 30 4695 7
7ff88e5ab000 60 36 4792 7
7ff88e5af000 56 25 4873 7
7ff88e5ad000 65 24 4963 8
4986 8
23 22 13 78 3 8 50 1 
0x425000
425000 27 21 48 0
423000 36 20 105 0
7ff88e5a9000 78 51 234 5
7ff88e5a4000 74 50 359 5
7ff88e5b9000 37 28 425 5
7ff88e4fc000 84 33 542 5
7ff88e4fb000 74 64 681 5
7ff88e55d000 46 33 761 5
7ff88e55c000 52 36 850 5
7ff88e56f000 41 23 915 5
7ff88e562000 47 31 994 5
7ff88e33a000 66 60 1121 6
7ff88e339000 63 90 1275 6
7ff88e338000 103 56 1434 6
7ff88e4fa000 18 17 1470 6
7ff88e565000 56 29 1556 6
7ff88e564000 36 19 1612 6
7ff88e55f000 61 26 1700 6
7ff88e55e000 56 23 1780 6
7ff88e559000 37 21 1841 6
7ff88e55a000 39 20 1902 6
7ff88e55b000 33 18 1954 6
7ff88e56b000 31 19 2005 6
7ff88e56a000 33 18 2056 6
7ff88e566000 63 32 2151 6
7ff88e567000 29 18 2199 6
7ff88e569000 33 18 2251 6
7ff88e568000 36 18 2306 6
7ff88e4fe000 75 31 2414 6
7ff88e5b4000 70 31 2516 6
7ff88e4fd000 60 33 2609 6
7ff88e5b3000 48 26 2683 6
7ff88e2a2000 73 38 2796 7
7ff88e3de000 103 44 2944 7
7ff88e3dd000 105 40 3089 7
7ff88e2a0000 128 22 3239 7
7ff88e3ad000 95 37 3371 7
7ff88e3ac000 113 33 3517 7
7ff88e3ab000 69 68 3655 7
7ff88e3a9000 78 27 3760 7
7ff88e39d000 87 101 3948 7
7ff88e39b000 49 26 4023 7
7ff88e2b2000 59 52 4134 7
7ff88e2b1000 78 35 4247 7
7ff88e2b0000 38 26 4311 7
7ff88e2af000 55 23 4390 7
7ff88e2ae000 89 33 4513 7
7ff88e2ad000 34 21 4569 7
7ff88e2a5000 47 26 4643 7
7ff88e2a4000 44 28 4716 7
7ff88e2a3000 65 24 4806 7
7ff88e300000 77 37 4921 8
4935 8
34 27 13 62 1 8 62 10 
0x46a000
46a000 70 25 95 1
415000 22 16 134 1
413000 17 17 169 1
469000 31 18 218 1
468000 31 21 271 1
467000 39 20 331 1
466000 37 19 387 1
417000 35 18 440 2
414000 21 17 479 2
418000 40 21 541 2
46d000 173 41 756 2
46c000 123 32 911 2
7ff88e5ba000 74 34 1020 2
7ff88e5b8000 122 49 1192 2
7ff88e335000 86 72 1351 4
7ff88e4fa000 18 17 1387 4
7ff88e5b7000 86 40 1514 4
7ff88e5b6000 75 27 1617 4
7ff88e5bb000 111 45 1774 4
7ff88e4fc000 85 33 1893 5
7ff88e4fb000 74 65 2033 6
7ff88e55d000 46 33 2113 7
7ff88e55c000 52 36 2202 7
7ff88e56f000 42 23 2268 7
7ff88e562000 49 30 2347 7
7ff88e33a000 66 61 2475 7
7ff88e339000 63 90 2629 7
7ff88e338000 102 57 2789 7
7ff88e5b9000 38 28 2855 7
7ff88e565000 56 29 2941 7
7ff88e564000 36 20 2998 7
7ff88e55f000 61 25 3085 7
7ff88e55e000 57 24 3167 7
7ff88e559000 39 21 3229 7
7ff88e55a000 40 20 3290 7
7ff88e55b000 32 19 3343 7
7ff88e56b000 31 18 3393 7
7ff88e56a000 32 18 3444 7
7ff88e566000 64 31 3540 7
7ff88e567000 30 17 3588 7
7ff88e569000 34 18 3641 7
7ff88e568000 36 18 3696 7
7ff88e4fe000 76 30 3804 7
7ff88e5b4000 71 30 3906 7
7ff88e4fd000 60 33 4000 7
7ff88e5b3000 48 26 4074 7
7ff88e5a9000 78 51 4205 7
7ff88e5a4000 73 50 4329 7
7ff88e4ff000 92 42 4464 7
7ff88e5d3000 49 26 4541 7
7ff88e5d2000 46 22 4610 7
7ff88e501000 62 25 4698 7
7ff88e500000 50 24 4773 7
7ff88e560000 64 27 4865 7
7ff88e561000 86 30 4982 7
7ff88e5ab000 60 36 5079 7
7ff88e5af000 56 24 5160 7
7ff88e5ad000 65 24 5250 8
5279 8
23 25 13 78 3 8 50 1 
0x469000
469000 31 19 50 1
468000 31 22 103 1
467000 38 20 162 1
466000 36 19 218 1
417000 35 18 271 2
413000 17 17 306 2
414000 22 16 344 2
418000 40 21 406 2
415000 22 17 446 2
46d000 172 41 660 2
46c000 123 32 815 2
7ff88e5ba000 74 34 924 2
7ff88e5b8000 121 50 1096 2
7ff88e335000 85 73 1255 4
7ff88e4fa000 19 17 1291 4
7ff88e5b7000 87 40 1418 4
7ff88e5b6000 75 27 1521 4
7ff88e5bb000 111 45 1678 4
7ff88e4fc000 84 33 1796 5
7ff88e4fb000 75 65 1937 6
7ff88e55d000 46 33 2017 7
7ff88e55c000 52 37 2107 7
7ff88e56f000 41 24 2173 7
7ff88e562000 48 31 2252 7
7ff88e33a000 66 61 2380 7
7ff88e339000 63 90 2534 7
7ff88e338000 102 57 2694 7
7ff88e5b9000 38 28 2760 7
7ff88e565000 56 29 2846 7
7ff88e564000 36 20 2903 7
7ff88e55f000 61 26 2991 7
7ff88e55e000 56 24 3072 7
7ff88e559000 37 21 3133 7
7ff88e55a000 39 20 3194 7
7ff88e55b000 32 19 3247 7
7ff88e56b000 31 19 3298 7
7ff88e56a000 33 18 3349 7
7ff88e566000 64 32 3445 7
7ff88e567000 29 18 3493 7
7ff88e569000 34 17 3545 7
7ff88e568000 36 18 3600 7
7ff88e4fe000 75 31 3709 7
7ff88e5b4000 70 31 3811 7
7ff88e4fd000 61 33 3905 7
7ff88e5b3000 48 26 3979 7
7ff88e5a9000 78 51 4110 7
7ff88e5a4000 73 50 4234 7
7ff88e4ff000 92 42 4369 7
7ff88e5d3000 50 25 4445 7
7ff88e5d2000 46 22 4514 7
7ff88e501000 62 25 4602 7
7ff88e500000 50 24 4677 7
7ff88e560000 64 27 4769 7
7ff88e561000 86 30 4886 7
7ff88e5ab000 60 36 4983 7
7ff88e5af000 56 24 5064 7
7ff88e5ad000 65 24 5154 8
5182 8
23 24 13 78 3 8 50 1 
0x468000
468000 30 22 53 1
467000 39 20 113 1
466000 36 19 169 1
417000 35 18 222 2
413000 17 17 257 2
414000 22 16 295 2
418000 40 22 358 2
415000 22 17 398 2
46d000 173 41 612 2
46c000 122 33 767 2
7ff88e5ba000 75 34 876 2
7ff88e5b8000 121 50 1048 2
7ff88e335000 85 73 1207 4
7ff88e4fa000 18 17 1243 4
7ff88e5b7000 86 40 1370 4
7ff88e5b6000 75 27 1473 4
7ff88e5bb000 111 45 1630 4
7ff88e4fc000 84 33 1748 5
7ff88e4fb000 75 65 1889 6
7ff88e55d000 46 33 1969 7
7ff88e55c000 52 36 2058 7
7ff88e56f000 42 23 2124 7
7ff88e562000 49 30 2203 7
7ff88e33a000 66 61 2331 7
7ff88e339000 64 90 2486 7
7ff88e338000 103 56 2645 7
7ff88e5b9000 37 28 2711 7
7ff88e565000 56 29 2798 7
7ff88e564000 36 20 2855 7
7ff88e55f000 61 26 2943 7
7ff88e55e000 57 24 3024 7
7ff88e559000 37 21 3085 7
7ff88e55a000 39 20 3146 7
7ff88e55b000 32 19 3199 7
7ff88e56b000 31 19 3250 7
7ff88e56a000 33 18 3301 7
7ff88e566000 64 32 3397 7
7ff88e567000 29 18 3445 7
7ff88e569000 34 18 3498 7
7ff88e568000 36 19 3553 7
7ff88e4fe000 76 30 3661 7
7ff88e5b4000 71 31 3764 7
7ff88e4fd000 60 33 3857 7
7ff88e5b3000 47 27 3932 7
7ff88e5a9000 79 50 4062 7
7ff88e5a4000 74 50 4187 7
7ff88e4ff000 93 42 4322 7
7ff88e5d3000 50 25 4398 7
7ff88e5d2000 46 23 4468 7
7ff88e501000 63 25 4556 7
7ff88e500000 50 24 4631 7
7ff88e560000 64 27 4723 7
7ff88e561000 86 30 4840 7
7ff88e5ab000 60 36 4937 7
7ff88e5af000 56 24 5018 7
7ff88e5ad000 65 24 5108 8
5134 8
23 23 13 78 3 8 50 1 
0x467000
467000 38 20 59 0
466000 37 18 115 0
417000 34 19 169 1
413000 17 17 203 1
414000 22 17 242 1
418000 39 22 304 1
415000 22 16 343 1
46d000 172 41 557 1
46c000 122 32 712 1
7ff88e5ba000 74 34 821 2
7ff88e5b8000 121 50 993 2
7ff88e335000 86 72 1151 4
7ff88e4fa000 18 17 1187 4
7ff88e5b7000 86 41 1315 4
7ff88e5b6000 74 27 1417 4
7ff88e5bb000 112 45 1575 4
7ff88e4fc000 83 34 1693 5
7ff88e4fb000 74 66 1834 6
7ff88e55d000 46 32 1913 7
7ff88e55c000 51 37 2003 7
7ff88e56f000 41 23 2068 7
7ff88e562000 48 31 2148 7
7ff88e33a000 66 61 2276 7
7ff88e339000 64 89 2430 7
7ff88e338000 103 56 2590 7
7ff88e5b9000 37 28 2656 7
7ff88e565000 55 30 2743 7
7ff88e564000 36 20 2800 7
7ff88e55f000 61 25 2887 7
7ff88e55e000 57 24 2969 7
7ff88e559000 38 21 3030 7
7ff88e55a000 39 21 3091 7
7ff88e55b000 33 19 3144 7
7ff88e56b000 30 19 3194 7
7ff88e56a000 32 18 3245 7
7ff88e566000 64 31 3341 7
7ff88e567000 30 18 3390 7
7ff88e569000 34 18 3442 7
7ff88e568000 36 18 3497 7
7ff88e4fe000 76 30 3605 7
7ff88e5b4000 71 31 3708 7
7ff88e4fd000 60 33 3801 7
7ff88e5b3000 47 27 3876 7
7ff88e5a9000 78 51 4006 7
7ff88e5a4000 74 50 4131 7
7ff88e4ff000 93 41 4265 7
7ff88e5d3000 50 25 4342 7
7ff88e5d2000 46 22 4411 7
7ff88e501000 62 25 4499 7
7ff88e500000 50 24 4574 7
7ff88e560000 64 27 4666 7
7ff88e561000 86 30 4783 7
7ff88e5ab000 60 36 4880 7
7ff88e5af000 56 25 4962 7
7ff88e5ad000 64 24 5051 8
5075 8
23 22 13 78 3 8 50 1 
0x466000
466000 37 18 55 0
55 0
0 0 0 0 0 0 0 0 
0x45b000
45b000 28 18 46 0
415000 22 17 86 0
413000 17 17 120 0
414000 22 16 158 0
45a000 27 19 205 0
458000 44 23 273 0
417000 34 19 326 1
459000 29 18 374 1
416000 22 17 413 1
46c000 120 33 566 1
46d000 171 41 778 1
7ff88e617000 85 39 902 3
7ff88e5b4000 71 30 1004 5
7ff88e616000 44 23 1072 5
7ff88e604000 63 29 1165 5
7ff88e615000 38 19 1223 5
7ff88e60e000 81 31 1336 6
7ff88e603000 72 32 1441 6
7ff88e60d000 42 24 1507 6
7ff88e32f000 58 29 1595 6
7ff88e32e000 51 18 1665 6
7ff88e32d000 46 18 1730 6
7ff88e4fa000 18 17 1766 6
7ff88e60c000 70 30 1867 6
7ff88e5a9000 77 51 1996 7
7ff88e5a4000 73 50 2120 7
7ff88e5b9000 38 27 2185 7
7ff88e4fc000 83 33 2302 7
7ff88e4fb000 74 65 2442 7
7ff88e55d000 45 33 2521 7
7ff88e55c000 52 36 2610 7
7ff88e56f000 40 23 2675 7
7ff88e562000 48 30 2754 7
7ff88e33a000 66 61 2882 7
7ff88e339000 64 89 3035 7
7ff88e338000 102 57 3195 7
7ff88e565000 56 29 3280 7
7ff88e564000 36 20 3337 7
7ff88e55f000 61 25 3424 7
7ff88e55e000 56 24 3505 7
7ff88e559000 37 21 3565 7
7ff88e55a000 39 20 3626 7
7ff88e55b000 32 19 3679 7
7ff88e56b000 30 19 3729 7
7ff88e56a000 32 18 3780 7
7ff88e566000 63 32 3876 7
7ff88e567000 29 18 3924 7
7ff88e569000 34 18 3976 7
7ff88e568000 36 18 4031 7
7ff88e4fe000 75 31 4139 7
7ff88e4fd000 59 33 4232 7
7ff88e5b3000 47 27 4307 7
7ff88e2a2000 73 38 4419 8
4441 8
24 27 10 60 1 12 65 1 
0x45a000
45a000 26 19 46 0
458000 44 23 114 0
417000 34 18 167 1
413000 17 16 201 1
459000 29 18 249 1
415000 22 17 288 1
416000 21 17 327 1
46c000 121 33 481 1
46d000 172 41 694 1
7ff88e617000 85 39 819 3
7ff88e5b4000 70 30 920 5
7ff88e616000 44 23 988 5
7ff88e604000 63 30 1082 5
7ff88e615000 38 20 1140 5
7ff88e60e000 81 32 1253 6
7ff88e603000 71 32 1357 6
7ff88e60d000 41 24 1423 6
7ff88e32f000 58 30 1512 6
7ff88e32e000 51 18 1581 6
7ff88e32d000 46 19 1647 6
7ff88e4fa000 18 17 1683 6
7ff88e60c000 70 30 1783 6
7ff88e5a9000 78 50 1912 7
7ff88e5a4000 74 49 2036 7
7ff88e5b9000 37 28 2102 7
7ff88e4fc000 82 33 2218 7
7ff88e4fb000 75 65 2359 7
7ff88e55d000 45 33 2438 7
7ff88e55c000 51 37 2527 7
7ff88e56f000 41 23 2592 7
7ff88e562000 47 31 2671 7
7ff88e33a000 66 61 2799 7
7ff88e339000 64 89 2952 7
7ff88e338000 102 56 3111 7
7ff88e565000 56 29 3197 7
7ff88e564000 36 19 3253 7
7ff88e55f000 61 26 3341 7
7ff88e55e000 56 23 3421 7
7ff88e559000 37 21 3482 7
7ff88e55a000 39 20 3543 7
7ff88e55b000 32 19 3595 7
7ff88e56b000 31 19 3646 7
7ff88e56a000 33 18 3697 7
7ff88e566000 64 31 3792 7
7ff88e567000 29 18 3840 7
7ff88e569000 34 17 3892 7
7ff88e568000 36 18 3947 7
7ff88e4fe000 75 31 4055 7
7ff88e4fd000 59 33 4148 7
7ff88e5b3000 47 26 4222 7
7ff88e2a2000 73 38 4335 8
4356 8
24 27 10 60 1 12 65 1 
0x458000
458000 44 23 67 0
67 0
0 0 0 0 0 0 0 0 
0x459000
459000 29 18 47 0
458000 44 23 115 0
415000 21 17 154 0
413000 17 16 188 0
416000 21 17 227 0
46c000 121 32 380 0
46d000 171 42 593 0
417000 34 19 646 1
7ff88e617000 85 40 771 3
7ff88e5b4000 71 30 872 5
7ff88e616000 43 23 939 5
7ff88e604000 63 30 1033 5
7ff88e615000 39 19 1091 5
7ff88e60e000 81 31 1204 6
7ff88e603000 72 32 1309 6
7ff88e60d000 42 24 1375 6
7ff88e32f000 58 29 1463 6
7ff88e32e000 51 18 1533 6
7ff88e32d000 46 18 1598 6
7ff88e4fa000 18 17 1634 6
7ff88e60c000 70 30 1735 6
7ff88e5a9000 77 51 1864 7
7ff88e5a4000 73 50 1988 7
7ff88e5b9000 37 28 2053 7
7ff88e4fc000 83 33 2170 7
7ff88e4fb000 74 65 2310 7
7ff88e55d000 45 33 2389 7
7ff88e55c000 52 36 2478 7
7ff88e56f000 41 23 2543 7
7ff88e562000 48 30 2622 7
7ff88e33a000 66 61 2750 7
7ff88e339000 64 89 2903 7
7ff88e338000 102 57 3063 7
7ff88e565000 56 29 3149 7
7ff88e564000 36 20 3206 7
7ff88e55f000 61 25 3293 7
7ff88e55e000 57 23 3374 7
7ff88e559000 37 21 3435 7
7ff88e55a000 39 20 3496 7
7ff88e55b000 32 19 3549 7
7ff88e56b000 31 19 3600 7
7ff88e56a000 33 18 3651 7
7ff88e566000 64 32 3747 7
7ff88e567000 29 18 3795 7
7ff88e569000 33 18 3847 7
7ff88e568000 36 18 3902 7
7ff88e4fe000 76 30 4010 7
7ff88e4fd000 61 33 4105 7
7ff88e5b3000 47 27 4179 7
7ff88e2a2000 73 38 4292 8
4311 8
24 27 10 60 1 12 65 1 
0x45c000
45c000 53 24 77 0
7ff88e32f000 58 29 165 1
7ff88e32e000 51 18 235 1
7ff88e32d000 47 18 301 1
414000 22 16 340 1
413000 17 17 375 1
416000 22 16 413 1
415000 22 17 453 1
45b000 27 19 500 1
45a000 27 19 547 1
458000 44 23 615 1
417000 34 18 668 2
459000 29 18 716 2
46c000 122 32 871 2
46d000 173 41 1086 2
7ff88e617000 86 39 1212 3
7ff88e5b4000 71 30 1314 5
7ff88e616000 44 23 1382 5
7ff88e604000 63 30 1476 5
7ff88e615000 38 20 1534 5
7ff88e60e000 82 31 1648 6
7ff88e603000 72 32 1753 6
7ff88e60d000 41 25 1820 6
7ff88e4fa000 18 17 1856 6
7ff88e60c000 70 30 1957 6
7ff88e5a9000 78 51 2087 7
7ff88e5a4000 74 50 2212 7
7ff88e5b9000 37 28 2278 7
7ff88e4fc000 84 33 2396 7
7ff88e4fb000 75 65 2537 7
7ff88e55d000 46 33 2617 7
7ff88e55c000 52 37 2707 7
7ff88e56f000 42 23 2773 7
7ff88e562000 49 30 2852 7
7ff88e33a000 67 61 2981 7
7ff88e339000 64 90 3136 7
7ff88e338000 104 57 3297 7
7ff88e565000 56 29 3383 7
7ff88e564000 36 20 3440 7
7ff88e55f000 62 25 3528 7
7ff88e55e000 57 24 3610 7
7ff88e559000 38 21 3671 7
7ff88e55a000 39 21 3733 7
7ff88e55b000 33 19 3786 7
7ff88e56b000 31 19 3837 7
7ff88e56a000 33 18 3888 7
7ff88e566000 64 32 3984 7
7ff88e567000 30 18 4033 7
7ff88e569000 34 18 4085 7
7ff88e568000 36 18 4140 7
7ff88e4fe000 76 30 4249 7
7ff88e4fd000 61 33 4344 7
7ff88e5b3000 48 27 4420 7
7ff88e2a2000 74 39 4534 8
4557 8
24 27 10 60 1 12 65 1 
0xffffffff80c66000
0 0
0 0 0 0 0 0 0 0 
0x46b000
46b000 47 22 70 0
70 0
0 0 0 0 0 0 0 0 
0x41b000
41b000 64 25 89 0
41a000 33 20 143 0
415000 22 16 182 0
413000 17 17 217 0
419000 60 20 297 0
418000 40 21 359 0
414000 21 17 398 0
46d000 172 42 613 0
46c000 121 33 767 0
417000 34 19 820 1
7ff88e5ba000 75 34 930 2
7ff88e5b8000 120 50 1101 2
7ff88e335000 85 72 1259 4
7ff88e4fa000 18 17 1295 4
7ff88e5b7000 86 40 1422 4
7ff88e5b6000 75 27 1525 4
7ff88e5bb000 112 45 1683 4
7ff88e4fc000 84 33 1801 5
7ff88e4fb000 74 65 1941 6
7ff88e55d000 46 33 2021 7
7ff88e55c000 52 36 2110 7
7ff88e56f000 42 23 2176 7
7ff88e562000 48 31 2255 7
7ff88e33a000 66 61 2383 7
7ff88e339000 64 89 2537 7
7ff88e338000 103 56 2697 7
7ff88e5b9000 37 28 2763 7
7ff88e565000 56 29 2850 7
7ff88e564000 37 19 2907 7
7ff88e55f000 61 26 2995 7
7ff88e55e000 57 23 3076 7
7ff88e559000 37 21 3137 7
7ff88e55a000 39 20 3198 7
7ff88e55b000 32 19 3251 7
7ff88e56b000 31 19 3302 7
7ff88e56a000 32 18 3353 7
7ff88e566000 63 32 3449 7
7ff88e567000 30 17 3497 7
7ff88e569000 34 18 3550 7
7ff88e568000 36 18 3605 7
7ff88e4fe000 76 31 3714 7
7ff88e5b4000 71 30 3816 7
7ff88e4fd000 60 33 3910 7
7ff88e5b3000 48 27 3985 7
7ff88e5a9000 77 51 4114 7
7ff88e5a4000 73 50 4238 7
7ff88e4ff000 92 41 4371 7
7ff88e5d3000 49 26 4448 7
7ff88e5d2000 45 22 4516 7
7ff88e501000 62 25 4604 7
7ff88e500000 50 23 4678 7
7ff88e560000 64 27 4770 7
7ff88e561000 87 29 4887 7
7ff88e5ab000 60 36 4984 7
7ff88e5af000 56 24 5065 7
7ff88e5ad000 65 24 5155 8
5181 8
23 22 13 78 3 8 50 1 
0x41c000
41c000 38 19 58 0
415000 21 17 97 0
413000 17 17 132 0
7ff88e4fc000 84 33 249 2
7ff88e4fb000 75 65 390 4
7ff88e55d000 45 33 469 5
7ff88e55c000 52 37 559 5
7ff88e56f000 42 23 625 5
7ff88e562000 49 30 704 5
7ff88e33a000 66 62 833 6
7ff88e339000 64 89 986 6
7ff88e338000 103 56 1146 6
7ff88e4fa000 18 17 1182 6
7ff88e5b9000 37 28 1248 6
7ff88e5b8000 120 50 1419 6
7ff88e335000 85 72 1577 6
7ff88e5b7000 85 41 1704 6
7ff88e5b6000 75 27 1807 6
7ff88e5bb000 112 45 1965 6
7ff88e5ba000 75 34 2075 7
7ff88e32f000 58 30 2164 7
7ff88e32e000 51 19 2235 7
7ff88e32d000 47 18 2300 7
7ff88e5a9000 78 51 2430 7
7ff88e5a4000 75 50 2556 7
7ff88e4ff000 93 42 2691 7
7ff88e5b4000 71 31 2794 7
7ff88e5b3000 47 27 2868 7
7ff88e2a2000 74 38 2981 8
2995 8
18 18 13 70 2 8 49 1 
0x41d000
41d000 51 20 71 0
415000 22 16 110 0
413000 17 17 145 0
414000 22 16 183 0
41c000 38 19 241 0
7ff88e4fc000 84 33 359 2
7ff88e4fb000 75 65 500 4
7ff88e55d000 45 33 579 5
7ff88e55c000 52 37 669 5
7ff88e56f000 41 24 735 5
7ff88e562000 48 31 814 5
7ff88e33a000 66 61 942 6
7ff88e339000 64 89 1096 6
7ff88e338000 103 57 1257 6
7ff88e4fa000 18 18 1293 6
7ff88e5b9000 37 28 1358 6
7ff88e5b8000 121 50 1530 6
7ff88e335000 86 72 1689 6
7ff88e5b7000 86 40 1816 6
7ff88e5b6000 75 27 1919 6
7ff88e5bb000 111 45 2076 6
7ff88e5ba000 75 35 2187 7
7ff88e32f000 58 30 2276 7
7ff88e32e000 51 19 2346 7
7ff88e32d000 46 18 2411 7
7ff88e5a9000 79 51 2542 7
7ff88e5a4000 74 50 2667 7
7ff88e4ff000 93 42 2802 7
7ff88e5b4000 71 30 2904 7
7ff88e5b3000 47 27 2979 7
7ff88e2a2000 74 39 3093 8
3108 8
18 18 13 70 2 8 49 1 
0x426000
426000 40 21 61 1
417000 35 18 115 2
413000 17 17 150 2
425000 27 21 198 2
423000 36 19 254 2
7ff88e5a9000 78 52 385 6
7ff88e5a4000 74 50 510 6
7ff88e5b9000 37 28 575 6
7ff88e4fc000 84 33 693 6
7ff88e4fb000 75 65 834 6
7ff88e55d000 46 33 914 6
7ff88e55c000 52 37 1004 6
7ff88e56f000 41 23 1069 6
7ff88e562000 48 31 1149 6
7ff88e33a000 66 61 1277 7
7ff88e339000 64 89 1431 7
7ff88e338000 103 57 1592 7
7ff88e4fa000 18 17 1628 7
7ff88e565000 56 29 1714 7
7ff88e564000 36 20 1771 7
7ff88e55f000 61 26 1859 7
7ff88e55e000 56 24 1940 7
7ff88e559000 37 21 2001 7
7ff88e55a000 39 20 2062 7
7ff88e55b000 32 19 2115 7
7ff88e56b000 31 19 2166 7
7ff88e56a000 33 18 2217 7
7ff88e566000 64 32 2313 7
7ff88e567000 29 18 2361 7
7ff88e569000 34 18 2414 7
7ff88e568000 36 18 2469 7
7ff88e4fe000 76 31 2578 7
7ff88e5b4000 70 31 2680 7
7ff88e4fd000 61 33 2774 7
7ff88e5b3000 48 26 2848 7
7ff88e2a2000 73 39 2962 8
2977 8
22 16 9 60 1 8 49 1 
0x44c000
44c000 39 21 60 1
44b000 44 26 131 1
449000 36 20 188 1
7ff88e2c1000 57 61 307 3
415000 22 17 346 3
413000 17 16 380 3
46d000 172 41 594 3
46c000 120 32 747 3
417000 34 18 800 3
414000 21 17 840 3
416000 21 17 879 3
418000 39 22 941 3
7ff88e5ba000 74 34 1050 3
7ff88e5b8000 120 50 1221 3
7ff88e335000 85 72 1379 5
7ff88e4fa000 18 18 1415 5
7ff88e5b7000 85 41 1541 5
7ff88e5b6000 75 26 1642 5
7ff88e5bb000 111 45 1799 5
7ff88e4fc000 83 33 1916 6
7ff88e4fb000 74 65 2056 7
7ff88e55d000 46 33 2136 8
2148 8
1 6 4 39 3 4 18 1 
0x44b000
44b000 44 25 69 0
449000 36 20 126 0
7ff88e2c1000 57 60 244 2
415000 22 17 283 2
413000 16 17 317 2
46d000 171 41 530 2
46c000 120 32 683 2
417000 34 18 736 3
414000 21 17 776 3
416000 21 17 815 3
418000 39 22 877 3
7ff88e5ba000 74 34 986 3
7ff88e5b8000 120 49 1156 3
7ff88e335000 85 72 1314 5
7ff88e4fa000 18 17 1350 5
7ff88e5b7000 86 40 1476 5
7ff88e5b6000 74 27 1578 5
7ff88e5bb000 111 45 1735 5
7ff88e4fc000 83 33 1852 6
7ff88e4fb000 75 64 1992 7
7ff88e55d000 46 32 2071 8
2082 8
1 6 4 39 2 4 18 1 
0x449000
449000 36 20 56 0
7ff88e2c1000 57 60 174 2
415000 21 17 213 2
413000 17 16 247 2
46d000 171 41 460 2
46c000 120 33 613 2
417000 34 19 666 3
414000 22 16 705 3
416000 22 16 744 3
418000 40 21 806 3
7ff88e5ba000 74 34 915 3
7ff88e5b8000 120 50 1086 3
7ff88e335000 85 73 1244 5
7ff88e4fa000 18 17 1279 5
7ff88e5b7000 85 41 1406 5
7ff88e5b6000 75 27 1508 5
7ff88e5bb000 111 45 1664 5
7ff88e4fc000 84 32 1781 6
7ff88e4fb000 74 65 1921 7
7ff88e55d000 46 32 2000 8
2010 8
1 6 4 39 2 4 18 1 
0x44a000
44a000 20 17 37 0
415000 22 16 76 0
413000 17 16 110 0
417000 34 18 163 1
449000 36 20 220 1
7ff88e2c1000 57 61 338 3
46d000 172 41 551 3
46c000 121 32 705 3
414000 21 17 744 3
416000 21 17 783 3
418000 39 22 845 3
7ff88e5ba000 74 34 954 3
7ff88e5b8000 119 50 1124 3
7ff88e335000 84 73 1282 5
7ff88e4fa000 18 18 1318 5
7ff88e5b7000 85 40 1443 5
7ff88e5b6000 75 27 1546 5
7ff88e5bb000 110 45 1702 5
7ff88e4fc000 83 33 1819 6
7ff88e4fb000 74 65 1959 7
7ff88e55d000 46 32 2038 8
2049 8
1 6 4 39 2 4 18 1 
0x44d000
44d000 26 18 45 0
415000 21 17 84 0
413000 17 16 118 0
416000 21 17 157 0
44c000 39 20 217 1
44b000 44 26 288 1
449000 35 20 344 1
7ff88e2c1000 57 61 463 3
46d000 172 41 676 3
46c000 120 32 829 3
417000 34 18 882 3
414000 21 17 922 3
418000 40 21 984 3
7ff88e5ba000 74 34 1093 3
7ff88e5b8000 120 49 1263 3
7ff88e335000 85 72 1421 5
7ff88e4fa000 18 17 1457 5
7ff88e5b7000 86 40 1583 5
7ff88e5b6000 74 27 1685 5
7ff88e5bb000 111 45 1842 5
7ff88e4fc000 83 33 1959 6
7ff88e4fb000 74 64 2098 7
7ff88e55d000 46 33 2178 8
2191 8
1 6 4 39 3 4 18 1 
0x44e000
44e000 25 18 44 0
44d000 26 18 89 0
415000 22 17 128 0
413000 17 16 162 0
416000 21 17 201 0
44c000 39 20 261 1
44b000 44 26 332 1
449000 35 20 388 1
7ff88e2c1000 57 61 507 3
46d000 171 41 719 3
46c000 120 32 872 3
417000 34 18 925 3
414000 21 17 965 3
418000 40 21 1027 3
7ff88e5ba000 74 34 1136 3
7ff88e5b8000 120 50 1307 3
7ff88e335000 86 72 1465 5
7ff88e4fa000 19 17 1501 5
7ff88e5b7000 85 41 1627 5
7ff88e5b6000 74 27 1729 5
7ff88e5bb000 110 46 1886 5
7ff88e4fc000 83 33 2003 6
7ff88e4fb000 74 65 2143 7
7ff88e55d000 46 32 2222 8
2237 8
1 6 4 39 3 4 18 1 
0x44f000
44f000 60 22 82 0
416000 21 17 121 0
413000 17 17 155 0
417000 34 19 208 1
44e000 25 18 252 1
44d000 26 18 297 1
415000 21 17 336 1
44c000 39 21 397 1
44b000 44 25 467 1
449000 36 20 524 1
7ff88e2c1000 57 61 642 3
46d000 173 41 856 3
46c000 121 32 1009 3
414000 22 16 1048 3
418000 40 21 1110 3
7ff88e5ba000 74 34 1219 3
7ff88e5b8000 120 49 1389 3
7ff88e335000 85 72 1547 5
7ff88e4fa000 18 17 1583 5
7ff88e5b7000 86 40 1709 5
7ff88e5b6000 74 27 1811 5
7ff88e5bb000 111 45 1968 5
7ff88e4fc000 83 33 2085 6
7ff88e4fb000 74 65 2225 7
7ff88e55d000 45 33 2304 8
2321 8
1 6 4 39 3 4 18 1 
0x450000
450000 29 19 48 0
46c000 121 32 202 0
46d000 172 42 417 0
417000 34 19 470 1
413000 16 17 504 1
432000 47 26 578 2
44f000 60 22 660 2
416000 22 16 698 2
44e000 26 18 743 2
44d000 25 18 787 2
415000 22 17 827 2
44c000 39 21 888 2
44b000 44 25 958 2
449000 36 20 1015 2
7ff88e2c1000 56 61 1133 3
414000 22 16 1172 3
418000 40 21 1234 3
7ff88e5ba000 74 34 1343 3
7ff88e5b8000 121 49 1514 3
7ff88e335000 85 72 1672 5
7ff88e4fa000 18 17 1708 5
7ff88e5b7000 86 40 1834 5
7ff88e5b6000 74 27 1936 5
7ff88e5bb000 111 45 2093 5
7ff88e4fc000 83 33 2210 6
7ff88e4fb000 74 65 2350 7
7ff88e55d000 45 33 2429 8
2447 8
1 7 4 39 3 4 18 1 
0x432000
432000 48 25 73 1
73 1
0 1 0 0 0 0 0 0 
0x451000
451000 27 17 44 0
415000 22 16 83 0
413000 17 17 118 0
450000 29 20 167 0
46c000 121 32 321 0
46d000 172 41 535 0
417000 34 19 589 1
432000 48 26 663 2
44f000 60 22 745 2
416000 22 16 783 2
44e000 26 17 827 2
44d000 26 18 872 2
44c000 39 21 933 2
44b000 44 25 1003 2
449000 36 20 1060 2
7ff88e2c1000 57 60 1178 3
414000 22 16 1217 3
418000 40 21 1279 3
7ff88e5ba000 75 34 1389 3
7ff88e5b8000 120 49 1559 3
7ff88e335000 85 72 1717 5
7ff88e4fa000 18 17 1753 5
7ff88e5b7000 85 40 1879 5
7ff88e5b6000 75 26 1981 5
7ff88e5bb000 111 45 2138 5
7ff88e4fc000 83 33 2255 6
7ff88e4fb000 74 65 2395 7
7ff88e55d000 45 33 2474 8
2494 8
1 7 4 39 3 4 18 1 
0x453000
453000 30 18 48 0
7ff88e5a9000 77 51 177 5
7ff88e5a4000 74 49 300 5
7ff88e5b9000 37 28 366 5
7ff88e4fc000 84 33 483 5
7ff88e4fb000 74 64 622 5
7ff88e55d000 46 33 702 5
7ff88e55c000 51 37 791 5
7ff88e56f000 41 23 856 5
7ff88e562000 48 31 935 5
7ff88e33a000 66 61 1063 6
7ff88e339000 64 89 1216 6
7ff88e338000 102 57 1376 6
7ff88e4fa000 18 18 1412 6
7ff88e565000 56 29 1497 6
7ff88e564000 36 19 1553 6
7ff88e55f000 61 26 1641 6
7ff88e55e000 56 23 1721 6
7ff88e559000 37 21 1782 6
7ff88e55a000 39 20 1843 6
7ff88e55b000 33 18 1895 6
7ff88e56b000 32 18 1946 6
7ff88e56a000 32 18 1997 6
7ff88e566000 64 31 2093 6
7ff88e567000 29 18 2141 6
7ff88e569000 33 18 2193 6
7ff88e568000 36 18 2248 6
7ff88e4fe000 75 31 2356 6
7ff88e5b4000 70 30 2457 6
7ff88e4fd000 59 33 2550 6
7ff88e5b3000 47 27 2625 6
7ff88e2a2000 74 38 2738 7
7ff88e3de000 104 44 2886 7
7ff88e3dd000 105 40 3031 7
7ff88e2a0000 128 21 3181 7
7ff88e3ad000 94 37 3313 7
7ff88e3ac000 114 33 3460 7
7ff88e3ab000 70 67 3597 7
7ff88e3a9000 77 27 3702 7
7ff88e39d000 86 101 3890 7
7ff88e39b000 48 26 3965 7
7ff88e2b2000 58 52 4076 7
7ff88e2b1000 78 35 4190 7
7ff88e2b0000 38 26 4254 7
7ff88e2af000 56 23 4333 7
7ff88e2ae000 88 33 4455 7
7ff88e2ad000 34 21 4511 7
7ff88e2a5000 47 26 4585 7
7ff88e2a4000 43 29 4658 7
7ff88e2a3000 66 23 4747 7
7ff88e300000 76 37 4861 8
4873 8
34 27 13 62 1 8 62 10 
0x452000
452000 23 18 42 0
415000 22 16 81 0
413000 18 17 117 0
418000 40 21 178 0
414000 22 16 217 0
46d000 172 42 432 0
46c000 120 33 585 0
417000 34 19 638 1
7ff88e5ba000 74 34 747 2
7ff88e5b8000 119 50 917 2
7ff88e335000 85 72 1075 4
7ff88e4fa000 18 18 1111 4
7ff88e5b7000 85 41 1237 4
7ff88e5b6000 74 26 1338 4
7ff88e5bb000 113 44 1496 4
7ff88e4fc000 84 33 1614 5
7ff88e4fb000 75 64 1754 6
7ff88e55d000 46 32 1833 7
7ff88e55c000 51 37 1923 7
7ff88e56f000 41 23 1988 7
7ff88e562000 48 31 2067 7
7ff88e33a000 66 61 2195 7
7ff88e339000 63 90 2348 7
7ff88e338000 103 57 2508 7
7ff88e5b9000 37 28 2573 7
7ff88e565000 55 30 2660 7
7ff88e564000 35 20 2716 7
7ff88e55f000 61 26 2804 7
7ff88e55e000 56 23 2884 7
7ff88e559000 37 21 2945 7
7ff88e55a000 39 20 3006 7
7ff88e55b000 32 19 3058 7
7ff88e56b000 31 19 3109 7
7ff88e56a000 33 18 3160 7
7ff88e566000 63 32 3255 7
7ff88e567000 29 18 3303 7
7ff88e569000 33 18 3355 7
7ff88e568000 36 18 3410 7
7ff88e4fe000 75 31 3518 7
7ff88e5b4000 70 31 3620 7
7ff88e4fd000 60 33 3713 7
7ff88e5b3000 48 26 3787 7
7ff88e5a9000 77 51 3917 7
7ff88e5a4000 73 50 4041 7
7ff88e4ff000 92 42 4175 7
7ff88e5d3000 49 25 4251 7
7ff88e5d2000 46 22 4320 7
7ff88e501000 62 25 4408 7
7ff88e500000 49 24 4482 7
7ff88e560000 64 27 4574 7
7ff88e561000 86 29 4690 7
7ff88e5ab000 59 36 4787 7
7ff88e5af000 56 24 4867 7
7ff88e5ad000 65 24 4957 8
4981 8
23 22 13 78 3 8 50 1 
0x427000
427000 46 22 69 0
415000 21 17 108 0
413000 17 16 142 0
46d000 173 41 357 0
46c000 120 33 510 0
417000 34 19 563 1
416000 21 17 602 1
414000 22 16 640 1
426000 40 21 702 2
425000 27 20 750 2
423000 36 19 806 2
7ff88e5a9000 78 50 935 6
7ff88e5a4000 74 50 1060 6
7ff88e5b9000 37 28 1125 6
7ff88e4fc000 83 33 1242 6
7ff88e4fb000 74 65 1382 6
7ff88e55d000 45 33 1461 6
7ff88e55c000 52 36 1550 6
7ff88e56f000 41 23 1615 6
7ff88e562000 48 30 1694 6
7ff88e33a000 66 61 1822 7
7ff88e339000 64 89 1975 7
7ff88e338000 103 56 2135 7
7ff88e4fa000 18 17 2171 7
7ff88e565000 56 29 2257 7
7ff88e564000 36 20 2314 7
7ff88e55f000 61 25 2401 7
7ff88e55e000 56 24 2482 7
7ff88e559000 38 20 2542 7
7ff88e55a000 39 20 2603 7
7ff88e55b000 32 19 2656 7
7ff88e56b000 31 18 2706 7
7ff88e56a000 32 18 2757 7
7ff88e566000 63 32 2853 7
7ff88e567000 29 18 2901 7
7ff88e569000 34 18 2953 7
7ff88e568000 36 18 3008 7
7ff88e4fe000 75 30 3115 7
7ff88e5b4000 71 30 3217 7
7ff88e4fd000 60 33 3311 7
7ff88e5b3000 47 27 3385 7
7ff88e2a2000 74 38 3498 8
3514 8
22 16 9 60 1 8 49 1 
0x428000
428000 36 20 57 0
57 0
0 0 0 0 0 0 0 0 
0x464000
464000 24 18 43 0
413000 17 17 78 0
7ff88e4fc000 83 33 194 2
7ff88e4fb000 74 65 334 4
7ff88e55d000 45 33 413 5
7ff88e55c000 52 36 502 5
7ff88e56f000 41 23 567 5
7ff88e562000 48 30 646 5
7ff88e33a000 66 61 774 6
7ff88e339000 64 89 927 6
7ff88e338000 102 57 1087 6
7ff88e4fa000 18 18 1123 6
7ff88e5b9000 37 28 1188 6
7ff88e5b8000 119 50 1358 6
7ff88e335000 85 72 1516 6
7ff88e5b7000 86 40 1642 6
7ff88e5b6000 74 27 1744 6
7ff88e5bb000 112 45 1902 6
7ff88e5ba000 74 34 2011 7
7ff88e32f000 57 30 2099 7
7ff88e32e000 50 19 2169 7
7ff88e32d000 46 18 2234 7
7ff88e5a9000 78 50 2363 7
7ff88e5a4000 74 49 2487 7
7ff88e4ff000 92 42 2622 7
7ff88e5b4000 70 30 2723 7
7ff88e5b3000 47 27 2798 7
7ff88e2a2000 74 39 2912 8
2925 8
18 18 13 70 2 8 49 1 
0x43a000
43a000 27 18 45 0
43f000 38 21 105 0
415000 21 17 144 0
413000 17 16 178 0
439000 31 19 229 0
417000 34 19 282 1
414000 21 17 321 1
425000 26 21 369 1
423000 36 19 425 1
7ff88e5a9000 78 50 554 6
7ff88e5a4000 74 49 678 6
7ff88e5b9000 37 27 743 6
7ff88e4fc000 84 33 861 6
7ff88e4fb000 74 65 1001 6
7ff88e55d000 45 33 1080 6
7ff88e55c000 52 36 1169 6
7ff88e56f000 41 23 1234 6
7ff88e562000 48 30 1313 6
7ff88e33a000 66 61 1441 7
7ff88e339000 64 89 1594 7
7ff88e338000 102 56 1753 7
7ff88e4fa000 18 17 1789 7
7ff88e565000 55 30 1875 7
7ff88e564000 35 20 1931 7
7ff88e55f000 61 25 2018 7
7ff88e55e000 57 23 2099 7
7ff88e559000 37 21 2160 7
7ff88e55a000 39 20 2221 7
7ff88e55b000 32 19 2274 7
7ff88e56b000 30 19 2324 7
7ff88e56a000 32 18 2375 7
7ff88e566000 64 31 2470 7
7ff88e567000 29 18 2518 7
7ff88e569000 33 18 2570 7
7ff88e568000 36 18 2625 7
7ff88e4fe000 75 31 2733 7
7ff88e5b4000 71 30 2835 7
7ff88e4fd000 59 33 2928 7
7ff88e5b3000 47 27 3003 7
7ff88e2a2000 74 38 3116 8
3131 8
22 15 9 60 1 8 49 1 
0x43f000
43f000 38 21 60 0
60 0
0 0 0 0 0 0 0 0 
0x439000
439000 31 19 51 0
51 0
0 0 0 0 0 0 0 0 
0x43b000
43b000 27 18 46 0
415000 22 17 85 0
413000 16 17 119 0
416000 21 17 158 0
417000 34 19 211 1
414000 21 17 250 1
46d000 171 41 463 1
46c000 120 32 616 1
418000 40 21 678 1
7ff88e5ba000 74 34 787 2
7ff88e5b8000 119 49 956 2
7ff88e335000 85 72 1114 4
7ff88e4fa000 18 17 1150 4
7ff88e5b7000 85 41 1277 4
7ff88e5b6000 75 26 1378 4
7ff88e5bb000 111 45 1535 4
7ff88e4fc000 84 33 1653 5
7ff88e4fb000 74 65 1793 6
7ff88e55d000 45 33 1872 7
7ff88e55c000 51 37 1961 7
7ff88e56f000 41 23 2026 7
7ff88e562000 47 31 2105 7
7ff88e33a000 66 61 2233 7
7ff88e339000 64 89 2386 7
7ff88e338000 102 56 2545 7
7ff88e5b9000 37 28 2611 7
7ff88e565000 56 29 2697 7
7ff88e564000 36 19 2753 7
7ff88e55f000 61 26 2841 7
7ff88e55e000 56 24 2922 7
7ff88e559000 38 20 2982 7
7ff88e55a000 39 20 3043 7
7ff88e55b000 32 19 3096 7
7ff88e56b000 30 19 3146 7
7ff88e56a000 32 18 3197 7
7ff88e566000 64 31 3292 7
7ff88e567000 29 18 3340 7
7ff88e569000 34 17 3392 7
7ff88e568000 36 18 3447 7
7ff88e4fe000 76 30 3555 7
7ff88e5b4000 70 31 3657 7
7ff88e4fd000 60 33 3750 7
7ff88e5b3000 47 27 3824 7
7ff88e5a9000 78 50 3953 7
7ff88e5a4000 74 50 4078 7
7ff88e4ff000 92 42 4212 7
7ff88e5d3000 50 25 4288 7
7ff88e5d2000 46 22 4357 7
7ff88e501000 62 26 4446 7
7ff88e500000 51 23 4520 7
7ff88e560000 64 27 4612 7
7ff88e561000 87 29 4729 7
7ff88e5ab000 59 36 4826 7
7ff88e5af000 55 25 4907 7
7ff88e5ad000 65 24 4997 8
5021 8
23 22 13 78 3 8 50 1 
0x43c000
43c000 18 18 36 0
415000 22 17 75 0
413000 17 16 109 0
46d000 172 42 324 0
46c000 121 32 477 0
417000 34 18 530 1
43b000 28 17 576 1
416000 22 16 615 1
414000 22 16 654 1
418000 40 22 717 1
7ff88e5ba000 75 34 827 2
7ff88e5b8000 120 49 997 2
7ff88e335000 86 72 1156 4
7ff88e4fa000 19 17 1192 4
7ff88e5b7000 86 40 1318 4
7ff88e5b6000 75 27 1421 4
7ff88e5bb000 112 45 1579 4
7ff88e4fc000 84 33 1697 5
7ff88e4fb000 75 64 1837 6
7ff88e55d000 46 33 1917 7
7ff88e55c000 52 37 2007 7
7ff88e56f000 41 23 2072 7
7ff88e562000 48 31 2152 7
7ff88e33a000 65 62 2280 7
7ff88e339000 64 90 2434 7
7ff88e338000 103 57 2594 7
7ff88e5b9000 37 28 2660 7
7ff88e565000 55 30 2747 7
7ff88e564000 36 20 2804 7
7ff88e55f000 62 25 2891 7
7ff88e55e000 57 23 2972 7
7ff88e559000 38 20 3033 7
7ff88e55a000 39 20 3094 7
7ff88e55b000 32 19 3147 7
7ff88e56b000 31 19 3198 7
7ff88e56a000 33 18 3249 7
7ff88e566000 64 32 3345 7
7ff88e567000 29 18 3393 7
7ff88e569000 34 18 3446 7
7ff88e568000 36 18 3500 7
7ff88e4fe000 75 30 3608 7
7ff88e5b4000 70 31 3710 7
7ff88e4fd000 60 33 3803 7
7ff88e5b3000 47 26 3877 7
7ff88e5a9000 77 51 4007 7
7ff88e5a4000 73 50 4131 7
7ff88e4ff000 92 41 4265 7
7ff88e5d3000 49 25 4341 7
7ff88e5d2000 45 22 4410 7
7ff88e501000 62 25 4498 7
7ff88e500000 50 23 4572 7
7ff88e560000 64 27 4664 7
7ff88e561000 86 30 4781 7
7ff88e5ab000 59 36 4877 7
7ff88e5af000 55 25 4958 7
7ff88e5ad000 64 24 5047 8
5073 8
23 22 13 78 3 8 50 1 
0x43d000
43d000 21 18 40 0
40 0
0 0 0 0 0 0 0 0 
0x45d000
45d000 36 22 59 1
7ff88e2c1000 56 61 177 3
415000 22 17 216 3
413000 17 17 250 3
416000 22 16 288 3
7ff88e5ab000 60 36 385 3
417000 34 19 438 4
7ff88e5a9000 77 51 567 7
7ff88e5a4000 73 49 690 7
7ff88e5b9000 37 28 756 7
7ff88e4fc000 83 33 873 7
7ff88e4fb000 74 64 1012 7
7ff88e55d000 46 33 1092 7
7ff88e55c000 51 37 1181 7
7ff88e56f000 41 23 1246 7
7ff88e562000 48 31 1325 7
7ff88e33a000 65 61 1452 8
1459 8
14 11 2 31 1 7 46 1 
0x45e000
45e000 47 21 68 0
68 0
0 0 0 0 0 0 0 0 
