0x403000
403000 58 24 83 0
7f66428e3000 68 83 235 2
402000 47 26 308 2
7f66428d1000 53 52 413 2
7f66428d0000 76 79 568 3
7f66428cf000 60 52 681 3
7f66427e5000 119 20 821 3
7f66428ce000 45 18 884 3
7f66428cd000 43 17 944 3
7f6642862000 81 62 1088 5
7f6642861000 83 42 1213 5
7f6642922000 97 38 1349 5
7f6642860000 60 32 1441 5
7f664285f000 80 34 1555 5
7f6642857000 146 42 1743 5
7f664285e000 91 27 1861 5
7f664285d000 66 38 1966 5
7f6642858000 60 46 2072 5
7f6642824000 55 25 2152 5
7f66428f2000 88 35 2275 5
7f66428f1000 106 31 2412 5
7f66428f0000 68 65 2545 5
7f66428ee000 73 24 2643 5
7f66428cc000 52 19 2715 5
7f66428cb000 48 21 2785 5
7f66428ca000 34 17 2837 5
7f66428c9000 45 21 2904 5
7f66428c8000 39 18 2962 5
7f66428c7000 42 21 3026 5
7f6642901000 52 22 3101 5
7f6642850000 59 29 3189 5
7f66428db000 59 49 3298 5
7f66428d7000 77 61 3436 5
7f66428d6000 57 71 3564 5
7f66428d9000 92 42 3699 5
7f66428d8000 60 57 3816 5
7f66428da000 48 36 3900 5
7f6642851000 76 43 4020 5
7f6642854000 100 43 4164 5
7f6642825000 31 26 4222 5
7f664284e000 46 24 4293 5
7f66428a6000 49 25 4367 5
7f66428a5000 55 49 4472 5
7f6642907000 44 27 4544 5
7f6642906000 57 34 4635 5
7f6642905000 47 30 4712 5
7f6642904000 62 30 4805 6
7f6642903000 85 29 4919 6
7f6642902000 55 27 5002 7
7f6642844000 57 27 5086 7
7f6642843000 56 23 5166 7
7f664284a000 83 38 5287 7
7f664287f000 65 58 5410 7
7f664287e000 61 87 5559 7
7f664287d000 96 54 5710 7
7f6642849000 30 27 5768 7
7f6642840000 85 31 5885 7
7f66427f6000 72 33 5991 7
7f66427f5000 36 24 6052 8
6055 8
33 35 17 48 2 2 1 38 
0x402000
402000 47 26 73 1
73 1
0 2 0 0 0 0 0 0 
0x40f000
40f000 93 23 117 0
117 0
0 0 0 0 0 0 0 0 
0x406000
406000 42 28 70 1
7f66428db000 59 49 179 3
7f66428d7000 77 60 317 3
7f66428d6000 57 71 445 3
7f66428d1000 53 52 551 3
7f66428d0000 76 79 706 4
7f66428cf000 61 52 819 4
7f66427e5000 119 20 958 4
7f66428ce000 45 18 1021 4
7f66428cd000 43 16 1080 4
7f6642862000 82 62 1225 5
7f6642861000 83 42 1350 5
7f6642922000 97 38 1486 5
7f6642860000 59 33 1578 5
7f664285f000 80 34 1692 5
7f6642857000 146 42 1880 5
7f664285e000 91 27 1998 5
7f664285d000 66 37 2102 5
7f6642858000 60 45 2208 5
7f6642824000 54 25 2288 5
7f66428f2000 88 35 2412 5
7f66428f1000 105 31 2548 5
7f66428f0000 68 66 2682 5
7f66428ee000 73 25 2780 5
7f66428cc000 52 20 2852 5
7f66428cb000 48 20 2921 5
7f66428ca000 35 17 2974 5
7f66428c9000 45 22 3042 5
7f66428c8000 39 18 3099 5
7f66428c7000 42 22 3164 5
7f6642901000 53 22 3239 5
7f66428e3000 68 82 3389 5
7f6642850000 59 29 3478 5
7f664284f000 47 35 3561 5
7f6642856000 80 42 3683 6
7f66428c5000 54 43 3781 6
7f6642849000 30 28 3839 6
7f6642855000 106 40 3985 6
7f6642839000 71 27 4084 6
7f664284e000 46 24 4155 6
7f66428ff000 67 48 4270 6
7f66428fe000 44 25 4339 6
7f66428fd000 38 23 4401 6
7f66428fc000 47 19 4467 6
7f6642907000 44 27 4539 6
7f6642906000 56 34 4630 6
7f6642905000 48 30 4708 6
7f6642904000 62 30 4800 7
7f6642903000 85 28 4914 7
7f6642902000 55 27 4997 8
5000 8
25 33 16 30 2 2 5 35 
0x404000
404000 26 16 42 0
402000 47 25 115 1
7f6642874000 56 28 200 1
7f6642873000 50 16 266 1
7f6642872000 44 16 327 1
7f66428db000 59 49 436 3
7f66428d7000 77 60 574 3
7f66428d6000 56 72 703 3
7f66428d1000 53 52 808 3
7f66428d0000 75 79 963 4
7f66428cf000 60 53 1077 4
7f66427e5000 119 20 1216 4
7f66428ce000 45 18 1279 4
7f66428cd000 43 16 1339 4
7f6642862000 82 61 1483 5
7f6642861000 84 42 1609 5
7f6642922000 98 37 1744 5
7f6642860000 59 32 1836 5
7f664285f000 79 34 1950 5
7f6642857000 145 43 2139 5
7f664285e000 91 27 2257 5
7f664285d000 66 38 2362 5
7f6642858000 60 45 2467 5
7f6642824000 55 25 2548 5
7f66428f2000 89 34 2671 5
7f66428f1000 105 31 2808 5
7f66428f0000 67 66 2942 5
7f66428ee000 74 24 3040 5
7f66428cc000 52 20 3113 5
7f66428cb000 47 21 3182 5
7f66428ca000 35 17 3235 5
7f66428c9000 45 21 3302 5
7f66428c8000 38 19 3360 5
7f66428c7000 42 21 3424 5
7f6642901000 52 22 3499 5
7f66428e3000 68 83 3650 5
7f6642850000 60 30 3740 5
7f664284f000 47 35 3822 5
7f6642856000 81 42 3945 6
7f66428c5000 54 42 4042 6
7f6642849000 30 27 4100 6
7f6642855000 106 41 4248 6
7f6642839000 71 28 4347 6
7f664284e000 46 25 4418 6
7f66428ff000 67 48 4533 6
7f66428fe000 45 25 4603 6
7f66428fd000 39 22 4664 6
7f66428fc000 47 19 4731 6
7f6642907000 44 27 4803 6
7f6642906000 56 34 4894 6
7f6642905000 48 30 4972 6
7f6642904000 63 30 5065 7
7f6642903000 85 30 5180 7
7f6642902000 56 26 5262 8
5266 8
25 37 16 27 2 2 5 35 
0x408000
408000 53 22 75 0
402000 47 26 149 1
40f000 94 23 266 1
407000 35 20 321 1
406000 41 29 392 2
7f66428db000 59 49 501 3
7f66428d7000 78 60 639 3
7f66428d6000 57 71 767 3
7f66428d1000 53 52 873 3
7f66428d0000 76 79 1028 4
7f66428cf000 60 52 1141 4
7f66427e5000 119 19 1280 4
7f66428ce000 45 18 1344 4
7f66428cd000 43 16 1403 4
7f6642862000 83 61 1548 5
7f6642861000 83 42 1674 5
7f6642922000 98 37 1809 5
7f6642860000 59 32 1901 5
7f664285f000 80 33 2015 5
7f6642857000 146 42 2204 5
7f664285e000 91 27 2323 5
7f664285d000 67 37 2427 5
7f6642858000 59 46 2533 5
7f6642824000 55 25 2613 5
7f66428f2000 88 35 2737 5
7f66428f1000 106 31 2874 5
7f66428f0000 68 65 3007 5
7f66428ee000 73 24 3105 5
7f66428cc000 52 19 3177 5
7f66428cb000 48 21 3247 5
7f66428ca000 34 18 3300 5
7f66428c9000 45 22 3367 5
7f66428c8000 39 19 3425 5
7f66428c7000 43 21 3489 5
7f6642901000 52 21 3563 5
7f66428e3000 68 83 3714 5
7f6642850000 59 29 3802 5
7f664284f000 47 35 3885 5
7f6642856000 80 42 4007 6
7f66428c5000 54 43 4105 6
7f6642849000 30 27 4162 6
7f6642855000 107 40 4310 6
7f6642839000 71 28 4409 6
7f664284e000 46 24 4479 6
7f66428ff000 66 48 4594 6
7f66428fe000 43 25 4663 6
7f66428fd000 38 23 4725 6
7f66428fc000 46 19 4791 6
7f6642907000 44 27 4863 6
7f6642906000 56 34 4954 6
7f6642905000 48 30 5032 6
7f6642904000 62 30 5124 7
7f6642903000 85 29 5239 7
7f6642902000 56 26 5321 8
5327 8
25 36 16 30 2 2 5 35 
0x407000
407000 35 19 54 1
406000 42 29 126 2
7f66428db000 59 49 235 3
7f66428d7000 78 60 373 3
7f66428d6000 56 71 501 3
7f66428d1000 53 52 607 3
7f66428d0000 76 79 762 4
7f66428cf000 60 52 875 4
7f66427e5000 119 19 1014 4
7f66428ce000 44 18 1077 4
7f66428cd000 43 16 1137 4
7f6642862000 82 61 1281 5
7f6642861000 84 42 1407 5
7f6642922000 98 37 1542 5
7f6642860000 59 32 1634 5
7f664285f000 80 33 1748 5
7f6642857000 145 43 1937 5
7f664285e000 91 27 2055 5
7f664285d000 67 37 2160 5
7f6642858000 59 46 2266 5
7f6642824000 55 25 2346 5
7f66428f2000 89 34 2469 5
7f66428f1000 105 31 2606 5
7f66428f0000 67 66 2740 5
7f66428ee000 73 25 2838 5
7f66428cc000 53 19 2910 5
7f66428cb000 48 21 2980 5
7f66428ca000 34 17 3032 5
7f66428c9000 45 22 3100 5
7f66428c8000 39 18 3157 5
7f66428c7000 42 22 3222 5
7f6642901000 51 22 3296 5
7f66428e3000 68 83 3447 5
7f6642850000 60 29 3536 5
7f664284f000 48 34 3618 5
7f6642856000 80 42 3741 6
7f66428c5000 54 43 3838 6
7f6642849000 31 27 3896 6
7f6642855000 107 40 4043 6
7f6642839000 71 28 4142 6
7f664284e000 47 24 4213 6
7f66428ff000 67 48 4328 6
7f66428fe000 44 25 4397 6
7f66428fd000 38 23 4459 6
7f66428fc000 47 19 4525 6
7f6642907000 44 27 4597 6
7f6642906000 57 34 4688 6
7f6642905000 48 29 4765 6
7f6642904000 62 31 4859 7
7f6642903000 85 29 4973 7
7f6642902000 55 27 5056 8
5060 8
25 34 16 30 2 2 5 35 
0x40e000
40e000 41 22 64 0
40d000 29 20 114 1
402000 47 26 188 2
7f6642862000 82 61 331 3
7f6642861000 83 42 457 4
7f6642922000 98 38 593 4
7f6642860000 59 32 684 4
7f664285f000 80 33 798 4
7f6642857000 145 43 987 5
7f664285e000 92 27 1106 5
7f664285d000 66 37 1210 5
7f6642858000 59 46 1316 5
7f66427e5000 120 19 1455 5
7f6642824000 56 25 1536 5
7f66428f2000 88 35 1659 5
7f66428f1000 106 31 1796 5
7f66428f0000 68 65 1929 5
7f66428ee000 74 24 2027 5
7f6642874000 56 28 2112 5
7f6642873000 50 16 2178 5
7f6642872000 45 16 2240 5
7f6642807000 46 38 2325 6
7f66428db000 59 49 2433 6
7f66428d7000 77 61 2572 6
7f66428d6000 56 72 2700 6
7f66428d1000 54 51 2805 6
7f66428d0000 76 79 2961 6
7f66428cf000 61 52 3074 6
7f66428ce000 44 18 3137 6
7f66428cd000 42 17 3197 6
7f66428cc000 51 20 3269 6
7f66428cb000 48 21 3339 6
7f66428ca000 34 17 3391 6
7f66428c9000 45 22 3459 6
7f66428c8000 39 18 3516 6
7f66428c7000 42 22 3581 6
7f6642901000 51 22 3655 6
7f66428e3000 68 83 3806 6
7f6642850000 59 30 3895 6
7f664284f000 47 35 3977 6
7f6642856000 81 42 4100 6
7f66428c5000 55 43 4198 6
7f6642849000 31 27 4256 6
7f6642855000 108 41 4405 6
7f6642839000 72 27 4504 6
7f664284e000 46 25 4576 6
7f66428ff000 67 48 4691 6
7f66428fe000 44 25 4761 6
7f66428fd000 38 23 4823 6
7f66428fc000 47 19 4890 6
7f6642907000 44 28 4963 6
7f6642906000 57 34 5054 6
7f6642905000 48 30 5132 6
7f6642904000 62 30 5225 7
7f6642903000 86 29 5341 7
7f6642902000 56 27 5424 8
5428 8
26 38 16 30 2 2 7 36 
0x40d000
40d000 29 20 50 1
402000 47 26 124 2
7f6642862000 83 61 268 3
7f6642861000 84 42 395 4
7f6642922000 98 38 532 4
7f6642860000 60 32 624 4
7f664285f000 81 34 739 4
7f6642857000 147 42 928 5
7f664285e000 91 27 1047 5
7f664285d000 66 38 1152 5
7f6642858000 60 46 1258 5
7f66427e5000 119 20 1397 5
7f6642824000 55 25 1477 5
7f66428f2000 88 35 1600 5
7f66428f1000 105 31 1737 5
7f66428f0000 67 65 1870 5
7f66428ee000 73 25 1969 5
7f6642874000 56 28 2053 5
7f6642873000 50 16 2119 5
7f6642872000 44 16 2180 5
7f6642807000 47 37 2265 6
7f66428db000 59 49 2373 6
7f66428d7000 77 60 2511 6
7f66428d6000 56 72 2640 6
7f66428d1000 53 52 2745 6
7f66428d0000 76 79 2900 6
7f66428cf000 60 52 3013 6
7f66428ce000 45 18 3077 6
7f66428cd000 43 16 3136 6
7f66428cc000 52 20 3209 6
7f66428cb000 47 21 3278 6
7f66428ca000 35 17 3331 6
7f66428c9000 45 22 3398 6
7f66428c8000 39 19 3456 6
7f66428c7000 43 21 3520 6
7f6642901000 52 21 3594 6
7f66428e3000 68 83 3746 6
7f6642850000 59 30 3835 6
7f664284f000 47 35 3917 6
7f6642856000 81 42 4040 6
7f66428c5000 54 43 4137 6
7f6642849000 31 27 4195 6
7f6642855000 107 40 4342 6
7f6642839000 72 27 4441 6
7f664284e000 46 25 4512 6
7f66428ff000 67 48 4627 6
7f66428fe000 44 25 4696 6
7f66428fd000 38 23 4758 6
7f66428fc000 47 19 4824 6
7f6642907000 44 28 4896 6
7f6642906000 57 33 4986 6
7f6642905000 47 30 5064 6
7f6642904000 62 30 5157 7
7f6642903000 84 29 5271 7
7f6642902000 55 27 5354 8
5357 8
26 38 16 30 2 2 7 36 
0x40c000
40c000 39 18 58 0
402000 47 25 131 1
40b000 46 29 207 1
40f000 94 23 325 1
7f6642874000 57 27 409 1
7f6642873000 49 16 475 1
7f6642872000 45 16 537 1
7f66428db000 59 49 646 3
7f66428d7000 77 61 784 3
7f66428d6000 56 72 912 3
7f66428d1000 54 51 1017 3
7f66428d0000 76 79 1173 4
7f66428cf000 61 52 1286 4
7f66427e5000 118 20 1425 4
7f66428ce000 45 18 1488 4
7f66428cd000 43 16 1547 4
7f6642862000 82 61 1691 5
7f6642861000 84 42 1818 5
7f6642922000 97 38 1953 5
7f6642860000 59 32 2045 5
7f664285f000 80 34 2159 5
7f6642857000 146 42 2347 5
7f664285e000 91 27 2465 5
7f664285d000 66 37 2569 5
7f6642858000 59 46 2675 5
7f6642824000 55 25 2755 5
7f66428f2000 88 34 2878 5
7f66428f1000 105 31 3015 5
7f66428f0000 68 65 3148 5
7f66428ee000 73 24 3246 5
7f66428cc000 52 19 3318 5
7f66428cb000 48 21 3388 5
7f66428ca000 34 17 3440 5
7f66428c9000 45 21 3507 5
7f66428c8000 39 18 3565 5
7f66428c7000 42 21 3629 5
7f6642901000 52 21 3703 5
7f66428e3000 68 83 3855 5
7f6642850000 59 30 3944 5
7f664284f000 47 35 4026 5
7f6642856000 81 42 4149 6
7f66428c5000 54 43 4246 6
7f6642849000 31 27 4304 6
7f6642855000 107 40 4451 6
7f6642839000 71 28 4550 6
7f664284e000 47 24 4621 6
7f66428ff000 67 48 4736 6
7f66428fe000 44 25 4806 6
7f66428fd000 38 23 4868 6
7f66428fc000 47 19 4935 6
7f6642907000 44 28 5008 6
7f6642906000 57 34 5099 6
7f6642905000 48 30 5177 6
7f6642904000 62 31 5271 7
7f6642903000 86 29 5386 7
7f6642902000 55 27 5469 8
5473 8
25 37 16 27 2 2 5 35 
0x40b000
40b000 47 30 77 0
402000 47 26 151 1
40f000 94 23 268 1
7f6642874000 57 27 352 1
7f6642873000 49 16 418 1
7f6642872000 44 16 479 1
7f66428db000 60 48 588 3
7f66428d7000 77 60 726 3
7f66428d6000 56 72 855 3
7f66428d1000 54 51 960 3
7f66428d0000 76 79 1116 4
7f66428cf000 61 52 1229 4
7f66427e5000 119 20 1368 4
7f66428ce000 44 18 1430 4
7f66428cd000 43 16 1490 4
7f6642862000 81 62 1634 5
7f6642861000 83 42 1759 5
7f6642922000 97 38 1895 5
7f6642860000 59 32 1986 5
7f664285f000 79 34 2100 5
7f6642857000 146 42 2288 5
7f664285e000 91 27 2407 5
7f664285d000 66 38 2511 5
7f6642858000 60 45 2616 5
7f6642824000 55 25 2697 5
7f66428f2000 88 34 2819 5
7f66428f1000 105 31 2956 5
7f66428f0000 68 65 3089 5
7f66428ee000 73 24 3187 5
7f66428cc000 52 19 3259 5
7f66428cb000 48 21 3329 5
7f66428ca000 34 17 3381 5
7f66428c9000 44 22 3448 5
7f66428c8000 38 19 3506 5
7f66428c7000 43 21 3570 5
7f6642901000 52 21 3644 5
7f66428e3000 67 83 3795 5
7f6642850000 60 29 3884 5
7f664284f000 47 35 3966 5
7f6642856000 81 42 4089 6
7f66428c5000 54 43 4186 6
7f6642849000 30 28 4244 6
7f6642855000 106 40 4390 6
7f6642839000 71 27 4489 6
7f664284e000 47 24 4560 6
7f66428ff000 67 48 4675 6
7f66428fe000 44 25 4744 6
7f66428fd000 38 23 4806 6
7f66428fc000 47 19 4872 6
7f6642907000 43 28 4944 6
7f6642906000 57 33 5034 6
7f6642905000 47 30 5112 6
7f6642904000 62 30 5204 7
7f6642903000 85 29 5319 7
7f6642902000 55 27 5401 8
5403 8
25 37 16 27 2 2 5 35 
0x40a000
40a000 33 20 54 1
7f66428db000 59 49 163 3
7f66428d7000 77 60 301 3
7f66428d6000 56 71 429 3
7f66428d1000 53 52 535 3
7f66428d0000 76 79 690 4
7f66428cf000 60 52 803 4
7f66427e5000 119 19 942 4
7f66428ce000 44 18 1005 4
7f66428cd000 43 16 1065 4
7f6642862000 81 62 1209 5
7f6642861000 83 42 1335 5
7f6642922000 98 37 1470 5
7f6642860000 59 32 1562 5
7f664285f000 79 34 1676 5
7f6642857000 145 42 1864 5
7f664285e000 91 27 1983 5
7f664285d000 67 37 2087 5
7f6642858000 59 46 2193 5
7f6642824000 55 25 2273 5
7f66428f2000 89 34 2396 5
7f66428f1000 105 31 2533 5
7f66428f0000 67 65 2666 5
7f66428ee000 73 24 2764 5
7f66428cc000 51 20 2836 5
7f66428cb000 47 21 2905 5
7f66428ca000 35 17 2958 5
7f66428c9000 44 22 3025 5
7f66428c8000 38 19 3083 5
7f66428c7000 42 21 3147 5
7f6642901000 52 21 3221 5
7f66428e3000 67 83 3372 5
7f6642850000 60 29 3461 5
7f664284f000 47 35 3543 5
7f6642856000 81 42 3666 6
7f66428c5000 54 43 3763 6
7f6642849000 30 27 3820 6
7f6642855000 106 40 3967 6
7f6642839000 71 27 4066 6
7f664284e000 46 24 4137 6
7f66428ff000 67 48 4252 6
7f66428fe000 44 25 4321 6
7f66428fd000 38 23 4383 6
7f66428fc000 47 19 4449 6
7f6642907000 44 28 4521 6
7f6642906000 57 33 4611 6
7f6642905000 48 30 4690 6
7f6642904000 62 31 4784 7
7f6642903000 93 29 4906 7
7f6642902000 55 27 4989 8
4992 8
25 33 16 28 2 2 5 35 
0x409000
409000 50 28 78 0
402000 47 26 152 1
7f66428db000 63 56 271 3
7f66428d7000 78 60 409 3
7f66428d6000 56 72 538 3
7f66428d1000 54 51 643 3
7f66428d0000 77 79 799 4
7f66428cf000 61 53 913 4
7f66427e5000 122 20 1055 4
7f66428ce000 45 18 1119 4
7f66428cd000 43 16 1178 4
7f6642862000 82 61 1322 5
7f6642861000 83 42 1448 5
7f6642922000 97 38 1584 5
7f6642860000 60 32 1676 5
7f664285f000 80 34 1790 5
7f6642857000 146 43 1979 5
7f664285e000 91 27 2097 5
7f664285d000 67 37 2201 5
7f6642858000 59 46 2307 5
7f6642824000 55 25 2387 5
7f66428f2000 88 35 2511 5
7f66428f1000 105 31 2647 5
7f66428f0000 67 65 2780 5
7f66428ee000 73 24 2878 5
7f66428cc000 51 20 2950 5
7f66428cb000 48 21 3020 5
7f66428ca000 34 17 3072 5
7f66428c9000 45 21 3139 5
7f66428c8000 38 19 3197 5
7f66428c7000 42 21 3261 5
7f6642901000 52 21 3335 5
7f66428e3000 68 82 3486 5
7f6642850000 59 29 3575 5
7f664284f000 47 35 3658 5
7f6642856000 81 42 3781 6
7f66428c5000 55 42 3878 6
7f6642849000 30 27 3936 6
7f6642855000 106 40 4083 6
7f6642839000 71 28 4182 6
7f664284e000 46 24 4252 6
7f66428ff000 67 48 4368 6
7f66428fe000 44 25 4437 6
7f66428fd000 39 22 4498 6
7f66428fc000 46 20 4565 6
7f6642907000 44 27 4636 6
7f6642906000 57 33 4727 6
7f6642905000 47 30 4805 6
7f6642904000 62 31 4898 7
7f6642903000 85 29 5012 7
7f6642902000 55 27 5095 8
5098 8
25 35 16 27 2 2 5 35 
0x405000
405000 37 20 58 0
7f66428db000 59 49 167 3
7f66428d7000 77 60 305 3
7f66428d6000 56 72 434 3
7f66428d1000 53 52 539 3
7f66428d0000 76 79 694 4
7f66428cf000 60 52 807 4
7f66427e5000 119 20 947 4
7f66428ce000 45 18 1010 4
7f66428cd000 43 16 1069 4
7f6642862000 81 62 1213 5
7f6642861000 84 42 1339 5
7f6642922000 97 38 1474 5
7f6642860000 60 32 1566 5
7f664285f000 80 33 1679 5
7f6642857000 146 42 1868 5
7f664285e000 91 27 1986 5
7f664285d000 66 38 2091 5
7f6642858000 60 45 2196 5
7f6642824000 55 24 2276 5
7f66428f2000 88 35 2400 5
7f66428f1000 105 31 2536 5
7f66428f0000 67 65 2669 5
7f66428ee000 73 24 2767 5
7f66428cc000 52 19 2839 5
7f66428cb000 48 21 2909 5
7f66428ca000 34 17 2961 5
7f66428c9000 45 21 3028 5
7f66428c8000 39 18 3086 5
7f66428c7000 42 21 3150 5
7f6642901000 52 22 3225 5
7f66428e3000 68 82 3375 5
7f6642850000 59 29 3464 5
7f664284f000 48 34 3546 5
7f6642856000 80 42 3669 6
7f66428c5000 55 42 3766 6
7f6642849000 31 27 3824 6
7f6642855000 106 41 3971 6
7f6642839000 71 27 4069 6
7f664284e000 46 24 4140 6
7f66428ff000 66 48 4255 6
7f66428fe000 43 25 4324 6
7f66428fd000 38 23 4386 6
7f66428fc000 47 19 4452 6
7f6642907000 44 27 4524 6
7f6642906000 57 34 4615 6
7f6642905000 48 29 4692 6
7f6642904000 62 30 4785 7
7f6642903000 85 29 4899 7
7f6642902000 55 27 4982 8
4985 8
25 33 16 27 2 2 5 35 
