0x558aeff03000
558aeff03000 75 22 98 0
558aeff98000 987 158 1244 0
558aeff02000 55 20 1320 0
558aefea9000 54 21 1396 0
558aefda2000 17 15 1429 0
558aeff46000 55 21 1505 0
558aeff45000 50 21 1577 0
558aeff95000 985 167 2730 0
558aeff97000 985 164 3880 0
558aeff61000 56 24 3961 1
7f3bac369000 44 17 4023 1
7f3bac368000 40 19 4083 1
7f3bac365000 52 25 4161 2
7f3bac362000 51 25 4238 2
7f3bac3f1000 95 41 4375 2
7f3bac3f0000 95 38 4509 2
7f3bac2b3000 118 19 4646 2
7f3bac3c0000 87 35 4768 3
7f3bac3bf000 104 30 4902 3
7f3bac3be000 67 65 5035 3
7f3bac3bc000 72 24 5132 3
7f3bac2c4000 72 32 5236 4
7f3bac2c3000 36 23 5296 5
7f3bac2c2000 51 21 5369 5
7f3bac2c1000 81 30 5480 5
7f3bac2c0000 33 19 5532 5
7f3bac2b8000 45 23 5600 5
7f3bac2b7000 41 26 5668 5
7f3bac2b6000 60 20 5749 5
7f3bac313000 71 34 5855 7
7f3bac320000 82 31 5969 7
7f3bac31f000 74 43 6087 7
7f3bac3a4000 56 72 6215 7
7f3bac39f000 54 51 6320 7
7f3bac39e000 76 78 6474 7
7f3bac39d000 60 52 6587 7
7f3bac39c000 45 17 6649 7
7f3bac39b000 42 16 6708 7
7f3bac330000 81 61 6851 7
7f3bac32f000 82 42 6976 7
7f3bac32e000 59 32 7067 7
7f3bac32d000 79 33 7179 7
7f3bac325000 143 42 7365 7
7f3bac32c000 90 26 7482 7
7f3bac32b000 65 37 7585 7
7f3bac326000 59 45 7690 7
7f3bac2f2000 54 25 7770 7
7f3bac39a000 52 19 7841 7
7f3bac399000 47 21 7910 7
7f3bac398000 34 17 7962 7
7f3bac397000 44 21 8028 7
7f3bac396000 38 19 8086 7
7f3bac395000 42 21 8149 7
7f3bac3cf000 51 21 8222 7
7f3bac3b1000 67 83 8373 7
7f3bac31e000 59 29 8461 7
7f3bac3a9000 59 49 8569 7
7f3bac3a5000 77 60 8706 7
7f3bac3a8000 47 37 8791 7
7f3bac322000 99 43 8933 7
7f3bac3a7000 92 42 9067 7
7f3bac3a6000 60 56 9183 7
7f3bac2f3000 31 26 9241 7
7f3bac31c000 46 24 9311 7
7f3bac374000 48 26 9385 7
7f3bac373000 55 49 9489 7
7f3bac3d5000 44 27 9560 7
7f3bac3d4000 56 33 9650 7
7f3bac3d3000 47 29 9727 7
7f3bac3d2000 61 30 9819 8
9828 8
23 35 8 29 1 2 7 40 
0x558aeff98000
558aeff98000 985 158 1144 0
1145 0
0 0 0 0 0 0 0 0 
0x558aeff02000
558aeff02000 55 21 77 0
558aefea9000 54 21 153 0
558aefda2000 17 14 185 0
558aeff98000 982 158 1326 0
558aeff46000 55 21 1403 0
558aeff45000 50 21 1475 0
558aeff95000 984 167 2627 0
558aeff97000 983 164 3775 0
558aeff61000 56 24 3857 1
7f3bac369000 45 17 3919 1
7f3bac368000 40 19 3979 1
7f3bac365000 52 25 4057 2
7f3bac362000 51 25 4134 2
7f3bac3f1000 95 41 4271 2
7f3bac3f0000 95 38 4405 2
7f3bac2b3000 117 19 4541 2
7f3bac3c0000 87 34 4663 3
7f3bac3bf000 103 31 4798 3
7f3bac3be000 68 65 4931 3
7f3bac3bc000 73 24 5028 3
7f3bac2c4000 72 32 5132 4
7f3bac2c3000 37 23 5192 5
7f3bac2c2000 51 21 5264 5
7f3bac2c1000 80 31 5376 5
7f3bac2c0000 33 18 5427 5
7f3bac2b8000 44 24 5496 5
7f3bac2b7000 41 26 5564 5
7f3bac2b6000 60 21 5645 5
7f3bac313000 71 35 5751 7
7f3bac320000 83 31 5865 7
7f3bac31f000 75 43 5983 7
7f3bac3a4000 56 72 6111 7
7f3bac39f000 53 52 6216 7
7f3bac39e000 75 79 6370 7
7f3bac39d000 60 52 6483 7
7f3bac39c000 44 18 6545 7
7f3bac39b000 43 16 6604 7
7f3bac330000 81 61 6747 7
7f3bac32f000 83 41 6871 7
7f3bac32e000 59 31 6962 7
7f3bac32d000 78 34 7075 7
7f3bac325000 144 42 7261 7
7f3bac32c000 90 26 7377 7
7f3bac32b000 65 38 7481 7
7f3bac326000 59 45 7585 7
7f3bac2f2000 54 25 7665 7
7f3bac39a000 52 19 7736 7
7f3bac399000 47 20 7804 7
7f3bac398000 34 17 7856 7
7f3bac397000 44 22 7923 7
7f3bac396000 39 18 7980 7
7f3bac395000 42 21 8043 7
7f3bac3cf000 52 21 8117 7
7f3bac3b1000 68 82 8267 7
7f3bac31e000 58 29 8355 7
7f3bac3a9000 58 49 8463 7
7f3bac3a5000 77 60 8600 7
7f3bac3a8000 47 36 8684 7
7f3bac322000 99 42 8826 7
7f3bac3a7000 92 41 8960 7
7f3bac3a6000 60 56 9076 7
7f3bac2f3000 31 26 9134 7
7f3bac31c000 46 24 9204 7
7f3bac374000 48 25 9277 7
7f3bac373000 55 49 9382 7
7f3bac3d5000 44 27 9453 7
7f3bac3d4000 56 33 9542 7
7f3bac3d3000 47 29 9619 7
7f3bac3d2000 61 30 9711 8
9719 8
23 35 8 29 1 2 7 40 
0x558aefea9000
558aefea9000 55 21 76 0
558aefda2000 18 14 108 0
558aeff98000 984 158 1250 0
558aeff46000 55 21 1327 0
558aeff45000 50 21 1399 0
558aeff95000 984 167 2551 0
558aeff97000 984 164 3700 0
558aeff61000 57 24 3782 1
7f3bac369000 45 18 3845 1
7f3bac368000 40 19 3904 1
7f3bac365000 52 25 3982 2
7f3bac362000 52 25 4059 2
7f3bac3f1000 95 41 4196 2
7f3bac3f0000 96 37 4330 2
7f3bac2b3000 118 19 4467 2
7f3bac3c0000 87 34 4588 3
7f3bac3bf000 104 30 4723 3
7f3bac3be000 67 65 4856 3
7f3bac3bc000 72 24 4953 3
7f3bac2c4000 72 32 5057 4
7f3bac2c3000 36 23 5117 5
7f3bac2c2000 52 20 5189 5
7f3bac2c1000 81 30 5301 5
7f3bac2c0000 33 18 5353 5
7f3bac2b8000 45 24 5422 5
7f3bac2b7000 41 26 5489 5
7f3bac2b6000 60 21 5571 5
7f3bac313000 71 35 5677 7
7f3bac320000 83 30 5790 7
7f3bac31f000 75 42 5908 7
7f3bac3a4000 56 71 6036 7
7f3bac39f000 53 51 6141 7
7f3bac39e000 76 79 6297 7
7f3bac39d000 60 52 6409 7
7f3bac39c000 44 18 6472 7
7f3bac39b000 43 15 6530 7
7f3bac330000 81 61 6673 7
7f3bac32f000 82 42 6798 7
7f3bac32e000 59 32 6889 7
7f3bac32d000 79 34 7002 7
7f3bac325000 143 43 7188 7
7f3bac32c000 91 27 7306 7
7f3bac32b000 66 38 7411 7
7f3bac326000 60 46 7517 7
7f3bac2f2000 55 25 7597 7
7f3bac39a000 53 19 7669 7
7f3bac399000 48 21 7739 7
7f3bac398000 34 17 7791 7
7f3bac397000 45 22 7859 7
7f3bac396000 39 18 7916 7
7f3bac395000 43 21 7981 7
7f3bac3cf000 52 21 8055 7
7f3bac3b1000 69 83 8208 7
7f3bac31e000 60 29 8297 7
7f3bac3a9000 60 49 8406 7
7f3bac3a5000 77 61 8545 7
7f3bac3a8000 48 36 8630 7
7f3bac322000 100 43 8774 7
7f3bac3a7000 94 41 8909 7
7f3bac3a6000 60 57 9027 7
7f3bac2f3000 32 26 9085 7
7f3bac31c000 46 24 9156 7
7f3bac374000 49 26 9231 7
7f3bac373000 56 49 9336 7
7f3bac3d5000 43 28 9408 7
7f3bac3d4000 56 33 9497 7
7f3bac3d3000 47 29 9574 7
7f3bac3d2000 61 30 9666 8
9673 8
23 35 8 29 1 2 7 40 
0x558aefda2000
558aefda2000 17 14 31 0
31 0
0 0 0 0 0 0 0 0 
0x558aeff46000
558aeff46000 55 21 76 0
558aeff98000 984 158 1219 0
558aeff45000 50 21 1291 0
558aeff95000 984 167 2443 0
558aeff97000 984 165 3593 0
558aeff61000 56 24 3674 1
7f3bac369000 44 17 3736 1
7f3bac368000 39 20 3796 1
7f3bac365000 51 26 3874 2
7f3bac362000 52 25 3951 2
7f3bac3f1000 95 42 4088 2
7f3bac3f0000 97 37 4222 2
7f3bac2b3000 119 19 4360 2
7f3bac3c0000 87 35 4482 3
7f3bac3bf000 104 31 4617 3
7f3bac3be000 67 66 4750 3
7f3bac3bc000 72 24 4846 3
7f3bac2c4000 71 32 4950 4
7f3bac2c3000 36 23 5010 5
7f3bac2c2000 51 21 5083 5
7f3bac2c1000 81 30 5194 5
7f3bac2c0000 33 18 5246 5
7f3bac2b8000 44 24 5315 5
7f3bac2b7000 41 26 5382 5
7f3bac2b6000 60 21 5464 5
7f3bac313000 71 34 5569 7
7f3bac320000 82 31 5683 7
7f3bac31f000 74 43 5801 7
7f3bac3a4000 56 71 5929 7
7f3bac39f000 53 51 6034 7
7f3bac39e000 75 79 6189 7
7f3bac39d000 61 52 6302 7
7f3bac39c000 45 17 6364 7
7f3bac39b000 42 16 6423 7
7f3bac330000 81 61 6566 7
7f3bac32f000 82 42 6690 7
7f3bac32e000 58 32 6781 7
7f3bac32d000 78 34 6894 7
7f3bac325000 143 42 7079 7
7f3bac32c000 89 27 7196 7
7f3bac32b000 65 38 7300 7
7f3bac326000 59 45 7404 7
7f3bac2f2000 55 24 7484 7
7f3bac39a000 52 19 7555 7
7f3bac399000 47 21 7624 7
7f3bac398000 34 17 7676 7
7f3bac397000 45 21 7742 7
7f3bac396000 38 18 7799 7
7f3bac395000 42 21 7863 7
7f3bac3cf000 51 21 7936 7
7f3bac3b1000 68 82 8086 7
7f3bac31e000 59 29 8175 7
7f3bac3a9000 59 48 8282 7
7f3bac3a5000 76 61 8420 7
7f3bac3a8000 48 36 8504 7
7f3bac322000 99 43 8646 7
7f3bac3a7000 92 41 8779 7
7f3bac3a6000 59 57 8896 7
7f3bac2f3000 32 25 8953 7
7f3bac31c000 46 23 9023 7
7f3bac374000 48 25 9097 7
7f3bac373000 55 48 9201 7
7f3bac3d5000 44 27 9273 7
7f3bac3d4000 56 33 9362 7
7f3bac3d3000 47 29 9439 7
7f3bac3d2000 61 30 9531 8
9537 8
23 35 8 29 1 2 7 40 
0x558aeff45000
558aeff45000 50 21 71 0
558aeff98000 983 158 1213 0
558aeff95000 983 168 2365 0
558aeff97000 984 165 3515 0
558aeff61000 57 23 3595 1
7f3bac369000 45 17 3658 1
7f3bac368000 39 20 3718 1
7f3bac365000 52 26 3796 2
7f3bac362000 52 25 3873 2
7f3bac3f1000 95 42 4010 2
7f3bac3f0000 96 38 4144 2
7f3bac2b3000 118 19 4281 2
7f3bac3c0000 87 35 4403 3
7f3bac3bf000 104 31 4538 3
7f3bac3be000 67 66 4671 3
7f3bac3bc000 72 25 4768 3
7f3bac2c4000 72 32 4872 4
7f3bac2c3000 36 24 4932 5
7f3bac2c2000 51 21 5004 5
7f3bac2c1000 81 30 5116 5
7f3bac2c0000 33 19 5168 5
7f3bac2b8000 44 24 5236 5
7f3bac2b7000 41 26 5304 5
7f3bac2b6000 60 21 5385 5
7f3bac313000 71 34 5491 7
7f3bac320000 82 31 5605 7
7f3bac31f000 74 43 5723 7
7f3bac3a4000 56 72 5852 7
7f3bac39f000 53 52 5958 7
7f3bac39e000 77 79 6114 7
7f3bac39d000 61 52 6227 7
7f3bac39c000 44 18 6290 7
7f3bac39b000 42 16 6349 7
7f3bac330000 82 62 6494 7
7f3bac32f000 82 42 6618 7
7f3bac32e000 59 32 6709 7
7f3bac32d000 79 33 6821 7
7f3bac325000 143 42 7007 7
7f3bac32c000 89 27 7124 7
7f3bac32b000 65 38 7227 7
7f3bac326000 59 46 7332 7
7f3bac2f2000 54 25 7411 7
7f3bac39a000 52 19 7482 7
7f3bac399000 47 21 7551 7
7f3bac398000 35 17 7603 7
7f3bac397000 45 21 7669 7
7f3bac396000 38 18 7726 7
7f3bac395000 42 20 7789 7
7f3bac3cf000 52 21 7863 7
7f3bac3b1000 68 82 8013 7
7f3bac31e000 59 28 8101 7
7f3bac3a9000 59 48 8209 7
7f3bac3a5000 76 60 8346 7
7f3bac3a8000 47 37 8431 7
7f3bac322000 99 43 8573 7
7f3bac3a7000 92 41 8706 7
7f3bac3a6000 59 57 8823 7
7f3bac2f3000 32 26 8881 7
7f3bac31c000 46 23 8950 7
7f3bac374000 48 25 9024 7
7f3bac373000 55 49 9129 7
7f3bac3d5000 44 27 9200 7
7f3bac3d4000 56 33 9289 7
7f3bac3d3000 47 30 9367 7
7f3bac3d2000 62 29 9458 8
9463 8
23 35 8 29 1 2 7 40 
0x558aeff95000
558aeff95000 986 168 1154 0
1154 0
0 0 0 0 0 0 0 0 
0x558aeff97000
558aeff97000 986 165 1151 0
558aeff61000 57 24 1232 1
558aeff98000 983 159 2375 1
7f3bac369000 45 17 2437 1
7f3bac368000 39 20 2497 1
7f3bac365000 52 25 2575 2
7f3bac362000 52 25 2652 2
7f3bac3f1000 96 41 2789 2
7f3bac3f0000 96 37 2923 2
7f3bac2b3000 117 19 3060 2
7f3bac3c0000 87 34 3182 3
7f3bac3bf000 104 31 3318 3
7f3bac3be000 67 65 3450 3
7f3bac3bc000 72 24 3547 3
7f3bac2c4000 71 32 3651 4
7f3bac2c3000 36 23 3711 5
7f3bac2c2000 51 21 3784 5
7f3bac2c1000 81 30 3895 5
7f3bac2c0000 33 18 3947 5
7f3bac2b8000 45 24 4016 5
7f3bac2b7000 41 26 4083 5
7f3bac2b6000 60 21 4165 5
7f3bac313000 72 35 4272 7
7f3bac320000 83 31 4387 7
7f3bac31f000 75 43 4506 7
7f3bac3a4000 57 72 4635 7
7f3bac39f000 54 51 4740 7
7f3bac39e000 76 80 4897 7
7f3bac39d000 63 55 5015 7
7f3bac39c000 44 18 5078 7
7f3bac39b000 43 16 5137 7
7f3bac330000 82 61 5281 7
7f3bac32f000 82 42 5406 7
7f3bac32e000 59 32 5498 7
7f3bac32d000 79 34 5612 7
7f3bac325000 145 42 5799 7
7f3bac32c000 91 26 5916 7
7f3bac32b000 66 37 6020 7
7f3bac326000 60 45 6126 7
7f3bac2f2000 55 25 6207 7
7f3bac39a000 52 19 6278 7
7f3bac399000 47 21 6347 7
7f3bac398000 34 18 6400 7
7f3bac397000 45 21 6466 7
7f3bac396000 38 19 6524 7
7f3bac395000 43 21 6588 7
7f3bac3cf000 52 22 6662 7
7f3bac3b1000 69 82 6813 7
7f3bac31e000 59 29 6902 7
7f3bac3a9000 59 49 7011 7
7f3bac3a5000 77 61 7149 7
7f3bac3a8000 48 37 7234 7
7f3bac322000 100 44 7378 7
7f3bac3a7000 93 41 7512 7
7f3bac3a6000 59 57 7629 7
7f3bac2f3000 32 25 7686 7
7f3bac31c000 46 23 7756 7
7f3bac374000 48 25 7830 7
7f3bac373000 55 49 7935 7
7f3bac3d5000 45 27 8007 7
7f3bac3d4000 57 33 8097 7
7f3bac3d3000 48 32 8178 7
7f3bac3d2000 65 30 8273 8
8277 8
23 35 8 29 1 2 7 40 
0x558aeff61000
558aeff61000 56 24 81 1
558aeff98000 1005 158 1245 1
7f3bac369000 45 17 1308 1
7f3bac368000 40 19 1368 1
7f3bac365000 52 26 1447 2
7f3bac362000 52 25 1524 2
7f3bac3f1000 96 41 1662 2
7f3bac3f0000 96 38 1797 2
7f3bac2b3000 119 19 1935 2
7f3bac3c0000 88 34 2057 3
7f3bac3bf000 104 31 2193 3
7f3bac3be000 67 69 2330 3
7f3bac3bc000 73 25 2428 3
7f3bac2c4000 72 32 2532 4
7f3bac2c3000 36 24 2593 5
7f3bac2c2000 51 21 2665 5
7f3bac2c1000 81 30 2777 5
7f3bac2c0000 33 19 2829 5
7f3bac2b8000 44 24 2897 5
7f3bac2b7000 41 26 2965 5
7f3bac2b6000 62 21 3049 5
7f3bac313000 73 35 3158 7
7f3bac320000 84 30 3272 7
7f3bac31f000 75 43 3391 7
7f3bac3a4000 56 72 3519 7
7f3bac39f000 54 51 3624 7
7f3bac39e000 77 81 3782 7
7f3bac39d000 61 53 3897 7
7f3bac39c000 45 17 3959 7
7f3bac39b000 42 16 4018 7
7f3bac330000 81 61 4161 7
7f3bac32f000 93 47 4302 7
7f3bac32e000 60 32 4395 7
7f3bac32d000 79 34 4508 7
7f3bac325000 144 42 4694 7
7f3bac32c000 90 27 4811 7
7f3bac32b000 65 38 4914 7
7f3bac326000 59 46 5019 7
7f3bac2f2000 55 24 5098 7
7f3bac39a000 52 20 5171 7
7f3bac399000 51 21 5244 7
7f3bac398000 40 17 5302 7
7f3bac397000 44 22 5369 7
7f3bac396000 38 19 5426 7
7f3bac395000 42 21 5489 7
7f3bac3cf000 51 22 5563 7
7f3bac3b1000 71 89 5723 7
7f3bac31e000 59 29 5811 7
7f3bac3a9000 59 49 5920 7
7f3bac3a5000 78 62 6060 7
7f3bac3a8000 55 41 6156 7
7f3bac322000 100 43 6299 7
7f3bac3a7000 92 42 6434 7
7f3bac3a6000 60 56 6550 7
7f3bac2f3000 32 26 6609 7
7f3bac31c000 46 24 6679 7
7f3bac374000 48 25 6753 7
7f3bac373000 55 49 6858 7
7f3bac3d5000 44 27 6930 7
7f3bac3d4000 56 34 7020 7
7f3bac3d3000 48 29 7097 7
7f3bac3d2000 63 30 7191 8
7194 8
23 35 8 29 1 2 7 40 
0x558aefda3000
558aefda3000 22 15 37 0
558aefda2000 18 15 71 0
71 0
0 0 0 0 0 0 0 0 
0x558aefdaa000
558aefdaa000 60 24 84 0
7f3bac32b000 66 37 187 2
558aefda2000 17 14 219 2
558aeff95000 988 167 1374 2
558aeff97000 992 165 2532 2
558aeff61000 57 24 2614 3
558aeff98000 995 159 3769 3
7f3bac369000 44 18 3832 3
7f3bac368000 40 19 3892 3
7f3bac365000 53 25 3971 3
7f3bac362000 52 25 4049 3
7f3bac3f1000 96 42 4187 3
7f3bac3f0000 97 37 4322 3
7f3bac2b3000 118 20 4461 3
7f3bac3c0000 88 35 4584 4
7f3bac3bf000 105 31 4720 4
7f3bac3be000 68 66 4854 4
7f3bac3bc000 73 25 4952 4
7f3bac2c4000 72 32 5056 4
7f3bac2c3000 36 24 5117 5
7f3bac2c2000 52 21 5190 5
7f3bac2c1000 81 31 5303 5
7f3bac2c0000 34 18 5355 5
7f3bac2b8000 44 24 5424 5
7f3bac2b7000 42 26 5493 5
7f3bac2b6000 61 21 5575 5
7f3bac313000 72 35 5682 7
7f3bac320000 84 31 5797 7
7f3bac31f000 76 43 5916 7
7f3bac3a4000 57 71 6044 7
7f3bac39f000 54 51 6150 7
7f3bac39e000 76 79 6306 7
7f3bac39d000 60 53 6420 7
7f3bac39c000 45 17 6482 7
7f3bac39b000 43 16 6542 7
7f3bac330000 81 62 6686 7
7f3bac32f000 83 42 6811 7
7f3bac32e000 59 32 6903 7
7f3bac32d000 80 34 7017 7
7f3bac325000 145 42 7204 7
7f3bac32c000 90 27 7322 7
7f3bac326000 60 46 7428 7
7f3bac2f2000 55 25 7508 7
7f3bac39a000 52 20 7580 7
7f3bac399000 47 21 7649 7
7f3bac398000 34 17 7701 7
7f3bac397000 45 21 7768 7
7f3bac396000 39 18 7826 7
7f3bac395000 42 21 7890 7
7f3bac3cf000 52 21 7964 7
7f3bac3b1000 68 83 8116 7
7f3bac31e000 60 29 8205 7
7f3bac3a9000 59 49 8313 7
7f3bac3a5000 77 61 8452 7
7f3bac3a8000 48 36 8536 7
7f3bac322000 100 43 8680 7
7f3bac3a7000 93 41 8814 7
7f3bac3a6000 59 57 8931 7
7f3bac2f3000 32 26 8989 7
7f3bac31c000 46 26 9062 7
7f3bac374000 50 25 9137 7
7f3bac373000 55 49 9242 7
7f3bac3d5000 44 27 9313 7
7f3bac3d4000 56 34 9403 7
7f3bac3d3000 48 31 9482 7
7f3bac3d2000 71 33 9586 8
9591 8
23 35 8 29 1 2 7 40 
0x558aefedf000
558aefedf000 51 21 72 0
558aeff2d000 66 23 162 0
558aefda2000 17 15 195 0
558aeff93000 953 154 1302 0
558aeff98000 992 159 2454 0
558aefddd000 70 26 2550 0
558aefddc000 49 17 2616 0
558aeff95000 997 169 3782 0
558aefddb000 36 16 3835 0
558aefdda000 28 17 3881 0
7f3bac33b000 75 22 3979 0
558aeff97000 1011 165 5156 0
558aeff61000 57 24 5238 1
7f3bac369000 44 18 5301 1
7f3bac368000 40 20 5361 1
7f3bac365000 52 26 5440 2
7f3bac362000 52 31 5523 2
7f3bac3f1000 96 42 5661 2
7f3bac3f0000 97 37 5795 2
7f3bac2b3000 118 19 5933 2
7f3bac3c0000 88 34 6056 3
7f3bac3bf000 110 31 6197 3
7f3bac3be000 67 66 6331 3
7f3bac3bc000 73 25 6429 3
7f3bac2c4000 72 32 6533 4
7f3bac2c3000 36 24 6594 5
7f3bac2c2000 52 21 6667 5
7f3bac2c1000 86 31 6784 5
7f3bac2c0000 33 19 6836 5
7f3bac2b8000 45 24 6905 5
7f3bac2b7000 42 26 6973 5
7f3bac2b6000 61 21 7055 5
7f3bac313000 72 35 7162 7
7f3bac320000 83 31 7276 7
7f3bac31f000 79 43 7399 7
7f3bac3a4000 56 72 7528 7
7f3bac39f000 54 52 7634 7
7f3bac39e000 76 80 7790 7
7f3bac39d000 60 53 7904 7
7f3bac39c000 50 18 7972 7
7f3bac39b000 43 16 8031 7
7f3bac330000 81 62 8175 7
7f3bac32f000 83 42 8300 7
7f3bac32e000 59 32 8392 7
7f3bac32d000 79 34 8505 7
7f3bac325000 150 42 8697 7
7f3bac32c000 91 27 8815 7
7f3bac32b000 66 37 8918 7
7f3bac326000 59 46 9024 7
7f3bac2f2000 55 25 9104 7
7f3bac39a000 57 20 9181 7
7f3bac399000 47 21 9250 7
7f3bac398000 35 17 9303 7
7f3bac397000 45 21 9369 7
7f3bac396000 39 18 9427 7
7f3bac395000 42 21 9491 7
7f3bac3cf000 52 21 9565 7
7f3bac3b1000 68 83 9716 7
7f3bac31e000 64 29 9810 7
7f3bac3a9000 59 49 9918 7
7f3bac3a5000 77 60 10056 7
7f3bac3a8000 47 37 10141 7
7f3bac322000 100 43 10284 7
7f3bac3a7000 97 41 10422 7
7f3bac3a6000 60 56 10539 7
7f3bac2f3000 31 26 10597 7
7f3bac31c000 46 23 10667 7
7f3bac374000 48 26 10742 7
7f3bac373000 56 49 10847 7
7f3bac3d5000 44 29 10920 7
7f3bac3d4000 58 34 11013 7
7f3bac3d3000 48 29 11090 7
7f3bac3d2000 62 30 11183 8
11191 8
23 35 8 29 1 2 7 40 
0x558aeff2d000
558aeff2d000 66 23 90 0
558aefda2000 19 14 124 0
558aeff93000 952 153 1229 0
558aeff98000 985 158 2373 0
558aefddd000 70 25 2469 0
558aefddc000 48 15 2533 0
558aeff95000 986 168 3688 0
558aefddb000 37 16 3741 0
558aefdda000 28 17 3786 0
7f3bac33b000 75 22 3884 0
558aeff97000 985 165 5035 0
558aeff61000 57 23 5116 1
7f3bac369000 44 18 5179 1
7f3bac368000 40 19 5238 1
7f3bac365000 52 26 5317 2
7f3bac362000 52 25 5394 2
7f3bac3f1000 95 42 5531 2
7f3bac3f0000 96 38 5665 2
7f3bac2b3000 118 19 5802 2
7f3bac3c0000 87 35 5924 3
7f3bac3bf000 104 31 6059 3
7f3bac3be000 68 65 6192 3
7f3bac3bc000 73 24 6289 3
7f3bac2c4000 72 32 6393 4
7f3bac2c3000 36 24 6453 5
7f3bac2c2000 51 21 6525 5
7f3bac2c1000 80 31 6637 5
7f3bac2c0000 33 19 6689 5
7f3bac2b8000 44 24 6757 5
7f3bac2b7000 41 26 6825 5
7f3bac2b6000 60 21 6906 5
7f3bac313000 71 34 7012 7
7f3bac320000 83 30 7126 7
7f3bac31f000 74 43 7244 7
7f3bac3a4000 56 71 7372 7
7f3bac39f000 53 51 7477 7
7f3bac39e000 76 79 7632 7
7f3bac39d000 60 52 7745 7
7f3bac39c000 44 18 7808 7
7f3bac39b000 43 16 7867 7
7f3bac330000 81 62 8011 7
7f3bac32f000 83 42 8136 7
7f3bac32e000 59 32 8227 7
7f3bac32d000 79 34 8341 7
7f3bac325000 145 42 8528 7
7f3bac32c000 91 27 8646 7
7f3bac32b000 66 38 8750 7
7f3bac326000 60 45 8855 7
7f3bac2f2000 54 25 8935 7
7f3bac39a000 52 19 9006 7
7f3bac399000 48 21 9076 7
7f3bac398000 35 17 9128 7
7f3bac397000 45 21 9194 7
7f3bac396000 38 19 9252 7
7f3bac395000 42 21 9315 7
7f3bac3cf000 52 21 9389 7
7f3bac3b1000 68 83 9541 7
7f3bac31e000 59 29 9629 7
7f3bac3a9000 59 49 9738 7
7f3bac3a5000 77 60 9875 7
7f3bac3a8000 48 36 9960 7
7f3bac322000 99 43 10103 7
7f3bac3a7000 93 41 10237 7
7f3bac3a6000 60 56 10354 7
7f3bac2f3000 31 26 10412 7
7f3bac31c000 46 24 10483 7
7f3bac374000 48 26 10557 7
7f3bac373000 56 49 10662 7
7f3bac3d5000 44 27 10733 7
7f3bac3d4000 56 33 10823 7
7f3bac3d3000 47 30 10901 7
7f3bac3d2000 62 30 10993 8
11001 8
23 35 8 29 1 2 7 40 
0x558aeff93000
558aeff93000 935 153 1088 0
1088 0
0 0 0 0 0 0 0 0 
0x558aefddd000
558aefddd000 70 25 95 0
558aefddc000 48 15 159 0
558aeff95000 984 167 1311 0
558aeff98000 980 157 2449 0
558aefddb000 37 15 2502 0
558aefdda000 28 17 2548 0
7f3bac33b000 74 22 2645 0
558aefda2000 17 14 2677 0
558aeff97000 985 165 3827 0
558aeff61000 56 24 3908 1
7f3bac369000 44 17 3970 1
7f3bac368000 39 20 4030 1
7f3bac365000 52 25 4108 2
7f3bac362000 51 25 4185 2
7f3bac3f1000 95 41 4322 2
7f3bac3f0000 96 37 4456 2
7f3bac2b3000 117 19 4593 2
7f3bac3c0000 87 34 4715 3
7f3bac3bf000 104 31 4850 3
7f3bac3be000 67 65 4982 3
7f3bac3bc000 72 24 5079 3
7f3bac2c4000 72 32 5183 4
7f3bac2c3000 37 23 5243 5
7f3bac2c2000 52 20 5315 5
7f3bac2c1000 81 30 5427 5
7f3bac2c0000 33 19 5479 5
7f3bac2b8000 44 24 5547 5
7f3bac2b7000 42 26 5616 5
7f3bac2b6000 60 21 5697 5
7f3bac313000 71 35 5803 7
7f3bac320000 83 31 5917 7
7f3bac31f000 75 43 6035 7
7f3bac3a4000 56 72 6163 7
7f3bac39f000 53 52 6268 7
7f3bac39e000 75 79 6422 7
7f3bac39d000 60 52 6535 7
7f3bac39c000 44 18 6597 7
7f3bac39b000 43 16 6656 7
7f3bac330000 81 61 6799 7
7f3bac32f000 82 42 6923 7
7f3bac32e000 59 32 7015 7
7f3bac32d000 80 33 7128 7
7f3bac325000 145 42 7315 7
7f3bac32c000 90 27 7433 7
7f3bac32b000 67 37 7537 7
7f3bac326000 59 46 7643 7
7f3bac2f2000 55 24 7722 7
7f3bac39a000 51 19 7793 7
7f3bac399000 47 21 7862 7
7f3bac398000 34 17 7914 7
7f3bac397000 45 21 7980 7
7f3bac396000 39 18 8037 7
7f3bac395000 42 21 8101 7
7f3bac3cf000 52 21 8174 7
7f3bac3b1000 68 83 8325 7
7f3bac31e000 59 29 8413 7
7f3bac3a9000 59 49 8521 7
7f3bac3a5000 77 60 8658 7
7f3bac3a8000 48 36 8742 7
7f3bac322000 99 42 8884 7
7f3bac3a7000 92 41 9018 7
7f3bac3a6000 60 56 9134 7
7f3bac2f3000 31 26 9192 7
7f3bac31c000 45 24 9262 7
7f3bac374000 48 25 9336 7
7f3bac373000 56 48 9440 7
7f3bac3d5000 44 27 9512 7
7f3bac3d4000 57 33 9602 7
7f3bac3d3000 47 30 9680 7
7f3bac3d2000 62 30 9773 8
9779 8
23 35 8 29 1 2 7 40 
0x558aefddc000
558aefddc000 48 16 65 0
558aeff95000 997 170 1232 0
558aeff98000 993 160 2386 0
558aefddd000 70 25 2482 0
558aefda2000 18 14 2515 0
7f3bac34c000 62 87 2664 3
7f3bac34b000 96 54 2815 3
558aeff96000 1006 170 3991 3
7f3bac32b000 66 37 4095 4
7ffe40ffb000 33 23 4152 4
558aeff97000 998 165 5315 4
558aeff61000 57 23 5396 5
7f3bac369000 45 18 5460 5
7f3bac368000 40 19 5519 5
7f3bac365000 53 25 5598 5
7f3bac362000 52 25 5676 5
7f3bac3f1000 97 42 5815 5
7f3bac3f0000 97 37 5949 5
7f3bac2b3000 118 20 6088 5
7f3bac3c0000 88 35 6211 5
7f3bac3bf000 105 31 6347 5
7f3bac3be000 68 65 6480 5
7f3bac3bc000 73 24 6578 5
7f3bac2c4000 72 32 6683 5
7f3bac2c3000 36 24 6744 6
7f3bac2c2000 52 25 6821 6
7f3bac2c1000 81 31 6933 6
7f3bac2c0000 33 18 6984 6
7f3bac2b8000 44 24 7053 6
7f3bac2b7000 42 25 7120 6
7f3bac2b6000 60 21 7202 6
7f3bac313000 71 35 7308 7
7f3bac320000 83 31 7422 7
7f3bac31f000 75 43 7540 7
7f3bac3a4000 56 72 7668 7
7f3bac39f000 54 52 7774 7
7f3bac39e000 76 79 7929 7
7f3bac39d000 60 52 8041 7
7f3bac39c000 44 18 8104 7
7f3bac39b000 42 16 8162 7
7f3bac330000 81 61 8305 7
7f3bac32f000 82 42 8430 7
7f3bac32e000 59 32 8521 7
7f3bac32d000 79 34 8634 7
7f3bac325000 143 43 8820 7
7f3bac32c000 90 26 8936 7
7f3bac326000 59 45 9041 7
7f3bac2f2000 54 25 9121 7
7f3bac39a000 51 20 9192 7
7f3bac399000 48 20 9260 7
7f3bac398000 34 17 9312 7
7f3bac397000 44 22 9379 7
7f3bac396000 38 19 9436 7
7f3bac395000 42 21 9499 7
7f3bac3cf000 51 22 9573 7
7f3bac3b1000 68 83 9724 7
7f3bac31e000 59 29 9812 7
7f3bac3a9000 59 49 9920 7
7f3bac3a5000 77 60 10057 7
7f3bac3a8000 48 36 10141 7
7f3bac322000 99 42 10283 7
7f3bac3a7000 92 41 10417 7
7f3bac3a6000 60 56 10533 7
7f3bac2f3000 31 26 10591 7
7f3bac31c000 45 24 10661 7
7f3bac374000 48 25 10735 7
7f3bac373000 56 48 10839 7
7f3bac3d5000 43 27 10910 7
7f3bac3d4000 56 33 11000 7
7f3bac3d3000 48 29 11077 7
7f3bac3d2000 61 30 11169 8
11173 8
25 35 16 50 1 2 7 41 
0x558aefddb000
558aefddb000 36 16 53 0
558aefdda000 28 17 98 0
7f3bac33b000 75 22 196 0
558aefda2000 18 14 228 0
558aeff97000 990 164 1382 0
558aeff61000 56 24 1463 1
558aeff98000 982 158 2604 1
7f3bac369000 44 17 2666 1
7f3bac368000 39 20 2726 1
7f3bac365000 52 25 2804 2
7f3bac362000 51 25 2881 2
7f3bac3f1000 95 41 3018 2
7f3bac3f0000 96 37 3152 2
7f3bac2b3000 117 20 3290 2
7f3bac3c0000 87 34 3411 3
7f3bac3bf000 104 30 3546 3
7f3bac3be000 67 66 3680 3
7f3bac3bc000 72 25 3777 3
7f3bac2c4000 72 31 3880 4
7f3bac2c3000 36 24 3941 5
7f3bac2c2000 51 21 4013 5
7f3bac2c1000 80 31 4125 5
7f3bac2c0000 33 18 4176 5
7f3bac2b8000 44 24 4245 5
7f3bac2b7000 42 26 4313 5
7f3bac2b6000 60 21 4394 5
7f3bac313000 71 35 4500 7
7f3bac320000 83 31 4614 7
7f3bac31f000 75 43 4732 7
7f3bac3a4000 57 71 4860 7
7f3bac39f000 53 52 4966 7
7f3bac39e000 76 78 5120 7
7f3bac39d000 60 52 5233 7
7f3bac39c000 44 17 5295 7
7f3bac39b000 42 16 5354 7
7f3bac330000 81 62 5498 7
7f3bac32f000 82 42 5622 7
7f3bac32e000 58 32 5713 7
7f3bac32d000 78 34 5826 7
7f3bac325000 144 42 6012 7
7f3bac32c000 90 27 6129 7
7f3bac32b000 66 37 6232 7
7f3bac326000 59 45 6337 7
7f3bac2f2000 54 25 6417 7
7f3bac39a000 52 19 6488 7
7f3bac399000 47 21 6557 7
7f3bac398000 34 17 6609 7
7f3bac397000 45 21 6675 7
7f3bac396000 38 19 6733 7
7f3bac395000 42 21 6796 7
7f3bac3cf000 51 21 6869 7
7f3bac3b1000 68 82 7020 7
7f3bac31e000 59 29 7108 7
7f3bac3a9000 59 49 7216 7
7f3bac3a5000 76 61 7354 7
7f3bac3a8000 48 36 7438 7
7f3bac322000 99 43 7580 7
7f3bac3a7000 93 41 7714 7
7f3bac3a6000 60 56 7830 7
7f3bac2f3000 32 25 7888 7
7f3bac31c000 46 24 7959 7
7f3bac374000 48 26 8033 7
7f3bac373000 55 49 8137 7
7f3bac3d5000 43 27 8208 7
7f3bac3d4000 57 33 8298 7
7f3bac3d3000 47 30 8375 7
7f3bac3d2000 62 29 8466 8
8472 8
23 35 8 29 1 2 7 40 
0x558aefdda000
558aefdda000 28 17 45 0
7f3bac33b000 75 22 143 0
558aefda2000 18 14 175 0
558aeff97000 987 164 1326 0
558aeff61000 56 24 1407 1
558aeff98000 982 159 2549 1
7f3bac369000 45 17 2611 1
7f3bac368000 39 20 2671 1
7f3bac365000 52 25 2749 2
7f3bac362000 52 25 2826 2
7f3bac3f1000 95 42 2964 2
7f3bac3f0000 96 37 3097 2
7f3bac2b3000 118 19 3235 2
7f3bac3c0000 88 34 3357 3
7f3bac3bf000 104 31 3493 3
7f3bac3be000 67 66 3626 3
7f3bac3bc000 73 24 3723 3
7f3bac2c4000 72 32 3827 4
7f3bac2c3000 36 23 3887 5
7f3bac2c2000 51 21 3960 5
7f3bac2c1000 81 30 4071 5
7f3bac2c0000 33 18 4123 5
7f3bac2b8000 44 24 4192 5
7f3bac2b7000 42 25 4259 5
7f3bac2b6000 60 21 4341 5
7f3bac313000 71 35 4447 7
7f3bac320000 83 31 4561 7
7f3bac31f000 75 42 4679 7
7f3bac3a4000 56 72 4808 7
7f3bac39f000 53 52 4913 7
7f3bac39e000 76 79 5068 7
7f3bac39d000 60 52 5180 7
7f3bac39c000 44 18 5243 7
7f3bac39b000 42 16 5301 7
7f3bac330000 82 61 5445 7
7f3bac32f000 83 42 5570 7
7f3bac32e000 59 32 5661 7
7f3bac32d000 79 34 5774 7
7f3bac325000 143 42 5959 7
7f3bac32c000 89 27 6076 7
7f3bac32b000 66 38 6180 7
7f3bac326000 59 46 6285 7
7f3bac2f2000 55 24 6364 7
7f3bac39a000 51 19 6435 7
7f3bac399000 48 20 6504 7
7f3bac398000 34 17 6556 7
7f3bac397000 44 22 6623 7
7f3bac396000 38 19 6680 7
7f3bac395000 42 21 6743 7
7f3bac3cf000 51 21 6816 7
7f3bac3b1000 68 82 6967 7
7f3bac31e000 59 29 7055 7
7f3bac3a9000 59 49 7163 7
7f3bac3a5000 76 60 7300 7
7f3bac3a8000 48 36 7385 7
7f3bac322000 99 43 7527 7
7f3bac3a7000 93 41 7661 7
7f3bac3a6000 60 56 7777 7
7f3bac2f3000 31 26 7835 7
7f3bac31c000 46 24 7905 7
7f3bac374000 48 26 7979 7
7f3bac373000 56 48 8083 7
7f3bac3d5000 43 27 8154 7
7f3bac3d4000 56 33 8244 7
7f3bac3d3000 48 29 8321 7
7f3bac3d2000 61 30 8413 8
8417 8
23 35 8 29 1 2 7 40 
0x558aeff96000
558aeff96000 989 169 1159 0
1159 0
0 0 0 0 0 0 0 0 
0x558aeff94000
558aeff94000 993 166 1159 1
558aeff45000 51 21 1231 1
558aeff98000 984 158 2374 1
558aeff95000 984 168 3527 1
558aeff97000 984 165 4676 1
558aeff61000 56 24 4757 1
7f3bac369000 44 17 4819 1
7f3bac368000 39 20 4879 1
7f3bac365000 52 25 4957 2
7f3bac362000 52 25 5034 2
7f3bac3f1000 95 41 5171 2
7f3bac3f0000 96 37 5305 2
7f3bac2b3000 118 19 5442 2
7f3bac3c0000 88 35 5565 3
7f3bac3bf000 105 31 5701 3
7f3bac3be000 68 65 5834 3
7f3bac3bc000 73 24 5932 3
7f3bac2c4000 72 32 6037 4
7f3bac2c3000 37 23 6097 5
7f3bac2c2000 51 21 6170 5
7f3bac2c1000 81 31 6283 5
7f3bac2c0000 33 19 6335 5
7f3bac2b8000 45 24 6404 5
7f3bac2b7000 42 26 6472 5
7f3bac2b6000 61 21 6554 5
7f3bac313000 72 35 6661 7
7f3bac320000 83 31 6775 7
7f3bac31f000 75 43 6894 7
7f3bac3a4000 56 72 7023 7
7f3bac39f000 53 52 7129 7
7f3bac39e000 76 80 7285 7
7f3bac39d000 61 52 7398 7
7f3bac39c000 44 18 7461 7
7f3bac39b000 43 16 7520 7
7f3bac330000 82 62 7665 7
7f3bac32f000 83 42 7790 7
7f3bac32e000 59 31 7881 7
7f3bac32d000 79 34 7995 7
7f3bac325000 145 42 8182 7
7f3bac32c000 90 27 8300 7
7f3bac32b000 66 37 8403 7
7f3bac326000 60 45 8509 7
7f3bac2f2000 55 24 8589 7
7f3bac39a000 51 20 8661 7
7f3bac399000 47 21 8730 7
7f3bac398000 34 17 8782 7
7f3bac397000 44 22 8849 7
7f3bac396000 39 18 8906 7
7f3bac395000 42 21 8970 7
7f3bac3cf000 52 21 9044 7
7f3bac3b1000 69 83 9196 7
7f3bac31e000 60 29 9285 7
7f3bac3a9000 59 49 9393 7
7f3bac3a5000 77 60 9531 7
7f3bac3a8000 48 36 9616 7
7f3bac322000 99 43 9758 7
7f3bac3a7000 92 41 9892 7
7f3bac3a6000 60 56 10008 7
7f3bac2f3000 32 25 10066 7
7f3bac31c000 46 23 10136 7
7f3bac374000 48 25 10210 7
7f3bac373000 55 48 10314 7
7f3bac3d5000 44 27 10386 7
7f3bac3d4000 56 34 10476 7
7f3bac3d3000 47 30 10553 7
7f3bac3d2000 62 29 10644 8
10649 8
23 36 8 29 1 2 7 40 
