0x7f62c755d000
0 0
0 0 0 0 0 0 0 0 
0x7f62c755c000
7f62c755c000 85 32 118 1
118 1
0 0 0 2 0 0 0 0 
0x7f62c7550000
7f62c7550000 20 15 35 0
35 0
0 0 0 0 0 0 0 0 
0x7f62c755f000
7f62c755f000 53 20 74 0
7f62c5d8c000 36 20 131 1
7f62c7554000 36 18 185 2
7f62c7550000 20 15 220 2
7f62c8a40000 43 29 293 2
7f62c8a70000 36 22 352 2
7f62c7559000 22 15 390 2
7f62c7556000 21 15 426 2
7f62c7557000 21 15 463 2
7f62c7555000 21 15 500 3
7f62c755a000 22 14 536 3
7f62c7551000 21 15 573 3
7f62c89a5000 47 32 653 3
7f62c7553000 21 15 690 3
7f62c5d8b000 51 25 767 4
7f62c5d8a000 46 22 836 4
7f62c590f000 23 15 875 4
7f62c5901000 20 15 911 4
7f62c5d89000 36 20 968 4
7f62c5d88000 66 25 1060 4
7f62c5913000 22 15 1098 4
7f62c5906000 26 19 1144 4
7f62c5907000 25 16 1186 4
7f62c5da1000 81 33 1301 5
7f62c5da2000 78 26 1406 5
7f62c6fb5000 146 43 1597 6
7f62c5910000 23 15 1635 6
7f62c5905000 37 20 1693 6
7f62c590c000 21 15 1730 6
7f62c590d000 24 16 1770 6
7f62c5daa000 69 28 1868 6
7f62c5902000 21 15 1905 6
7f62c5911000 22 15 1943 6
7f62c590b000 21 14 1979 6
7f62c5909000 24 15 2019 6
7f62c590a000 21 15 2056 6
7f62c5dbc000 46 23 2126 6
7f62c5dbb000 68 22 2217 6
7f62c5dc3000 72 33 2323 7
7f62c5dc2000 50 21 2395 7
7f62c5dc1000 76 24 2496 7
7f62c5d8d000 39 19 2554 7
7f62c5903000 21 15 2591 7
7f62c5d87000 48 27 2666 7
7f62c5d85000 76 35 2778 7
7f62c5d84000 54 34 2867 7
7f62c6fdc000 61 88 3018 7
7f62c6fdb000 97 54 3169 7
7f62c6fdd000 64 59 3293 7
7f62c5914000 22 15 3331 7
7f62c3cd1000 98 36 3465 7
7f62c3cc1000 16 15 3496 7
7f62c3cc2000 16 14 3526 7
7f62c9ca1000 65 35 3627 7
7f62c9ca0000 47 24 3699 7
7f62c9c9a000 46 22 3768 8
3782 8
11 21 22 27 4 1 12 4 
0x7f62c7554000
7f62c7554000 36 18 54 1
7f62c7550000 20 15 89 1
90 1
0 0 0 0 1 0 0 0 
0x7f62c8a40000
7f62c8a40000 43 29 73 0
7f62c8a70000 36 23 133 0
7f62c7559000 21 15 170 0
7f62c7550000 20 15 206 0
7f62c7556000 21 15 242 0
7f62c7557000 21 14 278 0
7f62c7555000 22 14 315 1
7f62c755a000 21 15 352 1
7f62c7551000 21 15 389 1
7f62c89a5000 47 32 469 1
7f62c7553000 21 15 506 1
7f62c5d8b000 51 25 583 2
7f62c5d8a000 45 23 652 2
7f62c590f000 22 16 691 3
7f62c5901000 20 15 727 3
7f62c5d89000 36 20 784 3
7f62c5d88000 66 25 876 3
7f62c5913000 22 15 914 3
7f62c5906000 27 19 960 3
7f62c5907000 26 16 1002 3
7f62c5da1000 81 33 1117 5
7f62c5da2000 78 27 1223 5
7f62c6fb5000 147 42 1413 6
7f62c5910000 23 15 1451 6
7f62c5905000 37 20 1509 6
7f62c590c000 21 14 1545 6
7f62c590d000 24 16 1586 6
7f62c5daa000 70 28 1684 6
7f62c5902000 21 15 1721 6
7f62c5911000 21 16 1759 6
7f62c590b000 22 14 1795 6
7f62c5909000 24 15 1835 6
7f62c590a000 21 15 1872 6
7f62c5dbc000 46 22 1941 6
7f62c5dbb000 69 22 2033 6
7f62c5dc3000 72 33 2139 7
7f62c5dc2000 50 21 2211 7
7f62c5dc1000 77 23 2312 7
7f62c5d8d000 40 18 2370 7
7f62c5d8c000 36 20 2427 7
7f62c5903000 21 14 2463 7
7f62c5d87000 48 27 2539 7
7f62c5d85000 75 36 2651 7
7f62c5d84000 54 34 2740 7
7f62c6fdc000 62 87 2890 7
7f62c6fdb000 96 55 3042 7
7f62c6fdd000 65 59 3166 7
7f62c5914000 22 15 3203 7
7f62c3cd1000 98 36 3338 7
7f62c3cc1000 16 14 3368 7
7f62c3cc2000 16 14 3399 7
7f62c9ca1000 65 35 3500 7
7f62c9ca0000 47 25 3572 7
7f62c9c9a000 46 23 3641 8
3653 8
11 21 22 27 3 1 12 4 
0x7f62c8a70000
7f62c8a70000 35 23 59 0
7f62c7559000 22 14 96 0
7f62c7550000 20 15 132 0
7f62c7556000 21 14 168 0
7f62c7557000 22 14 205 0
7f62c7555000 21 15 242 1
7f62c755a000 21 15 279 1
7f62c7551000 21 15 316 1
7f62c89a5000 47 31 395 1
7f62c7553000 22 14 432 1
7f62c5d8b000 52 25 510 2
7f62c5d8a000 45 23 579 2
7f62c590f000 22 16 618 3
7f62c5901000 20 15 654 3
7f62c5d89000 36 20 710 3
7f62c5d88000 66 25 802 3
7f62c5913000 22 15 840 3
7f62c5906000 27 18 886 3
7f62c5907000 25 17 929 3
7f62c5da1000 81 33 1044 5
7f62c5da2000 78 27 1150 5
7f62c6fb5000 146 43 1340 6
7f62c5910000 23 15 1378 6
7f62c5905000 37 20 1436 6
7f62c590c000 21 15 1473 6
7f62c590d000 24 16 1513 6
7f62c5daa000 69 28 1611 6
7f62c5902000 21 15 1648 6
7f62c5911000 22 15 1686 6
7f62c590b000 22 14 1722 6
7f62c5909000 23 16 1762 6
7f62c590a000 21 15 1799 6
7f62c5dbc000 45 23 1868 6
7f62c5dbb000 69 22 1960 6
7f62c5dc3000 71 33 2065 7
7f62c5dc2000 51 20 2137 7
7f62c5dc1000 77 23 2238 7
7f62c5d8d000 39 18 2296 7
7f62c5d8c000 37 19 2353 7
7f62c5903000 21 15 2390 7
7f62c5d87000 47 27 2465 7
7f62c5d85000 76 36 2578 7
7f62c5d84000 53 35 2667 7
7f62c6fdc000 62 87 2817 7
7f62c6fdb000 96 54 2968 7
7f62c6fdd000 64 59 3092 7
7f62c5914000 22 15 3130 7
7f62c3cd1000 97 36 3264 7
7f62c3cc1000 16 15 3295 7
7f62c3cc2000 16 15 3326 7
7f62c9ca1000 65 35 3426 7
7f62c9ca0000 47 24 3498 7
7f62c9c9a000 46 22 3567 8
3579 8
11 21 22 27 3 1 12 4 
0x7f62c7559000
7f62c7559000 21 15 37 0
7f62c7550000 21 15 73 0
73 0
0 0 0 0 0 0 0 0 
0x7f62c7556000
7f62c7556000 21 15 36 0
7f62c7550000 21 15 72 0
72 0
0 0 0 0 0 0 0 0 
0x7f62c7557000
7f62c7557000 21 15 37 0
7f62c7550000 20 15 72 0
73 0
0 0 0 0 0 0 0 0 
0x7f62c7555000
7f62c7555000 21 15 37 1
7f62c7550000 21 15 73 1
73 1
0 0 0 0 0 0 0 1 
0x7f62c755a000
7f62c755a000 22 15 37 0
7f62c7550000 21 15 73 0
73 0
0 0 0 0 0 0 0 0 
0x7f62c7551000
7f62c7551000 22 15 37 0
7f62c7550000 20 15 73 0
73 0
0 0 0 0 0 0 0 0 
0x7f62c89a5000
7f62c89a5000 48 32 80 0
7f62c7556000 21 15 117 0
7f62c7550000 21 15 153 0
7f62c7551000 22 15 190 0
7f62c7553000 21 15 227 0
7f62c5d8b000 52 25 305 1
7f62c5d8a000 46 23 375 1
7f62c590f000 22 16 414 2
7f62c5901000 20 15 450 2
7f62c5d89000 36 20 507 2
7f62c5d88000 66 25 599 2
7f62c5913000 23 15 638 2
7f62c5906000 28 18 684 3
7f62c5907000 25 17 727 3
7f62c5da1000 81 33 842 5
7f62c5da2000 79 27 949 5
7f62c6fb5000 149 42 1141 6
7f62c5910000 22 16 1180 6
7f62c5905000 38 20 1238 6
7f62c590c000 21 15 1275 6
7f62c590d000 24 16 1315 6
7f62c5daa000 70 28 1414 6
7f62c5902000 22 14 1451 6
7f62c5911000 22 15 1489 6
7f62c590b000 21 15 1526 6
7f62c5909000 24 16 1567 6
7f62c590a000 21 17 1606 6
7f62c5dbc000 46 25 1678 6
7f62c5dbb000 68 22 1769 6
7f62c5dc3000 72 32 1874 7
7f62c5dc2000 51 21 1947 7
7f62c5dc1000 76 24 2048 7
7f62c5d8d000 39 19 2106 7
7f62c5d8c000 37 20 2163 7
7f62c5903000 22 14 2200 7
7f62c5d87000 53 27 2281 7
7f62c5d85000 76 36 2394 7
7f62c5d84000 55 34 2484 7
7f62c6fdc000 63 88 2637 7
7f62c6fdb000 97 55 2789 7
7f62c6fdd000 65 58 2912 7
7f62c5914000 22 15 2950 7
7f62c3cd1000 103 37 3091 7
7f62c3cc1000 16 15 3122 7
7f62c3cc2000 16 14 3152 7
7f62c9ca1000 65 35 3253 7
7f62c9ca0000 47 25 3326 7
7f62c9c9a000 46 23 3395 8
3405 8
11 21 22 27 3 1 12 3 
0x7f62c7553000
7f62c7553000 21 14 36 0
7f62c7550000 20 15 72 0
72 0
0 0 0 0 0 0 0 0 
0x7f62c755b000
7f62c755b000 22 15 37 0
7f62c7550000 20 15 73 0
7f62c755c000 81 33 187 1
187 1
0 0 0 2 0 0 0 0 
0x7f62c7552000
7f62c7552000 22 15 37 0
7f62c7550000 21 15 73 0
73 0
0 0 0 0 0 0 0 0 
0x7f62c7558000
7f62c7558000 21 15 36 0
7f62c7550000 20 16 73 0
73 0
0 0 0 0 0 0 0 0 
0x7f62c8a38000
7f62c8a38000 55 24 79 0
7f62c755b000 21 15 116 0
7f62c7550000 20 15 152 0
7f62c755c000 81 32 266 1
7f62c8a37000 65 22 354 1
7f62c6fb5000 154 42 551 4
7f62c7557000 21 15 588 4
7f62c8a36000 67 25 680 4
7f62c5db4000 52 27 760 4
7f62c590e000 40 17 818 4
7f62c5901000 20 15 854 4
7f62c590b000 21 15 891 4
7f62c5909000 24 16 931 4
7f62c590c000 21 14 967 4
7f62c5d8d000 40 18 1026 4
7f62c5d8c000 37 19 1083 4
7f62c5913000 22 15 1121 4
7f62c5906000 27 18 1167 4
7f62c5907000 25 17 1210 4
7f62c590f000 22 16 1249 4
7f62c5d8a000 47 22 1319 4
7f62c5d89000 36 21 1377 4
7f62c5d88000 66 25 1469 4
7f62c5da1000 80 33 1583 6
7f62c5da2000 79 26 1689 6
7f62c5910000 23 15 1728 6
7f62c5905000 37 20 1786 6
7f62c5d8b000 51 25 1863 6
7f62c5903000 22 15 1901 6
7f62c5d87000 51 28 1981 6
7f62c590d000 24 16 2023 6
7f62c5d85000 75 36 2135 6
7f62c5d84000 54 34 2224 7
7f62c5902000 21 15 2261 7
7f62c590a000 21 15 2298 7
7f62c6fdc000 62 87 2448 7
7f62c6fdb000 97 56 2601 7
7f62c6fdd000 65 59 2725 7
7f62c5914000 22 15 2763 7
7f62c3cd1000 97 37 2898 7
7f62c3cc1000 19 15 2932 7
7f62c3cc2000 16 14 2963 7
7f62c9ca1000 65 35 3064 7
7f62c9ca0000 47 25 3137 7
7f62c9c9a000 46 23 3206 8
3215 8
11 22 18 29 2 1 10 3 
0x7f62c8a37000
7f62c8a37000 66 22 88 0
7f62c6fb5000 147 43 279 3
7f62c7557000 22 15 316 3
7f62c7550000 21 15 352 3
7f62c8a36000 67 26 446 3
7f62c755b000 21 16 484 3
7f62c755c000 82 34 601 4
7f62c5db4000 54 27 682 4
7f62c590e000 42 17 742 4
7f62c5901000 20 15 777 4
7f62c590b000 21 15 814 4
7f62c5909000 23 16 854 4
7f62c590c000 21 15 891 4
7f62c5d8d000 39 19 950 4
7f62c5d8c000 37 20 1007 4
7f62c5913000 22 15 1044 4
7f62c5906000 27 18 1090 4
7f62c5907000 25 17 1133 4
7f62c590f000 22 16 1172 4
7f62c5d8a000 45 23 1241 4
7f62c5d89000 37 25 1304 4
7f62c5d88000 68 28 1401 4
7f62c5da1000 80 34 1516 6
7f62c5da2000 79 27 1623 6
7f62c5910000 23 16 1663 6
7f62c5905000 39 20 1723 6
7f62c5d8b000 52 25 1801 6
7f62c5903000 21 15 1838 6
7f62c5d87000 48 27 1914 6
7f62c590d000 24 16 1955 6
7f62c5d85000 76 36 2067 6
7f62c5d84000 57 35 2160 7
7f62c5902000 21 15 2197 7
7f62c590a000 21 15 2235 7
7f62c6fdc000 62 88 2386 7
7f62c6fdb000 97 54 2538 7
7f62c6fdd000 66 59 2664 7
7f62c5914000 23 15 2702 7
7f62c3cd1000 99 35 2836 7
7f62c3cc1000 16 14 2867 7
7f62c3cc2000 16 14 2898 7
7f62c9ca1000 65 35 2999 7
7f62c9ca0000 47 25 3071 7
7f62c9c9a000 46 23 3141 8
3149 8
11 22 18 29 2 1 10 3 
0x7f62c8a36000
7f62c8a36000 67 25 92 0
7f62c755b000 22 15 130 0
7f62c7550000 20 15 166 0
7f62c755c000 87 33 287 1
7f62c5db4000 53 26 366 2
7f62c590e000 41 17 425 2
7f62c5901000 20 15 461 2
7f62c590b000 21 15 498 2
7f62c5909000 23 16 538 2
7f62c590c000 21 15 575 2
7f62c5d8d000 39 19 634 2
7f62c5d8c000 36 20 691 2
7f62c5913000 22 15 729 2
7f62c5906000 27 19 776 3
7f62c5907000 25 16 818 3
7f62c590f000 23 16 858 3
7f62c5d8a000 46 23 927 3
7f62c5d89000 36 20 984 3
7f62c5d88000 65 25 1075 3
7f62c5da1000 81 33 1190 5
7f62c5da2000 78 27 1296 5
7f62c6fb5000 147 43 1487 6
7f62c5910000 23 15 1525 6
7f62c5905000 37 20 1583 6
7f62c5d8b000 52 24 1660 6
7f62c5903000 21 15 1697 6
7f62c5d87000 48 27 1773 6
7f62c590d000 24 15 1813 6
7f62c5d85000 76 35 1925 6
7f62c5d84000 55 34 2015 7
7f62c5902000 22 14 2052 7
7f62c590a000 21 15 2089 7
7f62c6fdc000 62 87 2239 7
7f62c6fdb000 96 54 2390 7
7f62c6fdd000 64 59 2514 7
7f62c5914000 22 15 2552 7
7f62c3cd1000 98 35 2686 7
7f62c3cc1000 16 14 2717 7
7f62c3cc2000 16 14 2748 7
7f62c9ca1000 65 35 2849 7
7f62c9ca0000 47 25 2921 7
7f62c9c9a000 46 23 2990 8
2997 8
11 22 18 29 2 1 10 3 
0x7f62c780c000
7f62c780c000 65 29 94 2
7f62c7552000 21 15 131 2
7f62c7550000 20 15 167 2
7f62c755b000 22 15 204 2
7f62c755c000 81 33 319 3
7f62c7551000 22 14 355 3
7f62c7559000 22 14 392 3
7f62c7553000 21 15 429 3
7f62c7556000 21 15 466 3
7f62c77a8000 77 28 572 3
7f62c8400000 54 20 647 3
7f62c7554000 35 18 701 4
7f62c83ff000 44 19 765 4
7f62c7555000 21 15 802 5
7f62c8401000 46 26 876 5
7f62c77ba000 59 23 959 5
7f62c77b9000 64 20 1044 5
7f62c5d8b000 51 25 1121 5
7f62c5d8a000 46 22 1190 5
7f62c590f000 23 16 1230 6
7f62c5901000 20 15 1265 6
7f62c5d89000 36 20 1322 6
7f62c5d88000 66 25 1414 6
7f62c5913000 23 14 1452 6
7f62c5906000 27 18 1498 6
7f62c5907000 25 17 1541 6
7f62c5da1000 80 33 1655 7
7f62c5da2000 79 26 1761 7
7f62c6fb5000 148 42 1952 7
7f62c5910000 22 16 1991 7
7f62c5905000 38 20 2049 7
7f62c590c000 21 14 2085 7
7f62c590d000 24 16 2126 7
7f62c5daa000 69 28 2224 7
7f62c5902000 22 14 2261 7
7f62c5911000 22 15 2299 7
7f62c590b000 21 14 2335 7
7f62c5909000 24 16 2376 7
7f62c590a000 21 15 2412 7
7f62c5dbc000 46 23 2482 7
7f62c5dbb000 68 22 2573 7
7f62c5dc3000 72 33 2679 7
7f62c5dc2000 51 21 2752 7
7f62c5dc1000 76 24 2853 7
7f62c5d8d000 39 19 2911 7
7f62c5d8c000 36 20 2968 7
7f62c5903000 21 14 3004 7
7f62c5d87000 48 27 3080 7
7f62c5d85000 76 36 3193 7
7f62c5d84000 54 34 3282 7
7f62c6fdc000 61 88 3433 7
7f62c6fdb000 97 54 3584 7
7f62c6fdd000 65 59 3709 7
7f62c5914000 23 14 3746 7
7f62c3cd1000 98 36 3881 7
7f62c3cc1000 16 14 3912 7
7f62c3cc2000 16 15 3943 7
7f62c9ca1000 66 35 4044 7
7f62c9ca0000 47 25 4116 7
7f62c9c9a000 46 23 4185 8
4198 8
15 21 24 29 4 1 12 4 
0x7f62c77a8000
7f62c77a8000 77 28 105 0
7f62c8400000 55 20 181 0
7f62c7553000 21 15 218 0
7f62c7550000 20 15 254 0
7f62c7554000 36 18 308 1
7f62c83ff000 45 19 372 1
7f62c7552000 21 15 408 1
7f62c7551000 21 15 445 1
7f62c755b000 21 15 482 1
7f62c755c000 81 33 597 2
7f62c7556000 21 15 633 2
7f62c7555000 21 15 670 3
7f62c8401000 46 26 743 3
7f62c77ba000 59 24 827 4
7f62c77b9000 64 20 912 4
7f62c5d8b000 52 24 989 4
7f62c5d8a000 46 22 1058 4
7f62c590f000 23 15 1098 5
7f62c5901000 20 15 1134 5
7f62c5d89000 35 21 1191 5
7f62c5d88000 65 25 1282 5
7f62c5913000 22 15 1320 5
7f62c5906000 28 18 1367 5
7f62c5907000 25 17 1410 5
7f62c5da1000 81 33 1525 6
7f62c5da2000 79 27 1632 6
7f62c6fb5000 149 42 1824 6
7f62c5910000 22 15 1862 6
7f62c5905000 38 20 1921 6
7f62c590c000 21 15 1957 6
7f62c590d000 24 16 1998 6
7f62c5daa000 70 28 2097 6
7f62c5902000 21 15 2134 6
7f62c5911000 21 15 2171 6
7f62c590b000 21 15 2208 6
7f62c5909000 23 16 2248 6
7f62c590a000 21 15 2285 6
7f62c5dbc000 45 23 2354 6
7f62c5dbb000 69 22 2446 6
7f62c5dc3000 71 33 2551 7
7f62c5dc2000 51 21 2624 7
7f62c5dc1000 77 24 2726 7
7f62c5d8d000 40 18 2784 7
7f62c5d8c000 37 20 2842 7
7f62c5903000 21 15 2878 7
7f62c5d87000 48 27 2954 7
7f62c5d85000 76 36 3067 7
7f62c5d84000 55 34 3157 7
7f62c6fdc000 63 88 3309 7
7f62c6fdb000 97 55 3461 7
7f62c6fdd000 65 59 3586 7
7f62c5914000 23 15 3624 7
7f62c3cd1000 98 36 3759 7
7f62c3cc1000 17 14 3790 7
7f62c3cc2000 17 14 3821 7
7f62c9ca1000 66 36 3923 7
7f62c9ca0000 47 25 3995 7
7f62c9c9a000 46 23 4065 8
4077 8
13 21 22 29 4 1 12 4 
0x7f62c8400000
7f62c8400000 55 20 75 0
7f62c7553000 21 15 112 0
7f62c7550000 20 15 148 0
7f62c7554000 36 18 203 1
7f62c83ff000 44 19 267 1
7f62c7552000 21 15 304 1
7f62c7551000 21 15 341 1
7f62c755b000 21 16 379 1
7f62c755c000 82 33 494 2
7f62c7556000 21 15 530 2
7f62c7555000 21 15 567 3
7f62c77a8000 78 28 674 3
7f62c7bea000 141 56 872 4
7f62c5d8b000 52 25 950 4
7f62c5d8a000 46 23 1020 4
7f62c590f000 23 16 1060 5
7f62c5901000 20 16 1096 5
7f62c5d89000 36 21 1153 5
7f62c5d88000 66 25 1245 5
7f62c5913000 22 15 1283 5
7f62c5906000 27 19 1330 5
7f62c5907000 26 16 1372 5
7f62c5da1000 81 33 1487 6
7f62c5da2000 79 27 1594 6
7f62c6fb5000 149 43 1787 6
7f62c5910000 22 16 1825 6
7f62c5905000 37 20 1883 6
7f62c590c000 21 15 1920 6
7f62c590d000 24 16 1961 6
7f62c5daa000 71 28 2060 6
7f62c5902000 21 15 2097 6
7f62c5911000 22 15 2135 6
7f62c590b000 21 15 2172 6
7f62c5909000 23 16 2212 6
7f62c590a000 21 15 2249 6
7f62c5dbc000 46 23 2319 6
7f62c5dbb000 71 22 2413 6
7f62c5dc3000 72 33 2519 7
7f62c5dc2000 51 21 2592 7
7f62c5dc1000 77 24 2694 7
7f62c5d8d000 40 18 2752 7
7f62c5d8c000 37 20 2810 7
7f62c5903000 22 14 2846 7
7f62c5d87000 48 28 2923 7
7f62c5d85000 76 36 3036 7
7f62c5d84000 54 35 3126 7
7f62c6fdc000 62 88 3277 7
7f62c6fdb000 97 54 3429 7
7f62c6fdd000 65 59 3554 7
7f62c5914000 22 15 3592 7
7f62c3cd1000 98 36 3727 7
7f62c3cc1000 16 14 3758 7
7f62c3cc2000 16 14 3789 7
7f62c9ca1000 65 36 3891 7
7f62c9ca0000 48 24 3963 7
7f62c9c9a000 46 23 4033 8
4045 8
12 21 22 29 4 1 12 4 
0x7f62c83ff000
7f62c83ff000 45 19 64 0
64 0
0 0 0 0 0 0 0 0 
0x7f62c8401000
7f62c8401000 46 27 74 0
7f62c8400000 55 20 150 0
7f62c7553000 21 15 187 0
7f62c7550000 21 15 223 0
7f62c7554000 36 18 277 1
7f62c83ff000 44 20 342 1
7f62c7552000 21 15 378 1
7f62c7551000 22 14 415 1
7f62c755b000 22 15 453 1
7f62c755c000 81 33 568 2
7f62c7556000 22 14 604 2
7f62c7555000 22 15 642 3
7f62c77a8000 78 28 749 3
7f62c7bea000 141 56 947 4
7f62c5d8b000 52 25 1025 4
7f62c5d8a000 46 22 1094 4
7f62c590f000 23 16 1134 5
7f62c5901000 20 15 1170 5
7f62c5d89000 36 21 1228 5
7f62c5d88000 66 25 1320 5
7f62c5913000 22 15 1358 5
7f62c5906000 27 19 1405 5
7f62c5907000 26 16 1447 5
7f62c5da1000 82 33 1563 6
7f62c5da2000 79 27 1670 6
7f62c6fb5000 148 43 1862 6
7f62c5910000 23 15 1900 6
7f62c5905000 37 20 1958 6
7f62c590c000 21 15 1995 6
7f62c590d000 24 16 2036 6
7f62c5daa000 70 28 2135 6
7f62c5902000 21 15 2172 6
7f62c5911000 22 15 2210 6
7f62c590b000 21 15 2247 6
7f62c5909000 23 16 2287 6
7f62c590a000 21 15 2324 6
7f62c5dbc000 46 23 2394 6
7f62c5dbb000 70 22 2487 6
7f62c5dc3000 72 33 2593 7
7f62c5dc2000 51 20 2666 7
7f62c5dc1000 77 24 2768 7
7f62c5d8d000 40 18 2826 7
7f62c5d8c000 37 20 2884 7
7f62c5903000 21 15 2921 7
7f62c5d87000 48 27 2997 7
7f62c5d85000 76 36 3110 7
7f62c5d84000 54 35 3200 7
7f62c6fdc000 62 88 3351 7
7f62c6fdb000 97 54 3503 7
7f62c6fdd000 65 59 3628 7
7f62c5914000 22 15 3666 7
7f62c3cd1000 98 36 3801 7
7f62c3cc1000 17 14 3832 7
7f62c3cc2000 17 14 3863 7
7f62c9ca1000 66 35 3964 7
7f62c9ca0000 47 25 4037 7
7f62c9c9a000 47 22 4106 8
4119 8
12 21 22 29 4 1 12 4 
0x7f62c77ba000
7f62c77ba000 59 24 83 1
7f62c7553000 21 15 120 1
7f62c7550000 20 15 156 1
7f62c77b9000 65 20 241 1
7f62c7556000 21 15 277 1
7f62c77a8000 78 28 384 1
7f62c8400000 55 19 459 1
7f62c7554000 35 18 514 2
7f62c83ff000 45 19 579 2
7f62c7552000 21 15 615 2
7f62c7551000 22 14 652 2
7f62c755b000 22 15 690 2
7f62c755c000 81 33 805 3
7f62c7555000 22 15 842 4
7f62c8401000 47 26 916 4
7f62c7791000 74 29 1020 4
7f62c77ac000 84 30 1134 5
7f62c7559000 22 15 1172 5
7f62c7557000 21 15 1209 5
7f62c80a8000 45 22 1276 5
7f62c7998000 72 30 1379 5
7f62c7997000 94 35 1509 6
7f62c78b1000 67 28 1605 6
7f62c78b0000 60 22 1688 6
7f62c78af000 66 19 1774 6
7f62c78ae000 47 21 1843 6
7f62c78a0000 60 28 1932 6
7f62c5d8b000 52 25 2010 6
7f62c5d8a000 46 22 2079 6
7f62c590f000 23 16 2119 6
7f62c5901000 20 15 2155 6
7f62c5d89000 36 21 2212 6
7f62c5d88000 66 25 2304 6
7f62c5913000 23 15 2343 6
7f62c5906000 28 18 2389 6
7f62c5907000 25 17 2432 6
7f62c5da1000 82 33 2547 6
7f62c5da2000 79 27 2654 6
7f62c6fb5000 148 43 2846 6
7f62c5910000 22 16 2884 6
7f62c5905000 37 20 2942 6
7f62c590c000 21 15 2979 6
7f62c590d000 24 16 3020 6
7f62c5daa000 70 29 3119 6
7f62c5902000 21 15 3156 6
7f62c5911000 22 15 3194 6
7f62c590b000 21 15 3231 6
7f62c5909000 23 16 3271 6
7f62c590a000 21 15 3308 6
7f62c5dbc000 46 23 3378 6
7f62c5dbb000 69 22 3470 6
7f62c5dc3000 72 33 3576 7
7f62c5dc2000 51 21 3649 7
7f62c5dc1000 77 23 3750 7
7f62c5d8d000 40 18 3809 7
7f62c5d8c000 37 20 3867 7
7f62c5903000 21 15 3904 7
7f62c5d87000 48 28 3980 7
7f62c5d85000 76 36 4093 7
7f62c5d84000 54 34 4182 7
7f62c6fdc000 62 88 4334 7
7f62c6fdb000 97 55 4487 7
7f62c6fdd000 65 59 4611 7
7f62c5914000 22 15 4649 7
7f62c3cd1000 98 36 4784 7
7f62c3cc1000 16 14 4815 7
7f62c3cc2000 16 14 4846 7
7f62c9ca1000 66 35 4948 7
7f62c9ca0000 48 25 5021 7
7f62c9c9a000 46 23 5090 8
5111 8
13 23 22 32 4 1 16 4 
0x7f62c77b9000
7f62c77b9000 64 20 85 0
85 0
0 0 0 0 0 0 0 0 
0x7f62c7790000
7f62c7790000 70 32 102 1
7f62c778f000 55 30 188 2
7f62c778e000 90 30 309 2
7f62c7956000 89 44 443 2
7f62c7955000 74 29 547 2
7f62c766f000 86 33 667 3
7f62c765c000 109 55 832 3
7f62c7634000 79 31 943 3
7f62c5dae000 79 28 1051 3
7f62c6244000 45 33 1130 4
7f62c624e000 42 18 1191 5
7f62c5906000 27 18 1237 6
7f62c5901000 20 15 1273 6
7f62c5910000 22 15 1311 6
7f62c590a000 21 15 1348 6
7f62c6247000 51 24 1424 6
7f62c5911000 22 15 1462 6
7f62c5907000 26 16 1504 6
7f62c590f000 23 16 1544 6
7f62c5914000 22 15 1582 6
7f62c590d000 24 15 1622 6
7f62c5912000 23 15 1661 6
7f62c5dad000 93 27 1781 7
7f62c5dac000 57 32 1871 8
1880 8
1 12 5 10 12 2 11 1 
0x7f62c778f000
7f62c778f000 55 30 85 1
7f62c778e000 90 30 206 1
7f62c7956000 89 44 340 2
7f62c7955000 74 29 444 2
7f62c766f000 86 33 564 3
7f62c765c000 109 55 729 3
7f62c7634000 79 31 840 3
7f62c5dae000 79 28 948 3
7f62c6244000 44 33 1027 4
7f62c624e000 42 18 1088 5
7f62c5906000 27 18 1134 6
7f62c5901000 20 15 1170 6
7f62c5910000 22 16 1209 6
7f62c590a000 22 14 1245 6
7f62c6247000 51 25 1322 6
7f62c5911000 22 15 1359 6
7f62c5907000 25 17 1402 6
7f62c590f000 22 16 1441 6
7f62c5914000 23 14 1479 6
7f62c590d000 24 16 1520 6
7f62c5912000 22 15 1558 6
7f62c5dad000 93 27 1679 7
7f62c5dac000 56 33 1769 8
1777 8
1 12 5 10 12 2 7 1 
0x7f62c778e000
7f62c778e000 90 30 120 0
7f62c7956000 89 44 254 1
7f62c7955000 74 29 358 1
7f62c766f000 86 33 478 2
7f62c765c000 109 55 643 3
7f62c7634000 79 31 754 3
7f62c5dae000 79 28 862 3
7f62c6244000 45 33 941 4
7f62c624e000 43 18 1002 5
7f62c5906000 27 19 1048 6
7f62c5901000 20 15 1084 6
7f62c5910000 22 15 1122 6
7f62c590a000 21 15 1159 6
7f62c6247000 51 24 1235 6
7f62c5911000 21 15 1272 6
7f62c5907000 25 17 1315 6
7f62c590f000 22 16 1354 6
7f62c5914000 23 14 1392 6
7f62c590d000 24 16 1433 6
7f62c5912000 22 15 1471 6
7f62c5dad000 92 27 1591 7
7f62c5dac000 56 32 1680 8
1688 8
1 12 5 8 12 2 7 1 
0x7f62c7956000
7f62c7956000 89 44 133 1
7f62c7955000 73 28 235 1
7f62c766f000 86 33 355 2
7f62c765c000 107 56 519 3
7f62c7634000 78 30 628 3
7f62c5dae000 79 28 736 3
7f62c6244000 45 32 814 4
7f62c624e000 42 18 875 5
7f62c5906000 27 19 921 6
7f62c5901000 20 15 956 6
7f62c5910000 22 16 995 6
7f62c590a000 22 15 1033 6
7f62c6247000 50 25 1109 6
7f62c5911000 22 15 1146 6
7f62c5907000 25 17 1189 6
7f62c590f000 23 16 1228 6
7f62c5914000 22 15 1266 6
7f62c590d000 24 16 1307 6
7f62c5912000 23 15 1345 6
7f62c5dad000 93 27 1465 7
7f62c5dac000 57 32 1555 8
1563 8
1 12 5 8 12 2 7 1 
0x7f62c7955000
7f62c7955000 74 28 102 0
7f62c766f000 87 33 223 1
7f62c765c000 108 55 387 2
7f62c7634000 79 31 498 2
7f62c5dae000 79 29 607 2
7f62c6244000 45 32 685 4
7f62c624e000 42 18 746 5
7f62c5906000 27 18 792 6
7f62c5901000 20 15 828 6
7f62c5910000 22 16 867 6
7f62c590a000 22 14 903 6
7f62c6247000 51 25 980 6
7f62c5911000 22 15 1017 6
7f62c5907000 25 17 1060 6
7f62c590f000 23 16 1099 6
7f62c5914000 22 15 1137 6
7f62c590d000 24 15 1177 6
7f62c5912000 23 15 1216 6
7f62c5dad000 93 27 1336 7
7f62c5dac000 57 32 1426 8
1432 8
1 12 5 8 12 2 5 1 
0x7f62c766f000
7f62c766f000 86 33 120 1
7f62c765c000 108 56 285 2
7f62c7634000 79 31 396 2
7f62c5dae000 79 28 504 2
7f62c6244000 45 33 583 4
7f62c624e000 42 18 644 5
7f62c5906000 28 18 690 6
7f62c5901000 20 15 726 6
7f62c5910000 23 15 764 6
7f62c590a000 21 15 801 6
7f62c6247000 51 24 877 6
7f62c5911000 21 15 914 6
7f62c5907000 26 16 957 6
7f62c590f000 23 16 997 6
7f62c5914000 23 15 1035 6
7f62c590d000 24 16 1075 6
7f62c5912000 22 15 1113 6
7f62c5dad000 93 27 1234 7
7f62c5dac000 56 33 1324 8
1329 8
1 12 5 8 12 2 5 1 
0x7f62c765c000
7f62c765c000 108 55 164 1
7f62c7634000 79 31 275 1
7f62c5dae000 79 28 383 2
7f62c6244000 45 33 462 4
7f62c624e000 42 18 523 5
7f62c5906000 27 18 569 6
7f62c5901000 20 15 605 6
7f62c5910000 23 15 643 6
7f62c590a000 21 15 680 6
7f62c6247000 51 24 756 6
7f62c5911000 21 16 794 6
7f62c5907000 26 16 836 6
7f62c590f000 23 16 876 6
7f62c5914000 23 15 914 6
7f62c590d000 24 15 954 6
7f62c5912000 22 15 992 6
7f62c5dad000 93 26 1112 7
7f62c5dac000 57 32 1202 8
1206 8
1 12 4 8 12 2 5 1 
0x7f62c7634000
7f62c7634000 79 30 109 0
7f62c5dae000 79 28 217 1
7f62c6244000 45 32 295 4
7f62c624e000 42 18 356 5
7f62c5906000 27 18 401 6
7f62c5901000 20 15 437 6
7f62c5910000 22 15 475 6
7f62c590a000 21 15 512 6
7f62c6247000 50 25 588 6
7f62c5911000 21 15 624 6
7f62c5907000 25 17 667 6
7f62c590f000 22 16 706 6
7f62c5914000 22 15 744 6
7f62c590d000 23 16 784 6
7f62c5912000 22 15 822 6
7f62c5dad000 92 27 942 7
7f62c5dac000 56 32 1031 8
1034 8
1 12 4 2 12 2 5 1 
0x7f62c8b8a000
7f62c8b8a000 64 27 92 0
7f62c8b89000 60 25 178 0
7f62c7556000 21 15 215 0
7f62c7550000 20 15 250 0
7f62c5d8b000 52 24 327 1
7f62c5d8a000 46 23 397 1
7f62c590f000 22 16 436 2
7f62c5901000 20 15 472 2
7f62c5d89000 36 20 528 2
7f62c5d88000 66 25 620 2
7f62c5913000 22 15 658 2
7f62c5906000 27 18 704 3
7f62c5907000 25 17 747 3
7f62c5da1000 81 33 861 5
7f62c5da2000 78 27 967 5
7f62c6fb5000 147 43 1158 6
7f62c5910000 22 15 1195 6
7f62c5905000 38 19 1253 6
7f62c590c000 21 15 1290 6
7f62c590d000 24 15 1330 6
7f62c5daa000 69 29 1429 6
7f62c5902000 21 15 1466 6
7f62c5911000 21 15 1503 6
7f62c590b000 21 15 1540 6
7f62c5909000 23 16 1580 6
7f62c590a000 21 15 1617 6
7f62c5dbc000 45 23 1686 6
7f62c5dbb000 69 22 1778 6
7f62c5dc3000 72 32 1883 7
7f62c5dc2000 51 21 1956 7
7f62c5dc1000 76 24 2057 7
7f62c5d8d000 40 18 2115 7
7f62c5d8c000 36 20 2172 7
7f62c5903000 22 15 2209 7
7f62c5d87000 47 27 2284 7
7f62c5d85000 76 36 2397 7
7f62c5d84000 53 35 2486 7
7f62c6fdc000 62 88 2637 7
7f62c6fdb000 97 54 2788 7
7f62c6fdd000 64 59 2912 7
7f62c5914000 23 14 2949 7
7f62c3cd1000 98 36 3084 7
7f62c3cc1000 16 15 3115 7
7f62c3cc2000 16 14 3145 7
7f62c9ca1000 65 35 3246 7
7f62c9ca0000 47 24 3318 7
7f62c9c9a000 46 22 3387 8
3398 8
11 21 22 27 3 1 12 3 
0x7f62c8b89000
7f62c8b89000 60 25 86 0
7f62c7556000 21 14 122 0
7f62c7550000 20 15 158 0
7f62c5d8b000 51 25 235 1
7f62c5d8a000 46 22 304 1
7f62c590f000 23 16 344 2
7f62c5901000 20 15 379 2
7f62c5d89000 35 21 436 2
7f62c5d88000 65 25 527 2
7f62c5913000 22 15 565 2
7f62c5906000 27 18 611 3
7f62c5907000 25 17 654 3
7f62c5da1000 80 33 768 5
7f62c5da2000 78 27 874 5
7f62c6fb5000 147 43 1065 6
7f62c5910000 22 16 1103 6
7f62c5905000 37 20 1161 6
7f62c590c000 21 14 1197 6
7f62c590d000 24 16 1238 6
7f62c5daa000 69 28 1336 6
7f62c5902000 21 14 1373 6
7f62c5911000 22 15 1411 6
7f62c590b000 21 15 1448 6
7f62c5909000 23 16 1488 6
7f62c590a000 21 15 1525 6
7f62c5dbc000 45 23 1594 6
7f62c5dbb000 69 22 1686 6
7f62c5dc3000 72 32 1791 7
7f62c5dc2000 51 21 1864 7
7f62c5dc1000 76 24 1965 7
7f62c5d8d000 39 19 2023 7
7f62c5d8c000 36 20 2080 7
7f62c5903000 21 15 2116 7
7f62c5d87000 48 27 2192 7
7f62c5d85000 75 36 2304 7
7f62c5d84000 54 34 2393 7
7f62c6fdc000 62 87 2543 7
7f62c6fdb000 96 55 2695 7
7f62c6fdd000 65 59 2819 7
7f62c5914000 22 15 2856 7
7f62c3cd1000 98 35 2990 7
7f62c3cc1000 16 14 3021 7
7f62c3cc2000 16 14 3052 7
7f62c9ca1000 66 35 3153 7
7f62c9ca0000 47 25 3225 7
7f62c9c9a000 46 23 3294 8
3305 8
11 21 22 27 3 1 12 3 
0x7f62c8b88000
7f62c8b88000 110 33 143 1
7f62c7559000 21 15 180 1
7f62c7550000 20 15 216 1
7f62c755a000 21 15 252 1
7f62c8b8d000 60 28 341 1
7f62c8b8c000 53 23 417 1
7f62c755b000 21 16 455 1
7f62c755c000 81 33 569 2
7f62c7555000 22 14 605 3
7f62c8b8b000 68 25 699 4
7f62c7551000 22 15 737 4
7f62c5d8b000 51 25 814 4
7f62c5d8a000 46 22 883 4
7f62c590f000 23 16 923 4
7f62c5901000 20 15 958 4
7f62c5d89000 36 20 1015 4
7f62c5d88000 66 25 1107 4
7f62c5913000 23 15 1146 4
7f62c5906000 27 19 1192 4
7f62c5907000 25 17 1235 4
7f62c5da1000 82 33 1350 6
7f62c5da2000 79 27 1457 6
7f62c6fb5000 149 42 1649 6
7f62c5910000 23 16 1689 6
7f62c5905000 38 20 1747 6
7f62c590c000 21 15 1784 6
7f62c590d000 24 15 1824 6
7f62c5daa000 71 28 1924 6
7f62c5902000 21 15 1961 6
7f62c5911000 22 15 1999 6
7f62c590b000 21 15 2036 6
7f62c5909000 24 16 2077 6
7f62c590a000 21 15 2114 6
7f62c5dbc000 46 23 2184 6
7f62c5dbb000 69 22 2276 6
7f62c5dc3000 74 33 2384 7
7f62c5dc2000 51 21 2457 7
7f62c5dc1000 77 24 2559 7
7f62c5d8d000 40 18 2617 7
7f62c5d8c000 37 20 2675 7
7f62c5903000 22 15 2712 7
7f62c5d87000 49 27 2788 7
7f62c5d85000 76 36 2901 7
7f62c5d84000 55 34 2991 7
7f62c6fdc000 63 87 3142 7
7f62c6fdb000 97 56 3296 7
7f62c6fdd000 65 58 3419 7
7f62c5914000 22 15 3457 7
7f62c3cd1000 97 36 3591 7
7f62c3cc1000 16 14 3622 7
7f62c3cc2000 16 15 3653 7
7f62c9ca1000 65 35 3753 7
7f62c9ca0000 48 25 3827 7
7f62c9c9a000 46 22 3895 8
3908 8
13 22 22 29 3 1 12 4 
0x7f62c8b8d000
7f62c8b8d000 61 27 88 0
7f62c8b8c000 52 24 165 0
7f62c755b000 21 15 202 0
7f62c7550000 20 15 238 0
7f62c755c000 81 33 352 1
7f62c7555000 22 14 388 2
7f62c8b8b000 68 26 483 3
7f62c7551000 21 15 520 3
7f62c5d8b000 52 25 598 3
7f62c5d8a000 45 23 667 3
7f62c590f000 22 16 706 3
7f62c5901000 20 15 742 3
7f62c5d89000 36 20 799 3
7f62c5d88000 66 25 891 3
7f62c5913000 22 15 929 3
7f62c5906000 27 19 975 3
7f62c5907000 26 16 1017 3
7f62c5da1000 81 33 1132 5
7f62c5da2000 78 27 1238 5
7f62c6fb5000 147 43 1429 6
7f62c5910000 22 16 1467 6
7f62c5905000 38 20 1525 6
7f62c590c000 21 15 1561 6
7f62c590d000 24 15 1601 6
7f62c5daa000 70 28 1700 6
7f62c5902000 21 15 1737 6
7f62c5911000 22 15 1775 6
7f62c590b000 22 14 1811 6
7f62c5909000 24 15 1851 6
7f62c590a000 21 15 1888 6
7f62c5dbc000 46 22 1957 6
7f62c5dbb000 68 22 2049 6
7f62c5dc3000 72 33 2155 7
7f62c5dc2000 51 20 2227 7
7f62c5dc1000 77 23 2328 7
7f62c5d8d000 39 18 2386 7
7f62c5d8c000 37 19 2443 7
7f62c5903000 21 15 2480 7
7f62c5d87000 48 27 2556 7
7f62c5d85000 75 36 2668 7
7f62c5d84000 54 34 2757 7
7f62c6fdc000 61 88 2908 7
7f62c6fdb000 97 54 3059 7
7f62c6fdd000 64 59 3183 7
7f62c5914000 23 14 3220 7
7f62c3cd1000 98 36 3355 7
7f62c3cc1000 16 15 3386 7
7f62c3cc2000 16 15 3417 7
7f62c9ca1000 65 35 3517 7
7f62c9ca0000 47 25 3590 7
7f62c9c9a000 46 22 3658 8
3671 8
11 22 22 29 3 1 12 4 
0x7f62c8b8c000
7f62c8b8c000 52 23 76 0
7f62c755b000 22 15 114 0
7f62c7550000 20 15 150 0
7f62c755c000 81 33 264 1
7f62c7555000 21 15 300 2
7f62c8b8b000 68 25 394 3
7f62c8b8d000 60 28 483 3
7f62c6fdc000 61 88 633 5
7f62c6fdb000 97 54 784 5
7f62c7556000 21 15 821 5
7f62c6f45000 69 36 926 5
7f62c7081000 97 42 1066 5
7f62c7080000 98 38 1203 5
7f62c6f43000 121 20 1344 5
7f62c7050000 89 35 1468 5
7f62c704f000 107 31 1606 5
7f62c704e000 68 65 1739 5
7f62c704c000 73 25 1838 5
7f62c7040000 85 99 2023 5
7f62c703e000 47 24 2094 6
7f62c6f55000 56 50 2201 6
7f62c6f54000 74 32 2307 6
7f62c6f53000 36 24 2368 6
7f62c6f52000 52 21 2442 6
7f62c6f51000 82 31 2556 6
7f62c6f50000 33 19 2609 6
7f62c6f48000 45 25 2679 6
7f62c6f47000 42 26 2747 6
7f62c6f46000 61 22 2831 6
7f62c6fa3000 72 36 2939 7
7f62c6fb0000 84 31 3054 7
7f62c6faf000 76 43 3174 7
7f62c7034000 55 72 3302 7
7f62c702f000 53 52 3408 7
7f62c702e000 76 79 3564 7
7f62c702d000 60 53 3678 7
7f62c702c000 45 18 3741 7
7f62c702b000 43 16 3801 7
7f62c6fc0000 83 62 3947 7
7f62c6fbf000 85 43 4075 7
7f62c6fbe000 60 33 4168 7
7f62c6fbd000 81 34 4283 7
7f62c6fb5000 148 43 4475 7
7f62c6fbc000 93 28 4596 7
7f62c6fbb000 67 38 4701 7
7f62c6fb6000 60 46 4808 7
7f62c6f82000 55 25 4889 7
7f62c702a000 53 20 4963 7
7f62c7029000 49 21 5033 7
7f62c7028000 35 17 5086 7
7f62c7027000 45 22 5154 7
7f62c7026000 38 19 5212 7
7f62c7025000 42 22 5277 7
7f62c705f000 52 22 5352 7
7f62c7041000 68 82 5502 7
7f62c6fae000 59 30 5592 7
7f62c7039000 60 49 5701 7
7f62c7035000 78 60 5839 7
7f62c7038000 48 36 5924 7
7f62c6fb2000 101 43 6069 7
7f62c7037000 92 42 6204 7
7f62c7036000 61 56 6321 7
7f62c6f83000 31 27 6380 7
7f62c6fac000 47 24 6451 7
7f62c7004000 48 27 6526 7
7f62c7003000 56 49 6631 7
7f62c7065000 44 28 6703 7
7f62c7064000 57 34 6794 7
7f62c7063000 48 30 6872 7
7f62c7062000 63 30 6965 8
6969 8
26 37 16 50 1 2 13 42 
0x7f62c8b8b000
7f62c8b8b000 68 25 94 1
7f62c8b8d000 60 27 182 1
7f62c8b8c000 53 23 259 1
7f62c755b000 21 15 296 1
7f62c7550000 20 15 332 1
7f62c755c000 81 33 446 2
7f62c7555000 22 14 482 3
7f62c7557000 21 15 519 3
7f62c8b84000 111 33 664 3
7f62c7551000 21 15 702 3
7f62c5da2000 78 26 807 4
7f62c590f000 23 16 847 4
7f62c5901000 21 15 883 4
7f62c5913000 22 15 920 4
7f62c6fb5000 147 43 1111 5
7f62c5910000 22 16 1149 5
7f62c5905000 37 20 1207 6
7f62c590c000 21 14 1243 6
7f62c5d8b000 52 25 1321 6
7f62c5d8a000 46 23 1390 6
7f62c5d89000 36 20 1447 6
7f62c5d88000 66 25 1539 6
7f62c5906000 27 18 1585 6
7f62c5907000 25 16 1627 6
7f62c5da1000 81 33 1742 6
7f62c5dad000 92 26 1861 7
7f62c5dac000 56 32 1950 8
1960 8
1 11 2 6 14 2 6 3 
0x7f62c8b84000
7f62c8b84000 111 33 144 0
7f62c7551000 22 15 182 0
7f62c7550000 20 15 217 0
7f62c8b8c000 52 23 293 0
7f62c755b000 22 15 331 0
7f62c755c000 80 33 445 1
7f62c7555000 22 14 481 2
7f62c8b8b000 68 25 575 3
7f62c8b8d000 60 28 664 3
7f62c6fdc000 61 88 814 5
7f62c6fdb000 97 54 965 5
7f62c7556000 21 15 1002 5
7f62c6f45000 70 36 1108 5
7f62c7081000 97 43 1248 5
7f62c7080000 98 38 1384 5
7f62c6f43000 120 20 1525 5
7f62c7050000 89 35 1650 5
7f62c704f000 106 32 1788 5
7f62c704e000 68 65 1921 5
7f62c704c000 73 25 2020 5
7f62c7040000 85 99 2205 5
7f62c703e000 48 23 2276 6
7f62c6f55000 56 50 2383 6
7f62c6f54000 74 32 2489 6
7f62c6f53000 36 24 2550 6
7f62c6f52000 52 21 2624 6
7f62c6f51000 83 31 2739 6
7f62c6f50000 33 19 2791 6
7f62c6f48000 44 25 2861 6
7f62c6f47000 42 27 2930 6
7f62c6f46000 61 22 3013 6
7f62c6fa3000 72 35 3120 7
7f62c6fb0000 84 32 3237 7
7f62c6faf000 76 43 3356 7
7f62c7034000 56 72 3485 7
7f62c702f000 53 52 3590 7
7f62c702e000 77 79 3746 7
7f62c702d000 61 52 3859 7
7f62c702c000 45 18 3923 7
7f62c702b000 43 16 3983 7
7f62c6fc0000 82 62 4128 7
7f62c6fbf000 84 42 4254 7
7f62c6fbe000 60 32 4347 7
7f62c6fbd000 81 34 4462 7
7f62c6fb5000 147 43 4652 7
7f62c6fbc000 92 27 4771 7
7f62c6fbb000 67 37 4876 7
7f62c6fb6000 60 45 4982 7
7f62c6f82000 55 25 5063 7
7f62c702a000 52 20 5136 7
7f62c7029000 48 21 5206 7
7f62c7028000 34 18 5259 7
7f62c7027000 45 22 5327 7
7f62c7026000 39 19 5385 7
7f62c7025000 43 21 5449 7
7f62c705f000 53 21 5524 7
7f62c7041000 67 83 5675 7
7f62c6fae000 59 30 5765 7
7f62c7039000 60 49 5874 7
7f62c7035000 78 60 6012 7
7f62c7038000 48 37 6098 7
7f62c6fb2000 101 44 6243 7
7f62c7037000 93 41 6377 7
7f62c7036000 60 57 6495 7
7f62c6f83000 32 26 6553 7
7f62c6fac000 47 24 6624 7
7f62c7004000 48 26 6699 7
7f62c7003000 56 49 6804 7
7f62c7065000 44 27 6876 7
7f62c7064000 57 34 6968 7
7f62c7063000 48 30 7046 7
7f62c7062000 63 30 7139 8
7144 8
26 37 16 50 1 2 13 42 
0x7f62c8b8e000
7f62c8b8e000 79 31 111 0
7f62c5d83000 54 24 190 2
7f62c7552000 21 15 226 2
7f62c7550000 20 15 262 2
7f62c755b000 22 15 299 2
7f62c755c000 80 33 413 2
7f62c8b8d000 60 28 501 2
7f62c8b8c000 52 23 577 2
7f62c7555000 22 14 614 3
7f62c8b8b000 68 25 708 3
7f62c7551000 21 15 746 3
7f62c5d8b000 52 24 823 3
7f62c5d8a000 46 23 893 3
7f62c590f000 22 16 932 3
7f62c5901000 20 15 968 3
7f62c5d89000 36 20 1024 3
7f62c5d88000 66 25 1116 3
7f62c5913000 22 15 1154 3
7f62c5906000 27 18 1200 3
7f62c5907000 25 17 1243 3
7f62c5da1000 80 33 1357 5
7f62c5da2000 78 27 1463 5
7f62c6fb5000 147 43 1654 6
7f62c5910000 22 15 1691 6
7f62c5905000 38 19 1749 6
7f62c590c000 21 15 1786 6
7f62c590d000 24 15 1826 6
7f62c5daa000 70 28 1925 6
7f62c5902000 21 15 1962 6
7f62c5911000 21 15 1999 6
7f62c590b000 21 15 2036 6
7f62c5909000 23 16 2076 6
7f62c590a000 21 15 2113 6
7f62c5dbc000 46 22 2182 6
7f62c5dbb000 69 22 2274 6
7f62c5dc3000 72 33 2380 7
7f62c5dc2000 50 21 2452 7
7f62c5dc1000 76 24 2553 7
7f62c5d8d000 39 19 2611 7
7f62c5d8c000 36 20 2668 7
7f62c5903000 21 15 2704 7
7f62c5d87000 48 27 2780 7
7f62c5d85000 75 36 2892 7
7f62c5d84000 54 34 2981 7
7f62c6fdc000 61 88 3132 7
7f62c6fdb000 97 54 3283 7
7f62c6fdd000 64 59 3407 7
7f62c5914000 23 15 3445 7
7f62c3cd1000 97 36 3579 7
7f62c3cc1000 16 14 3609 7
7f62c3cc2000 16 14 3640 7
7f62c9ca1000 65 35 3741 7
7f62c9ca0000 48 24 3813 7
7f62c9c9a000 46 22 3882 8
3895 8
11 23 22 31 3 1 12 4 
0x7f62c8b8f000
7f62c8b8f000 50 25 76 0
76 0
0 0 0 0 0 0 0 0 
0x7f62c8b90000
7f62c8b90000 19 17 36 1
36 1
0 1 0 0 0 0 0 0 
0x7f62c8b82000
7f62c8b82000 39 24 63 0
7f62c8a80000 42 26 132 0
7f62c7551000 21 15 169 0
7f62c7550000 20 15 205 0
7f62c8a7f000 52 30 287 2
7f62c8a7e000 77 34 399 2
7f62c755b000 21 15 436 2
7f62c755c000 81 33 551 3
7f62c8a5a000 48 28 627 3
7f62c8a59000 77 33 738 3
7f62c7556000 22 14 774 3
7f62c5d8b000 52 25 852 3
7f62c5d8a000 45 23 921 3
7f62c590f000 22 16 960 4
7f62c5901000 20 15 996 4
7f62c5d89000 36 20 1052 4
7f62c5d88000 66 25 1144 4
7f62c5913000 22 15 1182 4
7f62c5906000 27 18 1228 5
7f62c5907000 25 17 1271 5
7f62c5da1000 81 33 1385 6
7f62c5da2000 78 27 1491 6
7f62c6fb5000 147 43 1682 6
7f62c5910000 22 16 1720 6
7f62c5905000 37 20 1778 6
7f62c590c000 21 15 1815 6
7f62c590d000 24 16 1856 6
7f62c5daa000 70 28 1955 6
7f62c5902000 21 15 1992 6
7f62c5911000 22 15 2030 6
7f62c590b000 21 15 2067 6
7f62c5909000 24 16 2108 6
7f62c590a000 22 15 2145 6
7f62c5dbc000 46 22 2214 6
7f62c5dbb000 70 22 2307 6
7f62c5dc3000 72 33 2413 7
7f62c5dc2000 50 21 2486 7
7f62c5dc1000 78 23 2588 7
7f62c5d8d000 39 19 2647 7
7f62c5d8c000 36 20 2704 7
7f62c5903000 21 15 2741 7
7f62c5d87000 48 27 2817 7
7f62c5d85000 76 37 2931 7
7f62c5d84000 54 34 3020 7
7f62c6fdc000 63 88 3172 7
7f62c6fdb000 97 54 3323 7
7f62c6fdd000 64 59 3447 7
7f62c5914000 22 15 3485 7
7f62c3cd1000 97 36 3619 7
7f62c3cc1000 16 15 3650 7
7f62c3cc2000 16 14 3680 7
7f62c9ca1000 65 35 3781 7
7f62c9ca0000 47 24 3853 7
7f62c9c9a000 46 22 3922 8
3939 8
13 21 22 29 3 1 18 3 
0x7f62c8a80000
7f62c8a80000 42 25 67 0
7f62c8b82000 40 24 132 0
7f62c8b81000 60 32 225 0
7f62c7552000 21 15 262 0
7f62c7550000 20 15 298 0
7f62c7553000 21 15 334 0
7f62c7551000 22 15 372 0
7f62c7556000 21 15 409 0
7f62c7555000 22 14 445 1
7f62c3cd1000 98 36 580 4
7f62c3cc1000 16 14 610 4
7f62c3cc2000 16 14 641 4
7f62c7559000 21 15 678 4
7f62c7557000 21 15 715 4
7f62c8a7f000 52 29 797 5
7f62c8a7e000 77 34 909 5
7f62c755b000 21 16 947 5
7f62c755c000 80 33 1061 6
7f62c8a5a000 49 27 1137 6
7f62c8a59000 78 32 1248 6
7f62c5d8b000 52 24 1325 6
7f62c5d8a000 46 23 1395 6
7f62c590f000 22 16 1434 6
7f62c5901000 20 15 1470 6
7f62c5d89000 36 20 1526 6
7f62c5d88000 66 25 1618 6
7f62c5913000 22 15 1656 6
7f62c5906000 28 18 1703 6
7f62c5907000 25 17 1746 6
7f62c5da1000 81 33 1860 7
7f62c5da2000 78 27 1966 7
7f62c6fb5000 147 43 2157 7
7f62c5910000 22 15 2194 7
7f62c5905000 38 19 2252 7
7f62c590c000 21 15 2289 7
7f62c590d000 24 16 2330 7
7f62c5daa000 69 28 2428 7
7f62c5902000 22 14 2465 7
7f62c5911000 22 15 2503 7
7f62c590b000 21 15 2540 7
7f62c5909000 23 16 2580 7
7f62c590a000 22 14 2616 7
7f62c5dbc000 46 23 2686 7
7f62c5dbb000 69 21 2777 7
7f62c5dc3000 72 33 2883 7
7f62c5dc2000 51 20 2955 7
7f62c5dc1000 77 23 3056 7
7f62c5d8d000 39 18 3114 7
7f62c5d8c000 37 19 3171 7
7f62c5903000 21 15 3208 7
7f62c5d87000 47 28 3284 7
7f62c5d85000 75 36 3396 7
7f62c5d84000 54 34 3485 7
7f62c6fdc000 62 87 3635 7
7f62c6fdb000 96 55 3787 7
7f62c6fdd000 65 59 3911 7
7f62c5914000 22 15 3948 7
7f62c9ca1000 65 35 4049 7
7f62c9ca0000 47 25 4122 7
7f62c9c9a000 46 22 4190 8
4207 8
13 21 22 29 3 1 18 4 
0x7f62c8a7f000
7f62c8a7f000 53 29 82 2
7f62c8a7e000 77 34 194 2
7f62c755b000 21 16 232 2
7f62c7550000 20 15 267 2
7f62c755c000 81 32 381 3
7f62c7551000 21 15 418 3
7f62c8a5a000 48 27 494 3
7f62c8a59000 78 33 606 3
7f62c7556000 21 15 642 3
7f62c5d8b000 52 24 719 3
7f62c5d8a000 46 23 789 3
7f62c590f000 22 16 828 4
7f62c5901000 20 15 864 4
7f62c5d89000 36 20 920 4
7f62c5d88000 66 25 1012 4
7f62c5913000 22 15 1050 4
7f62c5906000 27 18 1096 5
7f62c5907000 25 17 1139 5
7f62c5da1000 81 33 1253 6
7f62c5da2000 78 27 1359 6
7f62c6fb5000 147 43 1550 6
7f62c5910000 22 16 1588 6
7f62c5905000 38 20 1646 6
7f62c590c000 22 15 1683 6
7f62c590d000 24 16 1723 6
7f62c5daa000 69 29 1822 6
7f62c5902000 21 14 1858 6
7f62c5911000 22 15 1896 6
7f62c590b000 21 15 1933 6
7f62c5909000 23 16 1973 6
7f62c590a000 21 15 2010 6
7f62c5dbc000 45 23 2079 6
7f62c5dbb000 69 22 2171 6
7f62c5dc3000 71 33 2276 7
7f62c5dc2000 51 20 2348 7
7f62c5dc1000 77 24 2450 7
7f62c5d8d000 39 18 2507 7
7f62c5d8c000 37 20 2565 7
7f62c5903000 21 15 2601 7
7f62c5d87000 47 28 2677 7
7f62c5d85000 75 36 2789 7
7f62c5d84000 54 34 2878 7
7f62c6fdc000 62 87 3028 7
7f62c6fdb000 96 55 3180 7
7f62c6fdd000 64 59 3304 7
7f62c5914000 22 15 3341 7
7f62c3cd1000 98 35 3475 7
7f62c3cc1000 16 14 3506 7
7f62c3cc2000 16 14 3537 7
7f62c9ca1000 65 35 3638 7
7f62c9ca0000 47 25 3711 7
7f62c9c9a000 47 22 3780 8
3794 8
13 21 22 29 3 1 18 3 
0x7f62c8a7e000
7f62c8a7e000 77 35 113 1
7f62c755b000 21 15 150 1
7f62c7550000 20 15 186 1
7f62c755c000 81 33 301 2
7f62c7551000 22 15 338 2
7f62c8a5a000 48 28 415 2
7f62c8a59000 78 33 527 2
7f62c7556000 22 15 564 2
7f62c5d8b000 52 25 641 2
7f62c5d8a000 46 23 711 2
7f62c590f000 22 16 750 3
7f62c5901000 20 15 786 3
7f62c5d89000 36 20 843 3
7f62c5d88000 66 25 935 3
7f62c5913000 22 15 973 3
7f62c5906000 27 18 1019 4
7f62c5907000 25 17 1062 4
7f62c5da1000 80 33 1176 5
7f62c5da2000 78 27 1282 5
7f62c6fb5000 147 43 1473 6
7f62c5910000 22 16 1511 6
7f62c5905000 38 19 1568 6
7f62c590c000 21 15 1605 6
7f62c590d000 24 15 1645 6
7f62c5daa000 69 29 1744 6
7f62c5902000 21 15 1781 6
7f62c5911000 21 15 1818 6
7f62c590b000 21 15 1855 6
7f62c5909000 23 16 1895 6
7f62c590a000 21 14 1931 6
7f62c5dbc000 46 23 2001 6
7f62c5dbb000 68 22 2092 6
7f62c5dc3000 72 33 2198 7
7f62c5dc2000 50 21 2270 7
7f62c5dc1000 77 23 2371 7
7f62c5d8d000 39 18 2429 7
7f62c5d8c000 37 19 2486 7
7f62c5903000 21 15 2523 7
7f62c5d87000 48 27 2599 7
7f62c5d85000 75 36 2711 7
7f62c5d84000 54 34 2800 7
7f62c6fdc000 62 87 2951 7
7f62c6fdb000 96 55 3103 7
7f62c6fdd000 65 59 3227 7
7f62c5914000 22 15 3264 7
7f62c3cd1000 98 35 3398 7
7f62c3cc1000 16 14 3429 7
7f62c3cc2000 16 14 3460 7
7f62c9ca1000 65 35 3561 7
7f62c9ca0000 47 25 3633 7
7f62c9c9a000 46 23 3702 8
3714 8
11 21 22 29 3 1 16 3 
0x7f62c8a5a000
7f62c8a5a000 48 27 76 0
7f62c8a59000 78 33 188 0
7f62c7556000 21 15 224 0
7f62c7550000 20 15 259 0
7f62c5d8b000 52 24 336 1
7f62c5d8a000 46 23 406 1
7f62c590f000 22 16 445 2
7f62c5901000 19 16 481 2
7f62c5d89000 36 20 537 2
7f62c5d88000 66 25 629 2
7f62c5913000 22 15 667 2
7f62c5906000 27 18 713 3
7f62c5907000 25 16 755 3
7f62c5da1000 81 33 870 5
7f62c5da2000 78 27 976 5
7f62c6fb5000 147 42 1166 6
7f62c5910000 22 15 1204 6
7f62c5905000 37 20 1262 6
7f62c590c000 21 15 1299 6
7f62c590d000 24 16 1339 6
7f62c5daa000 69 29 1438 6
7f62c5902000 21 15 1475 6
7f62c5911000 22 15 1512 6
7f62c590b000 21 15 1549 6
7f62c5909000 23 16 1589 6
7f62c590a000 21 14 1625 6
7f62c5dbc000 46 23 1695 6
7f62c5dbb000 69 21 1786 6
7f62c5dc3000 72 33 1892 7
7f62c5dc2000 50 21 1964 7
7f62c5dc1000 76 24 2065 7
7f62c5d8d000 39 19 2123 7
7f62c5d8c000 36 20 2180 7
7f62c5903000 21 14 2216 7
7f62c5d87000 48 27 2292 7
7f62c5d85000 75 36 2404 7
7f62c5d84000 54 34 2493 7
7f62c6fdc000 61 87 2643 7
7f62c6fdb000 96 55 2795 7
7f62c6fdd000 64 59 2918 7
7f62c5914000 22 15 2956 7
7f62c3cd1000 97 36 3090 7
7f62c3cc1000 17 14 3121 7
7f62c3cc2000 16 15 3152 7
7f62c9ca1000 65 35 3252 7
7f62c9ca0000 47 25 3325 7
7f62c9c9a000 46 22 3393 8
3404 8
11 21 22 27 3 1 12 3 
0x7f62c8a59000
7f62c8a59000 78 33 111 0
111 0
0 0 0 0 0 0 0 0 
0x7f62c786a000
7f62c786a000 71 21 93 0
93 0
0 0 0 0 0 0 0 0 
0x7f62c8a1f000
7f62c8a1f000 37 32 70 1
7f62c755b000 22 15 107 1
7f62c7550000 20 15 143 1
7f62c755c000 81 33 257 2
7f62c8a1e000 53 22 332 2
7f62c5dbb000 69 21 422 2
7f62c5dc3000 72 33 528 3
7f62c5dc2000 51 20 600 4
7f62c590d000 24 15 640 4
7f62c5901000 20 15 676 4
7f62c5dc1000 77 23 777 4
7f62c5d8d000 40 18 835 4
7f62c5d8c000 36 20 892 4
7f62c5913000 23 14 929 4
7f62c5906000 27 18 975 5
7f62c5907000 25 17 1018 5
7f62c590b000 21 15 1055 5
7f62c590f000 22 16 1094 5
7f62c5d8a000 46 23 1164 5
7f62c5d89000 36 20 1221 5
7f62c5d88000 66 25 1313 5
7f62c5da1000 82 33 1429 6
7f62c5da2000 79 27 1536 6
7f62c6fb5000 148 43 1728 7
7f62c5910000 22 15 1766 7
7f62c5905000 38 20 1825 7
7f62c590c000 22 14 1861 7
7f62c5d8b000 52 25 1939 7
7f62c590e000 41 17 1998 7
7f62c5903000 21 15 2035 7
7f62c5d87000 48 27 2111 7
7f62c5d85000 76 37 2225 7
7f62c5d84000 54 34 2314 7
7f62c5902000 22 15 2352 7
7f62c590a000 21 15 2389 7
7f62c6fdc000 63 88 2540 7
7f62c6fdb000 98 54 2692 7
7f62c5909000 23 16 2732 7
7f62c6fdd000 65 59 2857 7
7f62c5914000 22 15 2895 7
7f62c3cd1000 99 36 3031 7
7f62c3cc1000 16 15 3062 7
7f62c3cc2000 16 14 3092 7
7f62c9ca1000 66 35 3194 7
7f62c9ca0000 48 25 3267 7
7f62c9c9a000 46 23 3336 8
3346 8
11 21 22 29 2 1 16 3 
0x7f62c8a1e000
7f62c8a1e000 53 22 75 0
75 0
0 0 0 0 0 0 0 0 
0x7f62c8a28000
7f62c8a28000 60 35 95 0
7f62c8a27000 47 22 165 0
7f62c7551000 21 15 202 0
7f62c7550000 20 15 238 0
7f62c5dbd000 89 25 353 0
7f62c5dbc000 46 23 423 1
7f62c5dbb000 70 22 516 1
7f62c5dc3000 72 33 622 2
7f62c5dc2000 51 21 695 3
7f62c590d000 24 15 735 3
7f62c5901000 20 15 771 3
7f62c5dc1000 77 24 873 3
7f62c5d8d000 40 18 931 3
7f62c5d8c000 37 20 989 3
7f62c5913000 23 14 1026 3
7f62c5906000 27 19 1073 4
7f62c5907000 25 17 1116 4
7f62c590b000 22 15 1153 4
7f62c590f000 23 16 1192 4
7f62c5d8a000 46 22 1261 4
7f62c5d89000 37 20 1319 5
7f62c5d88000 67 25 1412 5
7f62c5da1000 81 33 1527 6
7f62c5da2000 79 27 1634 6
7f62c6fb5000 148 43 1826 7
7f62c5910000 22 15 1864 7
7f62c5905000 38 20 1923 7
7f62c590c000 22 15 1960 7
7f62c5d8b000 53 24 2037 7
7f62c590e000 41 17 2096 7
7f62c5903000 22 15 2134 7
7f62c5d87000 49 27 2210 7
7f62c5d85000 76 36 2323 7
7f62c5d84000 54 35 2413 7
7f62c5902000 21 15 2450 7
7f62c590a000 21 15 2487 7
7f62c6fdc000 62 88 2638 7
7f62c6fdb000 97 56 2792 7
7f62c5909000 24 16 2832 7
7f62c6fdd000 65 59 2957 7
7f62c5914000 23 15 2995 7
7f62c3cd1000 98 36 3130 7
7f62c3cc1000 16 15 3161 7
7f62c3cc2000 16 15 3192 7
7f62c9ca1000 66 35 3293 7
7f62c9ca0000 47 25 3366 7
7f62c9c9a000 47 22 3435 8
3447 8
11 21 22 27 2 1 12 3 
0x7f62c8a27000
7f62c8a27000 48 22 70 0
70 0
0 0 0 0 0 0 0 0 
0x7f62c8a29000
7f62c8a29000 57 34 92 1
7f62c8a28000 60 35 188 1
7f62c8a27000 47 22 258 1
7f62c7551000 21 15 295 1
7f62c7550000 20 15 331 1
7f62c5dbd000 90 25 447 1
7f62c5dbc000 46 23 517 2
7f62c5dbb000 69 22 609 2
7f62c5dc3000 72 33 715 3
7f62c5dc2000 51 21 788 4
7f62c590d000 23 16 828 4
7f62c5901000 20 15 864 4
7f62c5dc1000 77 24 966 4
7f62c5d8d000 40 18 1024 4
7f62c5d8c000 37 20 1082 4
7f62c5913000 22 15 1119 4
7f62c5906000 27 19 1166 5
7f62c5907000 26 16 1208 5
7f62c590b000 21 15 1245 5
7f62c590f000 23 16 1285 5
7f62c5d8a000 46 23 1354 5
7f62c5d89000 36 21 1412 5
7f62c5d88000 66 25 1504 5
7f62c5da1000 81 34 1620 6
7f62c5da2000 78 27 1726 6
7f62c6fb5000 149 43 1919 7
7f62c5910000 22 16 1957 7
7f62c5905000 37 20 2015 7
7f62c590c000 21 15 2052 7
7f62c5d8b000 52 25 2130 7
7f62c590e000 41 17 2189 7
7f62c5903000 21 15 2226 7
7f62c5d87000 48 27 2302 7
7f62c5d85000 76 36 2415 7
7f62c5d84000 54 35 2505 7
7f62c5902000 21 15 2542 7
7f62c590a000 21 15 2579 7
7f62c6fdc000 62 88 2730 7
7f62c6fdb000 97 55 2882 7
7f62c5909000 23 16 2922 7
7f62c6fdd000 65 59 3047 7
7f62c5914000 22 15 3085 7
7f62c3cd1000 98 36 3220 7
7f62c3cc1000 16 14 3251 7
7f62c3cc2000 16 14 3282 7
7f62c9ca1000 65 35 3383 7
7f62c9ca0000 47 25 3456 7
7f62c9c9a000 46 22 3525 8
3538 8
11 21 22 28 2 1 12 3 
0x7f62c8a58000
7f62c8a58000 39 20 60 0
7f62c755b000 21 15 98 0
7f62c7550000 20 15 134 0
7f62c755c000 81 33 249 1
7f62c7556000 22 14 285 1
7f62c8a29000 57 34 377 1
7f62c8a28000 61 34 473 1
7f62c8a27000 48 22 544 1
7f62c7551000 22 15 581 1
7f62c5dbd000 90 25 697 1
7f62c5dbc000 46 23 767 2
7f62c5dbb000 69 22 859 2
7f62c5dc3000 73 33 966 3
7f62c5dc2000 51 20 1038 4
7f62c590d000 24 16 1079 4
7f62c5901000 20 15 1115 4
7f62c5dc1000 78 23 1216 4
7f62c5d8d000 39 19 1275 4
7f62c5d8c000 36 20 1332 4
7f62c5913000 22 15 1370 4
7f62c5906000 27 19 1417 5
7f62c5907000 26 16 1459 5
7f62c590b000 21 15 1496 5
7f62c590f000 23 16 1536 5
7f62c5d8a000 47 22 1605 5
7f62c5d89000 36 21 1663 5
7f62c5d88000 66 25 1755 5
7f62c5da1000 81 34 1871 6
7f62c5da2000 79 26 1977 6
7f62c6fb5000 149 43 2170 7
7f62c5910000 22 16 2208 7
7f62c5905000 38 20 2266 7
7f62c590c000 21 15 2303 7
7f62c5d8b000 52 25 2381 7
7f62c590e000 41 17 2440 7
7f62c5903000 22 14 2476 7
7f62c5d87000 48 28 2553 7
7f62c5d85000 76 36 2666 7
7f62c5d84000 54 34 2755 7
7f62c5902000 21 15 2792 7
7f62c590a000 22 15 2830 7
7f62c6fdc000 63 87 2980 7
7f62c6fdb000 97 55 3133 7
7f62c5909000 24 16 3173 7
7f62c6fdd000 64 60 3298 7
7f62c5914000 22 15 3335 7
7f62c3cd1000 99 36 3471 7
7f62c3cc1000 16 15 3502 7
7f62c3cc2000 16 15 3533 7
7f62c9ca1000 66 35 3634 7
7f62c9ca0000 47 25 3707 7
7f62c9c9a000 46 23 3776 8
3789 8
11 21 22 30 2 1 12 3 
0x7f62c8a57000
7f62c8a57000 166 63 230 1
230 1
0 1 0 0 0 0 0 0 
0x7f62c76fb000
7f62c76fb000 63 20 84 0
84 0
0 0 0 0 0 0 0 0 
0x7f62c7691000
7f62c7691000 77 23 100 1
7f62c5dbd000 90 25 216 1
7f62c5dbc000 46 23 286 2
7f62c5dbb000 70 22 378 2
7f62c5dc3000 72 33 484 3
7f62c5dc2000 51 21 557 4
7f62c590d000 24 16 597 4
7f62c5901000 20 15 633 4
7f62c5dc1000 77 23 734 4
7f62c5d8d000 39 19 793 4
7f62c5d8c000 36 20 850 4
7f62c5913000 22 15 888 4
7f62c5906000 27 18 934 4
7f62c5907000 25 17 977 4
7f62c590b000 22 15 1014 4
7f62c590f000 23 16 1053 4
7f62c5d8a000 46 22 1122 4
7f62c5d89000 36 21 1180 5
7f62c5d88000 66 25 1272 5
7f62c5da1000 82 33 1388 6
7f62c5da2000 79 26 1494 6
7f62c6fb5000 148 43 1687 7
7f62c5910000 23 15 1725 7
7f62c5905000 38 19 1783 7
7f62c590c000 21 15 1820 7
7f62c5d8b000 52 25 1898 7
7f62c590e000 41 17 1957 7
7f62c5903000 21 15 1994 7
7f62c5d87000 48 27 2070 7
7f62c5d85000 76 36 2183 7
7f62c5d84000 55 34 2273 7
7f62c5902000 21 15 2310 7
7f62c590a000 22 15 2348 7
7f62c6fdc000 63 87 2498 7
7f62c6fdb000 97 55 2651 7
7f62c5909000 23 16 2691 7
7f62c6fdd000 64 60 2816 7
7f62c5914000 23 15 2854 7
7f62c3cd1000 99 35 2988 7
7f62c3cc1000 16 14 3019 7
7f62c3cc2000 16 15 3050 7
7f62c9ca1000 65 36 3151 7
7f62c9ca0000 47 25 3223 7
7f62c9c9a000 46 22 3291 8
3304 8
11 21 22 27 2 1 12 4 
0x7f62c7690000
7f62c7690000 73 24 98 0
7f62c768f000 79 29 207 0
7f62c768e000 60 20 288 0
7f62c768d000 63 18 370 0
7f62889a1000 16 14 401 0
7f62c7557000 22 14 438 0
7f62c7550000 20 15 474 0
7f62c7691000 76 23 574 1
7f62c5dbd000 90 25 690 1
7f62c5dbc000 46 23 760 2
7f62c5dbb000 69 22 852 2
7f62c5dc3000 72 33 958 3
7f62c5dc2000 52 20 1031 4
7f62c590d000 24 16 1072 4
7f62c5901000 20 15 1108 4
7f62c5dc1000 78 23 1209 4
7f62c5d8d000 39 19 1268 4
7f62c5d8c000 36 20 1325 4
7f62c5913000 22 15 1363 4
7f62c5906000 27 18 1409 4
7f62c5907000 25 17 1452 4
7f62c590b000 21 15 1489 4
7f62c590f000 22 16 1528 4
7f62c5d8a000 46 23 1598 4
7f62c5d89000 36 20 1655 5
7f62c5d88000 66 25 1747 5
7f62c5da1000 82 33 1863 6
7f62c5da2000 79 27 1970 6
7f62c6fb5000 148 43 2162 7
7f62c5910000 22 15 2200 7
7f62c5905000 38 20 2259 7
7f62c590c000 21 15 2296 7
7f62c5d8b000 53 24 2373 7
7f62c590e000 42 16 2432 7
7f62c5903000 22 14 2469 7
7f62c5d87000 48 28 2546 7
7f62c5d85000 76 36 2659 7
7f62c5d84000 54 34 2748 7
7f62c5902000 22 15 2786 7
7f62c590a000 21 15 2823 7
7f62c6fdc000 62 88 2974 7
7f62c6fdb000 97 55 3126 7
7f62c5909000 23 16 3166 7
7f62c6fdd000 65 59 3291 7
7f62c5914000 22 15 3329 7
7f62c3cd1000 99 35 3464 7
7f62c3cc1000 16 14 3495 7
7f62c3cc2000 16 14 3526 7
7f62c9ca1000 66 35 3628 7
7f62c9ca0000 48 25 3701 7
7f62c9c9a000 47 22 3770 8
3786 8
11 21 22 27 2 1 12 4 
0x7f62c768f000
7f62c768f000 79 30 109 0
7f62c768e000 59 21 190 0
7f62c768d000 63 18 272 0
7f62889a1000 16 15 303 0
7f62c7557000 21 15 340 0
7f62c7550000 20 15 376 0
7f62c7691000 77 23 476 1
7f62c5dbd000 90 25 592 1
7f62c5dbc000 46 23 662 2
7f62c5dbb000 69 22 754 2
7f62c5dc3000 72 33 860 3
7f62c5dc2000 52 20 933 4
7f62c590d000 24 16 974 4
7f62c5901000 20 15 1010 4
7f62c5dc1000 77 24 1112 4
7f62c5d8d000 40 18 1170 4
7f62c5d8c000 37 20 1228 4
7f62c5913000 22 15 1265 4
7f62c5906000 27 19 1312 4
7f62c5907000 26 16 1354 4
7f62c590b000 21 15 1391 4
7f62c590f000 23 16 1431 4
7f62c5d8a000 46 23 1500 4
7f62c5d89000 36 21 1558 5
7f62c5d88000 66 25 1650 5
7f62c5da1000 81 34 1766 6
7f62c5da2000 79 27 1873 6
7f62c6fb5000 148 43 2065 7
7f62c5910000 22 15 2103 7
7f62c5905000 38 20 2162 7
7f62c590c000 22 15 2199 7
7f62c5d8b000 53 24 2276 7
7f62c590e000 41 17 2335 7
7f62c5903000 21 15 2372 7
7f62c5d87000 48 27 2448 7
7f62c5d85000 76 36 2561 7
7f62c5d84000 55 34 2651 7
7f62c5902000 21 15 2688 7
7f62c590a000 22 14 2725 7
7f62c6fdc000 63 87 2876 7
7f62c6fdb000 97 55 3029 7
7f62c5909000 23 16 3069 7
7f62c6fdd000 65 59 3194 7
7f62c5914000 23 15 3232 7
7f62c3cd1000 98 36 3367 7
7f62c3cc1000 17 14 3398 7
7f62c3cc2000 16 15 3429 7
7f62c9ca1000 66 35 3530 7
7f62c9ca0000 47 25 3603 7
7f62c9c9a000 47 22 3672 8
3687 8
11 21 22 27 2 1 12 4 
0x7f62c768e000
7f62c768e000 60 20 80 0
7f62c768d000 64 17 162 0
7f62889a1000 16 14 193 0
7f62c768f000 79 29 303 0
7f62c7569000 71 27 402 1
7f62c756a000 68 22 493 1
7f62c9382000 23 15 532 1
7f62c5dbb000 69 22 623 1
7f62c5dc3000 73 33 730 1
7f62c5dc2000 51 20 802 2
7f62c590d000 24 16 843 2
7f62c5901000 20 15 879 2
7f62c5dc1000 77 24 981 2
7f62c5d8d000 39 19 1039 2
7f62c5d8c000 36 20 1096 2
7f62c5913000 22 15 1134 2
7f62c5906000 27 18 1180 3
7f62c5907000 25 17 1223 3
7f62c590b000 21 15 1260 3
7f62c590f000 22 16 1299 3
7f62c5d8a000 46 23 1369 3
7f62c5d89000 36 20 1426 4
7f62c5d88000 67 25 1519 4
7f62c5da1000 81 33 1634 6
7f62c5da2000 80 27 1742 6
7f62c6fb5000 148 43 1934 7
7f62c5910000 23 15 1972 7
7f62c5905000 38 20 2031 7
7f62c590c000 22 14 2067 7
7f62c5d8b000 52 25 2145 7
7f62c590e000 41 17 2204 7
7f62c5903000 21 15 2241 7
7f62c5d87000 48 27 2317 7
7f62c5d85000 76 36 2430 7
7f62c5d84000 55 34 2520 7
7f62c5902000 21 15 2557 7
7f62c590a000 21 15 2594 7
7f62c6fdc000 62 88 2745 7
7f62c6fdb000 97 55 2898 7
7f62c5909000 24 16 2939 7
7f62c6fdd000 64 60 3064 7
7f62c5914000 23 14 3101 7
7f62c3cd1000 99 36 3237 7
7f62c3cc1000 16 15 3268 7
7f62c3cc2000 16 15 3299 7
7f62c9ca1000 66 35 3400 7
7f62c9ca0000 47 25 3473 7
7f62c9c9a000 47 22 3542 8
3555 8
11 21 23 27 2 1 10 3 
0x7f62c768d000
7f62c768d000 64 17 81 0
7f62889a1000 16 14 112 0
7f62c768f000 79 30 223 0
7f62c768e000 59 20 303 0
7f62c7552000 22 15 341 0
7f62c7550000 20 16 377 0
7f62c5d8c000 37 20 434 1
7f62c7554000 36 18 488 2
7f62c755b000 21 16 526 2
7f62c755c000 81 33 641 3
7f62c5dba000 63 30 734 3
7f62c590e000 41 17 793 3
7f62c5901000 20 15 828 3
7f62c5913000 22 15 866 3
7f62c5910000 22 16 905 3
7f62c590c000 21 15 942 3
7f62c5906000 28 18 988 4
7f62c5d8b000 52 25 1066 4
7f62c5d8a000 46 23 1136 4
7f62c590f000 22 16 1175 4
7f62c5d89000 36 20 1232 4
7f62c5d88000 67 25 1325 4
7f62c5907000 25 17 1368 4
7f62c5da1000 81 33 1483 5
7f62c5da2000 79 27 1590 5
7f62c6fb5000 149 42 1782 6
7f62c5905000 38 19 1840 6
7f62c590d000 24 16 1881 6
7f62c5daa000 70 28 1980 6
7f62c5902000 22 15 2018 6
7f62c5911000 22 15 2055 6
7f62c590b000 21 15 2092 6
7f62c5909000 24 16 2133 6
7f62c590a000 22 15 2170 6
7f62c5dbc000 46 22 2239 6
7f62c5dbb000 70 22 2332 6
7f62c5dc3000 72 33 2438 7
7f62c5dc2000 51 21 2511 7
7f62c5dc1000 77 24 2613 7
7f62c5d8d000 40 18 2671 7
7f62c5903000 22 14 2708 7
7f62c5d87000 48 28 2785 7
7f62c5d85000 76 36 2898 7
7f62c5d84000 54 34 2987 7
7f62c6fdc000 62 88 3139 7
7f62c6fdb000 98 54 3291 7
7f62c6fdd000 65 59 3416 7
7f62c5914000 22 15 3454 7
7f62c3cd1000 98 36 3589 7
7f62c3cc1000 16 14 3620 7
7f62c3cc2000 16 14 3651 7
7f62c9ca1000 65 36 3753 7
7f62c9ca0000 47 25 3825 7
7f62c9c9a000 46 23 3894 8
3906 8
11 23 22 29 4 1 12 3 
0x7f62889a1000
7f62889a1000 15 15 31 0
32 0
0 0 0 0 0 0 0 0 
0x7f62c8a24000
7f62c8a24000 55 20 75 1
7f62c8a59000 78 33 187 1
7f62c755b000 22 15 224 1
7f62c7550000 20 15 260 1
7f62c755c000 81 33 374 2
7f62c5d8b000 52 25 452 2
7f62c5d8a000 46 22 521 2
7f62c590f000 23 16 561 2
7f62c5901000 20 15 597 2
7f62c5d89000 36 21 655 2
7f62c5d88000 67 25 747 2
7f62c5913000 22 15 785 2
7f62c5906000 27 19 832 3
7f62c5907000 26 17 875 3
7f62c5da1000 82 33 990 5
7f62c5da2000 79 27 1097 5
7f62c6fb5000 149 43 1290 6
7f62c5910000 22 16 1328 6
7f62c5905000 37 20 1386 6
7f62c590c000 21 15 1423 6
7f62c590d000 24 16 1464 6
7f62c5daa000 70 28 1563 6
7f62c5902000 22 14 1600 6
7f62c5911000 22 15 1638 6
7f62c590b000 21 15 1675 6
7f62c5909000 24 16 1716 6
7f62c590a000 21 15 1753 6
7f62c5dbc000 46 23 1823 6
7f62c5dbb000 69 22 1914 6
7f62c5dc3000 72 33 2020 7
7f62c5dc2000 51 20 2092 7
7f62c5dc1000 77 24 2194 7
7f62c5d8d000 39 19 2252 7
7f62c5d8c000 36 20 2309 7
7f62c5903000 21 14 2345 7
7f62c5d87000 48 27 2421 7
7f62c5d85000 76 36 2534 7
7f62c5d84000 54 34 2623 7
7f62c6fdc000 62 87 2773 7
7f62c6fdb000 97 54 2925 7
7f62c6fdd000 64 59 3049 7
7f62c5914000 22 15 3087 7
7f62c3cd1000 98 36 3222 7
7f62c3cc1000 16 14 3252 7
7f62c3cc2000 16 14 3283 7
7f62c9ca1000 65 35 3384 7
7f62c9ca0000 47 24 3456 7
7f62c9c9a000 46 22 3525 8
3536 8
11 22 22 29 3 1 12 3 
0x7f62c7569000
7f62c7569000 71 26 97 1
7f62c756a000 68 22 188 1
7f62c9382000 23 15 227 1
7f62c5dbb000 69 22 318 1
7f62c5dc3000 72 33 424 1
7f62c5dc2000 50 21 496 2
7f62c590d000 24 15 536 2
7f62c5901000 20 15 572 2
7f62c5dc1000 76 24 673 2
7f62c5d8d000 40 18 731 2
7f62c5d8c000 36 20 788 2
7f62c5913000 22 15 826 2
7f62c5906000 27 18 872 3
7f62c5907000 25 16 914 3
7f62c590b000 21 15 951 3
7f62c590f000 23 15 990 3
7f62c5d8a000 46 23 1060 3
7f62c5d89000 35 21 1117 4
7f62c5d88000 66 25 1209 4
7f62c5da1000 80 33 1323 6
7f62c5da2000 79 27 1430 6
7f62c6fb5000 147 44 1622 7
7f62c5910000 22 16 1660 7
7f62c5905000 37 20 1718 7
7f62c590c000 21 14 1754 7
7f62c5d8b000 52 25 1832 7
7f62c590e000 40 17 1890 7
7f62c5903000 21 15 1927 7
7f62c5d87000 47 28 2003 7
7f62c5d85000 75 36 2115 7
7f62c5d84000 54 34 2204 7
7f62c5902000 21 15 2241 7
7f62c590a000 21 15 2278 7
7f62c6fdc000 62 87 2428 7
7f62c6fdb000 97 54 2579 7
7f62c5909000 23 16 2619 7
7f62c6fdd000 64 59 2743 7
7f62c5914000 22 15 2781 7
7f62c3cd1000 97 36 2915 7
7f62c3cc1000 16 15 2946 7
7f62c3cc2000 16 14 2976 7
7f62c9ca1000 65 35 3077 7
7f62c9ca0000 47 24 3149 7
7f62c9c9a000 46 22 3218 8
3228 8
11 21 23 27 2 1 10 3 
0x7f62c756a000
7f62c756a000 67 23 91 0
7f62c9382000 22 15 129 0
7f62c7569000 70 27 226 1
7f62c5dbb000 69 21 317 1
7f62c5dc3000 72 33 423 1
7f62c5dc2000 51 20 495 2
7f62c590d000 23 16 536 2
7f62c5901000 20 15 572 2
7f62c5dc1000 77 24 673 2
7f62c5d8d000 40 18 731 2
7f62c5d8c000 36 20 788 2
7f62c5913000 22 15 826 2
7f62c5906000 27 18 872 3
7f62c5907000 25 17 915 3
7f62c590b000 21 15 952 3
7f62c590f000 23 16 991 3
7f62c5d8a000 46 22 1060 3
7f62c5d89000 36 20 1117 4
7f62c5d88000 66 25 1209 4
7f62c5da1000 81 33 1324 6
7f62c5da2000 78 27 1430 6
7f62c6fb5000 149 42 1622 7
7f62c5910000 22 15 1660 7
7f62c5905000 38 20 1719 7
7f62c590c000 21 15 1755 7
7f62c5d8b000 52 25 1833 7
7f62c590e000 40 17 1891 7
7f62c5903000 21 15 1928 7
7f62c5d87000 48 27 2004 7
7f62c5d85000 75 36 2116 7
7f62c5d84000 54 35 2206 7
7f62c5902000 21 15 2243 7
7f62c590a000 21 15 2280 7
7f62c6fdc000 62 87 2430 7
7f62c6fdb000 97 54 2582 7
7f62c5909000 23 16 2622 7
7f62c6fdd000 64 59 2746 7
7f62c5914000 22 15 2784 7
7f62c3cd1000 98 36 2919 7
7f62c3cc1000 16 14 2949 7
7f62c3cc2000 16 14 2980 7
7f62c9ca1000 65 35 3081 7
7f62c9ca0000 47 25 3154 7
7f62c9c9a000 46 22 3222 8
3233 8
11 21 23 27 2 1 10 3 
0x7f62c9382000
7f62c9382000 22 15 37 0
37 0
0 0 0 0 0 0 0 0 
0x7f62c7560000
7f62c7560000 149 43 192 1
7f62c7692000 61 29 282 2
7f62c7691000 76 23 382 3
7f62c5dbd000 89 25 497 3
7f62c5dbc000 46 23 567 3
7f62c5dbb000 69 21 658 3
7f62c5dc3000 72 33 764 4
7f62c5dc2000 51 20 836 4
7f62c590d000 24 16 877 4
7f62c5901000 20 15 913 4
7f62c5dc1000 77 24 1014 4
7f62c5d8d000 39 19 1072 4
7f62c5d8c000 36 20 1129 4
7f62c5913000 23 14 1166 4
7f62c5906000 27 18 1212 4
7f62c5907000 25 17 1255 4
7f62c590b000 21 15 1292 4
7f62c590f000 23 16 1331 4
7f62c5d8a000 45 23 1400 4
7f62c5d89000 35 21 1457 5
7f62c5d88000 66 25 1549 5
7f62c5da1000 80 33 1663 6
7f62c5da2000 78 27 1769 6
7f62c6fb5000 147 43 1960 7
7f62c5910000 22 16 1998 7
7f62c5905000 38 20 2056 7
7f62c590c000 21 15 2092 7
7f62c5d8b000 52 25 2170 7
7f62c590e000 40 17 2228 7
7f62c5903000 21 15 2265 7
7f62c5d87000 48 27 2341 7
7f62c5d85000 76 36 2454 7
7f62c5d84000 54 34 2543 7
7f62c5902000 21 15 2580 7
7f62c590a000 21 15 2617 7
7f62c6fdc000 61 88 2767 7
7f62c6fdb000 97 54 2918 7
7f62c5909000 23 16 2958 7
7f62c6fdd000 64 59 3082 7
7f62c5914000 22 15 3120 7
7f62c3cd1000 98 36 3255 7
7f62c3cc1000 16 15 3286 7
7f62c3cc2000 16 14 3316 7
7f62c9ca1000 65 35 3417 7
7f62c9ca0000 47 25 3490 7
7f62c9c9a000 46 22 3558 8
3573 8
11 22 22 27 2 1 14 4 
0x7f62c7692000
7f62c7692000 61 29 91 1
7f62c7691000 75 23 190 2
7f62c5dbd000 89 25 305 2
7f62c5dbc000 46 23 375 2
7f62c5dbb000 68 22 466 2
7f62c5dc3000 72 33 572 3
7f62c5dc2000 50 21 644 4
7f62c590d000 23 16 684 4
7f62c5901000 20 15 720 4
7f62c5dc1000 77 23 820 4
7f62c5d8d000 39 18 878 4
7f62c5d8c000 37 19 935 4
7f62c5913000 22 15 973 4
7f62c5906000 27 18 1019 4
7f62c5907000 25 17 1062 4
7f62c590b000 21 15 1098 4
7f62c590f000 23 15 1137 4
7f62c5d8a000 46 23 1207 4
7f62c5d89000 35 21 1264 5
7f62c5d88000 66 25 1356 5
7f62c5da1000 80 33 1470 6
7f62c5da2000 78 27 1576 6
7f62c6fb5000 148 42 1767 7
7f62c5910000 22 15 1805 7
7f62c5905000 37 20 1863 7
7f62c590c000 21 15 1900 7
7f62c5d8b000 52 25 1977 7
7f62c590e000 41 16 2035 7
7f62c5903000 21 15 2072 7
7f62c5d87000 48 27 2148 7
7f62c5d85000 75 36 2260 7
7f62c5d84000 54 34 2349 7
7f62c5902000 22 14 2386 7
7f62c590a000 22 14 2423 7
7f62c6fdc000 62 87 2573 7
7f62c6fdb000 96 54 2724 7
7f62c5909000 23 16 2764 7
7f62c6fdd000 64 59 2888 7
7f62c5914000 22 15 2926 7
7f62c3cd1000 98 35 3060 7
7f62c3cc1000 16 14 3091 7
7f62c3cc2000 17 14 3122 7
7f62c9ca1000 66 35 3223 7
7f62c9ca0000 47 25 3295 7
7f62c9c9a000 46 23 3364 8
3378 8
11 21 22 27 2 1 14 4 
0x7f62c7dcd000
7f62c7dcd000 50 23 73 1
73 1
0 0 0 0 0 0 2 0 
0x7f62c7c8d000
7f62c7c8d000 47 18 65 0
65 0
0 0 0 0 0 0 0 0 
0x7f62c7ca2000
7f62c7ca2000 62 21 84 1
7f62c7ca1000 75 19 179 1
7f62c5dbd000 90 24 293 1
7f62c5dbc000 46 23 363 1
7f62c5dbb000 69 21 454 1
7f62c5dc3000 72 33 560 2
7f62c5dc2000 50 21 632 3
7f62c590d000 23 16 672 3
7f62c5901000 20 15 708 3
7f62c5dc1000 76 24 809 3
7f62c5d8d000 39 19 867 3
7f62c5d8c000 36 20 924 3
7f62c5913000 23 14 961 3
7f62c5906000 27 18 1007 4
7f62c5907000 26 16 1050 4
7f62c590b000 21 15 1087 4
7f62c590f000 23 15 1126 4
7f62c5d8a000 46 23 1196 4
7f62c5d89000 35 21 1253 5
7f62c5d88000 65 25 1344 5
7f62c5da1000 81 33 1459 6
7f62c5da2000 78 27 1565 6
7f62c6fb5000 147 43 1756 7
7f62c5910000 22 16 1794 7
7f62c5905000 38 19 1851 7
7f62c590c000 21 15 1888 7
7f62c5d8b000 52 25 1966 7
7f62c590e000 40 17 2024 7
7f62c5903000 21 15 2061 7
7f62c5d87000 48 27 2137 7
7f62c5d85000 75 36 2249 7
7f62c5d84000 54 34 2338 7
7f62c5902000 21 15 2375 7
7f62c590a000 21 15 2412 7
7f62c6fdc000 62 87 2562 7
7f62c6fdb000 97 54 2713 7
7f62c5909000 23 16 2753 7
7f62c6fdd000 64 59 2877 7
7f62c5914000 23 14 2914 7
7f62c3cd1000 98 36 3049 7
7f62c3cc1000 16 14 3079 7
7f62c3cc2000 16 14 3110 7
7f62c9ca1000 65 35 3211 7
7f62c9ca0000 48 24 3283 7
7f62c9c9a000 47 22 3352 8
3367 8
11 21 22 27 2 1 14 3 
0x7f62c7ca1000
7f62c7ca1000 75 19 95 0
7f62c5dbd000 90 25 210 0
7f62c5dbc000 45 23 279 1
7f62c5dbb000 69 21 370 1
7f62c5dc3000 72 33 476 2
7f62c5dc2000 50 21 548 3
7f62c590d000 23 16 588 3
7f62c5901000 20 15 624 3
7f62c5dc1000 77 23 724 3
7f62c5d8d000 39 18 782 3
7f62c5d8c000 37 19 839 3
7f62c5913000 22 15 877 3
7f62c5906000 27 18 923 4
7f62c5907000 25 16 965 4
7f62c590b000 21 15 1002 4
7f62c590f000 23 15 1041 4
7f62c5d8a000 46 23 1111 4
7f62c5d89000 35 21 1168 5
7f62c5d88000 66 25 1259 5
7f62c5da1000 81 33 1374 6
7f62c5da2000 78 27 1480 6
7f62c6fb5000 147 43 1671 7
7f62c5910000 23 15 1709 7
7f62c5905000 37 20 1767 7
7f62c590c000 21 15 1804 7
7f62c5d8b000 52 25 1881 7
7f62c590e000 41 16 1939 7
7f62c5903000 21 15 1976 7
7f62c5d87000 48 27 2052 7
7f62c5d85000 75 36 2164 7
7f62c5d84000 54 34 2253 7
7f62c5902000 21 15 2290 7
7f62c590a000 21 15 2327 7
7f62c6fdc000 61 88 2477 7
7f62c6fdb000 97 54 2628 7
7f62c5909000 23 16 2668 7
7f62c6fdd000 64 59 2792 7
7f62c5914000 22 15 2830 7
7f62c3cd1000 97 36 2964 7
7f62c3cc1000 17 14 2995 7
7f62c3cc2000 16 15 3026 7
7f62c9ca1000 65 35 3126 7
7f62c9ca0000 47 25 3199 7
7f62c9c9a000 46 22 3267 8
3280 8
11 21 22 27 2 1 12 3 
0x7f62c854e000
7f62c854e000 74 31 106 1
7f62c5dbb000 69 21 197 1
7f62c5dc3000 72 33 303 2
7f62c5dc2000 51 20 375 2
7f62c590d000 24 15 415 2
7f62c5901000 20 15 451 2
7f62c5dc1000 77 24 552 2
7f62c5d8d000 39 19 610 2
7f62c5d8c000 36 20 667 2
7f62c5913000 22 15 704 2
7f62c5906000 27 18 750 3
7f62c5907000 25 17 793 3
7f62c590b000 21 14 829 3
7f62c590f000 23 16 869 3
7f62c5d8a000 46 23 938 3
7f62c5d89000 35 21 995 4
7f62c5d88000 66 24 1086 4
7f62c5da1000 81 33 1201 6
7f62c5da2000 78 27 1307 6
7f62c6fb5000 147 43 1498 7
7f62c5910000 22 16 1536 7
7f62c5905000 37 20 1594 7
7f62c590c000 21 14 1630 7
7f62c5d8b000 52 25 1708 7
7f62c590e000 40 17 1766 7
7f62c5903000 21 15 1803 7
7f62c5d87000 47 27 1878 7
7f62c5d85000 76 36 1991 7
7f62c5d84000 54 34 2080 7
7f62c5902000 21 15 2117 7
7f62c590a000 21 15 2154 7
7f62c6fdc000 61 88 2304 7
7f62c6fdb000 97 54 2455 7
7f62c5909000 23 16 2495 7
7f62c6fdd000 64 59 2619 7
7f62c5914000 23 14 2656 7
7f62c3cd1000 98 36 2791 7
7f62c3cc1000 16 15 2822 7
7f62c3cc2000 16 14 2852 7
7f62c9ca1000 65 35 2953 7
7f62c9ca0000 47 25 3026 7
7f62c9c9a000 46 23 3095 8
3105 8
11 22 22 27 2 1 10 3 
0x7f62c854d000
7f62c854d000 71 26 98 0
7f62c854c000 59 24 182 0
7f62c5da2000 79 26 288 1
7f62c590f000 23 16 328 2
7f62c5901000 20 16 364 2
7f62c5913000 22 15 401 2
7f62c6fb5000 147 43 592 4
7f62c5910000 22 16 630 4
7f62c5905000 37 20 688 5
7f62c590c000 21 15 725 5
7f62c5d8b000 52 25 802 6
7f62c5d8a000 46 23 872 6
7f62c5d89000 36 20 929 6
7f62c5d88000 67 25 1022 6
7f62c5906000 27 18 1068 6
7f62c5907000 25 17 1111 6
7f62c5da1000 81 33 1226 6
7f62c5dad000 93 27 1347 7
7f62c5dac000 56 33 1437 8
1446 8
1 10 2 4 14 2 6 2 
0x7f62c854c000
7f62c854c000 60 24 84 0
7f62c5da2000 79 28 192 1
7f62c590f000 22 16 231 2
7f62c5901000 20 15 267 2
7f62c5913000 22 15 305 2
7f62c6fb5000 148 43 497 4
7f62c5910000 22 15 535 4
7f62c5905000 38 20 594 5
7f62c590c000 22 14 630 5
7f62c5d8b000 52 25 708 6
7f62c5d8a000 46 23 778 6
7f62c5d89000 36 21 836 6
7f62c5d88000 67 25 928 6
7f62c5906000 27 19 975 6
7f62c5907000 26 16 1017 6
7f62c5da1000 82 33 1133 6
7f62c5dad000 93 27 1254 7
7f62c5dac000 56 33 1344 8
1352 8
1 10 2 4 14 2 6 2 
0x7f62c854b000
7f62c854b000 104 34 138 0
7f62c8a7e000 78 35 252 1
7f62c755b000 22 15 289 1
7f62c7550000 20 15 325 1
7f62c755c000 81 33 440 2
7f62c7551000 22 15 477 2
7f62c8a5a000 48 28 554 2
7f62c8a59000 78 33 666 2
7f62c7556000 22 14 702 2
7f62c5d8b000 52 25 780 2
7f62c5d8a000 46 23 850 2
7f62c590f000 23 16 890 3
7f62c5901000 20 16 926 3
7f62c5d89000 36 21 983 3
7f62c5d88000 67 25 1075 3
7f62c5913000 22 15 1113 3
7f62c5906000 27 18 1159 4
7f62c5907000 25 17 1202 4
7f62c5da1000 81 33 1317 5
7f62c5da2000 79 27 1424 5
7f62c6fb5000 149 42 1616 6
7f62c5910000 22 16 1655 6
7f62c5905000 38 20 1713 6
7f62c590c000 21 15 1750 6
7f62c590d000 23 16 1790 6
7f62c5daa000 70 29 1890 6
7f62c5902000 21 15 1927 6
7f62c5911000 21 15 1964 6
7f62c590b000 22 14 2001 6
7f62c5909000 24 16 2042 6
7f62c590a000 21 15 2079 6
7f62c5dbc000 46 23 2149 6
7f62c5dbb000 69 22 2241 6
7f62c5dc3000 72 33 2347 7
7f62c5dc2000 52 20 2420 7
7f62c5dc1000 78 23 2522 7
7f62c5d8d000 40 18 2580 7
7f62c5d8c000 37 20 2638 7
7f62c5903000 21 15 2675 7
7f62c5d87000 48 27 2751 7
7f62c5d85000 76 36 2864 7
7f62c5d84000 54 34 2953 7
7f62c6fdc000 62 88 3105 7
7f62c6fdb000 97 55 3258 7
7f62c6fdd000 64 60 3383 7
7f62c5914000 23 15 3421 7
7f62c3cd1000 98 36 3556 7
7f62c3cc1000 17 14 3587 7
7f62c3cc2000 16 15 3618 7
7f62c9ca1000 66 35 3719 7
7f62c9ca0000 47 25 3792 7
7f62c9c9a000 46 23 3862 8
3876 8
11 21 22 29 3 1 16 3 
0x7f62c89fa000
7f62c89fa000 73 61 134 2
7f62c8a57000 166 63 364 3
7f62c755b000 21 16 401 3
7f62c7550000 21 15 437 3
7f62c755c000 82 33 552 3
7f62c7556000 21 15 588 3
7f62c7551000 21 15 625 3
626 3
0 1 0 5 0 2 0 0 
0x7f62c854a000
7f62c854a000 154 50 204 0
7f62c8549000 195 64 464 1
7f62c8547000 156 43 664 1
7f62c8546000 240 68 973 2
7f62c8a7e000 78 34 1086 3
7f62c755b000 22 15 1124 3
7f62c7550000 20 15 1160 3
7f62c755c000 81 33 1275 4
7f62c7551000 22 15 1312 4
7f62c8a5a000 48 28 1389 4
7f62c8a59000 78 33 1501 4
7f62c7556000 21 15 1538 4
7f62c5d8b000 53 24 1615 4
7f62c5d8a000 46 23 1685 4
7f62c590f000 23 16 1725 5
7f62c5901000 20 16 1761 5
7f62c5d89000 36 21 1818 5
7f62c5d88000 66 25 1910 5
7f62c5913000 22 15 1948 5
7f62c5906000 27 18 1994 6
7f62c5907000 25 17 2037 6
7f62c5da1000 81 33 2152 7
7f62c5da2000 79 27 2259 7
7f62c6fb5000 149 42 2451 8
2462 8
1 5 1 6 1 2 10 2 
0x7f62c8549000
7f62c8549000 195 64 260 1
7f62c8547000 156 43 460 1
7f62c8546000 241 67 769 2
7f62c8a7e000 78 34 882 3
7f62c755b000 22 15 920 3
7f62c7550000 20 15 956 3
7f62c755c000 81 33 1071 4
7f62c7551000 22 15 1108 4
7f62c8a5a000 48 28 1185 4
7f62c8a59000 81 36 1303 4
7f62c7556000 23 15 1342 4
7f62c5d8b000 53 25 1420 4
7f62c5d8a000 46 22 1489 4
7f62c590f000 23 16 1529 5
7f62c5901000 20 15 1565 5
7f62c5d89000 36 21 1622 5
7f62c5d88000 66 25 1714 5
7f62c5913000 22 15 1752 5
7f62c5906000 27 18 1798 6
7f62c5907000 25 17 1841 6
7f62c5da1000 84 33 1959 7
7f62c5da2000 79 27 2066 7
7f62c6fb5000 149 43 2259 8
2268 8
1 5 1 6 1 2 10 2 
0x7f62c8547000
7f62c8547000 156 44 200 0
7f62c8546000 240 68 510 1
7f62c8a7e000 77 34 622 2
7f62c755b000 21 15 659 2
7f62c7550000 20 15 695 2
7f62c755c000 80 33 809 3
7f62c7551000 22 15 846 3
7f62c8a5a000 48 27 922 3
7f62c8a59000 77 33 1034 3
7f62c7556000 21 15 1070 3
7f62c5d8b000 51 25 1147 3
7f62c5d8a000 46 22 1216 3
7f62c590f000 23 16 1256 4
7f62c5901000 20 15 1291 4
7f62c5d89000 36 20 1348 4
7f62c5d88000 66 25 1440 4
7f62c5913000 22 15 1478 4
7f62c5906000 27 18 1524 5
7f62c5907000 25 17 1567 5
7f62c5da1000 81 33 1681 6
7f62c5da2000 78 27 1787 6
7f62c6fb5000 147 43 1978 7
7f62c5910000 23 15 2016 7
7f62c5905000 38 19 2074 7
7f62c590c000 21 15 2111 7
7f62c590d000 24 15 2151 7
7f62c5daa000 70 28 2250 7
7f62c5902000 21 15 2287 7
7f62c5911000 21 16 2325 7
7f62c590b000 21 15 2362 7
7f62c5909000 24 16 2403 7
7f62c590a000 21 15 2440 7
7f62c5dbc000 49 23 2514 7
7f62c5dbb000 71 22 2608 7
7f62c5dc3000 73 33 2715 8
2726 8
1 14 4 6 3 2 12 2 
0x7f62c8546000
7f62c8546000 237 68 306 1
7f62c8a7e000 77 34 418 2
7f62c755b000 21 16 456 2
7f62c7550000 21 15 492 2
7f62c755c000 81 33 606 3
7f62c7551000 22 15 643 3
7f62c8a5a000 48 27 719 3
7f62c8a59000 78 33 831 3
7f62c7556000 22 14 867 3
7f62c5d8b000 52 25 945 3
7f62c5d8a000 45 23 1014 3
7f62c590f000 22 16 1053 4
7f62c5901000 20 15 1089 4
7f62c5d89000 36 20 1146 4
7f62c5d88000 66 25 1238 4
7f62c5913000 22 15 1276 4
7f62c5906000 27 18 1322 5
7f62c5907000 25 16 1364 5
7f62c5da1000 81 33 1479 6
7f62c5da2000 78 27 1585 6
7f62c6fb5000 148 42 1776 7
7f62c5910000 22 15 1814 7
7f62c5905000 37 20 1872 7
7f62c590c000 21 15 1909 7
7f62c590d000 23 16 1949 7
7f62c5daa000 69 29 2048 7
7f62c5902000 21 15 2085 7
7f62c5911000 22 15 2122 7
7f62c590b000 21 15 2159 7
7f62c5909000 23 16 2199 7
7f62c590a000 21 15 2236 7
7f62c5dbc000 46 23 2306 7
7f62c5dbb000 68 22 2397 7
7f62c5dc3000 72 33 2503 8
2514 8
1 14 4 6 3 2 12 2 
0x7f62c8545000
7f62c8545000 213 60 273 1
7f62c8544000 249 99 622 2
7f62c7551000 21 15 659 2
7f62c7550000 20 15 695 2
7f62c89fa000 72 60 828 4
7f62c8a57000 166 62 1057 4
7f62c755b000 21 15 1094 4
7f62c755c000 81 33 1209 4
7f62c7556000 21 15 1245 4
7f62c7dcf000 54 34 1334 4
7f62c7db3000 66 25 1425 4
7f62c7db2000 73 26 1525 4
7f62c7558000 21 15 1562 4
7f62c7db1000 75 27 1665 5
7f62c5dbb000 69 21 1756 5
7f62c5dc3000 72 33 1862 6
7f62c5dc2000 50 21 1934 6
7f62c590d000 24 15 1974 6
7f62c5901000 20 15 2010 6
7f62c5dc1000 77 24 2111 6
7f62c5d8d000 40 18 2169 6
7f62c5d8c000 37 20 2227 6
7f62c5913000 23 14 2264 6
7f62c5906000 27 18 2310 7
7f62c5907000 25 17 2353 7
7f62c590b000 21 15 2390 7
7f62c590f000 23 16 2429 7
7f62c5d8a000 46 23 2498 7
7f62c5d89000 35 21 2555 7
7f62c5d88000 65 25 2646 7
7f62c5da1000 81 33 2761 8
2771 8
2 10 4 9 2 2 2 1 
0x7f62c8544000
7f62c8544000 249 99 349 1
7f62c7551000 21 15 386 1
7f62c7550000 20 15 422 1
7f62c89fa000 72 60 555 3
7f62c8a57000 165 62 784 4
7f62c755b000 21 15 821 4
7f62c755c000 81 33 936 4
7f62c7556000 21 15 972 4
973 4
1 1 0 5 0 2 0 0 
0x7f62c7dcf000
7f62c7dcf000 54 34 88 0
7f62c7db3000 65 25 179 0
7f62c7db2000 74 26 280 2
7f62c7558000 21 15 317 2
7f62c7550000 20 15 352 2
7f62c7db1000 75 27 455 3
7f62c5dbb000 69 22 547 3
7f62c5dc3000 72 32 652 4
7f62c5dc2000 51 20 724 5
7f62c590d000 24 16 765 5
7f62c5901000 20 15 801 5
7f62c5dc1000 77 24 902 5
7f62c5d8d000 40 18 960 5
7f62c5d8c000 36 20 1017 5
7f62c5913000 22 15 1055 5
7f62c5906000 26 19 1101 6
7f62c5907000 25 16 1143 6
7f62c590b000 21 15 1180 6
7f62c590f000 22 16 1219 6
7f62c5d8a000 46 22 1288 6
7f62c5d89000 36 21 1346 6
7f62c5d88000 66 24 1437 6
7f62c5da1000 81 33 1552 7
7f62c5da2000 78 28 1659 7
7f62c6fb5000 147 43 1850 7
7f62c5910000 23 15 1888 7
7f62c5905000 37 20 1946 7
7f62c590c000 21 14 1982 7
7f62c5d8b000 52 25 2060 7
7f62c590e000 40 17 2118 7
7f62c5903000 21 15 2155 7
7f62c5d87000 47 28 2231 7
7f62c5d85000 75 36 2343 7
7f62c5d84000 54 34 2432 7
7f62c5902000 21 15 2469 7
7f62c590a000 21 15 2506 7
7f62c6fdc000 62 87 2656 7
7f62c6fdb000 97 54 2807 7
7f62c5909000 23 16 2847 7
7f62c6fdd000 64 59 2971 7
7f62c5914000 22 15 3009 7
7f62c3cd1000 97 36 3143 7
7f62c3cc1000 16 15 3174 7
7f62c3cc2000 16 14 3204 7
7f62c9ca1000 65 35 3305 7
7f62c9ca0000 48 24 3377 7
7f62c9c9a000 47 22 3446 8
3458 8
12 21 22 29 3 1 10 3 
0x7f62c7db3000
7f62c7db3000 65 25 91 0
7f62c7db2000 74 26 192 2
7f62c7558000 21 14 228 2
7f62c7550000 20 15 264 2
7f62c7db1000 74 28 367 3
7f62c5dbb000 69 21 458 3
7f62c5dc3000 72 33 564 4
7f62c5dc2000 51 20 636 5
7f62c590d000 24 16 677 5
7f62c5901000 20 15 712 5
7f62c5dc1000 77 23 813 5
7f62c5d8d000 39 18 871 5
7f62c5d8c000 37 19 928 5
7f62c5913000 22 15 966 5
7f62c5906000 27 18 1012 6
7f62c5907000 25 17 1055 6
7f62c590b000 21 14 1091 6
7f62c590f000 23 16 1131 6
7f62c5d8a000 46 23 1200 6
7f62c5d89000 36 20 1257 6
7f62c5d88000 66 24 1348 6
7f62c5da1000 80 33 1463 7
7f62c5da2000 78 27 1569 7
7f62c6fb5000 148 42 1760 7
7f62c5910000 22 15 1798 7
7f62c5905000 37 20 1856 7
7f62c590c000 21 15 1893 7
7f62c5d8b000 52 25 1970 7
7f62c590e000 40 17 2028 7
7f62c5903000 21 15 2065 7
7f62c5d87000 48 27 2141 7
7f62c5d85000 75 36 2253 7
7f62c5d84000 54 34 2342 7
7f62c5902000 21 14 2379 7
7f62c590a000 21 14 2416 7
7f62c6fdc000 62 87 2566 7
7f62c6fdb000 96 55 2718 7
7f62c5909000 24 16 2758 7
7f62c6fdd000 65 59 2882 7
7f62c5914000 23 14 2919 7
7f62c3cd1000 98 36 3054 7
7f62c3cc1000 17 14 3085 7
7f62c3cc2000 16 15 3116 7
7f62c9ca1000 65 36 3217 7
7f62c9ca0000 47 25 3289 7
7f62c9c9a000 46 23 3358 8
3369 8
12 21 22 29 3 1 10 3 
0x7f62c7db2000
7f62c7db2000 73 26 100 2
7f62c7558000 21 15 137 2
7f62c7550000 20 15 172 2
7f62c7db1000 75 27 275 3
7f62c5dbb000 69 21 366 3
7f62c5dc3000 72 33 472 4
7f62c5dc2000 50 21 544 5
7f62c590d000 24 15 584 5
7f62c5901000 20 15 620 5
7f62c5dc1000 78 23 721 5
7f62c5d8d000 39 18 779 5
7f62c5d8c000 37 19 836 5
7f62c5913000 22 15 874 5
7f62c5906000 27 18 920 6
7f62c5907000 25 16 962 6
7f62c590b000 21 15 999 6
7f62c590f000 23 15 1038 6
7f62c5d8a000 46 23 1108 6
7f62c5d89000 35 21 1165 6
7f62c5d88000 65 25 1256 6
7f62c5da1000 81 33 1371 7
7f62c5da2000 78 27 1477 7
7f62c6fb5000 147 42 1667 7
7f62c5910000 22 15 1705 7
7f62c5905000 37 20 1763 7
7f62c590c000 21 15 1800 7
7f62c5d8b000 52 24 1877 7
7f62c590e000 41 17 1936 7
7f62c5903000 21 14 1972 7
7f62c5d87000 48 27 2048 7
7f62c5d85000 75 36 2160 7
7f62c5d84000 54 34 2249 7
7f62c5902000 21 15 2286 7
7f62c590a000 21 15 2323 7
7f62c6fdc000 62 87 2473 7
7f62c6fdb000 97 54 2624 7
7f62c5909000 23 16 2664 7
7f62c6fdd000 64 59 2788 7
7f62c5914000 22 15 2826 7
7f62c3cd1000 97 36 2960 7
7f62c3cc1000 16 14 2991 7
7f62c3cc2000 16 15 3022 7
7f62c9ca1000 65 36 3123 7
7f62c9ca0000 47 25 3195 7
7f62c9c9a000 46 22 3263 8
3274 8
12 21 22 29 3 1 10 3 
0x7f62c7db1000
7f62c7db1000 75 27 102 1
7f62c5dbb000 69 22 194 1
7f62c5dc3000 72 33 300 2
7f62c5dc2000 50 21 372 3
7f62c590d000 23 16 412 3
7f62c5901000 20 15 448 3
7f62c5dc1000 78 23 549 3
7f62c5d8d000 39 19 608 3
7f62c5d8c000 37 20 665 3
7f62c5913000 22 15 702 3
7f62c5906000 27 18 748 4
7f62c5907000 25 17 791 4
7f62c590b000 21 15 828 4
7f62c590f000 22 16 867 4
7f62c5d8a000 46 22 936 4
7f62c5d89000 36 20 993 5
7f62c5d88000 66 25 1085 5
7f62c5da1000 81 33 1200 6
7f62c5da2000 78 26 1305 6
7f62c6fb5000 147 43 1496 7
7f62c5910000 22 16 1534 7
7f62c5905000 37 20 1592 7
7f62c590c000 21 14 1628 7
7f62c5d8b000 52 25 1706 7
7f62c590e000 40 17 1764 7
7f62c5903000 21 15 1801 7
7f62c5d87000 47 28 1877 7
7f62c5d85000 75 36 1989 7
7f62c5d84000 54 34 2078 7
7f62c5902000 21 15 2115 7
7f62c590a000 21 15 2152 7
7f62c6fdc000 61 88 2302 7
7f62c6fdb000 97 54 2453 7
7f62c5909000 23 16 2493 7
7f62c6fdd000 65 58 2617 7
7f62c5914000 22 15 2655 7
7f62c3cd1000 97 36 2789 7
7f62c3cc1000 16 14 2820 7
7f62c3cc2000 16 15 2851 7
7f62c9ca1000 65 35 2951 7
7f62c9ca0000 47 25 3024 7
7f62c9c9a000 46 23 3093 8
3103 8
11 21 22 27 3 1 10 3 
0x7f62c7db0000
7f62c7db0000 44 18 62 0
7f62c8a43000 48 19 130 0
7f62c8a42000 58 27 216 0
7f62c7558000 21 15 253 0
7f62c7550000 21 14 288 0
7f62c7552000 21 15 325 0
7f62c5dbd000 89 25 440 0
7f62c5dbc000 45 23 509 1
7f62c5dbb000 69 21 600 1
7f62c5dc3000 72 33 706 2
7f62c5dc2000 50 21 778 3
7f62c590d000 23 16 818 3
7f62c5901000 20 15 854 3
7f62c5dc1000 77 24 955 3
7f62c5d8d000 39 19 1013 3
7f62c5d8c000 36 20 1070 3
7f62c5913000 22 15 1107 3
7f62c5906000 27 18 1153 4
7f62c5907000 25 17 1196 4
7f62c590b000 21 15 1233 4
7f62c590f000 23 16 1272 4
7f62c5d8a000 46 23 1341 4
7f62c5d89000 36 20 1398 5
7f62c5d88000 66 25 1490 5
7f62c5da1000 80 33 1604 6
7f62c5da2000 78 27 1710 6
7f62c6fb5000 147 43 1901 7
7f62c5910000 23 15 1939 7
7f62c5905000 37 20 1997 7
7f62c590c000 21 15 2034 7
7f62c5d8b000 52 24 2111 7
7f62c590e000 41 17 2170 7
7f62c5903000 21 14 2206 7
7f62c5d87000 48 27 2282 7
7f62c5d85000 75 36 2394 7
7f62c5d84000 54 34 2483 7
7f62c5902000 21 14 2520 7
7f62c590a000 22 14 2557 7
7f62c6fdc000 62 87 2707 7
7f62c6fdb000 96 54 2858 7
7f62c5909000 23 16 2898 7
7f62c6fdd000 64 59 3022 7
7f62c5914000 22 15 3060 7
7f62c3cd1000 97 36 3194 7
7f62c3cc1000 16 15 3225 7
7f62c3cc2000 16 14 3255 7
7f62c9ca1000 65 35 3356 7
7f62c9ca0000 47 24 3428 7
7f62c9c9a000 46 22 3497 8
3510 8
11 21 22 27 2 1 12 3 
0x7f62c8a43000
7f62c8a43000 48 20 69 0
7f62c8a42000 58 27 154 0
7f62c7558000 21 15 191 0
7f62c7550000 20 15 227 0
7f62c7552000 21 15 263 0
7f62c5dbd000 89 25 378 0
7f62c5dbc000 45 23 447 1
7f62c5dbb000 69 21 538 1
7f62c5dc3000 72 33 644 2
7f62c5dc2000 50 21 716 3
7f62c590d000 23 16 756 3
7f62c5901000 20 15 792 3
7f62c5dc1000 77 23 892 3
7f62c5d8d000 39 19 951 3
7f62c5d8c000 36 20 1008 3
7f62c5913000 23 14 1045 3
7f62c5906000 27 18 1091 4
7f62c5907000 25 17 1134 4
7f62c590b000 21 15 1171 4
7f62c590f000 22 16 1210 4
7f62c5d8a000 46 22 1279 4
7f62c5d89000 36 20 1336 5
7f62c5d88000 66 25 1428 5
7f62c5da1000 81 32 1542 6
7f62c5da2000 78 26 1648 6
7f62c6fb5000 147 42 1839 7
7f62c5910000 22 15 1877 7
7f62c5905000 37 20 1935 7
7f62c590c000 21 15 1972 7
7f62c5d8b000 52 25 2049 7
7f62c590e000 41 16 2107 7
7f62c5903000 21 15 2144 7
7f62c5d87000 48 27 2220 7
7f62c5d85000 75 36 2332 7
7f62c5d84000 54 34 2421 7
7f62c5902000 21 15 2458 7
7f62c590a000 21 15 2495 7
7f62c6fdc000 62 87 2645 7
7f62c6fdb000 96 54 2796 7
7f62c5909000 23 16 2836 7
7f62c6fdd000 64 59 2960 7
7f62c5914000 22 15 2998 7
7f62c3cd1000 97 36 3132 7
7f62c3cc1000 16 15 3163 7
7f62c3cc2000 17 14 3194 7
7f62c9ca1000 65 36 3295 7
7f62c9ca0000 47 25 3367 7
7f62c9c9a000 46 23 3436 8
3448 8
11 21 22 27 2 1 12 3 
0x7f62c8a42000
7f62c8a42000 58 27 85 0
85 0
0 0 0 0 0 0 0 0 
0x7f62c8a49000
7f62c8a49000 56 18 75 0
7f62c7550000 20 15 111 0
7f62c5dba000 63 29 203 1
7f62c590e000 41 16 261 1
7f62c5901000 20 15 297 1
7f62c5913000 22 15 335 1
7f62c5910000 23 15 373 1
7f62c590c000 21 15 410 1
7f62c5906000 27 19 456 2
7f62c5d8b000 52 25 533 3
7f62c5d8a000 46 22 602 3
7f62c590f000 23 15 641 3
7f62c5d89000 36 20 698 3
7f62c5d88000 66 25 790 3
7f62c5907000 25 17 833 3
7f62c5da1000 80 33 947 5
7f62c5da2000 78 27 1053 5
7f62c6fb5000 147 42 1243 6
7f62c5905000 37 20 1301 6
7f62c590d000 24 15 1341 6
7f62c5daa000 70 28 1440 6
7f62c5902000 21 15 1477 6
7f62c5911000 21 15 1514 6
7f62c590b000 21 15 1551 6
7f62c5909000 23 16 1591 6
7f62c590a000 21 15 1628 6
7f62c5dbc000 46 22 1697 6
7f62c5dbb000 69 22 1789 6
7f62c5dc3000 71 33 1894 7
7f62c5dc2000 51 20 1966 7
7f62c5dc1000 76 24 2068 7
7f62c5d8d000 39 19 2126 7
7f62c5d8c000 36 20 2183 7
7f62c5903000 22 14 2219 7
7f62c5d87000 48 28 2296 7
7f62c5d85000 76 36 2409 7
7f62c5d84000 54 34 2498 7
7f62c6fdc000 62 88 2650 7
7f62c6fdb000 97 55 2802 7
7f62c6fdd000 65 59 2927 7
7f62c5914000 23 15 2965 7
7f62c3cd1000 98 36 3100 7
7f62c3cc1000 16 15 3131 7
7f62c3cc2000 16 15 3162 7
7f62c9ca1000 66 35 3263 7
7f62c9ca0000 47 25 3336 7
7f62c9c9a000 47 22 3405 8
3416 8
11 23 22 27 3 1 12 3 
0x7f62c8a48000
7f62c8a48000 48 18 67 0
67 0
0 0 0 0 0 0 0 0 
0x7f62c8a4a000
7f62c8a4a000 56 25 81 1
7f62c7550000 21 15 117 1
7f62c5dba000 63 29 209 2
7f62c590e000 41 17 268 2
7f62c5901000 20 15 304 2
7f62c5913000 22 15 342 2
7f62c5910000 22 15 380 2
7f62c590c000 21 15 417 2
7f62c5906000 27 19 464 3
7f62c5d8b000 52 25 541 4
7f62c5d8a000 46 22 610 4
7f62c590f000 23 16 650 4
7f62c5d89000 36 20 707 4
7f62c5d88000 66 25 799 4
7f62c5907000 25 16 841 4
7f62c5da1000 81 33 956 5
7f62c5da2000 78 27 1062 5
7f62c6fb5000 147 43 1253 6
7f62c5905000 38 19 1310 6
7f62c590d000 24 15 1350 6
7f62c5daa000 70 28 1449 6
7f62c5902000 21 15 1486 6
7f62c5911000 21 15 1523 6
7f62c590b000 21 15 1560 6
7f62c5909000 23 16 1600 6
7f62c590a000 21 15 1637 6
7f62c5dbc000 45 23 1706 6
7f62c5dbb000 69 21 1797 6
7f62c5dc3000 72 33 1903 7
7f62c5dc2000 51 20 1975 7
7f62c5dc1000 77 23 2076 7
7f62c5d8d000 39 18 2134 7
7f62c5d8c000 37 19 2191 7
7f62c5903000 21 15 2228 7
7f62c5d87000 47 27 2303 7
7f62c5d85000 76 36 2416 7
7f62c5d84000 54 34 2505 7
7f62c6fdc000 61 88 2656 7
7f62c6fdb000 97 54 2807 7
7f62c6fdd000 64 59 2931 7
7f62c5914000 23 14 2968 7
7f62c3cd1000 98 36 3103 7
7f62c3cc1000 16 15 3134 7
7f62c3cc2000 16 14 3164 7
7f62c9ca1000 65 35 3265 7
7f62c9ca0000 48 24 3337 7
7f62c9c9a000 46 23 3406 8
3417 8
11 23 22 27 3 1 16 3 
0x7f62c8a4b000
7f62c8a4b000 49 18 67 0
7f62c8a4a000 55 25 148 1
7f62c7550000 20 15 184 1
7f62c5dba000 62 30 276 2
7f62c590e000 41 16 334 2
7f62c5901000 20 15 370 2
7f62c5913000 23 15 408 2
7f62c5910000 23 15 446 2
7f62c590c000 21 15 483 2
7f62c5906000 27 18 529 3
7f62c5d8b000 52 25 607 4
7f62c5d8a000 46 23 677 4
7f62c590f000 23 15 716 4
7f62c5d89000 36 21 774 4
7f62c5d88000 66 25 866 4
7f62c5907000 26 16 909 4
7f62c5da1000 81 34 1025 5
7f62c5da2000 79 27 1132 5
7f62c6fb5000 149 43 1325 6
7f62c5905000 38 20 1383 6
7f62c590d000 24 16 1423 6
7f62c5daa000 70 29 1523 6
7f62c5902000 21 15 1560 6
7f62c5911000 21 16 1598 6
7f62c590b000 22 14 1634 6
7f62c5909000 24 16 1675 6
7f62c590a000 21 15 1712 6
7f62c5dbc000 46 23 1782 6
7f62c5dbb000 69 22 1874 6
7f62c5dc3000 72 33 1980 7
7f62c5dc2000 51 21 2053 7
7f62c5dc1000 78 23 2155 7
7f62c5d8d000 40 18 2213 7
7f62c5d8c000 37 20 2271 7
7f62c5903000 21 15 2308 7
7f62c5d87000 48 27 2384 7
7f62c5d85000 76 36 2497 7
7f62c5d84000 54 35 2587 7
7f62c6fdc000 62 88 2738 7
7f62c6fdb000 98 54 2890 7
7f62c6fdd000 65 59 3015 7
7f62c5914000 22 15 3053 7
7f62c3cd1000 99 35 3188 7
7f62c3cc1000 16 14 3219 7
7f62c3cc2000 16 14 3250 7
7f62c9ca1000 66 35 3352 7
7f62c9ca0000 48 25 3425 7
7f62c9c9a000 46 23 3494 8
3506 8
11 23 22 27 3 1 16 3 
0x7f62c75a8000
7f62c75a8000 57 25 82 0
7f62c75a7000 43 15 141 0
7f62c5dbb000 69 22 233 0
7f62c5dc3000 72 33 339 1
7f62c5dc2000 51 21 412 2
7f62c590d000 24 16 453 2
7f62c5901000 20 16 489 2
7f62c5dc1000 77 24 590 2
7f62c5d8d000 40 19 649 2
7f62c5d8c000 37 20 706 2
7f62c5913000 22 15 744 2
7f62c5906000 27 18 790 3
7f62c5907000 25 17 833 3
7f62c590b000 21 15 870 3
7f62c590f000 22 16 909 3
7f62c5d8a000 46 23 979 3
7f62c5d89000 36 21 1037 4
7f62c5d88000 67 25 1129 4
7f62c5da1000 81 33 1244 6
7f62c5da2000 79 27 1351 6
7f62c6fb5000 149 43 1544 7
7f62c5910000 22 16 1582 7
7f62c5905000 37 20 1640 7
7f62c590c000 21 15 1677 7
7f62c5d8b000 52 25 1755 7
7f62c590e000 41 17 1814 7
7f62c5903000 21 15 1851 7
7f62c5d87000 48 27 1927 7
7f62c5d85000 76 36 2040 7
7f62c5d84000 54 35 2130 7
7f62c5902000 21 15 2167 7
7f62c590a000 21 15 2204 7
7f62c6fdc000 62 88 2355 7
7f62c6fdb000 97 55 2508 7
7f62c5909000 24 16 2548 7
7f62c6fdd000 65 59 2672 7
7f62c5914000 22 15 2710 7
7f62c3cd1000 99 36 2846 7
7f62c3cc1000 16 15 2877 7
7f62c3cc2000 16 15 2908 7
7f62c9ca1000 66 35 3009 7
7f62c9ca0000 47 25 3082 7
7f62c9c9a000 47 22 3151 8
3161 8
11 21 22 27 2 1 10 3 
0x7f62c75a7000
7f62c75a7000 43 16 59 0
59 0
0 0 0 0 0 0 0 0 
