0x465000
465000 62 29 92 1
464000 47 25 165 2
5a0000 1086 206 1458 2
4fa000 94 40 1593 4
499000 76 42 1711 4
5a4000 1081 204 2997 4
498000 74 44 3116 4
497000 64 35 3216 4
496000 51 30 3298 4
5a3000 1080 197 4577 4
4e5000 75 36 4689 4
4e4000 55 26 4771 4
462000 20 16 4808 4
55a000 94 41 4944 4
7f127f3c8000 115 38 5098 4
7f127f3b2000 54 27 5180 5
7f127f19a000 24 16 5220 5
7f127f3b1000 39 19 5279 5
7f127f3b0000 38 23 5341 5
7f127f3af000 64 21 5427 5
7f127f1d7000 61 24 5513 5
7f127f1d6000 59 32 5604 5
7f127ece8000 60 51 5716 6
7f127ece4000 80 62 5859 6
7f127ece3000 57 73 5989 6
7f127ecde000 54 54 6097 6
7f127ecdd000 77 81 6255 7
7f127ecdc000 62 54 6372 7
7f127ebf2000 126 21 6519 7
7f127ecdb000 47 19 6586 7
7f127ecda000 45 17 6649 7
7f127ec6f000 85 63 6798 7
7f127ec6e000 88 44 6931 7
7f127ed2f000 103 40 7074 7
7f127ec6d000 63 33 7170 7
7f127ec6c000 83 36 7290 7
7f127ec64000 155 44 7489 7
7f127ec6b000 98 29 7616 7
7f127ec6a000 70 39 7725 7
7f127ec65000 61 48 7835 7
7f127ec31000 57 27 7919 7
7f127ecff000 93 36 8048 7
7f127ecfe000 111 32 8192 7
7f127ecfd000 68 67 8328 7
7f127ecfb000 76 26 8431 7
7f127ecd9000 55 21 8508 7
7f127ecd8000 49 23 8581 7
7f127ecd7000 36 18 8636 7
7f127ecd6000 47 23 8707 7
7f127ecd5000 39 21 8768 7
7f127ecd4000 44 23 8835 7
7f127ed0e000 54 23 8913 7
7f127ecf0000 68 84 9066 7
7f127ec5d000 62 30 9159 7
7f127ec5c000 48 37 9245 7
7f127ec63000 84 44 9373 7
7f127ecd2000 56 44 9473 7
7f127ec56000 31 28 9532 7
7f127ec62000 113 42 9688 7
7f127ec46000 76 29 9793 7
7f127ec5b000 48 26 9867 7
7f127ed0c000 69 50 9986 7
7f127ed0b000 45 27 10058 7
7f127ed0a000 39 25 10123 7
7f127ed09000 49 21 10193 7
7f127ed14000 46 29 10268 7
7f127ed13000 59 35 10362 7
7f127ed12000 49 32 10444 7
7f127ed11000 65 31 10540 7
7f127ed10000 90 31 10662 7
7f127ed0f000 58 28 10748 8
10758 8
25 43 20 40 2 4 18 35 
0x464000
464000 47 24 71 1
5a0000 1087 205 1364 1
4fa000 96 40 1502 4
499000 76 43 1621 4
5a4000 1086 205 2913 4
498000 75 44 3032 4
497000 64 35 3132 4
496000 52 30 3215 4
5a3000 1120 203 4539 4
4e5000 76 37 4653 4
4e4000 55 25 4734 4
462000 21 16 4772 4
55a000 97 42 4912 4
7f127f3c8000 116 38 5067 4
7f127f3b2000 60 26 5154 5
7f127f19a000 23 17 5195 5
7f127f3b1000 40 20 5255 5
7f127f3b0000 39 23 5317 5
7f127f3af000 65 21 5403 5
7f127f1d7000 61 26 5491 5
7f127f1d6000 59 32 5583 5
7f127ece8000 61 54 5698 6
7f127ece4000 84 62 5844 6
7f127ece3000 56 75 5976 6
7f127ecde000 55 53 6084 6
7f127ecdd000 80 81 6246 7
7f127ecdc000 65 57 6369 7
7f127ebf2000 127 21 6517 7
7f127ecdb000 47 20 6585 7
7f127ecda000 45 18 6648 7
7f127ec6f000 88 63 6800 7
7f127ec6e000 92 44 6937 7
7f127ed2f000 104 39 7080 7
7f127ec6d000 65 34 7180 7
7f127ec6c000 84 36 7301 7
7f127ec64000 158 47 7507 7
7f127ec6b000 98 28 7634 7
7f127ec6a000 70 41 7746 7
7f127ec65000 62 47 7856 7
7f127ec31000 60 26 7943 7
7f127ecff000 93 37 8074 7
7f127ecfe000 115 33 8222 7
7f127ecfd000 70 69 8361 7
7f127ecfb000 77 26 8464 7
7f127ecd9000 57 21 8543 7
7f127ecd8000 50 23 8617 7
7f127ecd7000 35 19 8672 7
7f127ecd6000 50 24 8747 7
7f127ecd5000 40 20 8807 7
7f127ecd4000 44 23 8875 7
7f127ed0e000 57 23 8956 7
7f127ecf0000 69 84 9110 7
7f127ec5d000 65 32 9207 7
7f127ec5c000 49 37 9293 7
7f127ec63000 87 44 9424 7
7f127ecd2000 55 45 9525 7
7f127ec56000 34 29 9588 7
7f127ec62000 114 44 9746 7
7f127ec46000 76 29 9851 7
7f127ec5b000 48 29 9929 7
7f127ed0c000 69 50 10048 7
7f127ed0b000 46 27 10121 7
7f127ed0a000 42 25 10188 7
7f127ed09000 49 21 10258 7
7f127ed14000 46 29 10334 7
7f127ed13000 61 35 10431 7
7f127ed12000 50 32 10514 7
7f127ed11000 66 32 10613 7
7f127ed10000 90 31 10735 7
7f127ed0f000 60 29 10824 8
10832 8
25 43 20 39 2 4 18 35 
0x5a0000
5a0000 1101 209 1311 0
4fa000 96 40 1448 4
499000 76 45 1569 4
5a4000 1098 206 2874 4
498000 77 45 2997 4
497000 64 35 3097 4
496000 52 33 3183 4
5a3000 1102 199 4485 4
4e5000 75 37 4598 4
4e4000 55 25 4679 4
462000 21 16 4717 4
55a000 95 41 4853 4
7f127f3c8000 115 38 5007 4
7f127f3b2000 54 27 5089 5
7f127f19a000 23 17 5129 5
7f127f3b1000 39 19 5188 5
7f127f3b0000 38 23 5250 5
7f127f3af000 64 21 5336 5
7f127f1d7000 61 24 5422 5
7f127f1d6000 58 32 5512 5
7f127ece8000 60 51 5624 6
7f127ece4000 80 62 5767 6
7f127ece3000 56 73 5897 6
7f127ecde000 54 53 6005 6
7f127ecdd000 78 80 6164 7
7f127ecdc000 62 54 6281 7
7f127ebf2000 127 21 6429 7
7f127ecdb000 47 20 6496 7
7f127ecda000 45 18 6559 7
7f127ec6f000 84 63 6707 7
7f127ec6e000 88 44 6840 7
7f127ed2f000 103 39 6983 7
7f127ec6d000 62 34 7080 7
7f127ec6c000 84 35 7199 7
7f127ec64000 155 44 7399 7
7f127ec6b000 97 29 7525 7
7f127ec6a000 70 39 7634 7
7f127ec65000 61 48 7744 7
7f127ec31000 57 27 7828 7
7f127ecff000 93 36 7957 7
7f127ecfe000 111 33 8102 7
7f127ecfd000 69 67 8238 7
7f127ecfb000 77 26 8341 7
7f127ecd9000 54 21 8417 7
7f127ecd8000 50 23 8491 7
7f127ecd7000 35 19 8546 7
7f127ecd6000 46 24 8617 7
7f127ecd5000 40 20 8677 7
7f127ecd4000 44 23 8745 7
7f127ed0e000 55 23 8823 7
7f127ecf0000 68 84 8975 7
7f127ec5d000 61 31 9068 7
7f127ec5c000 49 36 9154 7
7f127ec63000 85 44 9283 7
7f127ecd2000 55 45 9383 7
7f127ec56000 31 29 9443 7
7f127ec62000 114 42 9599 7
7f127ec46000 76 29 9705 7
7f127ec5b000 48 26 9780 7
7f127ed0c000 69 50 9899 7
7f127ed0b000 45 27 9972 7
7f127ed0a000 40 25 10037 7
7f127ed09000 49 21 10107 7
7f127ed14000 46 29 10183 7
7f127ed13000 59 36 10278 7
7f127ed12000 49 32 10360 7
7f127ed11000 65 32 10457 7
7f127ed10000 90 31 10579 7
7f127ed0f000 58 28 10665 8
10673 8
25 43 20 39 2 4 16 35 
0x4fa000
4fa000 94 40 134 4
134 4
0 1 2 2 0 0 1 0 
0x499000
499000 76 43 119 1
5a4000 1083 205 1408 1
498000 74 45 1528 3
497000 65 35 1628 3
496000 52 30 1711 3
5a0000 1080 206 2999 3
4fa000 93 40 3133 4
508000 62 33 3229 4
575000 75 39 3344 4
5a3000 1083 197 4625 4
4e5000 75 37 4738 4
4e4000 55 25 4819 4
462000 20 17 4857 4
55a000 94 41 4992 4
7f127f3c8000 115 39 5147 4
7f127f3b2000 55 26 5228 5
7f127f19a000 23 17 5269 5
7f127f3b1000 39 20 5328 5
7f127f3b0000 38 23 5390 5
7f127f3af000 63 22 5476 5
7f127f1d7000 61 24 5561 5
7f127f1d6000 59 32 5652 5
7f127ece8000 61 51 5764 6
7f127ece4000 81 62 5907 6
7f127ece3000 57 73 6037 6
7f127ecde000 54 54 6145 6
7f127ecdd000 78 80 6303 7
7f127ecdc000 62 54 6420 7
7f127ebf2000 126 22 6568 7
7f127ecdb000 47 20 6635 7
7f127ecda000 45 18 6698 7
7f127ec6f000 85 63 6846 7
7f127ec6e000 88 44 6979 7
7f127ed2f000 103 40 7122 7
7f127ec6d000 62 34 7218 7
7f127ec6c000 83 36 7338 7
7f127ec64000 155 44 7537 7
7f127ec6b000 97 28 7663 7
7f127ec6a000 69 39 7772 7
7f127ec65000 62 47 7882 7
7f127ec31000 57 27 7966 7
7f127ecff000 93 37 8096 7
7f127ecfe000 111 33 8240 7
7f127ecfd000 69 67 8376 7
7f127ecfb000 76 26 8479 7
7f127ecd9000 54 21 8555 7
7f127ecd8000 50 22 8628 7
7f127ecd7000 36 19 8684 7
7f127ecd6000 47 24 8755 7
7f127ecd5000 40 20 8815 7
7f127ecd4000 44 23 8883 7
7f127ed0e000 54 23 8961 7
7f127ecf0000 68 84 9113 7
7f127ec5d000 62 31 9207 7
7f127ec5c000 49 36 9292 7
7f127ec63000 84 44 9421 7
7f127ecd2000 56 44 9521 7
7f127ec56000 31 29 9581 7
7f127ec62000 113 42 9736 7
7f127ec46000 76 29 9841 7
7f127ec5b000 48 26 9915 7
7f127ed0c000 69 50 10034 7
7f127ed0b000 45 27 10106 7
7f127ed0a000 40 24 10170 7
7f127ed09000 49 21 10241 7
7f127ed14000 46 29 10316 7
7f127ed13000 60 35 10411 7
7f127ed12000 49 32 10493 7
7f127ed11000 65 31 10589 7
7f127ed10000 89 31 10710 7
7f127ed0f000 58 28 10796 8
10804 8
25 46 20 39 2 4 21 35 
0x5a4000
5a4000 1079 204 1284 0
1285 0
0 0 0 0 0 0 0 0 
0x498000
498000 74 44 119 3
497000 64 35 219 3
496000 51 30 301 3
5a0000 1079 206 1587 3
4fa000 93 40 1721 4
499000 76 42 1839 4
5a4000 1078 205 3123 4
463000 23 16 3162 4
462000 20 17 3200 4
7f127efd4000 103 37 3340 4
7f127efc4000 16 16 3372 4
7f127efc5000 16 16 3404 4
59f000 1079 199 4683 4
5a5000 806 146 5636 4
59e000 51 21 5709 4
7f127e9be000 44 25 5779 4
7f127e9bd000 60 21 5861 4
7f127e9bc000 71 25 5958 4
7f127e9c5000 57 41 6057 5
7f127e9c4000 54 23 6135 5
7f127e9c3000 60 27 6223 5
7f127e9c1000 61 25 6310 5
7f127e9c8000 244 59 6614 6
7f127e9c0000 95 26 6736 6
7f127e9bf000 35 21 6793 6
7f127e9c6000 36 25 6855 6
7f127e9c7000 122 40 7019 6
7f127e9bb000 52 22 7094 6
7f127e9c2000 36 19 7150 6
5a3000 1086 197 8436 6
4e5000 75 38 8550 6
4e4000 55 26 8631 6
55a000 94 42 8768 6
7f127f3c8000 116 38 8923 6
7f127f3b2000 55 27 9005 6
7f127f19a000 24 17 9046 6
7f127f3b1000 39 20 9105 6
7f127f3b0000 38 23 9167 6
7f127f3af000 64 21 9253 6
7f127f1d7000 61 24 9339 6
7f127f1d6000 59 32 9430 6
7f127ece8000 61 51 9543 6
7f127ece4000 81 62 9686 6
7f127ece3000 57 73 9817 6
7f127ecde000 54 54 9926 6
7f127ecdd000 78 81 10085 7
7f127ecdc000 62 54 10202 7
7f127ebf2000 126 22 10351 7
7f127ecdb000 47 20 10418 7
7f127ecda000 44 18 10481 7
7f127ec6f000 86 63 10631 7
7f127ec6e000 89 44 10764 7
7f127ed2f000 105 40 10909 7
7f127ec6d000 63 34 11006 7
7f127ec6c000 84 35 11126 7
7f127ec64000 156 44 11327 7
7f127ec6b000 98 28 11454 7
7f127ec6a000 70 41 11566 7
7f127ec65000 62 47 11675 7
7f127ec31000 57 27 11760 7
7f127ecff000 94 37 11891 7
7f127ecfe000 112 33 12036 7
7f127ecfd000 69 68 12173 7
7f127ecfb000 77 26 12276 7
7f127ecd9000 55 21 12353 7
7f127ecd8000 50 23 12427 7
7f127ecd7000 35 20 12483 7
7f127ecd6000 47 24 12554 7
7f127ecd5000 40 21 12615 7
7f127ecd4000 45 23 12683 7
7f127ed0e000 54 23 12761 7
7f127ecf0000 68 85 12915 7
7f127ec5d000 62 31 13009 7
7f127ec5c000 49 37 13095 7
7f127ec63000 85 43 13223 7
7f127ecd2000 55 44 13323 7
7f127ec56000 31 29 13383 7
7f127ec62000 112 42 13538 7
7f127ec46000 75 29 13643 7
7f127ec5b000 47 26 13717 7
7f127ed0c000 68 50 13836 7
7f127ed0b000 46 26 13908 7
7f127ed0a000 39 25 13973 7
7f127ed09000 49 21 14043 7
7f127ed14000 45 29 14118 7
7f127ed13000 59 35 14213 7
7f127ed12000 50 31 14294 7
7f127ed11000 64 32 14391 7
7f127ed10000 89 31 14512 7
7f127ed0f000 58 28 14598 8
14605 8
25 44 24 44 2 6 18 36 
0x497000
497000 63 36 100 1
496000 52 30 182 3
5a0000 1083 205 1471 3
4fa000 94 39 1605 4
499000 75 43 1724 4
5a4000 1076 204 3005 4
498000 75 44 3125 4
5a2000 1076 208 4410 4
571000 79 57 4546 4
5a3000 1082 197 5826 4
4e5000 75 37 5939 4
4e4000 54 26 6020 4
462000 20 17 6058 4
55a000 94 41 6193 4
7f127f3c8000 117 38 6349 4
7f127f3b2000 55 26 6430 5
7f127f19a000 23 17 6471 5
7f127f3b1000 39 20 6531 5
7f127f3b0000 39 23 6593 5
7f127f3af000 64 22 6679 5
7f127f1d7000 61 24 6765 5
7f127f1d6000 59 32 6856 5
7f127ece8000 62 51 6969 6
7f127ece4000 81 62 7112 6
7f127ece3000 57 73 7243 6
7f127ecde000 54 54 7352 6
7f127ecdd000 78 81 7511 7
7f127ecdc000 62 54 7628 7
7f127ebf2000 127 21 7777 7
7f127ecdb000 47 20 7844 7
7f127ecda000 46 18 7908 7
7f127ec6f000 86 63 8057 7
7f127ec6e000 89 44 8190 7
7f127ed2f000 104 39 8333 7
7f127ec6d000 62 34 8430 7
7f127ec6c000 84 36 8551 7
7f127ec64000 156 44 8751 7
7f127ec6b000 97 29 8878 7
7f127ec6a000 71 39 8988 7
7f127ec65000 62 47 9098 7
7f127ec31000 57 27 9183 7
7f127ecff000 93 37 9313 7
7f127ecfe000 112 33 9458 7
7f127ecfd000 70 67 9595 7
7f127ecfb000 77 27 9699 7
7f127ecd9000 55 22 9776 7
7f127ecd8000 50 23 9849 7
7f127ecd7000 36 19 9905 7
7f127ecd6000 47 24 9976 7
7f127ecd5000 40 21 10037 7
7f127ecd4000 45 23 10105 7
7f127ed0e000 54 23 10183 7
7f127ecf0000 68 85 10337 7
7f127ec5d000 62 31 10431 7
7f127ec5c000 49 37 10517 7
7f127ec63000 85 44 10646 7
7f127ecd2000 55 44 10746 7
7f127ec56000 30 29 10806 7
7f127ec62000 113 42 10962 7
7f127ec46000 76 29 11068 7
7f127ec5b000 48 26 11142 7
7f127ed0c000 69 50 11262 7
7f127ed0b000 46 26 11334 7
7f127ed0a000 40 24 11399 7
7f127ed09000 49 21 11470 7
7f127ed14000 45 29 11545 7
7f127ed13000 59 36 11641 7
7f127ed12000 50 32 11723 7
7f127ed11000 66 32 11821 7
7f127ed10000 90 31 11942 7
7f127ed0f000 57 28 12028 8
12037 8
25 43 22 39 2 4 19 35 
0x496000
496000 51 31 83 3
5a0000 1084 206 1373 3
4fa000 94 40 1508 4
499000 76 42 1627 4
5a4000 1079 205 2912 4
498000 74 44 3031 4
497000 64 35 3131 4
5a3000 1081 197 4410 4
4e5000 75 37 4523 4
4e4000 55 25 4604 4
462000 21 16 4642 4
55a000 94 41 4778 4
7f127f3c8000 115 38 4932 4
7f127f3b2000 55 26 5014 5
7f127f19a000 23 17 5055 5
7f127f3b1000 39 20 5114 5
7f127f3b0000 39 23 5176 5
7f127f3af000 64 22 5262 5
7f127f1d7000 61 24 5347 5
7f127f1d6000 59 32 5438 5
7f127ece8000 61 50 5549 6
7f127ece4000 81 62 5693 6
7f127ece3000 57 73 5823 6
7f127ecde000 54 53 5931 6
7f127ecdd000 78 81 6090 7
7f127ecdc000 62 54 6206 7
7f127ebf2000 126 21 6354 7
7f127ecdb000 47 19 6421 7
7f127ecda000 45 18 6485 7
7f127ec6f000 84 63 6633 7
7f127ec6e000 88 44 6766 7
7f127ed2f000 104 39 6909 7
7f127ec6d000 63 33 7005 7
7f127ec6c000 84 35 7125 7
7f127ec64000 156 44 7325 7
7f127ec6b000 97 29 7451 7
7f127ec6a000 70 39 7560 7
7f127ec65000 62 47 7670 7
7f127ec31000 57 26 7754 7
7f127ecff000 93 36 7884 7
7f127ecfe000 111 33 8028 7
7f127ecfd000 69 67 8165 7
7f127ecfb000 76 27 8268 7
7f127ecd9000 55 21 8344 7
7f127ecd8000 49 23 8417 7
7f127ecd7000 35 19 8472 7
7f127ecd6000 47 23 8543 7
7f127ecd5000 39 21 8604 7
7f127ecd4000 45 22 8671 7
7f127ed0e000 54 23 8749 7
7f127ecf0000 68 85 8903 7
7f127ec5d000 62 31 8996 7
7f127ec5c000 49 36 9081 7
7f127ec63000 84 44 9210 7
7f127ecd2000 55 45 9310 7
7f127ec56000 31 29 9370 7
7f127ec62000 113 42 9525 7
7f127ec46000 76 29 9630 7
7f127ec5b000 48 26 9704 7
7f127ed0c000 69 49 9822 7
7f127ed0b000 45 27 9895 7
7f127ed0a000 39 24 9959 7
7f127ed09000 49 21 10030 7
7f127ed14000 46 29 10105 7
7f127ed13000 59 35 10199 7
7f127ed12000 49 32 10281 7
7f127ed11000 65 32 10378 7
7f127ed10000 90 31 10499 7
7f127ed0f000 57 28 10584 8
10592 8
25 43 20 39 2 4 16 35 
0x5a3000
5a3000 1084 196 1280 0
4e5000 75 37 1393 1
4e4000 55 25 1474 1
5a0000 1082 205 2762 1
4fa000 93 40 2896 4
499000 76 42 3014 4
5a4000 1079 204 4298 4
498000 75 44 4418 4
497000 64 35 4518 4
496000 52 30 4601 4
462000 20 17 4639 4
463000 22 17 4678 4
7f127efd4000 102 38 4819 4
7f127efc4000 16 16 4851 4
7f127efc5000 16 16 4883 4
59f000 1081 198 6162 4
5a2000 1075 208 7446 4
571000 79 56 7582 4
570000 128 41 7752 4
56f000 33 19 7805 4
56e000 69 25 7901 4
5a1000 1078 194 9174 4
7f127ec8b000 64 88 9327 5
7f127ec8a000 100 56 9484 5
5a5000 806 146 10438 5
59e000 51 20 10510 5
7f127e9be000 44 25 10581 5
7f127e9bd000 60 21 10663 5
7f127e9bc000 71 25 10760 5
7f127e9c5000 57 41 10859 6
7f127e9c4000 55 22 10937 6
7f127e9c3000 60 28 11026 6
7f127e9c1000 61 25 11113 6
7f127e9c8000 244 59 11417 7
7f127e9c0000 95 26 11539 7
7f127e9bf000 36 21 11597 7
7f127e9c6000 36 25 11659 7
7f127e9c7000 122 41 11823 7
7f127e9bb000 52 21 11897 7
7f127e9c2000 36 19 11954 7
7f127f256000 47 25 12029 7
7f127f1e1000 48 26 12104 7
7f127f1e0000 87 45 12236 7
7f127f23e000 50 25 12311 7
7f127f23d000 68 29 12408 7
7f127f22c000 64 33 12505 7
7f127f1e2000 65 28 12598 7
7f127f1e3000 54 33 12686 7
7f127ec6a000 70 39 12796 7
7f127f19a000 24 16 12836 7
7f127f19f000 52 19 12908 7
7f127f1c3000 73 30 13011 7
7f127f223000 170 90 13271 7
7f127f222000 63 46 13380 7
7f127f219000 65 32 13478 7
7f127f239000 64 23 13566 7
7f127f238000 72 21 13660 7
7f127f237000 59 21 13741 7
7f127efd2000 100 46 13888 7
7f127f236000 57 22 13968 7
7f127f25a000 85 35 14088 7
7f127f235000 72 22 14182 7
7f127f3da000 100 62 14344 7
7f127f3d9000 85 41 14471 7
7f127f234000 80 24 14576 7
7f127f233000 70 26 14672 7
7f127f22e000 77 34 14783 7
7f127f230000 89 34 14906 7
7f127f23c000 54 27 14987 7
7f127f22f000 53 26 15066 7
7f127f3dd000 107 44 15218 7
7f127f3dc000 125 31 15374 7
7f127f3aa000 45 22 15441 7
7f127f3b2000 55 28 15524 7
7f127f3b1000 39 20 15584 7
7f127f3b0000 39 23 15646 7
7f127f3af000 65 24 15735 7
7f127f1d7000 61 24 15821 7
7f127f1d6000 59 32 15912 7
7f127ece8000 64 51 16028 7
7f127ece4000 80 65 16174 7
7f127ece3000 57 74 16305 7
7f127ecde000 57 53 16415 7
7f127ecdd000 78 83 16577 7
7f127ecdc000 63 54 16694 7
7f127ebf2000 130 21 16846 7
7f127ecdb000 47 20 16914 7
7f127ecda000 48 18 16980 7
7f127ec6f000 85 63 17129 7
7f127ec6e000 91 44 17265 7
7f127ed2f000 107 39 17411 7
7f127ec6d000 62 34 17508 7
7f127ec6c000 86 36 17631 7
7f127ec64000 159 44 17834 7
7f127ec6b000 97 29 17961 7
7f127ec65000 61 48 18071 7
7f127ec31000 57 27 18155 7
7f127ecff000 93 36 18284 7
7f127ecfe000 111 32 18428 7
7f127ecfd000 69 67 18565 7
7f127ecfb000 77 26 18668 7
7f127ecd9000 54 22 18745 7
7f127ecd8000 50 23 18818 7
7f127ecd7000 35 19 18873 7
7f127ecd6000 47 23 18944 7
7f127ecd5000 40 21 19005 7
7f127ecd4000 45 23 19073 7
7f127ed0e000 54 24 19151 7
7f127ecf0000 68 85 19304 7
7f127ec5d000 62 31 19397 7
7f127ec5c000 49 37 19483 7
7f127ec63000 84 44 19611 7
7f127ecd2000 55 44 19711 7
7f127ec56000 30 29 19771 7
7f127ec62000 113 42 19926 7
7f127ec46000 75 30 20032 7
7f127ec5b000 48 26 20106 7
7f127ed0c000 69 50 20225 7
7f127ed0b000 46 26 20297 7
7f127ed0a000 39 25 20362 7
7f127ed09000 49 21 20432 7
7f127ed14000 45 29 20507 7
7f127ed13000 59 35 20602 7
7f127ed12000 50 31 20683 7
7f127ed11000 64 32 20780 7
7f127ed10000 90 30 20900 7
7f127ed0f000 57 28 20986 8
20995 8
38 53 42 67 2 13 30 36 
0x4e5000
4e5000 75 37 113 1
4e4000 54 26 194 1
5a0000 1079 207 1481 1
4fa000 93 40 1615 4
499000 76 42 1733 4
5a4000 1080 205 3019 4
498000 75 44 3138 4
497000 64 35 3238 4
496000 51 31 3321 4
5a3000 1082 197 4601 4
572000 45 25 4672 4
5a1000 1081 195 5949 4
462000 20 17 5987 4
463000 22 17 6026 4
7f127efd4000 102 37 6166 4
7f127efc4000 16 16 6199 4
7f127efc5000 16 16 6231 4
59f000 1080 198 7509 4
573000 83 35 7628 5
55a000 94 42 7765 5
7f127f3c8000 115 37 7918 5
7f127f3b2000 55 26 8000 5
7f127f19a000 23 17 8041 5
7f127f3b1000 39 20 8100 5
7f127f3b0000 38 23 8162 5
7f127f3af000 64 21 8248 5
7f127f1d7000 61 23 8333 5
7f127f1d6000 59 32 8425 5
7f127ece8000 61 50 8536 6
7f127ece4000 81 62 8680 6
7f127ece3000 56 74 8811 6
7f127ecde000 54 53 8919 6
7f127ecdd000 78 81 9078 7
7f127ecdc000 62 54 9195 7
7f127ebf2000 126 21 9343 7
7f127ecdb000 47 20 9410 7
7f127ecda000 45 18 9473 7
7f127ec6f000 85 63 9622 7
7f127ec6e000 89 44 9755 7
7f127ed2f000 103 40 9898 7
7f127ec6d000 62 34 9995 7
7f127ec6c000 84 35 10114 7
7f127ec64000 155 44 10314 7
7f127ec6b000 97 29 10441 7
7f127ec6a000 70 39 10550 7
7f127ec65000 67 48 10665 7
7f127ec31000 58 26 10749 7
7f127ecff000 98 36 10884 7
7f127ecfe000 114 35 11034 7
7f127ecfd000 69 68 11172 7
7f127ecfb000 82 26 11280 7
7f127ecd9000 55 21 11357 7
7f127ecd8000 54 23 11435 7
7f127ecd7000 36 19 11490 7
7f127ecd6000 47 24 11562 7
7f127ecd5000 41 24 11627 7
7f127ecd4000 44 23 11695 7
7f127ed0e000 55 23 11774 7
7f127ecf0000 72 85 11932 7
7f127ec5d000 62 36 12030 7
7f127ec5c000 49 37 12116 7
7f127ec63000 85 49 12250 7
7f127ecd2000 56 44 12350 7
7f127ec56000 31 29 12411 7
7f127ec62000 118 42 12571 7
7f127ec46000 80 30 12682 7
7f127ec5b000 48 26 12756 7
7f127ed0c000 69 50 12875 7
7f127ed0b000 46 26 12947 7
7f127ed0a000 39 25 13012 7
7f127ed09000 49 21 13082 7
7f127ed14000 46 29 13158 7
7f127ed13000 59 36 13253 7
7f127ed12000 50 31 13334 7
7f127ed11000 65 32 13431 7
7f127ed10000 90 31 13552 7
7f127ed0f000 57 29 13638 8
13646 8
25 44 22 39 2 5 18 35 
0x4e4000
4e4000 55 26 81 0
5a0000 1081 206 1369 0
4fa000 94 40 1503 4
499000 75 43 1621 4
5a4000 1078 205 2905 4
498000 75 44 3024 4
497000 64 35 3124 4
496000 52 30 3207 4
5a3000 1082 196 4486 4
4e5000 75 37 4599 4
55a000 94 41 4735 4
7f127f3c8000 117 38 4891 4
7f127f3b2000 55 27 4973 5
7f127f19a000 24 17 5014 5
7f127f3b1000 39 20 5073 5
7f127f3b0000 38 23 5135 5
7f127f3af000 64 22 5222 5
7f127f1d7000 61 24 5307 5
7f127f1d6000 59 32 5399 5
7f127ece8000 61 51 5511 6
7f127ece4000 81 62 5655 6
7f127ece3000 57 74 5786 6
7f127ecde000 54 54 5895 6
7f127ecdd000 79 81 6055 7
7f127ecdc000 63 54 6172 7
7f127ebf2000 127 21 6321 7
7f127ecdb000 47 20 6389 7
7f127ecda000 45 18 6452 7
7f127ec6f000 86 63 6602 7
7f127ec6e000 89 44 6735 7
7f127ed2f000 103 40 6879 7
7f127ec6d000 63 34 6976 7
7f127ec6c000 85 35 7096 7
7f127ec64000 156 44 7297 7
7f127ec6b000 98 28 7424 7
7f127ec6a000 70 40 7535 7
7f127ec65000 63 47 7645 7
7f127ec31000 58 27 7730 7
7f127ecff000 93 37 7860 7
7f127ecfe000 112 33 8005 7
7f127ecfd000 70 67 8142 7
7f127ecfb000 77 26 8246 7
7f127ecd9000 55 22 8323 7
7f127ecd8000 50 23 8396 7
7f127ecd7000 36 19 8452 7
7f127ecd6000 47 24 8523 7
7f127ecd5000 40 21 8584 7
7f127ecd4000 45 23 8652 7
7f127ed0e000 54 24 8731 7
7f127ecf0000 68 85 8884 7
7f127ec5d000 62 31 8977 7
7f127ec5c000 49 37 9064 7
7f127ec63000 85 44 9193 7
7f127ecd2000 56 44 9293 7
7f127ec56000 31 29 9353 7
7f127ec62000 114 42 9510 7
7f127ec46000 80 30 9621 7
7f127ec5b000 49 26 9696 7
7f127ed0c000 74 50 9820 7
7f127ed0b000 46 27 9893 7
7f127ed0a000 40 29 9962 7
7f127ed09000 49 21 10033 7
7f127ed14000 46 29 10109 7
7f127ed13000 64 36 10209 7
7f127ed12000 50 32 10291 7
7f127ed11000 70 32 10393 7
7f127ed10000 91 31 10515 7
7f127ed0f000 62 28 10605 8
10613 8
25 43 20 39 2 4 16 35 
0x462000
462000 21 17 38 0
38 0
0 0 0 0 0 0 0 0 
0x55a000
55a000 95 46 142 2
7f127f3c8000 117 38 298 2
7f127f3b2000 59 27 385 3
7f127f19a000 24 17 426 3
7f127f3b1000 40 20 486 3
7f127f3b0000 43 24 553 3
7f127f3af000 65 21 639 3
7f127f1d7000 62 28 730 5
7f127f1d6000 60 32 822 5
7f127ece8000 62 55 939 6
7f127ece4000 82 62 1083 6
7f127ece3000 61 74 1219 6
7f127ecde000 55 57 1332 6
7f127ecdd000 79 81 1492 7
7f127ecdc000 67 54 1614 7
7f127ebf2000 132 21 1768 7
7f127ecdb000 47 20 1836 7
7f127ecda000 46 18 1900 7
7f127ec6f000 90 63 2054 7
7f127ec6e000 93 45 2193 7
7f127ed2f000 105 40 2338 7
7f127ec6d000 67 35 2440 7
7f127ec6c000 85 40 2565 7
7f127ec64000 158 48 2771 7
7f127ec6b000 99 29 2899 7
7f127ec6a000 75 40 3014 7
7f127ec65000 63 47 3124 7
7f127ec31000 61 27 3213 7
7f127ecff000 93 37 3344 7
7f127ecfe000 115 33 3493 7
7f127ecfd000 72 69 3635 7
7f127ecfb000 77 27 3740 7
7f127ecd9000 60 21 3821 7
7f127ecd8000 50 23 3895 7
7f127ecd7000 36 19 3951 7
7f127ecd6000 52 23 4027 7
7f127ecd5000 40 21 4089 7
7f127ecd4000 45 27 4161 7
7f127ed0e000 55 24 4241 7
7f127ecf0000 69 89 4399 7
7f127ec5d000 63 31 4493 7
7f127ec5c000 49 41 4583 7
7f127ec63000 85 44 4713 7
7f127ecd2000 56 49 4818 7
7f127ec56000 31 29 4878 7
7f127ec62000 119 42 5039 7
7f127ec46000 77 29 5145 7
7f127ec5b000 50 29 5224 7
7f127ed0c000 69 50 5343 7
7f127ed0b000 49 27 5420 7
7f127ed0a000 40 24 5485 7
7f127ed09000 49 21 5556 7
7f127ed14000 50 29 5635 7
7f127ed13000 59 36 5731 7
7f127ed12000 50 36 5817 7
7f127ed11000 65 32 5915 7
7f127ed10000 94 31 6040 7
7f127ed0f000 57 28 6126 8
6130 8
25 35 18 34 2 4 6 35 
0x463000
463000 23 17 40 0
462000 21 21 82 0
7f127efd4000 103 37 223 3
7f127efc4000 16 16 256 3
7f127efc5000 17 20 293 3
59f000 1113 202 1609 3
1610 3
0 1 2 0 0 0 2 0 
0x59f000
59f000 1118 203 1322 0
1322 0
0 0 0 0 0 0 0 0 
0x5a2000
5a2000 1108 212 1320 0
571000 80 60 1461 2
5a3000 1115 201 2778 2
4e5000 80 37 2896 3
4e4000 55 25 2977 3
5a0000 1116 210 4304 3
4fa000 94 40 4439 4
499000 80 43 4563 4
5a4000 1118 209 5891 4
498000 75 44 6011 4
497000 69 35 6116 4
496000 52 30 6199 4
462000 21 17 6238 4
463000 22 18 6278 4
7f127efd4000 106 37 6422 4
7f127efc4000 16 16 6455 4
7f127efc5000 16 19 6490 4
59f000 1113 203 7806 4
7f127ec8b000 63 94 7964 5
7f127ec8a000 101 60 8126 5
5a5000 833 147 9107 5
59e000 55 21 9184 5
7f127e9be000 44 26 9256 5
7f127e9bd000 60 26 9343 5
7f127e9bc000 72 25 9441 5
7f127e9c5000 57 44 9543 6
7f127e9c4000 56 23 9623 6
7f127e9c3000 60 28 9712 6
7f127e9c1000 66 26 9805 6
7f127e9c8000 251 59 10116 7
7f127e9c0000 101 26 10244 7
7f127e9bf000 36 21 10302 7
7f127e9c6000 37 29 10369 7
7f127e9c7000 123 40 10534 7
7f127e9bb000 56 22 10614 7
7f127e9c2000 36 20 10671 7
5a1000 1091 194 11959 7
7f127ec81000 57 29 12047 7
7f127ec80000 50 18 12116 7
7f127ec7f000 46 17 12180 7
7f127fc51000 63 33 12279 7
7f127f256000 47 25 12352 7
7f127f1e1000 49 26 12427 7
7f127f1e0000 87 44 12558 7
7f127f23e000 50 25 12634 7
7f127f23d000 68 28 12730 7
49a000 52 21 12804 7
7f127f25a000 84 35 12924 7
49b000 80 48 13054 8
13057 8
8 15 16 39 1 2 24 2 
0x571000
571000 79 55 135 2
5a3000 1083 196 1416 2
4e5000 75 37 1529 3
4e4000 55 25 1610 3
5a0000 1079 206 2896 3
4fa000 93 40 3030 4
499000 75 43 3149 4
5a4000 1078 205 4433 4
498000 74 44 4552 4
497000 64 35 4652 4
496000 52 30 4735 4
462000 20 16 4772 4
463000 22 17 4812 4
7f127efd4000 102 37 4952 4
7f127efc4000 16 16 4985 4
7f127efc5000 16 16 5017 4
59f000 1080 199 6296 4
5a2000 1078 208 7583 4
4d4000 133 42 7758 6
4d3000 74 32 7865 6
4d2000 39 24 7929 6
5a1000 1080 195 9205 6
5a5000 809 147 10162 6
59e000 50 21 10234 6
7f127e9be000 43 26 10305 6
7f127e9bd000 60 21 10387 6
7f127e9bc000 72 25 10484 6
7f127e9c5000 57 41 10583 6
7f127e9c4000 54 23 10661 6
7f127e9c3000 60 28 10750 6
7f127e9c1000 61 25 10837 6
7f127e9c8000 247 59 11144 7
7f127e9c0000 96 25 11266 7
7f127e9bf000 37 20 11324 7
7f127e9c6000 37 24 11386 7
7f127e9c7000 123 40 11550 7
7f127e9bb000 52 22 11625 7
7f127e9c2000 36 19 11681 7
7f127ec8b000 64 89 11837 7
7f127ec8a000 101 56 11994 7
4c8000 120 46 12162 7
4c7000 77 18 12258 7
4c6000 71 24 12354 7
7f127ec81000 57 29 12441 7
7f127ec80000 50 18 12510 7
7f127ec7f000 46 18 12575 7
7f127ec8c000 65 61 12703 7
7f127f1e1000 49 25 12777 7
7f127f1e0000 87 44 12909 7
7f127f23e000 50 25 12985 7
7f127f23d000 68 29 13082 7
7f127f25a000 85 35 13202 7
7f127ff7e000 156 62 13420 7
7f127fe79000 16 16 13452 7
7f127ec18000 32 32 13516 7
7f127ec17000 55 51 13623 7
7f127ec16000 65 42 13730 7
7f127ebf2000 126 21 13877 7
7f127ec15000 60 26 13964 7
7f127ec14000 48 39 14052 7
7f127ecff000 93 37 14182 7
7f127ecfe000 111 33 14326 7
7f127ecfd000 69 67 14462 7
7f127ecfb000 77 26 14566 7
7f127ecb5000 43 25 14634 7
7f127ec64000 156 44 14834 7
7f127ec03000 77 34 14945 7
7f127ec02000 38 25 15009 7
7f127ec01000 55 23 15087 7
7f127ec00000 87 33 15207 7
7f127ebff000 34 20 15261 7
7f127ebf7000 46 26 15334 7
7f127ebf6000 43 28 15406 7
7f127ebf5000 64 23 15493 7
7f127ed2f000 104 39 15636 7
7f127ec52000 76 36 15748 8
15754 8
31 30 22 44 1 4 46 12 
0x570000
570000 129 41 170 2
56f000 33 19 223 2
59f000 1085 198 1507 2
56e000 69 26 1603 2
462000 20 17 1641 2
5a4000 1084 205 2930 2
5a0000 1085 206 4222 2
4fa000 94 39 4356 4
499000 75 43 4475 4
498000 75 44 4595 4
497000 63 36 4695 4
496000 52 30 4778 4
5a3000 1090 197 6066 4
4e5000 75 37 6179 4
4e4000 55 26 6261 4
55a000 94 41 6397 4
7f127f3c8000 115 38 6552 4
7f127f3b2000 55 26 6634 5
7f127f19a000 24 17 6675 5
7f127f3b1000 40 19 6734 5
7f127f3b0000 38 23 6796 5
7f127f3af000 64 21 6882 5
7f127f1d7000 61 24 6968 5
7f127f1d6000 59 32 7059 5
7f127ece8000 62 50 7171 6
7f127ece4000 80 63 7315 6
7f127ece3000 57 73 7445 6
7f127ecde000 54 53 7553 6
7f127ecdd000 78 82 7714 7
7f127ecdc000 63 54 7831 7
7f127ebf2000 132 21 7985 7
7f127ecdb000 47 20 8053 7
7f127ecda000 45 19 8117 7
7f127ec6f000 89 64 8271 7
7f127ec6e000 94 44 8409 7
7f127ed2f000 104 43 8556 7
7f127ec6d000 64 34 8654 7
7f127ec6c000 85 40 8779 7
7f127ec64000 156 49 8984 7
7f127ec6b000 98 29 9111 7
7f127ec6a000 75 40 9226 7
7f127ec65000 63 47 9336 7
7f127ec31000 62 27 9425 7
7f127ecff000 92 37 9555 7
7f127ecfe000 111 33 9699 7
7f127ecfd000 69 67 9835 7
7f127ecfb000 76 27 9939 7
7f127ecd9000 55 21 10015 7
7f127ecd8000 50 22 10088 7
7f127ecd7000 36 19 10144 7
7f127ecd6000 47 23 10214 7
7f127ecd5000 40 20 10275 7
7f127ecd4000 45 22 10342 7
7f127ed0e000 54 24 10421 7
7f127ecf0000 69 84 10574 7
7f127ec5d000 62 31 10668 7
7f127ec5c000 49 36 10753 7
7f127ec63000 85 44 10882 7
7f127ecd2000 56 44 10982 7
7f127ec56000 31 29 11042 7
7f127ec62000 113 42 11197 7
7f127ec46000 75 29 11302 7
7f127ec5b000 48 26 11377 7
7f127ed0c000 69 50 11496 7
7f127ed0b000 45 27 11568 7
7f127ed0a000 39 25 11633 7
7f127ed09000 49 21 11703 7
7f127ed14000 45 29 11778 7
7f127ed13000 59 35 11873 7
7f127ed12000 50 31 11954 7
7f127ed11000 65 32 12052 7
7f127ed10000 89 31 12172 7
7f127ed0f000 57 28 12258 8
12267 8
25 44 20 39 2 4 19 35 
0x56f000
56f000 33 19 52 0
59f000 1077 198 1328 0
570000 129 41 1499 2
56e000 68 26 1594 2
462000 20 17 1632 2
5a4000 1084 205 2921 2
5a0000 1084 206 4212 2
4fa000 93 40 4346 4
499000 76 42 4464 4
498000 75 44 4584 4
497000 64 35 4684 4
496000 51 30 4766 4
5a3000 1084 197 6048 4
4e5000 75 37 6161 4
4e4000 55 26 6242 4
55a000 94 41 6378 4
7f127f3c8000 116 37 6532 4
7f127f3b2000 54 27 6614 5
7f127f19a000 24 16 6654 5
7f127f3b1000 39 19 6713 5
7f127f3b0000 38 23 6775 5
7f127f3af000 64 21 6861 5
7f127f1d7000 61 24 6947 5
7f127f1d6000 59 31 7037 5
7f127ece8000 61 51 7150 6
7f127ece4000 80 63 7293 6
7f127ece3000 57 74 7424 6
7f127ecde000 54 54 7532 6
7f127ecdd000 78 81 7691 7
7f127ecdc000 62 54 7807 7
7f127ebf2000 127 21 7956 7
7f127ecdb000 47 20 8024 7
7f127ecda000 45 18 8087 7
7f127ec6f000 85 64 8237 7
7f127ec6e000 88 44 8369 7
7f127ed2f000 103 39 8512 7
7f127ec6d000 62 34 8609 7
7f127ec6c000 84 36 8729 7
7f127ec64000 156 44 8929 7
7f127ec6b000 98 28 9055 7
7f127ec6a000 69 40 9165 7
7f127ec65000 62 47 9274 7
7f127ec31000 57 27 9359 7
7f127ecff000 93 37 9489 7
7f127ecfe000 111 33 9633 7
7f127ecfd000 69 67 9769 7
7f127ecfb000 76 26 9872 7
7f127ecd9000 55 21 9949 7
7f127ecd8000 49 23 10022 7
7f127ecd7000 35 19 10077 7
7f127ecd6000 47 23 10148 7
7f127ecd5000 39 21 10209 7
7f127ecd4000 45 22 10276 7
7f127ed0e000 55 23 10355 7
7f127ecf0000 68 85 10508 7
7f127ec5d000 62 31 10602 7
7f127ec5c000 49 36 10687 7
7f127ec63000 84 44 10816 7
7f127ecd2000 55 45 10916 7
7f127ec56000 31 29 10976 7
7f127ec62000 113 42 11131 7
7f127ec46000 75 29 11236 7
7f127ec5b000 48 26 11311 7
7f127ed0c000 69 49 11429 7
7f127ed0b000 45 27 11502 7
7f127ed0a000 40 25 11567 7
7f127ed09000 49 21 11637 7
7f127ed14000 46 29 11712 7
7f127ed13000 58 36 11807 7
7f127ed12000 50 31 11888 7
7f127ed11000 65 31 11985 7
7f127ed10000 89 31 12106 7
7f127ed0f000 58 28 12192 8
12201 8
25 44 20 39 2 4 19 35 
0x56e000
56e000 69 26 95 0
462000 20 17 133 0
5a4000 1078 205 1416 0
59f000 1078 199 2693 0
5a0000 1080 206 3980 0
4fa000 94 39 4114 4
499000 75 43 4233 4
498000 75 43 4352 4
497000 65 35 4453 4
496000 51 30 4535 4
5a3000 1083 196 5815 4
4e5000 76 37 5929 4
4e4000 54 26 6010 4
55a000 94 42 6147 4
7f127f3c8000 115 38 6301 4
7f127f3b2000 54 26 6382 5
7f127f19a000 23 17 6423 5
7f127f3b1000 39 20 6483 5
7f127f3b0000 39 23 6545 5
7f127f3af000 64 22 6631 5
7f127f1d7000 61 24 6716 5
7f127f1d6000 59 32 6807 5
7f127ece8000 61 50 6919 6
7f127ece4000 80 63 7063 6
7f127ece3000 57 73 7193 6
7f127ecde000 54 53 7301 6
7f127ecdd000 78 81 7461 7
7f127ecdc000 62 54 7577 7
7f127ebf2000 126 22 7726 7
7f127ecdb000 47 20 7793 7
7f127ecda000 45 18 7856 7
7f127ec6f000 85 63 8005 7
7f127ec6e000 89 44 8138 7
7f127ed2f000 103 40 8281 7
7f127ec6d000 63 34 8378 7
7f127ec6c000 84 36 8498 7
7f127ec64000 156 44 8698 7
7f127ec6b000 97 29 8824 7
7f127ec6a000 70 40 8934 7
7f127ec65000 62 48 9044 7
7f127ec31000 57 27 9128 7
7f127ecff000 93 36 9257 7
7f127ecfe000 111 33 9402 7
7f127ecfd000 70 67 9539 7
7f127ecfb000 77 26 9642 7
7f127ecd9000 55 22 9719 7
7f127ecd8000 49 23 9792 7
7f127ecd7000 36 19 9848 7
7f127ecd6000 47 23 9919 7
7f127ecd5000 40 20 9980 7
7f127ecd4000 44 23 10048 7
7f127ed0e000 55 23 10127 7
7f127ecf0000 68 85 10281 7
7f127ec5d000 62 31 10375 7
7f127ec5c000 49 37 10461 7
7f127ec63000 85 44 10590 7
7f127ecd2000 55 45 10691 7
7f127ec56000 31 29 10751 7
7f127ec62000 114 42 10907 7
7f127ec46000 76 29 11013 7
7f127ec5b000 49 26 11088 7
7f127ed0c000 70 50 11208 7
7f127ed0b000 46 29 11283 7
7f127ed0a000 40 25 11349 7
7f127ed09000 50 21 11420 7
7f127ed14000 47 31 11498 7
7f127ed13000 60 35 11594 7
7f127ed12000 50 32 11677 7
7f127ed11000 68 32 11777 7
7f127ed10000 90 33 11901 7
7f127ed0f000 58 28 11988 8
11996 8
25 43 20 39 2 4 16 35 
