0x402000
402000 45 29 75 7
7fa1d78cb000 71 30 177 11
401000 34 7 219 11
7fa1d7c81000 61 32 313 12
403000 44 5 364 12
7fa1d78b5000 81 9 455 12
7fa1d793f000 54 16 526 12
7fa1d793e000 79 24 629 13
7fa1d793d000 63 9 702 13
7fa1d7853000 125 4 832 13
7fa1d793c000 47 4 884 13
7fa1d793b000 44 3 931 13
7fa1d78d0000 85 11 1028 13
7fa1d78cf000 89 8 1125 13
7fa1d7990000 101 7 1233 13
7fa1d78ce000 62 5 1301 13
7fa1d78cd000 83 7 1392 13
7fa1d78c5000 153 8 1553 13
7fa1d78cc000 95 6 1655 13
7fa1d78c6000 62 8 1725 13
7fa1d7892000 56 5 1787 13
7fa1d7960000 92 6 1885 13
7fa1d795f000 109 6 2001 13
7fa1d795e000 68 12 2082 13
7fa1d795c000 75 5 2163 13
7fa1d793a000 53 4 2221 13
7fa1d7939000 50 4 2276 13
7fa1d7938000 36 3 2316 13
7fa1d7937000 47 4 2368 13
7fa1d7936000 40 3 2412 13
7fa1d7935000 44 4 2461 13
7fa1d796f000 54 4 2520 13
7fa1d7951000 69 16 2605 13
7fa1d78be000 61 5 2672 13
7fa1d7949000 62 10 2745 13
7fa1d7945000 82 11 2838 13
7fa1d7944000 57 14 2910 13
7fa1d7947000 96 7 3014 13
7fa1d7946000 62 10 3087 13
7fa1d7948000 50 7 3145 13
7fa1d78bf000 80 8 3233 13
7fa1d78c2000 106 8 3347 13
7fa1d7893000 32 5 3385 13
7fa1d78bc000 49 6 3441 13
7fa1d7914000 50 5 3496 13
7fa1d7913000 57 9 3562 13
7fa1d7975000 46 5 3614 13
7fa1d7974000 60 6 3680 13
7fa1d7973000 51 6 3737 13
7fa1d7972000 64 6 3807 14
3811 14
0x401000
401000 34 24 58 8
58 8
0x403000
403000 44 26 70 5
7fa1d78b5000 83 29 183 10
7fa1d793f000 55 28 267 10
7fa1d793e000 78 42 387 12
7fa1d793d000 62 16 466 12
7fa1d7853000 124 6 597 12
7fa1d793c000 47 5 649 12
7fa1d793b000 44 6 700 12
7fa1d78d0000 85 19 805 13
7fa1d78cf000 90 8 903 13
7fa1d7990000 103 7 1013 13
7fa1d78ce000 62 6 1081 13
7fa1d78cd000 83 6 1170 13
7fa1d78c5000 151 9 1331 13
7fa1d78cc000 95 5 1431 13
7fa1d78cb000 70 7 1509 13
7fa1d78c6000 62 8 1580 13
7fa1d7892000 57 5 1642 13
7fa1d7960000 92 7 1741 13
7fa1d795f000 109 7 1857 13
7fa1d795e000 70 12 1939 13
7fa1d795c000 78 4 2022 13
7fa1d793a000 54 4 2081 13
7fa1d7939000 49 4 2135 13
7fa1d7938000 36 3 2175 13
7fa1d7937000 46 4 2226 13
7fa1d7936000 39 4 2270 13
7fa1d7935000 44 4 2318 13
7fa1d796f000 54 5 2378 13
7fa1d7951000 70 16 2464 13
7fa1d78be000 62 6 2532 13
7fa1d7949000 61 9 2602 13
7fa1d7945000 80 11 2693 13
7fa1d7944000 56 14 2764 13
7fa1d7947000 95 7 2866 13
7fa1d7946000 61 11 2939 13
7fa1d7948000 50 7 2996 13
7fa1d78bf000 81 8 3086 13
7fa1d78c2000 105 8 3199 13
7fa1d7893000 32 4 3236 13
7fa1d78bc000 48 5 3290 13
7fa1d7914000 50 4 3344 13
7fa1d7913000 57 9 3411 13
7fa1d7975000 45 6 3463 13
7fa1d7974000 58 6 3527 13
7fa1d7973000 54 5 3587 13
7fa1d7972000 64 6 3658 14
3661 14
