0x405000
405000 51 40 92 9
404000 17 6 117 9
420000 238 20 375 9
7fe680bc6000 115 15 507 11
7fe680bc5000 71 24 603 12
7fe680bc3000 79 5 688 12
410000 57 3 749 13
40f000 57 4 812 13
40e000 159 9 981 14
985 14
0x404000
404000 17 19 36 3
36 3
0x420000
420000 239 56 295 7
405000 46 22 365 9
404000 17 6 389 9
7fe680b4f000 86 40 516 11
7fe680b49000 58 8 583 12
7fe680b48000 50 2 636 12
7fe680b47000 46 2 686 12
7fe680bc6000 114 6 807 14
809 14
0x410000
410000 56 28 84 6
40f000 57 24 166 8
40e000 152 49 368 10
40d000 65 9 443 10
40c000 70 14 528 11
40b000 57 7 594 11
7fe680b53000 64 34 694 12
7fe680b52000 103 15 813 12
404000 17 3 834 12
405000 46 7 888 13
420000 238 4 1131 13
7fe680bc6000 114 2 1248 14
1253 14
0x40f000
40f000 57 36 93 6
40e000 152 64 311 10
40d000 64 10 387 10
40c000 70 15 473 11
40b000 58 7 539 11
7fe680b53000 64 35 639 12
7fe680b52000 104 14 758 12
404000 17 3 779 12
405000 47 7 834 13
420000 238 4 1077 13
7fe680bc6000 115 2 1195 14
1199 14
0x40e000
40e000 154 101 255 8
40d000 65 14 335 8
40c000 71 22 429 11
40b000 58 7 495 11
7fe680b53000 64 34 595 12
7fe680b52000 104 15 715 12
404000 17 4 736 12
405000 47 7 790 13
420000 238 4 1033 13
7fe680bc6000 114 3 1151 14
1154 14
0x40d000
40d000 64 28 92 3
40c000 70 38 201 8
40b000 58 12 272 8
7fe680b53000 64 64 401 9
7fe680b52000 104 32 538 9
404000 17 7 563 9
405000 47 16 627 13
420000 237 4 869 13
7fe680bc6000 114 2 986 14
989 14
0x40c000
40c000 70 45 115 8
40b000 57 13 186 8
7fe680b53000 64 64 315 9
7fe680b52000 104 32 452 9
404000 17 7 477 9
405000 47 16 541 13
420000 238 3 783 13
7fe680bc6000 115 2 901 14
903 14
0x40b000
40b000 57 26 84 3
7fe680b53000 64 116 265 7
7fe680b52000 105 46 416 7
404000 17 11 445 9
405000 47 16 508 13
420000 239 3 751 13
7fe680bc6000 115 2 869 14
871 14
0x40a000
40a000 46 34 80 6
7fe680b54000 67 56 204 10
7fe680b53000 64 43 312 10
7fe680b52000 103 26 442 10
404000 17 6 466 10
409000 67 18 551 10
408000 85 18 655 11
407000 52 8 716 11
420000 238 16 971 13
405000 47 5 1024 14
1029 14
0x409000
409000 68 55 123 6
408000 85 35 244 7
407000 53 17 315 7
420000 242 32 590 9
405000 47 17 655 10
404000 17 6 679 10
7fe680b4f000 86 33 798 12
7fe680b49000 58 7 864 13
7fe680b48000 52 2 918 13
7fe680b47000 48 2 969 13
7fe680bc6000 117 3 1090 14
1094 14
0x408000
408000 85 56 142 6
407000 53 19 215 6
420000 240 36 492 8
405000 48 20 561 10
404000 17 5 584 10
7fe680b4f000 86 34 705 12
7fe680b49000 58 7 770 13
7fe680b48000 51 2 824 13
7fe680b47000 46 2 873 13
7fe680bc6000 114 4 992 14
995 14
0x407000
407000 53 28 81 3
420000 239 48 369 7
405000 47 22 439 9
404000 17 6 463 9
7fe680b4f000 87 40 590 11
7fe680b49000 58 9 657 12
7fe680b48000 52 2 711 12
7fe680b47000 47 2 760 12
7fe680bc6000 113 6 880 14
882 14
0x406000
406000 64 63 127 8
405000 46 19 193 11
404000 17 3 214 11
420000 236 12 463 11
7fe680bc6000 113 9 586 13
7fe680bc5000 69 10 666 13
7fe680bc3000 78 4 748 13
410000 56 2 806 13
40f000 57 3 867 13
40e000 153 9 1030 14
1034 14
0x41f000
41f000 65 46 112 10
7fe680ff1000 45 8 166 12
405000 46 7 220 13
404000 17 2 240 13
420000 236 6 482 13
7fe680bc6000 113 4 600 13
7fe680bc5000 69 10 680 13
7fe680bc3000 78 4 762 13
410000 56 2 820 13
40f000 57 3 881 13
40e000 152 10 1044 14
1048 14
0x41c000
41c000 45 34 79 6
41a000 48 23 151 8
405000 46 20 218 10
404000 17 5 241 10
420000 236 17 494 10
7fe680bc6000 114 13 622 12
7fe680bc5000 70 18 711 13
7fe680bc3000 78 3 792 13
410000 55 3 851 13
40f000 57 3 912 13
40e000 152 9 1074 14
1079 14
0x41a000
41a000 48 34 82 5
405000 47 27 157 9
404000 17 6 181 9
420000 236 20 437 9
7fe680bc6000 114 16 568 11
7fe680bc5000 70 24 662 12
7fe680bc3000 78 5 745 12
410000 55 4 805 13
40f000 57 3 866 13
40e000 152 9 1028 14
1032 14
0x419000
419000 59 35 94 3
405000 46 35 176 9
404000 17 5 199 9
420000 237 19 456 9
7fe680bc6000 114 15 586 11
7fe680bc5000 69 24 680 12
7fe680bc3000 78 5 764 12
410000 56 3 823 13
40f000 57 3 884 13
40e000 152 10 1047 14
1050 14
0x417000
417000 58 42 101 5
420000 237 39 378 7
405000 46 22 447 9
404000 17 6 471 9
7fe680b4f000 86 39 596 11
7fe680b49000 58 8 663 12
7fe680b48000 51 1 716 12
7fe680b47000 47 2 766 12
7fe680bc6000 113 6 886 14
887 14
0x416000
416000 46 28 74 4
415000 47 29 151 7
412000 52 22 225 10
7fe680b7d000 43 10 279 11
404000 17 5 301 11
405000 47 10 358 12
420000 236 8 603 12
7fe680bc6000 114 5 723 14
725 14
0x415000
415000 48 36 84 6
84 6
0x412000
412000 52 40 93 10
7fe680b7d000 42 10 147 11
404000 16 5 169 11
169 11
0x414000
414000 58 38 97 8
413000 62 22 181 8
410000 56 13 251 9
40f000 57 14 323 9
40e000 154 40 518 11
40d000 64 7 590 11
40c000 71 11 673 12
40b000 58 4 736 12
7fe680b53000 64 24 825 12
7fe680b52000 104 14 944 12
404000 17 3 965 12
405000 47 7 1020 13
420000 239 3 1263 13
7fe680bc6000 115 2 1381 14
1385 14
0x413000
413000 61 49 111 4
410000 56 22 190 7
40f000 57 21 269 9
40e000 153 40 463 11
40d000 64 7 535 11
40c000 70 11 617 12
40b000 58 4 680 12
7fe680b53000 65 23 769 12
7fe680b52000 104 14 888 12
404000 17 3 909 12
405000 47 7 964 13
420000 238 4 1207 13
7fe680bc6000 114 2 1324 14
1328 14
0x418000
418000 72 42 114 5
417000 59 29 203 5
420000 238 39 481 7
405000 47 22 551 9
404000 17 5 574 9
7fe680b4f000 87 39 701 11
7fe680b49000 58 8 768 12
7fe680b48000 51 2 822 12
7fe680b47000 47 2 872 12
7fe680bc6000 114 6 993 14
995 14
0x41b000
41b000 37 27 64 3
405000 47 35 147 9
404000 17 6 171 9
420000 239 20 430 9
7fe680bc6000 114 16 561 11
7fe680bc5000 71 24 656 12
7fe680bc3000 78 6 740 12
410000 56 4 800 13
40f000 57 3 861 13
40e000 153 9 1024 14
1028 14
0x41d000
41d000 60 25 86 5
41c000 46 24 157 6
41a000 48 23 229 8
405000 47 19 296 10
404000 17 6 320 10
420000 238 17 575 10
7fe680bc6000 114 13 703 12
7fe680bc5000 70 17 791 13
7fe680bc3000 78 5 875 13
410000 56 2 933 13
40f000 57 3 994 13
40e000 153 9 1157 14
1162 14
0x41e000
41e000 90 37 128 10
41d000 59 8 196 11
41c000 45 8 250 12
41a000 47 6 304 12
405000 47 6 358 13
404000 17 0 376 13
420000 236 4 617 13
7fe680bc6000 114 2 734 14
739 14
