0x408000
408000 40 29 69 4
407000 18 14 102 6
7f96a24e3000 52 39 194 9
7f96a2426000 122 12 329 9
7f96a24e2000 53 19 401 10
7f96a24e1000 69 16 486 12
7f96a24e0000 28 3 518 12
7f96a24df000 36 5 560 12
7f96a24de000 26 3 590 12
7f96a24dc000 45 4 640 12
7f96a24db000 40 4 685 12
7f96a24d8000 54 6 746 12
7f96a24d5000 54 5 805 12
7f96a2564000 100 10 916 12
7f96a2563000 102 9 1027 12
7f96a2533000 92 8 1127 13
7f96a2532000 109 5 1242 13
7f96a2531000 69 9 1320 13
7f96a252f000 75 3 1399 13
7f96a2437000 76 4 1480 14
1481 14
0x407000
407000 18 18 37 3
37 3
0x424000
424000 51 35 87 8
7f96a2486000 75 24 187 12
7f96a2493000 87 9 283 12
7f96a2492000 78 13 375 12
7f96a2517000 57 22 454 12
7f96a2512000 54 16 525 12
7f96a2511000 78 24 627 12
7f96a2510000 61 16 705 12
7f96a2426000 124 6 836 12
7f96a250f000 46 6 889 12
7f96a250e000 45 5 939 12
7f96a24a3000 84 18 1042 13
7f96a24a2000 86 8 1137 13
7f96a2563000 101 7 1246 13
7f96a24a1000 61 6 1314 13
7f96a24a0000 83 6 1404 13
7f96a2498000 152 9 1565 13
7f96a249f000 95 5 1665 13
7f96a249e000 69 7 1741 13
7f96a2499000 62 8 1811 13
7f96a2465000 56 5 1872 13
7f96a2533000 90 7 1970 13
7f96a2532000 109 6 2085 13
7f96a2531000 68 12 2166 13
7f96a252f000 75 5 2246 13
7f96a250d000 53 4 2304 13
7f96a250c000 49 4 2358 13
7f96a250b000 35 3 2397 13
7f96a250a000 46 4 2448 13
7f96a2509000 39 4 2492 13
7f96a2508000 44 4 2540 13
7f96a2542000 54 4 2598 13
7f96a2524000 68 16 2682 13
7f96a2491000 61 5 2749 13
7f96a251c000 61 9 2819 13
7f96a2518000 79 11 2909 13
7f96a251b000 48 7 2965 13
7f96a2495000 103 8 3077 13
7f96a251a000 93 8 3179 13
7f96a2519000 61 11 3251 13
7f96a2466000 32 5 3288 13
7f96a248f000 48 4 3340 13
7f96a24e7000 48 5 3394 13
7f96a24e6000 56 9 3460 13
7f96a2548000 45 5 3511 13
7f96a2547000 58 7 3576 13
7f96a2546000 49 5 3630 13
7f96a2545000 63 6 3700 14
3703 14
0x42d000
42d000 429 88 517 4
518 4
0x409000
409000 46 24 71 4
7f96a2ec7000 62 93 227 8
408000 36 14 278 8
407000 18 9 306 8
7f96a24e3000 53 31 390 10
7f96a2426000 124 9 523 10
7f96a24e2000 54 14 591 11
7f96a24e1000 69 12 673 12
7f96a24e0000 28 3 705 12
7f96a24df000 36 4 746 12
7f96a24de000 27 3 777 12
7f96a24dc000 45 4 827 12
7f96a24db000 40 5 872 12
7f96a24d8000 53 6 932 12
7f96a24d5000 53 6 992 12
7f96a2564000 100 10 1102 12
7f96a2563000 101 9 1213 12
7f96a2533000 91 9 1314 13
7f96a2532000 110 4 1428 13
7f96a2531000 68 10 1507 13
7f96a252f000 76 3 1586 13
7f96a2437000 76 4 1666 14
1669 14
0x425000
425000 56 26 82 5
82 5
0x42a000
42a000 48 27 76 5
76 5
0x417000
417000 39 29 68 5
407000 18 12 99 7
416000 48 18 166 7
42d000 431 49 647 7
408000 36 16 700 7
7f96a24e3000 53 34 787 10
7f96a2426000 124 9 921 10
7f96a24e2000 53 15 990 11
7f96a24e1000 70 12 1072 12
7f96a24e0000 28 4 1104 12
7f96a24df000 36 5 1145 12
7f96a24de000 26 3 1175 12
7f96a24dc000 45 4 1225 12
7f96a24db000 40 4 1270 12
7f96a24d8000 53 6 1330 12
7f96a24d5000 53 6 1390 12
7f96a2564000 100 11 1501 12
7f96a2563000 101 9 1611 12
7f96a2533000 91 9 1712 13
7f96a2532000 109 5 1826 13
7f96a2531000 69 9 1904 13
7f96a252f000 75 3 1983 13
7f96a2437000 75 5 2064 14
2068 14
0x416000
416000 48 34 82 5
407000 19 12 114 7
42d000 430 49 594 7
408000 37 15 647 7
7f96a24e3000 52 34 734 10
7f96a2426000 124 9 868 10
7f96a24e2000 53 14 936 11
7f96a24e1000 70 12 1019 12
7f96a24e0000 28 4 1051 12
7f96a24df000 35 5 1092 12
7f96a24de000 26 4 1123 12
7f96a24dc000 45 4 1172 12
7f96a24db000 40 4 1217 12
7f96a24d8000 54 6 1278 12
7f96a24d5000 53 6 1338 12
7f96a2564000 101 10 1449 12
7f96a2563000 102 9 1561 12
7f96a2533000 92 9 1662 13
7f96a2532000 110 5 1777 13
7f96a2531000 69 10 1856 13
7f96a252f000 76 3 1935 13
7f96a2437000 76 5 2017 14
2019 14
0x42b000
42b000 54 32 87 6
7f96a2503000 59 21 168 8
408000 37 14 219 8
407000 18 9 247 8
7f96a24e3000 53 31 332 10
7f96a2426000 125 9 466 10
7f96a24e2000 53 15 535 11
7f96a24e1000 70 12 617 12
7f96a24e0000 28 4 650 12
7f96a24df000 37 4 691 12
7f96a24de000 26 4 722 12
7f96a24dc000 45 4 772 12
7f96a24db000 40 4 817 12
7f96a24d8000 54 6 878 12
7f96a24d5000 53 6 938 12
7f96a2564000 100 11 1050 12
7f96a2563000 102 9 1161 12
7f96a2533000 93 8 1262 13
7f96a2532000 110 5 1377 13
7f96a2531000 69 10 1456 13
7f96a252f000 76 4 1536 13
7f96a2437000 76 4 1616 14
1619 14
0x40c000
40c000 59 37 97 6
42d000 436 58 592 8
40b000 45 19 657 8
40a000 31 14 703 8
42a000 48 14 765 8
7f96a2486000 75 24 864 12
7f96a2493000 87 9 961 12
7f96a2492000 78 13 1053 12
7f96a2517000 57 23 1133 12
7f96a2512000 55 16 1204 12
7f96a2511000 78 24 1306 12
7f96a2510000 62 16 1385 12
7f96a2426000 125 7 1517 12
7f96a250f000 47 5 1569 12
7f96a250e000 44 5 1619 12
7f96a24a3000 85 18 1723 13
7f96a24a2000 87 8 1819 13
7f96a2563000 102 7 1929 13
7f96a24a1000 62 6 1997 13
7f96a24a0000 83 7 2087 13
7f96a2498000 154 8 2249 13
7f96a249f000 95 6 2351 13
7f96a249e000 69 7 2427 13
7f96a2499000 61 9 2498 13
7f96a2465000 57 5 2560 13
7f96a2533000 92 7 2659 13
7f96a2532000 110 6 2775 13
7f96a2531000 69 12 2857 13
7f96a252f000 76 5 2938 13
7f96a250d000 54 4 2996 13
7f96a250c000 49 4 3050 13
7f96a250b000 36 3 3090 13
7f96a250a000 47 4 3142 13
7f96a2509000 40 4 3186 13
7f96a2508000 44 4 3234 13
7f96a2542000 54 5 3294 13
7f96a2524000 69 16 3379 13
7f96a2491000 62 6 3447 13
7f96a251c000 61 9 3517 13
7f96a2518000 80 11 3609 13
7f96a251b000 50 6 3665 13
7f96a2495000 105 8 3779 13
7f96a251a000 95 8 3882 13
7f96a2519000 62 11 3955 13
7f96a2466000 32 5 3992 13
7f96a248f000 48 4 4045 13
7f96a24e7000 49 5 4100 13
7f96a24e6000 58 9 4167 13
7f96a2548000 46 5 4218 13
7f96a2547000 59 6 4283 13
7f96a2546000 49 6 4339 13
7f96a2545000 65 6 4410 14
4415 14
0x40b000
40b000 45 38 84 4
42d000 434 71 590 6
40a000 32 17 640 7
42a000 48 15 704 8
7f96a2486000 75 24 804 12
7f96a2493000 87 10 901 12
7f96a2492000 79 13 993 12
7f96a2517000 57 22 1072 12
7f96a2512000 54 16 1143 12
7f96a2511000 77 24 1244 12
7f96a2510000 61 16 1322 12
7f96a2426000 122 7 1452 12
7f96a250f000 46 6 1504 12
7f96a250e000 44 5 1553 12
7f96a24a3000 84 18 1656 13
7f96a24a2000 86 8 1751 13
7f96a2563000 101 7 1859 13
7f96a24a1000 62 6 1927 13
7f96a24a0000 87 6 2020 13
7f96a2498000 154 8 2182 13
7f96a249f000 95 5 2283 13
7f96a249e000 69 7 2360 13
7f96a2499000 62 8 2430 13
7f96a2465000 57 5 2492 13
7f96a2533000 92 6 2590 13
7f96a2532000 109 6 2706 13
7f96a2531000 69 12 2787 13
7f96a252f000 75 5 2868 13
7f96a250d000 54 3 2926 13
7f96a250c000 50 4 2981 13
7f96a250b000 35 3 3020 13
7f96a250a000 47 4 3072 13
7f96a2509000 40 3 3115 13
7f96a2508000 44 4 3164 13
7f96a2542000 53 4 3222 13
7f96a2524000 68 16 3307 13
7f96a2491000 61 6 3375 13
7f96a251c000 61 9 3445 13
7f96a2518000 80 12 3537 13
7f96a251b000 49 7 3593 13
7f96a2495000 105 8 3706 13
7f96a251a000 95 8 3809 13
7f96a2519000 61 11 3882 13
7f96a2466000 32 5 3919 13
7f96a248f000 47 5 3972 13
7f96a24e7000 49 5 4026 13
7f96a24e6000 57 9 4093 13
7f96a2548000 45 5 4144 13
7f96a2547000 59 6 4209 13
7f96a2546000 49 5 4264 13
7f96a2545000 64 6 4335 14
4339 14
0x40a000
40a000 32 27 59 4
42d000 431 72 563 6
42a000 47 18 629 8
7f96a2486000 74 24 728 12
7f96a2493000 86 10 825 12
7f96a2492000 78 13 916 12
7f96a2517000 57 22 996 12
7f96a2512000 55 15 1066 12
7f96a2511000 78 24 1169 12
7f96a2510000 62 16 1247 12
7f96a2426000 124 7 1378 12
7f96a250f000 47 5 1430 12
7f96a250e000 44 5 1480 12
7f96a24a3000 84 19 1584 13
7f96a24a2000 87 8 1679 13
7f96a2563000 102 7 1788 13
7f96a24a1000 62 6 1856 13
7f96a24a0000 83 6 1945 13
7f96a2498000 153 8 2107 13
7f96a249f000 95 5 2208 13
7f96a249e000 69 7 2284 13
7f96a2499000 61 9 2355 13
7f96a2465000 56 5 2416 13
7f96a2533000 91 7 2515 13
7f96a2532000 110 6 2631 13
7f96a2531000 69 12 2712 13
7f96a252f000 75 5 2793 13
7f96a250d000 54 3 2851 13
7f96a250c000 50 4 2906 13
7f96a250b000 35 3 2945 13
7f96a250a000 46 4 2996 13
7f96a2509000 39 4 3040 13
7f96a2508000 43 4 3088 13
7f96a2542000 54 4 3147 13
7f96a2524000 69 15 3231 13
7f96a2491000 61 5 3298 13
7f96a251c000 60 9 3368 13
7f96a2518000 79 11 3459 13
7f96a251b000 49 6 3515 13
7f96a2495000 104 8 3628 13
7f96a251a000 94 8 3730 13
7f96a2519000 61 11 3802 13
7f96a2466000 32 5 3839 13
7f96a248f000 47 5 3892 13
7f96a24e7000 49 5 3946 13
7f96a24e6000 57 9 4012 13
7f96a2548000 44 6 4063 13
7f96a2547000 58 6 4127 13
7f96a2546000 48 6 4182 13
7f96a2545000 64 6 4252 14
4255 14
0x420000
420000 34 35 69 5
408000 36 20 126 5
407000 19 12 158 7
7f96a24e3000 53 34 245 10
7f96a2426000 123 10 378 10
7f96a24e2000 53 15 446 11
7f96a24e1000 70 12 528 12
7f96a24e0000 28 3 559 12
7f96a24df000 36 4 600 12
7f96a24de000 27 3 631 12
7f96a24dc000 45 3 680 12
7f96a24db000 40 4 725 12
7f96a24d8000 53 6 785 12
7f96a24d5000 53 5 844 12
7f96a2564000 99 10 954 12
7f96a2563000 100 9 1064 12
7f96a2533000 91 8 1164 13
7f96a2532000 109 4 1278 13
7f96a2531000 69 9 1356 13
7f96a252f000 75 3 1435 13
7f96a2437000 76 4 1515 14
1517 14
0x41f000
41f000 45 30 76 5
41e000 34 18 129 5
41d000 51 24 205 6
41c000 40 19 265 6
7f96a24b5000 57 25 347 7
7f96a24b4000 50 11 409 7
7f96a24b3000 45 12 467 7
407000 18 10 496 8
7f96a249e000 69 26 591 12
408000 36 6 633 12
7f96a24e3000 53 12 699 12
7f96a2426000 123 6 829 12
7f96a24e2000 53 9 891 13
7f96a24e1000 70 4 965 13
7f96a24e0000 28 2 996 13
7f96a24df000 36 2 1034 13
7f96a24de000 26 2 1063 13
7f96a24dc000 45 1 1110 13
7f96a24db000 40 2 1153 13
7f96a24d8000 53 3 1210 13
7f96a24d5000 53 2 1266 13
7f96a2564000 99 6 1372 13
7f96a2563000 101 5 1478 13
7f96a2533000 91 4 1573 14
1580 14
0x41e000
41e000 34 26 60 4
41d000 51 27 139 6
41c000 40 19 198 6
7f96a24b5000 57 25 280 7
7f96a24b4000 50 11 342 7
7f96a24b3000 45 12 400 7
407000 18 10 429 8
7f96a249e000 68 26 524 12
408000 36 7 567 12
7f96a24e3000 53 12 632 12
7f96a2426000 123 6 762 12
7f96a24e2000 53 9 824 13
7f96a24e1000 70 4 898 13
7f96a24e0000 28 1 928 13
7f96a24df000 36 2 967 13
7f96a24de000 26 2 996 13
7f96a24dc000 44 2 1043 13
7f96a24db000 40 2 1086 13
7f96a24d8000 53 3 1143 13
7f96a24d5000 53 3 1199 13
7f96a2564000 100 5 1304 13
7f96a2563000 101 5 1410 13
7f96a2533000 91 4 1505 14
1511 14
0x41d000
41d000 51 34 85 6
41c000 40 18 144 6
7f96a24b5000 57 25 227 7
7f96a24b4000 50 12 289 7
7f96a24b3000 46 11 346 7
407000 18 10 375 8
7f96a249e000 68 26 470 12
408000 36 6 513 12
7f96a24e3000 52 13 579 12
7f96a2426000 123 6 708 12
7f96a24e2000 53 9 770 13
7f96a24e1000 70 4 844 13
7f96a24e0000 28 1 874 13
7f96a24df000 36 2 913 13
7f96a24de000 26 2 942 13
7f96a24dc000 45 1 989 13
7f96a24db000 40 2 1032 13
7f96a24d8000 53 3 1089 13
7f96a24d5000 53 3 1146 13
7f96a2564000 100 5 1251 13
7f96a2563000 101 5 1357 13
7f96a2533000 91 4 1452 14
1456 14
0x41c000
41c000 40 28 68 2
7f96a24b5000 57 36 162 5
7f96a24b4000 50 14 227 5
7f96a24b3000 46 14 287 5
407000 18 12 318 6
7f96a249e000 68 34 421 12
408000 36 6 463 12
7f96a24e3000 53 12 529 12
7f96a2426000 123 6 659 12
7f96a24e2000 53 8 721 13
7f96a24e1000 70 4 796 13
7f96a24e0000 29 1 826 13
7f96a24df000 36 2 865 13
7f96a24de000 26 2 894 13
7f96a24dc000 45 2 941 13
7f96a24db000 40 2 984 13
7f96a24d8000 53 3 1041 13
7f96a24d5000 53 3 1098 13
7f96a2564000 100 5 1203 13
7f96a2563000 101 5 1309 13
7f96a2533000 91 4 1404 14
1407 14
0x429000
429000 37 23 60 3
7f96a24b5000 57 33 151 6
7f96a24b4000 50 13 214 6
7f96a24b3000 46 12 272 7
407000 18 10 301 8
428000 41 13 356 8
408000 36 14 406 8
7f96a24e3000 52 30 489 11
7f96a2426000 124 8 621 11
7f96a24e2000 53 12 686 12
7f96a24e1000 69 9 765 12
7f96a24e0000 28 3 797 12
7f96a24df000 36 4 838 12
7f96a24de000 26 4 869 12
7f96a24dc000 45 4 918 12
7f96a24db000 40 4 963 12
7f96a24d8000 54 6 1024 12
7f96a24d5000 54 5 1083 12
7f96a2564000 100 10 1194 12
7f96a2563000 101 9 1305 12
7f96a2533000 92 9 1406 13
7f96a2532000 110 4 1520 13
7f96a2531000 69 10 1599 13
7f96a252f000 76 3 1678 13
7f96a2437000 76 5 1759 14
1761 14
0x428000
428000 42 27 69 5
69 5
0x412000
412000 37 26 63 5
7f96a24ae000 76 22 162 6
408000 36 19 218 6
407000 19 11 249 8
7f96a24e3000 53 29 332 11
7f96a2426000 123 8 464 11
7f96a24e2000 53 12 529 12
7f96a24e1000 69 9 608 12
7f96a24e0000 29 3 640 12
7f96a24df000 35 5 681 12
7f96a24de000 26 3 711 12
7f96a24dc000 45 4 761 12
7f96a24db000 40 4 805 12
7f96a24d8000 54 6 866 12
7f96a24d5000 53 6 925 12
7f96a2564000 101 10 1036 12
7f96a2563000 102 10 1148 12
7f96a2533000 93 8 1249 13
7f96a2532000 109 4 1363 13
7f96a2531000 69 9 1441 13
7f96a252f000 75 3 1520 13
7f96a2437000 76 4 1600 14
1603 14
0x411000
411000 26 22 48 3
407000 18 16 83 5
7f96a24b5000 57 27 167 7
7f96a24b4000 50 11 228 7
7f96a24b3000 46 10 284 8
7f96a249e000 68 26 379 12
408000 36 6 422 12
7f96a24e3000 52 13 488 12
7f96a2426000 123 6 617 12
7f96a24e2000 53 8 679 13
7f96a24e1000 69 5 754 13
7f96a24e0000 28 2 784 13
7f96a24df000 35 2 822 13
7f96a24de000 26 2 851 13
7f96a24dc000 45 1 898 13
7f96a24db000 40 2 941 13
7f96a24d8000 53 3 998 13
7f96a24d5000 53 3 1054 13
7f96a2564000 99 5 1159 13
7f96a2563000 101 4 1265 13
7f96a2533000 91 4 1361 14
1363 14
0x427000
427000 48 41 89 5
89 5
0x426000
426000 36 27 63 5
7f96a2524000 69 88 221 8
407000 18 9 249 8
408000 36 14 300 8
7f96a24e3000 52 31 384 10
7f96a2426000 123 10 517 10
7f96a24e2000 53 15 585 11
7f96a24e1000 70 11 666 12
7f96a24e0000 28 3 698 12
7f96a24df000 36 4 739 12
7f96a24de000 26 4 770 12
7f96a24dc000 45 4 819 12
7f96a24db000 40 4 863 12
7f96a24d8000 54 6 924 12
7f96a24d5000 53 6 983 12
7f96a2564000 100 10 1093 12
7f96a2563000 101 9 1203 12
7f96a2533000 90 9 1303 13
7f96a2532000 109 4 1416 13
7f96a2531000 68 10 1495 13
7f96a252f000 75 3 1573 13
7f96a2437000 75 4 1653 14
1656 14
0x41b000
41b000 54 32 86 8
86 8
0x42c000
42c000 50 31 81 6
414000 33 15 130 6
408000 36 15 182 7
407000 19 7 209 8
7f96a24e3000 53 26 289 11
7f96a2426000 123 6 419 11
7f96a24e2000 53 9 481 11
7f96a24e1000 69 12 563 12
7f96a24e0000 28 3 595 12
7f96a24df000 36 4 636 12
7f96a24de000 26 4 667 12
7f96a24dc000 45 4 716 12
7f96a24db000 40 4 761 12
7f96a24d8000 53 6 821 12
7f96a24d5000 53 6 880 12
7f96a2564000 99 10 990 12
7f96a2563000 101 9 1100 12
7f96a2533000 90 9 1200 13
7f96a2532000 109 4 1313 13
7f96a2531000 68 10 1392 13
7f96a252f000 75 3 1470 13
7f96a2437000 75 4 1550 14
1555 14
0x414000
414000 33 28 61 4
408000 36 22 120 5
407000 18 13 152 7
7f96a24e3000 53 33 238 10
7f96a2426000 123 9 371 10
7f96a24e2000 53 14 439 11
7f96a24e1000 69 12 521 12
7f96a24e0000 28 4 553 12
7f96a24df000 36 4 593 12
7f96a24de000 27 3 624 12
7f96a24dc000 45 4 674 12
7f96a24db000 40 4 718 12
7f96a24d8000 54 5 778 12
7f96a24d5000 53 6 838 12
7f96a2564000 99 10 947 12
7f96a2563000 101 9 1058 12
7f96a2533000 91 8 1158 13
7f96a2532000 109 5 1272 13
7f96a2531000 68 10 1350 13
7f96a252f000 76 3 1429 13
7f96a2437000 76 4 1509 14
1512 14
0x413000
413000 42 25 67 4
7f96a2ebe000 58 51 177 9
7f96a2ebd000 55 30 262 11
7f96a2ec7000 62 28 352 11
7f96a2eba000 209 10 571 12
408000 36 4 611 12
407000 19 2 633 12
7f96a24e3000 53 10 696 14
698 14
0x415000
415000 36 25 61 3
61 3
0x410000
410000 35 25 60 3
60 3
0x40d000
40d000 40 31 71 6
42d000 433 58 563 8
7f96a2ebe000 58 31 653 10
7f96a2ebd000 55 26 735 12
7f96a2ec7000 62 21 818 12
7f96a2eba000 210 7 1035 12
408000 37 4 1076 12
407000 18 3 1098 12
7f96a24e3000 53 10 1161 14
1163 14
0x421000
421000 45 31 76 6
42d000 433 55 565 6
7f96a2503000 59 21 646 8
408000 37 14 697 8
407000 18 9 725 8
7f96a24e3000 53 31 810 10
7f96a2426000 124 10 944 10
7f96a24e2000 53 15 1012 11
7f96a24e1000 70 12 1094 12
7f96a24e0000 28 3 1126 12
7f96a24df000 36 5 1168 12
7f96a24de000 27 4 1199 12
7f96a24dc000 45 4 1248 12
7f96a24db000 40 4 1293 12
7f96a24d8000 54 6 1354 12
7f96a24d5000 59 5 1418 12
7f96a2564000 100 10 1529 12
7f96a2563000 101 9 1640 12
7f96a2533000 92 8 1741 13
7f96a2532000 110 5 1856 13
7f96a2531000 69 10 1935 13
7f96a252f000 76 3 2014 13
7f96a2437000 76 5 2095 14
2097 14
0x423000
423000 52 36 89 6
422000 48 15 153 6
42d000 433 57 644 8
7f96a2589000 56 23 724 9
408000 37 11 772 9
407000 19 7 799 9
7f96a24e3000 53 26 879 12
7f96a2426000 124 6 1009 12
7f96a24e2000 53 10 1072 13
7f96a24e1000 70 5 1147 13
7f96a24e0000 28 2 1177 13
7f96a24df000 36 2 1216 13
7f96a24de000 26 2 1245 13
7f96a24dc000 45 2 1293 13
7f96a24db000 40 3 1336 13
7f96a24d8000 53 4 1394 13
7f96a24d5000 53 3 1450 13
7f96a2564000 99 6 1556 13
7f96a2563000 101 5 1662 13
7f96a2533000 91 5 1759 13
7f96a2532000 109 4 1872 13
7f96a2531000 68 10 1951 13
7f96a252f000 75 3 2029 13
7f96a2437000 75 5 2110 14
2114 14
0x422000
422000 48 24 72 3
42d000 430 76 579 5
7f96a2589000 56 34 670 7
408000 36 16 722 8
407000 19 8 749 8
7f96a24e3000 53 30 833 11
7f96a2426000 123 8 964 11
7f96a24e2000 53 12 1030 12
7f96a24e1000 70 8 1108 12
7f96a24e0000 28 3 1140 12
7f96a24df000 36 4 1181 12
7f96a24de000 27 3 1212 12
7f96a24dc000 45 3 1261 12
7f96a24db000 40 4 1306 12
7f96a24d8000 53 6 1366 12
7f96a24d5000 53 5 1425 12
7f96a2564000 99 10 1535 12
7f96a2563000 101 9 1646 12
7f96a2533000 91 9 1746 13
7f96a2532000 109 4 1859 13
7f96a2531000 68 10 1938 13
7f96a252f000 75 4 2017 13
7f96a2437000 75 5 2097 14
2099 14
0x40e000
40e000 30 18 48 1
7f96a24a3000 83 93 225 11
7f96a24a2000 86 16 327 12
7f96a2563000 101 11 439 12
7f96a24a1000 61 10 510 12
7f96a24a0000 82 10 602 12
7f96a2498000 152 13 767 13
7f96a249f000 95 5 867 13
7f96a249e000 68 7 943 13
7f96a2499000 62 8 1013 13
7f96a2426000 123 4 1140 13
7f96a2465000 56 5 1202 13
7f96a2533000 91 6 1299 13
7f96a2532000 109 6 1415 13
7f96a2531000 68 12 1495 13
7f96a252f000 75 5 1576 13
407000 18 3 1597 13
40d000 39 5 1642 13
42d000 429 13 2085 13
7f96a2ebe000 57 9 2152 13
7f96a2ebd000 54 9 2215 14
2217 14
0x40f000
40f000 25 21 47 3
7f96a24a3000 83 80 211 11
7f96a24a2000 86 16 313 12
7f96a2563000 101 11 425 12
7f96a24a1000 61 9 495 12
7f96a24a0000 82 10 588 12
7f96a2498000 152 13 753 13
7f96a249f000 95 5 853 13
7f96a249e000 68 7 929 13
7f96a2499000 61 8 999 13
7f96a2426000 124 4 1127 13
7f96a2465000 56 5 1188 13
7f96a2533000 91 7 1286 13
7f96a2532000 109 6 1401 13
7f96a2531000 68 12 1482 13
7f96a252f000 76 5 1563 13
407000 18 3 1585 13
40e000 31 3 1619 13
40d000 40 5 1664 13
42d000 430 13 2107 13
7f96a2ebe000 58 9 2174 13
7f96a2ebd000 54 9 2237 14
2241 14
0x41a000
41a000 41 34 75 8
42d000 429 42 547 8
408000 36 13 597 8
407000 18 8 624 8
7f96a24e3000 53 29 706 11
7f96a2426000 124 7 837 11
7f96a24e2000 53 11 902 12
7f96a24e1000 69 8 980 13
7f96a24e0000 29 1 1010 13
7f96a24df000 36 2 1049 13
7f96a24de000 26 2 1078 13
7f96a24dc000 45 2 1126 13
7f96a24db000 40 2 1169 13
7f96a24d8000 53 4 1227 13
7f96a24d5000 53 3 1283 13
7f96a2564000 99 6 1389 13
7f96a2563000 101 5 1495 13
7f96a2533000 91 5 1591 13
7f96a2532000 108 5 1705 13
7f96a2531000 68 10 1783 13
7f96a252f000 75 3 1861 13
7f96a2437000 75 4 1941 14
1944 14
0x419000
419000 43 20 63 4
408000 36 24 124 5
407000 19 13 156 7
7f96a24e3000 52 36 245 10
7f96a2426000 123 10 378 10
7f96a24e2000 53 16 448 11
7f96a24e1000 70 13 531 12
7f96a24e0000 29 3 563 12
7f96a24df000 35 5 604 12
7f96a24de000 26 3 634 12
7f96a24dc000 45 4 684 12
7f96a24db000 40 4 728 12
7f96a24d8000 54 6 789 12
7f96a24d5000 53 6 848 12
7f96a2564000 100 10 958 12
7f96a2563000 101 9 1068 12
7f96a2533000 91 9 1168 13
7f96a2532000 109 4 1281 13
7f96a2531000 68 9 1359 13
7f96a252f000 75 3 1438 13
7f96a2437000 76 4 1518 14
1520 14
0x418000
418000 52 24 77 5
7f96a2ec7000 62 86 225 9
408000 36 12 274 9
407000 19 8 302 9
7f96a24e3000 52 27 382 11
7f96a2426000 124 8 514 11
7f96a24e2000 53 12 579 12
7f96a24e1000 69 9 658 12
7f96a24e0000 29 3 690 12
7f96a24df000 35 5 731 12
7f96a24de000 26 3 761 12
7f96a24dc000 45 4 811 12
7f96a24db000 40 4 855 12
7f96a24d8000 54 6 916 12
7f96a24d5000 53 6 975 12
7f96a2564000 100 10 1085 12
7f96a2563000 101 9 1195 12
7f96a2533000 91 8 1295 13
7f96a2532000 109 4 1409 13
7f96a2531000 69 9 1487 13
7f96a252f000 75 3 1566 13
7f96a2437000 76 4 1646 14
1648 14
