0x433000
433000 46 24 71 7
430000 18 10 100 8
7fd2c7ee3000 69 25 195 10
7fd2c801f000 97 22 314 11
7fd2c801e000 99 15 428 11
7fd2c7ee1000 121 8 557 11
7fd2c7fee000 87 13 657 12
7fd2c7fed000 101 9 767 12
7fd2c7fec000 65 19 852 12
7fd2c7fea000 71 7 930 12
7fd2c7fde000 82 29 1041 12
7fd2c7fdc000 45 7 1094 13
7fd2c7ef3000 54 6 1154 14
1155 14
0x430000
430000 17 16 34 3
34 3
0x440000
440000 36 33 69 2
69 2
0x455000
455000 23 30 53 3
453000 36 29 119 5
430000 17 12 149 7
471000 33 11 194 8
470000 32 10 237 8
431000 21 7 266 8
44f000 53 19 339 8
7fd2c7f05000 60 26 426 11
7fd2c7ee1000 116 7 549 11
7fd2c7f04000 56 9 614 11
7fd2c7f03000 46 13 673 12
7fd2c7fee000 85 7 766 13
7fd2c7fed000 103 4 873 13
7fd2c7fec000 65 9 947 13
7fd2c7fea000 70 3 1021 13
7fd2c7fa4000 39 3 1064 13
433000 39 2 1106 13
7fd2c7ee3000 66 5 1178 13
7fd2c801f000 93 6 1277 13
7fd2c801e000 94 5 1376 13
7fd2c7fde000 82 16 1475 13
7fd2c7fdc000 45 3 1523 13
7fd2c7ef3000 55 7 1585 14
1588 14
0x453000
453000 37 33 70 3
70 3
0x471000
471000 34 20 54 4
470000 33 17 105 4
430000 18 13 137 6
431000 21 9 167 6
44f000 53 24 245 7
7fd2c7f05000 59 30 336 11
7fd2c7ee1000 115 7 459 11
7fd2c7f04000 55 9 524 11
7fd2c7f03000 45 14 583 12
7fd2c7fee000 86 7 676 13
7fd2c7fed000 102 4 782 13
7fd2c7fec000 65 9 857 13
7fd2c7fea000 71 3 931 13
7fd2c7fa4000 40 2 974 13
433000 39 2 1016 13
7fd2c7ee3000 66 5 1088 13
7fd2c801f000 94 5 1187 13
7fd2c801e000 95 4 1286 13
7fd2c7fde000 82 15 1384 13
7fd2c7fdc000 46 2 1432 13
7fd2c7ef3000 54 6 1493 14
1496 14
0x470000
470000 32 22 54 1
430000 18 16 89 3
431000 20 13 123 3
44f000 53 34 211 6
7fd2c7f05000 59 34 305 10
7fd2c7ee1000 116 9 430 10
7fd2c7f04000 56 11 497 10
7fd2c7f03000 45 17 560 12
7fd2c7fee000 86 7 653 13
7fd2c7fed000 102 4 759 13
7fd2c7fec000 65 9 833 13
7fd2c7fea000 70 3 907 13
7fd2c7fa4000 39 3 950 13
433000 40 2 992 13
7fd2c7ee3000 66 4 1063 13
7fd2c801f000 93 5 1162 13
7fd2c801e000 94 5 1261 13
7fd2c7fde000 83 15 1359 13
7fd2c7fdc000 45 3 1407 13
7fd2c7ef3000 54 7 1469 14
1471 14
0x431000
431000 21 15 36 1
430000 18 16 71 3
71 3
0x44f000
44f000 53 40 93 4
430000 18 13 125 6
7fd2c7f05000 59 34 219 10
7fd2c7ee1000 115 8 343 10
7fd2c7f04000 56 11 411 10
7fd2c7f03000 45 17 473 12
7fd2c7fee000 84 8 566 13
7fd2c7fed000 102 4 672 13
7fd2c7fec000 65 9 746 13
7fd2c7fea000 71 3 820 13
7fd2c7fa4000 39 3 863 13
433000 39 3 905 13
7fd2c7ee3000 66 4 976 13
7fd2c801f000 92 6 1075 13
7fd2c801e000 94 5 1174 13
7fd2c7fde000 82 15 1271 13
7fd2c7fdc000 44 3 1319 13
7fd2c7ef3000 53 7 1380 14
1381 14
0x465000
465000 35 32 67 6
67 6
0x43c000
43c000 32 30 62 2
430000 17 16 96 4
7fd2c7f7a000 59 96 251 8
7fd2c7f79000 92 36 380 8
43b000 35 19 435 10
43a000 52 12 500 12
471000 33 4 538 12
470000 32 4 575 12
431000 20 3 599 12
44f000 53 7 660 12
7fd2c7f05000 59 10 730 13
7fd2c7ee1000 115 4 849 13
7fd2c7f04000 56 4 909 13
7fd2c7f03000 45 7 962 14
966 14
0x43b000
43b000 36 39 75 4
430000 18 13 107 6
43a000 52 23 182 9
471000 33 9 225 9
470000 32 10 268 9
431000 20 7 296 9
44f000 53 16 366 9
7fd2c7f05000 59 23 450 12
7fd2c7ee1000 115 6 571 12
7fd2c7f04000 56 7 634 12
7fd2c7f03000 45 10 690 13
7fd2c7fee000 85 5 781 13
7fd2c7fed000 102 4 887 13
7fd2c7fec000 65 9 961 13
7fd2c7fea000 71 3 1035 13
7fd2c7fa4000 39 3 1077 13
433000 39 2 1118 13
7fd2c7ee3000 66 5 1190 13
7fd2c801f000 93 5 1288 13
7fd2c801e000 94 5 1388 13
7fd2c7fde000 83 15 1486 13
7fd2c7fdc000 46 2 1534 13
7fd2c7ef3000 54 6 1595 14
1599 14
0x43a000
43a000 52 36 88 7
471000 34 12 135 8
470000 33 11 180 8
430000 18 8 207 9
431000 21 7 235 9
44f000 52 17 305 9
7fd2c7f05000 60 22 388 12
7fd2c7ee1000 115 5 509 12
7fd2c7f04000 55 7 572 12
7fd2c7f03000 45 11 629 13
7fd2c7fee000 86 4 719 13
7fd2c7fed000 101 4 825 13
7fd2c7fec000 66 9 901 13
7fd2c7fea000 71 3 975 13
7fd2c7fa4000 39 3 1018 13
433000 39 2 1059 13
7fd2c7ee3000 66 5 1131 13
7fd2c801f000 94 5 1230 13
7fd2c801e000 94 5 1329 13
7fd2c7fde000 83 14 1426 13
7fd2c7fdc000 45 3 1475 13
7fd2c7ef3000 53 7 1535 14
1538 14
0x43d000
43d000 45 36 81 4
430000 18 13 113 6
7fd2c7ef3000 53 43 210 10
7fd2c7ef2000 71 14 296 11
7fd2c7ef1000 35 8 339 12
7fd2c7ee1000 115 3 458 13
7fd2c7ef0000 50 2 511 13
7fd2c7eef000 79 4 595 13
7fd2c7eee000 32 3 630 13
7fd2c7ee6000 43 3 676 13
7fd2c7ee5000 40 3 719 13
7fd2c7ee4000 59 2 781 13
7fd2c801e000 95 5 881 14
882 14
0x490000
490000 24 21 45 4
430000 17 13 76 6
441000 51 24 152 6
440000 35 21 209 6
472000 41 17 267 6
471000 33 13 314 7
470000 32 12 359 7
431000 21 9 390 7
44f000 53 22 466 7
7fd2c7f05000 59 30 556 11
7fd2c7ee1000 115 6 678 11
7fd2c7f04000 55 9 743 11
7fd2c7f03000 44 14 802 12
7fd2c7fee000 85 7 894 13
7fd2c7fed000 101 4 1000 13
7fd2c7fec000 65 9 1075 13
7fd2c7fea000 70 3 1148 13
7fd2c7fa4000 39 3 1191 13
433000 39 3 1233 13
7fd2c7ee3000 66 4 1303 13
7fd2c801f000 93 5 1402 13
7fd2c801e000 94 5 1502 13
7fd2c7fde000 82 15 1599 13
7fd2c7fdc000 45 2 1647 13
7fd2c7ef3000 54 6 1708 14
1713 14
0x441000
441000 51 39 90 4
440000 35 27 153 4
472000 40 22 215 4
471000 34 16 266 5
470000 32 17 316 5
430000 17 12 346 7
431000 20 9 376 7
44f000 53 21 451 7
7fd2c7f05000 59 30 542 11
7fd2c7ee1000 115 7 664 11
7fd2c7f04000 56 8 728 11
7fd2c7f03000 45 14 788 12
7fd2c7fee000 86 7 881 13
7fd2c7fed000 101 4 986 13
7fd2c7fec000 65 9 1061 13
7fd2c7fea000 70 3 1134 13
7fd2c7fa4000 40 2 1176 13
433000 39 2 1218 13
7fd2c7ee3000 67 4 1290 13
7fd2c801f000 93 5 1389 13
7fd2c801e000 94 5 1488 13
7fd2c7fde000 82 15 1585 13
7fd2c7fdc000 45 2 1633 13
7fd2c7ef3000 54 7 1695 14
1698 14
0x472000
472000 41 28 69 1
471000 33 21 124 4
470000 32 17 174 4
430000 18 13 206 6
431000 21 9 236 6
44f000 53 25 315 7
7fd2c7f05000 59 30 405 11
7fd2c7ee1000 114 7 527 11
7fd2c7f04000 56 8 592 11
7fd2c7f03000 45 13 651 12
7fd2c7fee000 85 7 744 13
7fd2c7fed000 102 4 850 13
7fd2c7fec000 65 9 925 13
7fd2c7fea000 71 2 998 13
7fd2c7fa4000 39 3 1041 13
433000 40 2 1083 13
7fd2c7ee3000 66 4 1154 13
7fd2c801f000 93 6 1254 13
7fd2c801e000 94 5 1353 13
7fd2c7fde000 82 15 1450 13
7fd2c7fdc000 45 3 1499 13
7fd2c7ef3000 54 6 1559 14
1563 14
0x46c000
46c000 33 28 61 2
7fd2c7f7b000 62 77 201 7
7fd2c7f7a000 59 70 331 7
7fd2c7f79000 93 42 467 7
430000 19 9 495 9
46b000 37 13 545 11
450000 31 7 584 11
44f000 53 11 649 11
7fd2c7f05000 59 14 723 12
7fd2c7ee1000 116 5 844 12
7fd2c7f04000 56 7 907 12
7fd2c7f03000 45 11 963 14
966 14
0x46b000
46b000 36 34 70 5
430000 18 12 101 7
450000 31 15 147 7
44f000 53 22 223 7
7fd2c7f05000 59 30 313 10
7fd2c7ee1000 115 9 437 10
7fd2c7f04000 56 10 503 10
7fd2c7f03000 45 18 567 12
7fd2c7fee000 86 7 660 13
7fd2c7fed000 102 4 766 13
7fd2c7fec000 65 9 840 13
7fd2c7fea000 70 3 914 13
7fd2c7fa4000 40 2 956 13
433000 39 2 998 13
7fd2c7ee3000 66 4 1069 13
7fd2c801f000 93 5 1168 13
7fd2c801e000 93 5 1267 13
7fd2c7fde000 83 15 1365 13
7fd2c7fdc000 45 2 1413 13
7fd2c7ef3000 54 7 1475 14
1478 14
0x450000
450000 31 28 59 3
44f000 53 35 148 5
430000 18 11 178 7
7fd2c7f05000 59 30 268 10
7fd2c7ee1000 116 9 393 10
7fd2c7f04000 56 10 459 10
7fd2c7f03000 45 17 522 12
7fd2c7fee000 85 7 615 13
7fd2c7fed000 102 4 721 13
7fd2c7fec000 65 9 795 13
7fd2c7fea000 70 3 868 13
7fd2c7fa4000 39 3 911 13
433000 39 2 952 13
7fd2c7ee3000 66 5 1024 13
7fd2c801f000 94 5 1123 13
7fd2c801e000 95 4 1222 13
7fd2c7fde000 82 15 1320 13
7fd2c7fdc000 45 3 1368 13
7fd2c7ef3000 54 7 1429 14
1431 14
0x44d000
44d000 90 54 144 6
430000 18 10 173 8
7fd2c811d000 51 23 247 12
7fd2c7f7b000 61 13 322 13
7fd2c7f7a000 59 10 392 13
7fd2c7f79000 92 5 490 13
490 13
0x432000
432000 20 16 37 1
430000 18 16 72 3
72 3
0x451000
451000 31 25 56 3
430000 18 14 89 5
7fd2c7f7b000 62 57 209 9
7fd2c7f7a000 59 50 319 9
7fd2c7f79000 92 30 442 9
487000 46 13 502 9
486000 36 9 548 9
43b000 35 16 600 10
43a000 52 12 665 12
471000 34 3 703 12
470000 33 3 740 12
431000 21 3 765 12
44f000 53 7 826 12
7fd2c7f05000 59 10 896 13
7fd2c7ee1000 116 3 1015 13
7fd2c7f04000 56 4 1076 13
7fd2c7f03000 45 7 1129 14
1135 14
0x487000
487000 46 32 79 3
486000 36 20 136 3
430000 18 15 170 5
43b000 36 29 235 7
43a000 51 21 308 9
471000 34 8 351 9
470000 33 9 394 9
431000 21 7 423 9
44f000 53 16 493 9
7fd2c7f05000 60 23 577 12
7fd2c7ee1000 116 5 698 12
7fd2c7f04000 56 6 761 12
7fd2c7f03000 45 11 818 13
7fd2c7fee000 86 5 909 13
7fd2c7fed000 103 4 1016 13
7fd2c7fec000 65 9 1091 13
7fd2c7fea000 71 3 1165 13
7fd2c7fa4000 39 3 1208 13
433000 40 2 1250 13
7fd2c7ee3000 66 4 1321 13
7fd2c801f000 94 5 1420 13
7fd2c801e000 94 5 1520 13
7fd2c7fde000 83 15 1618 13
7fd2c7fdc000 45 2 1666 13
7fd2c7ef3000 54 6 1727 14
1733 14
0x486000
486000 37 22 59 2
430000 18 15 92 4
43b000 36 30 159 6
43a000 53 22 235 9
471000 34 9 279 9
470000 33 9 322 9
431000 21 7 351 9
44f000 52 17 421 9
7fd2c7f05000 60 22 504 12
7fd2c7ee1000 115 6 626 12
7fd2c7f04000 56 7 689 12
7fd2c7f03000 45 10 745 13
7fd2c7fee000 85 5 836 13
7fd2c7fed000 102 4 942 13
7fd2c7fec000 64 10 1017 13
7fd2c7fea000 71 2 1090 13
7fd2c7fa4000 39 3 1133 13
433000 39 2 1175 13
7fd2c7ee3000 67 4 1247 13
7fd2c801f000 93 5 1346 13
7fd2c801e000 95 4 1446 13
7fd2c7fde000 82 15 1544 13
7fd2c7fdc000 45 3 1592 13
7fd2c7ef3000 54 6 1653 14
1658 14
0x485000
485000 35 37 72 5
72 5
0x488000
488000 35 27 63 2
63 2
0x464000
464000 49 42 92 6
430000 17 12 122 8
463000 100 23 245 8
462000 22 9 277 8
472000 41 14 332 8
471000 33 10 376 9
470000 33 9 419 9
431000 21 7 448 9
44f000 53 17 519 9
7fd2c7f05000 59 23 602 12
7fd2c7ee1000 116 6 724 12
7fd2c7f04000 57 7 788 12
7fd2c7f03000 45 11 844 13
7fd2c7fee000 86 4 934 13
7fd2c7fed000 101 4 1040 13
7fd2c7fec000 64 9 1114 13
7fd2c7fea000 70 3 1188 13
7fd2c7fa4000 39 3 1231 13
433000 39 2 1272 13
7fd2c7ee3000 66 5 1344 13
7fd2c801f000 94 5 1443 13
7fd2c801e000 94 4 1542 13
7fd2c7fde000 82 15 1640 13
7fd2c7fdc000 45 2 1688 13
7fd2c7ef3000 54 6 1749 14
1755 14
0x463000
463000 99 49 149 5
430000 17 13 180 7
462000 21 11 212 7
472000 40 16 269 7
471000 33 12 315 8
470000 32 11 359 8
431000 21 8 389 8
44f000 53 19 462 8
7fd2c7f05000 60 26 549 12
7fd2c7ee1000 115 6 671 12
7fd2c7f04000 55 7 734 12
7fd2c7f03000 45 11 791 13
7fd2c7fee000 85 4 880 13
7fd2c7fed000 102 4 987 13
7fd2c7fec000 65 9 1061 13
7fd2c7fea000 71 2 1134 13
7fd2c7fa4000 39 3 1177 13
433000 40 2 1219 13
7fd2c7ee3000 65 5 1290 13
7fd2c801f000 93 5 1388 13
7fd2c801e000 94 4 1487 13
7fd2c7fde000 82 15 1585 13
7fd2c7fdc000 45 3 1634 13
7fd2c7ef3000 54 7 1695 14
1699 14
0x462000
462000 22 17 39 1
472000 41 27 108 1
471000 33 21 163 4
470000 32 18 214 4
430000 17 13 245 6
431000 20 10 276 6
44f000 53 24 353 7
7fd2c7f05000 60 30 444 11
7fd2c7ee1000 114 7 566 11
7fd2c7f04000 55 8 630 11
7fd2c7f03000 45 14 690 12
7fd2c7fee000 85 7 782 13
7fd2c7fed000 102 4 889 13
7fd2c7fec000 66 9 964 13
7fd2c7fea000 70 3 1037 13
7fd2c7fa4000 39 3 1080 13
433000 39 3 1122 13
7fd2c7ee3000 66 5 1193 13
7fd2c801f000 93 5 1291 13
7fd2c801e000 94 4 1390 13
7fd2c7fde000 82 15 1488 13
7fd2c7fdc000 45 2 1536 13
7fd2c7ef3000 53 7 1597 14
1601 14
0x43e000
43e000 55 39 94 4
430000 18 13 126 6
43d000 45 22 193 6
7fd2c7ef3000 54 43 291 10
7fd2c7ef2000 71 14 377 11
7fd2c7ef1000 35 8 421 12
7fd2c7ee1000 115 3 539 13
7fd2c7ef0000 51 2 592 13
7fd2c7eef000 79 4 676 13
7fd2c7eee000 32 2 710 13
7fd2c7ee6000 43 3 756 13
7fd2c7ee5000 40 3 800 13
7fd2c7ee4000 59 2 862 13
7fd2c801e000 94 4 961 14
963 14
0x438000
438000 40 31 71 5
471000 34 15 121 6
470000 33 15 169 6
430000 18 11 198 8
431000 21 7 226 8
44f000 53 19 299 8
7fd2c7f05000 60 26 386 11
7fd2c7ee1000 116 7 509 11
7fd2c7f04000 56 8 573 11
7fd2c7f03000 45 13 632 12
7fd2c7fee000 85 7 725 13
7fd2c7fed000 102 4 831 13
7fd2c7fec000 65 9 906 13
7fd2c7fea000 71 3 980 13
7fd2c7fa4000 39 3 1023 13
433000 39 2 1064 13
7fd2c7ee3000 66 5 1136 13
7fd2c801f000 93 5 1234 13
7fd2c801e000 94 4 1333 13
7fd2c7fde000 83 15 1432 13
7fd2c7fdc000 45 3 1480 13
7fd2c7ef3000 54 7 1541 14
1544 14
0x437000
437000 22 20 42 1
42 1
0x436000
436000 32 27 60 2
435000 30 25 116 5
434000 51 15 183 7
430000 18 10 212 9
46e000 50 19 282 9
46d000 36 11 330 9
44f000 52 17 400 9
7fd2c7f05000 59 23 483 12
7fd2c7ee1000 116 5 604 12
7fd2c7f04000 56 6 667 12
7fd2c7f03000 45 11 724 13
7fd2c7fee000 86 4 814 13
7fd2c7fed000 102 4 921 13
7fd2c7fec000 65 9 995 13
7fd2c7fea000 71 3 1069 13
7fd2c7fa4000 39 3 1111 13
433000 39 2 1153 13
7fd2c7ee3000 65 5 1224 13
7fd2c801f000 93 6 1323 13
7fd2c801e000 94 5 1422 13
7fd2c7fde000 82 15 1519 13
7fd2c7fdc000 46 2 1567 13
7fd2c7ef3000 54 6 1628 14
1633 14
0x435000
435000 29 27 57 5
434000 51 16 125 7
430000 17 11 154 9
46e000 51 19 224 9
46d000 36 11 272 9
44f000 52 17 342 9
7fd2c7f05000 60 22 425 12
7fd2c7ee1000 115 6 547 12
7fd2c7f04000 56 7 610 12
7fd2c7f03000 45 10 666 13
7fd2c7fee000 85 5 757 13
7fd2c7fed000 103 4 864 13
7fd2c7fec000 66 9 939 13
7fd2c7fea000 70 3 1012 13
7fd2c7fa4000 39 3 1055 13
433000 40 2 1097 13
7fd2c7ee3000 66 5 1169 13
7fd2c801f000 93 6 1268 13
7fd2c801e000 94 5 1367 13
7fd2c7fde000 83 15 1465 13
7fd2c7fdc000 46 2 1513 13
7fd2c7ef3000 53 7 1574 14
1579 14
0x434000
434000 51 21 72 3
430000 17 15 105 5
46e000 51 31 187 9
46d000 36 11 235 9
44f000 53 17 305 9
7fd2c7f05000 60 23 389 12
7fd2c7ee1000 115 6 511 12
7fd2c7f04000 57 7 575 12
7fd2c7f03000 45 11 631 13
7fd2c7fee000 85 5 722 13
7fd2c7fed000 102 4 828 13
7fd2c7fec000 65 9 902 13
7fd2c7fea000 70 3 976 13
7fd2c7fa4000 39 3 1019 13
433000 39 2 1060 13
7fd2c7ee3000 66 5 1132 13
7fd2c801f000 93 5 1230 13
7fd2c801e000 94 5 1330 13
7fd2c7fde000 83 15 1428 13
7fd2c7fdc000 45 3 1476 13
7fd2c7ef3000 54 6 1537 14
1541 14
0x46e000
46e000 51 45 96 5
46d000 37 19 153 6
44f000 53 25 232 6
430000 17 11 262 8
7fd2c7f05000 60 25 347 11
7fd2c7ee1000 115 6 469 11
7fd2c7f04000 56 8 534 11
7fd2c7f03000 45 13 593 12
7fd2c7fee000 85 7 686 13
7fd2c7fed000 102 4 792 13
7fd2c7fec000 65 9 866 13
7fd2c7fea000 70 3 940 13
7fd2c7fa4000 40 2 982 13
433000 39 3 1025 13
7fd2c7ee3000 67 4 1096 13
7fd2c801f000 93 5 1195 13
7fd2c801e000 94 5 1295 13
7fd2c7fde000 83 15 1393 13
7fd2c7fdc000 45 3 1441 13
7fd2c7ef3000 53 7 1502 14
1505 14
0x46d000
46d000 36 27 64 3
64 3
0x469000
469000 55 46 101 5
430000 18 12 132 7
7fd2c7f7b000 61 46 239 11
7fd2c7f7a000 60 31 330 11
7fd2c7f79000 94 19 443 11
47f000 51 10 504 11
47e000 30 6 541 11
432000 20 4 566 11
471000 34 5 606 12
470000 32 4 643 12
431000 20 3 667 12
44f000 53 7 728 12
7fd2c7f05000 60 10 799 13
7fd2c7ee1000 116 4 919 13
7fd2c7f04000 56 5 980 13
7fd2c7f03000 45 7 1032 14
1035 14
0x47f000
47f000 50 40 91 5
47e000 29 18 139 5
430000 18 12 169 7
432000 21 9 199 7
471000 34 11 244 8
470000 32 10 287 8
431000 21 8 317 8
44f000 53 19 390 8
7fd2c7f05000 60 26 477 11
7fd2c7ee1000 115 7 599 11
7fd2c7f04000 56 8 664 11
7fd2c7f03000 45 13 723 12
7fd2c7fee000 85 7 816 13
7fd2c7fed000 102 4 923 13
7fd2c7fec000 66 9 998 13
7fd2c7fea000 71 2 1071 13
7fd2c7fa4000 39 3 1114 13
433000 40 2 1156 13
7fd2c7ee3000 66 4 1227 13
7fd2c801f000 93 5 1326 13
7fd2c801e000 94 5 1426 13
7fd2c7fde000 82 15 1524 13
7fd2c7fdc000 45 3 1573 13
7fd2c7ef3000 54 7 1634 14
1638 14
0x47e000
47e000 29 25 54 1
430000 18 17 89 3
432000 21 12 122 3
471000 34 16 173 6
470000 33 13 220 6
431000 20 10 251 6
44f000 53 25 330 7
7fd2c7f05000 59 30 420 11
7fd2c7ee1000 115 7 543 11
7fd2c7f04000 56 8 608 11
7fd2c7f03000 45 14 668 12
7fd2c7fee000 86 7 761 13
7fd2c7fed000 103 4 869 13
7fd2c7fec000 65 9 943 13
7fd2c7fea000 70 3 1017 13
7fd2c7fa4000 40 2 1060 13
433000 39 2 1102 13
7fd2c7ee3000 66 4 1173 13
7fd2c801f000 95 5 1274 13
7fd2c801e000 94 5 1374 13
7fd2c7fde000 83 15 1472 13
7fd2c7fdc000 45 2 1520 13
7fd2c7ef3000 55 6 1582 14
1585 14
0x442000
442000 46 46 92 6
441000 51 26 170 6
440000 35 23 229 6
472000 41 20 290 6
471000 33 14 338 7
470000 32 14 385 7
430000 18 10 414 9
431000 21 7 442 9
44f000 54 17 513 9
7fd2c7f05000 60 23 597 12
7fd2c7ee1000 115 6 718 12
7fd2c7f04000 55 7 781 12
7fd2c7f03000 45 11 838 13
7fd2c7fee000 86 4 928 13
7fd2c7fed000 102 4 1035 13
7fd2c7fec000 65 9 1109 13
7fd2c7fea000 72 3 1184 13
7fd2c7fa4000 40 3 1227 13
433000 40 2 1269 13
7fd2c7ee3000 66 4 1340 13
7fd2c801f000 93 6 1440 13
7fd2c801e000 95 5 1540 13
7fd2c7fde000 82 16 1638 13
7fd2c7fdc000 45 3 1686 13
7fd2c7ef3000 54 7 1748 14
1752 14
0x443000
443000 37 32 69 6
471000 33 14 117 6
470000 32 14 164 6
430000 18 11 194 8
431000 21 7 222 8
44f000 54 19 296 8
7fd2c7f05000 60 26 383 11
7fd2c7ee1000 116 7 506 11
7fd2c7f04000 56 8 570 11
7fd2c7f03000 45 13 629 12
7fd2c7fee000 85 7 722 13
7fd2c7fed000 102 4 828 13
7fd2c7fec000 65 9 902 13
7fd2c7fea000 71 3 976 13
7fd2c7fa4000 39 3 1018 13
433000 39 2 1060 13
7fd2c7ee3000 65 5 1131 13
7fd2c801f000 93 5 1229 13
7fd2c801e000 93 5 1328 13
7fd2c7fde000 82 15 1426 13
7fd2c7fdc000 46 3 1475 13
7fd2c7ef3000 54 6 1535 14
1539 14
0x44c000
44c000 21 22 43 3
471000 33 18 95 6
470000 32 15 143 6
430000 18 11 172 8
431000 20 8 201 8
44f000 53 19 274 8
7fd2c7f05000 59 26 360 11
7fd2c7ee1000 115 7 482 11
7fd2c7f04000 56 8 546 11
7fd2c7f03000 45 13 605 12
7fd2c7fee000 85 7 698 13
7fd2c7fed000 102 4 804 13
7fd2c7fec000 65 9 878 13
7fd2c7fea000 71 3 952 13
7fd2c7fa4000 39 3 995 13
433000 39 2 1036 13
7fd2c7ee3000 66 5 1108 13
7fd2c801f000 94 5 1207 13
7fd2c801e000 94 5 1306 13
7fd2c7fde000 82 15 1403 13
7fd2c7fdc000 46 2 1451 13
7fd2c7ef3000 54 6 1512 14
1515 14
0x439000
439000 35 37 73 4
7fd2c7f7a000 59 99 232 8
7fd2c7f79000 93 37 362 8
430000 18 9 389 10
438000 40 10 439 11
471000 34 5 479 12
470000 32 4 516 12
431000 21 2 540 12
44f000 53 7 601 12
7fd2c7f05000 60 9 671 13
7fd2c7ee1000 117 4 793 13
7fd2c7f04000 57 4 854 13
7fd2c7f03000 45 6 906 14
909 14
0x480000
480000 36 22 58 3
58 3
0x468000
468000 91 54 145 6
463000 99 30 276 7
430000 18 10 305 8
462000 21 9 335 8
472000 41 13 390 8
471000 34 10 435 9
470000 33 9 478 9
431000 21 7 507 9
44f000 52 17 577 9
7fd2c7f05000 60 22 660 12
7fd2c7ee1000 114 6 781 12
7fd2c7f04000 55 7 844 12
7fd2c7f03000 45 10 900 13
7fd2c7fee000 86 4 990 13
7fd2c7fed000 101 4 1096 13
7fd2c7fec000 64 9 1170 13
7fd2c7fea000 70 3 1244 13
7fd2c7fa4000 39 2 1286 13
433000 39 2 1328 13
7fd2c7ee3000 66 5 1400 13
7fd2c801f000 94 6 1500 13
7fd2c801e000 94 5 1599 13
7fd2c7fde000 82 15 1696 13
7fd2c7fdc000 45 3 1745 13
7fd2c7ef3000 54 6 1805 14
1810 14
0x45a000
45a000 94 45 139 4
440000 36 26 202 4
430000 18 13 234 6
7fd2c811d000 50 31 315 10
45b000 34 8 358 10
471000 34 5 398 11
470000 33 4 436 11
431000 21 3 461 11
44f000 52 9 523 11
7fd2c7f05000 60 12 596 13
7fd2c7ee1000 116 2 714 13
7fd2c7f04000 56 3 773 13
7fd2c7f03000 44 5 823 13
7fd2c7fee000 86 4 913 13
7fd2c7fed000 102 4 1019 13
7fd2c7fec000 65 9 1093 13
7fd2c7fea000 70 3 1167 13
7fd2c7fa4000 39 3 1210 13
433000 39 2 1251 13
7fd2c7ee3000 66 4 1322 13
7fd2c801f000 93 5 1421 13
7fd2c801e000 94 5 1520 13
7fd2c7fde000 83 15 1618 13
7fd2c7fdc000 45 3 1666 13
7fd2c7ef3000 53 7 1727 14
1730 14
0x45b000
45b000 34 29 63 4
430000 18 13 95 6
7fd2c811d000 51 31 177 10
471000 33 6 217 11
470000 33 4 254 11
431000 21 3 279 11
44f000 53 8 341 11
7fd2c7f05000 59 13 415 13
7fd2c7ee1000 114 3 532 13
7fd2c7f04000 56 3 591 13
7fd2c7f03000 46 4 641 13
7fd2c7fee000 85 4 731 13
7fd2c7fed000 101 4 837 13
7fd2c7fec000 65 9 912 13
7fd2c7fea000 71 3 986 13
7fd2c7fa4000 39 3 1028 13
433000 39 2 1070 13
7fd2c7ee3000 66 4 1141 13
7fd2c801f000 94 5 1241 13
7fd2c801e000 93 5 1340 13
7fd2c7fde000 83 15 1438 13
7fd2c7fdc000 45 2 1486 13
7fd2c7ef3000 54 6 1547 14
1551 14
0x45c000
45c000 27 21 48 2
471000 34 19 102 5
470000 32 16 151 5
430000 18 12 182 7
431000 21 9 212 7
44f000 52 23 288 7
7fd2c7f05000 59 30 378 11
7fd2c7ee1000 115 7 501 11
7fd2c7f04000 56 8 565 11
7fd2c7f03000 45 14 625 12
7fd2c7fee000 86 7 718 13
7fd2c7fed000 102 4 824 13
7fd2c7fec000 65 9 898 13
7fd2c7fea000 71 2 971 13
7fd2c7fa4000 39 3 1014 13
433000 39 2 1055 13
7fd2c7ee3000 67 4 1127 13
7fd2c801f000 92 6 1226 13
7fd2c801e000 94 5 1325 13
7fd2c7fde000 83 14 1422 13
7fd2c7fdc000 45 3 1471 13
7fd2c7ef3000 54 6 1531 14
1534 14
0x458000
458000 27 31 58 3
58 3
0x45e000
45e000 28 20 48 1
471000 33 21 103 4
470000 33 17 153 4
430000 18 12 184 6
431000 20 10 215 6
44f000 53 24 293 7
7fd2c7f05000 59 30 383 11
7fd2c7ee1000 115 7 506 11
7fd2c7f04000 56 8 570 11
7fd2c7f03000 44 14 629 12
7fd2c7fee000 85 8 722 13
7fd2c7fed000 102 4 828 13
7fd2c7fec000 65 9 903 13
7fd2c7fea000 70 3 976 13
7fd2c7fa4000 39 3 1019 13
433000 40 2 1061 13
7fd2c7ee3000 66 4 1132 13
7fd2c801f000 93 5 1231 13
7fd2c801e000 94 4 1330 13
7fd2c7fde000 81 15 1427 13
7fd2c7fdc000 45 2 1475 13
7fd2c7ef3000 54 6 1536 14
1540 14
0x45d000
45d000 35 19 55 1
55 1
0x45f000
45f000 40 29 69 4
7fd2c7f69000 72 23 165 6
430000 18 11 194 8
442000 45 22 262 9
441000 51 16 330 9
440000 35 14 380 9
472000 40 12 432 9
471000 33 8 474 10
470000 32 7 514 10
431000 20 5 541 10
44f000 53 13 608 10
7fd2c7f05000 60 18 687 12
7fd2c7ee1000 114 5 807 12
7fd2c7f04000 55 7 870 12
7fd2c7f03000 45 10 926 13
7fd2c7fee000 85 4 1016 13
7fd2c7fed000 102 4 1123 13
7fd2c7fec000 65 9 1197 13
7fd2c7fea000 70 3 1271 13
7fd2c7fa4000 39 3 1314 13
433000 39 2 1355 13
7fd2c7ee3000 67 4 1427 13
7fd2c801f000 93 5 1525 13
7fd2c801e000 94 5 1625 13
7fd2c7fde000 83 15 1723 13
7fd2c7fdc000 45 3 1771 13
7fd2c7ef3000 54 6 1831 14
1836 14
0x44a000
44a000 36 24 61 1
471000 33 21 116 4
470000 32 17 166 4
430000 18 13 198 6
431000 21 9 228 6
44f000 53 24 306 7
7fd2c7f05000 60 30 397 11
7fd2c7ee1000 115 7 519 11
7fd2c7f04000 56 8 584 11
7fd2c7f03000 44 14 643 12
7fd2c7fee000 85 7 735 13
7fd2c7fed000 102 4 842 13
7fd2c7fec000 65 8 915 13
7fd2c7fea000 70 3 989 13
7fd2c7fa4000 40 2 1031 13
433000 39 2 1073 13
7fd2c7ee3000 66 4 1144 13
7fd2c801f000 93 6 1244 13
7fd2c801e000 94 5 1343 13
7fd2c7fde000 83 15 1442 13
7fd2c7fdc000 45 3 1490 13
7fd2c7ef3000 54 7 1551 14
1554 14
0x489000
489000 25 21 47 1
47 1
0x460000
460000 47 32 80 3
45a000 95 39 215 5
440000 35 25 276 5
430000 18 12 306 7
7fd2c811d000 51 27 384 10
45b000 34 8 427 10
471000 34 6 468 11
470000 33 4 505 11
431000 20 3 530 11
44f000 53 9 593 11
7fd2c7f05000 60 12 666 13
7fd2c7ee1000 116 3 785 13
7fd2c7f04000 56 3 844 13
7fd2c7f03000 45 4 894 13
7fd2c7fee000 86 4 985 13
7fd2c7fed000 101 4 1091 13
7fd2c7fec000 65 9 1166 13
7fd2c7fea000 71 3 1240 13
7fd2c7fa4000 39 2 1282 13
433000 39 2 1324 13
7fd2c7ee3000 66 4 1395 13
7fd2c801f000 93 6 1495 13
7fd2c801e000 94 5 1594 13
7fd2c7fde000 83 15 1693 13
7fd2c7fdc000 46 2 1741 13
7fd2c7ef3000 54 7 1803 14
1807 14
0x444000
444000 55 42 97 5
7fd2c7f7a000 59 90 247 9
7fd2c7f79000 93 32 372 9
430000 18 8 398 11
431000 21 4 423 11
7fd2c8128000 49 6 479 11
7fd2c8112000 76 12 568 11
7fd2c8111000 318 5 891 11
7fd2c8127000 38 5 934 12
7fd2c8126000 56 6 996 12
7fd2c8125000 48 6 1051 13
7fd2c8124000 77 1 1130 13
7fd2c8123000 67 3 1201 13
432000 21 0 1222 13
441000 51 2 1276 13
440000 35 2 1314 13
472000 40 1 1355 13
471000 33 1 1390 13
470000 32 1 1424 13
44f000 53 2 1480 13
7fd2c7f05000 59 3 1543 14
1547 14
0x456000
456000 29 22 51 1
471000 34 20 106 4
470000 33 17 157 4
430000 18 12 188 6
431000 20 10 219 6
44f000 53 25 298 7
7fd2c7f05000 59 30 388 11
7fd2c7ee1000 115 7 511 11
7fd2c7f04000 55 9 576 11
7fd2c7f03000 46 13 635 12
7fd2c7fee000 85 7 728 13
7fd2c7fed000 102 4 835 13
7fd2c7fec000 65 9 909 13
7fd2c7fea000 70 3 983 13
7fd2c7fa4000 39 3 1026 13
433000 39 2 1067 13
7fd2c7ee3000 66 5 1139 13
7fd2c801f000 93 6 1238 13
7fd2c801e000 94 5 1337 13
7fd2c7fde000 82 15 1435 13
7fd2c7fdc000 45 3 1484 13
7fd2c7ef3000 54 6 1544 14
1547 14
0x457000
457000 28 26 55 2
456000 29 21 106 2
471000 33 20 160 5
470000 32 16 209 5
430000 18 12 240 7
431000 20 9 270 7
44f000 53 22 346 7
7fd2c7f05000 59 30 436 11
7fd2c7ee1000 115 7 558 11
7fd2c7f04000 56 8 622 11
7fd2c7f03000 45 14 682 12
7fd2c7fee000 85 7 774 13
7fd2c7fed000 102 4 881 13
7fd2c7fec000 65 9 956 13
7fd2c7fea000 70 3 1029 13
7fd2c7fa4000 39 3 1072 13
433000 39 2 1114 13
7fd2c7ee3000 66 4 1185 13
7fd2c801f000 93 5 1284 13
7fd2c801e000 94 5 1384 13
7fd2c7fde000 82 15 1481 13
7fd2c7fdc000 45 3 1530 13
7fd2c7ef3000 54 7 1591 14
1594 14
0x48b000
48b000 34 25 60 2
433000 39 21 121 8
430000 18 8 148 9
7fd2c7ee3000 67 20 235 11
7fd2c801f000 93 17 345 11
7fd2c801e000 95 14 454 11
7fd2c7ee1000 116 7 577 11
7fd2c7fee000 85 13 676 12
7fd2c7fed000 102 9 787 12
7fd2c7fec000 65 19 871 12
7fd2c7fea000 71 7 949 12
7fd2c7fde000 82 30 1061 12
7fd2c7fdc000 45 7 1113 13
7fd2c7ef3000 54 7 1174 14
1175 14
0x48a000
48a000 33 23 57 3
471000 33 18 109 6
470000 33 14 157 6
430000 18 10 186 8
431000 21 7 215 8
44f000 53 19 288 8
7fd2c7f05000 60 26 375 11
7fd2c7ee1000 115 7 497 11
7fd2c7f04000 56 9 562 11
7fd2c7f03000 44 14 621 12
7fd2c7fee000 86 7 714 13
7fd2c7fed000 102 4 820 13
7fd2c7fec000 65 9 894 13
7fd2c7fea000 70 3 968 13
7fd2c7fa4000 39 3 1011 13
433000 40 2 1053 13
7fd2c7ee3000 66 4 1124 13
7fd2c801f000 93 6 1224 13
7fd2c801e000 95 5 1324 13
7fd2c7fde000 83 15 1422 13
7fd2c7fdc000 45 3 1470 13
7fd2c7ef3000 54 7 1531 14
1534 14
0x449000
449000 29 19 48 1
48 1
0x48d000
48d000 48 26 75 4
431000 20 13 109 4
430000 18 13 141 6
441000 51 24 217 7
440000 35 20 273 7
472000 40 16 329 7
471000 33 12 375 8
470000 32 11 419 8
44f000 53 19 493 8
7fd2c7f05000 59 27 581 12
7fd2c7ee1000 115 6 703 12
7fd2c7f04000 56 7 766 12
7fd2c7f03000 45 10 822 13
7fd2c7fee000 85 4 912 13
7fd2c7fed000 102 4 1019 13
7fd2c7fec000 65 9 1093 13
7fd2c7fea000 71 2 1166 13
7fd2c7fa4000 39 3 1209 13
433000 39 2 1251 13
7fd2c7ee3000 66 4 1322 13
7fd2c801f000 92 6 1421 13
7fd2c801e000 94 5 1520 13
7fd2c7fde000 82 15 1618 13
7fd2c7fdc000 45 3 1666 13
7fd2c7ef3000 55 6 1727 14
1731 14
0x48e000
48e000 35 26 61 1
61 1
0xffffffffe9106000
0 0
0x44b000
44b000 46 37 84 3
430000 18 14 117 5
471000 33 14 164 6
470000 32 14 211 6
431000 20 10 242 6
44f000 52 24 319 7
7fd2c7f05000 60 30 411 11
7fd2c7ee1000 115 7 534 11
7fd2c7f04000 56 8 598 11
7fd2c7f03000 45 14 658 12
7fd2c7fee000 86 7 751 13
7fd2c7fed000 101 4 857 13
7fd2c7fec000 66 9 932 13
7fd2c7fea000 70 3 1005 13
7fd2c7fa4000 39 3 1048 13
433000 39 2 1089 13
7fd2c7ee3000 66 5 1161 13
7fd2c801f000 93 6 1260 13
7fd2c801e000 94 5 1359 13
7fd2c7fde000 82 15 1456 13
7fd2c7fdc000 45 3 1505 13
7fd2c7ef3000 54 6 1565 14
1568 14
0x494000
494000 46 35 82 4
493000 47 27 157 7
430000 18 10 186 9
441000 51 16 254 9
440000 35 15 305 9
472000 41 11 357 9
471000 33 9 400 9
470000 33 9 443 9
431000 21 7 472 9
44f000 52 17 542 9
7fd2c7f05000 60 22 625 12
7fd2c7ee1000 115 5 746 12
7fd2c7f04000 56 6 809 12
7fd2c7f03000 45 11 866 13
7fd2c7fee000 85 4 956 13
7fd2c7fed000 101 4 1062 13
7fd2c7fec000 66 9 1138 13
7fd2c7fea000 71 3 1212 13
7fd2c7fa4000 39 3 1255 13
433000 39 2 1296 13
7fd2c7ee3000 67 4 1368 13
7fd2c801f000 93 6 1468 13
7fd2c801e000 95 4 1567 13
7fd2c7fde000 82 15 1665 13
7fd2c7fdc000 45 3 1714 13
7fd2c7ef3000 54 7 1775 14
1780 14
0x493000
493000 47 34 81 6
430000 17 11 110 8
441000 51 18 180 8
440000 36 16 233 8
472000 40 14 287 8
471000 33 10 331 8
470000 32 11 375 8
431000 20 8 404 8
44f000 53 19 476 8
7fd2c7f05000 59 26 563 11
7fd2c7ee1000 116 7 686 11
7fd2c7f04000 56 8 750 11
7fd2c7f03000 45 13 809 12
7fd2c7fee000 85 7 902 13
7fd2c7fed000 102 4 1008 13
7fd2c7fec000 66 9 1083 13
7fd2c7fea000 70 3 1156 13
7fd2c7fa4000 40 3 1200 13
433000 40 2 1242 13
7fd2c7ee3000 66 5 1314 13
7fd2c801f000 93 6 1413 13
7fd2c801e000 94 5 1512 13
7fd2c7fde000 83 15 1610 13
7fd2c7fdc000 46 2 1658 13
7fd2c7ef3000 53 7 1719 14
1723 14
0x492000
492000 27 21 48 1
48 1
0x47d000
47d000 40 37 77 3
77 3
0x43f000
43f000 68 55 123 4
430000 18 13 155 6
7fd2c811d000 51 31 237 10
43e000 55 12 305 10
43d000 45 10 361 10
7fd2c7ef3000 54 21 437 12
7fd2c7ef2000 70 6 513 12
7fd2c7ef1000 35 4 553 12
7fd2c7ee1000 116 3 672 13
7fd2c7ef0000 50 2 725 13
7fd2c7eef000 79 4 809 13
7fd2c7eee000 32 2 843 13
7fd2c7ee6000 42 3 889 13
7fd2c7ee5000 40 3 933 13
7fd2c7ee4000 59 3 995 13
7fd2c801e000 94 4 1093 14
1096 14
0x478000
478000 58 40 98 4
430000 17 14 130 6
7fd2c811d000 51 31 212 10
461000 74 15 301 11
431000 20 3 325 11
443000 37 7 370 12
471000 33 2 406 12
470000 33 2 442 12
44f000 52 6 502 12
7fd2c7f05000 59 8 570 13
7fd2c7ee1000 116 2 688 13
7fd2c7f04000 55 3 747 13
7fd2c7f03000 45 4 797 13
7fd2c7fee000 86 4 888 13
7fd2c7fed000 102 4 994 13
7fd2c7fec000 65 9 1068 13
7fd2c7fea000 71 3 1142 13
7fd2c7fa4000 39 3 1184 13
433000 39 2 1226 13
7fd2c7ee3000 66 4 1297 13
7fd2c801f000 93 6 1397 13
7fd2c801e000 94 5 1496 13
7fd2c7fde000 82 15 1593 13
7fd2c7fdc000 45 3 1642 13
7fd2c7ef3000 54 6 1702 14
1707 14
0x461000
461000 74 49 123 5
431000 21 11 156 5
430000 18 12 187 7
443000 37 17 241 9
471000 34 7 283 9
470000 33 8 325 9
44f000 52 16 394 9
7fd2c7f05000 60 21 476 11
7fd2c7ee1000 114 7 598 11
7fd2c7f04000 56 8 663 11
7fd2c7f03000 45 14 723 12
7fd2c7fee000 85 8 816 13
7fd2c7fed000 102 4 922 13
7fd2c7fec000 65 9 996 13
7fd2c7fea000 71 3 1070 13
7fd2c7fa4000 39 3 1112 13
433000 39 2 1154 13
7fd2c7ee3000 66 5 1226 13
7fd2c801f000 93 5 1324 13
7fd2c801e000 94 5 1423 13
7fd2c7fde000 82 15 1521 13
7fd2c7fdc000 45 3 1569 13
7fd2c7ef3000 54 6 1630 14
1634 14
0x479000
479000 31 26 57 1
471000 33 21 112 4
470000 33 17 162 4
430000 18 13 194 6
431000 21 9 224 6
44f000 53 24 302 7
7fd2c7f05000 59 30 393 11
7fd2c7ee1000 115 7 515 11
7fd2c7f04000 56 9 580 11
7fd2c7f03000 45 14 639 12
7fd2c7fee000 86 7 732 13
7fd2c7fed000 102 4 838 13
7fd2c7fec000 65 9 913 13
7fd2c7fea000 71 3 987 13
7fd2c7fa4000 40 3 1030 13
433000 40 2 1072 13
7fd2c7ee3000 66 4 1143 13
7fd2c801f000 93 5 1242 13
7fd2c801e000 95 4 1342 13
7fd2c7fde000 82 15 1440 13
7fd2c7fdc000 46 3 1489 13
7fd2c7ef3000 54 7 1550 14
1553 14
0x454000
454000 32 28 60 4
442000 46 37 144 6
441000 51 26 222 6
440000 35 23 281 6
472000 41 18 340 6
471000 33 14 388 7
470000 33 14 436 7
430000 18 10 465 9
431000 21 7 493 9
44f000 54 17 565 9
7fd2c7f05000 60 23 649 12
7fd2c7ee1000 116 6 771 12
7fd2c7f04000 56 7 834 12
7fd2c7f03000 45 10 890 13
7fd2c7fee000 86 4 981 13
7fd2c7fed000 103 3 1087 13
7fd2c7fec000 65 9 1162 13
7fd2c7fea000 70 3 1236 13
7fd2c7fa4000 40 3 1279 13
433000 39 2 1320 13
7fd2c7ee3000 66 4 1391 13
7fd2c801f000 95 6 1493 13
7fd2c801e000 95 4 1592 13
7fd2c7fde000 82 15 1690 13
7fd2c7fdc000 45 3 1739 13
7fd2c7ef3000 54 7 1800 14
1805 14
0x473000
473000 55 37 92 5
433000 39 18 150 7
430000 18 9 178 8
7fd2c7ee3000 66 23 268 10
7fd2c801f000 93 21 383 11
7fd2c801e000 94 15 492 11
7fd2c7ee1000 116 7 615 11
7fd2c7fee000 86 14 715 12
7fd2c7fed000 102 9 826 12
7fd2c7fec000 65 18 910 12
7fd2c7fea000 70 7 988 12
7fd2c7fde000 82 29 1100 12
7fd2c7fdc000 45 7 1153 13
7fd2c7ef3000 54 7 1214 14
1215 14
0x474000
474000 50 27 77 3
7fd2c7f7a000 59 108 245 7
7fd2c7f79000 93 42 380 7
430000 17 10 408 9
473000 55 15 478 11
433000 39 6 524 11
7fd2c7ee3000 66 12 603 13
7fd2c801f000 93 7 704 13
7fd2c801e000 95 7 806 13
7fd2c7ee1000 115 4 925 13
7fd2c7fee000 86 6 1017 13
7fd2c7fed000 102 5 1125 13
7fd2c7fec000 64 12 1202 13
7fd2c7fea000 71 4 1277 13
7fd2c7fde000 82 19 1378 13
7fd2c7fdc000 45 5 1428 14
1430 14
0x475000
475000 43 30 73 5
73 5
0x47a000
47a000 33 34 67 3
471000 33 18 119 5
470000 32 16 168 5
430000 18 12 199 7
431000 20 9 229 7
44f000 52 22 304 7
7fd2c7f05000 59 30 395 11
7fd2c7ee1000 115 7 517 11
7fd2c7f04000 56 8 581 11
7fd2c7f03000 45 13 640 12
7fd2c7fee000 85 7 733 13
7fd2c7fed000 101 4 839 13
7fd2c7fec000 65 9 914 13
7fd2c7fea000 71 3 988 13
7fd2c7fa4000 39 3 1031 13
433000 39 3 1073 13
7fd2c7ee3000 66 5 1144 13
7fd2c801f000 93 6 1243 13
7fd2c801e000 94 5 1342 13
7fd2c7fde000 83 15 1440 13
7fd2c7fdc000 45 3 1488 13
7fd2c7ef3000 53 7 1549 14
1553 14
0x477000
477000 37 25 62 2
430000 18 15 96 4
432000 20 12 129 4
43b000 36 30 196 6
43a000 52 23 272 9
471000 33 9 315 9
470000 32 9 357 9
431000 21 7 386 9
44f000 53 17 457 9
7fd2c7f05000 59 23 540 12
7fd2c7ee1000 115 6 661 12
7fd2c7f04000 55 7 724 12
7fd2c7f03000 45 10 780 13
7fd2c7fee000 85 4 870 13
7fd2c7fed000 101 4 976 13
7fd2c7fec000 65 8 1050 13
7fd2c7fea000 70 3 1124 13
7fd2c7fa4000 40 3 1167 13
433000 39 2 1208 13
7fd2c7ee3000 66 4 1279 13
7fd2c801f000 93 5 1378 13
7fd2c801e000 95 4 1478 13
7fd2c7fde000 82 15 1576 13
7fd2c7fdc000 45 3 1624 13
7fd2c7ef3000 54 6 1685 14
1689 14
0x46f000
46f000 26 26 52 1
471000 33 20 106 4
470000 33 17 157 4
430000 18 12 188 6
431000 20 10 219 6
44f000 52 25 297 7
7fd2c7f05000 59 30 387 11
7fd2c7ee1000 115 6 509 11
7fd2c7f04000 55 9 574 11
7fd2c7f03000 45 14 633 12
7fd2c7fee000 86 7 726 13
7fd2c7fed000 102 4 832 13
7fd2c7fec000 65 9 906 13
7fd2c7fea000 71 3 980 13
7fd2c7fa4000 39 2 1022 13
433000 39 2 1064 13
7fd2c7ee3000 66 4 1135 13
7fd2c801f000 93 5 1234 13
7fd2c801e000 93 5 1333 13
7fd2c7fde000 83 15 1431 13
7fd2c7fdc000 46 2 1479 13
7fd2c7ef3000 54 6 1540 14
1544 14
0x46a000
46a000 78 35 113 5
43e000 55 29 198 5
430000 18 13 230 7
43d000 45 20 295 7
7fd2c7ef3000 54 39 389 10
7fd2c7ef2000 70 15 474 11
7fd2c7ef1000 34 8 517 12
7fd2c7ee1000 115 3 636 13
7fd2c7ef0000 50 3 689 13
7fd2c7eef000 79 4 772 13
7fd2c7eee000 31 2 806 13
7fd2c7ee6000 43 3 853 13
7fd2c7ee5000 40 3 896 13
7fd2c7ee4000 59 2 958 13
7fd2c801e000 93 5 1057 14
1059 14
0x459000
459000 43 29 73 2
440000 36 32 142 2
433000 39 22 203 7
430000 18 9 231 8
7fd2c7ee3000 66 24 322 10
7fd2c801f000 93 21 436 11
7fd2c801e000 94 14 544 11
7fd2c7ee1000 115 8 668 11
7fd2c7fee000 85 13 766 12
7fd2c7fed000 102 8 877 12
7fd2c7fec000 64 19 961 12
7fd2c7fea000 71 7 1039 12
7fd2c7fde000 83 30 1152 12
7fd2c7fdc000 45 7 1204 13
7fd2c7ef3000 53 7 1265 14
1267 14
0x47b000
47b000 48 34 82 6
471000 33 14 130 7
470000 32 14 177 7
430000 17 10 205 9
431000 20 7 233 9
44f000 53 17 304 9
7fd2c7f05000 59 23 387 12
7fd2c7ee1000 115 6 508 12
7fd2c7f04000 56 7 571 12
7fd2c7f03000 45 11 627 13
7fd2c7fee000 86 4 717 13
7fd2c7fed000 102 4 823 13
7fd2c7fec000 65 9 898 13
7fd2c7fea000 70 3 971 13
7fd2c7fa4000 39 3 1014 13
433000 39 3 1056 13
7fd2c7ee3000 66 5 1127 13
7fd2c801f000 93 5 1225 13
7fd2c801e000 94 5 1325 13
7fd2c7fde000 82 15 1422 13
7fd2c7fdc000 45 3 1470 13
7fd2c7ef3000 53 7 1531 14
1534 14
0x49d000
49d000 41 35 77 7
450000 30 16 124 7
44f000 52 23 200 7
430000 17 10 228 8
7fd2c7f05000 60 26 314 11
7fd2c7ee1000 115 7 436 11
7fd2c7f04000 56 9 501 11
7fd2c7f03000 45 14 560 12
7fd2c7fee000 85 7 652 13
7fd2c7fed000 101 4 758 13
7fd2c7fec000 65 9 833 13
7fd2c7fea000 70 3 906 13
7fd2c7fa4000 39 3 949 13
433000 39 2 990 13
7fd2c7ee3000 66 5 1062 13
7fd2c801f000 93 5 1160 13
7fd2c801e000 94 5 1259 13
7fd2c7fde000 83 15 1357 13
7fd2c7fdc000 45 3 1405 13
7fd2c7ef3000 54 6 1466 14
1469 14
0x47c000
47c000 40 33 74 3
431000 20 14 109 3
430000 18 14 142 5
471000 34 14 190 8
470000 33 10 233 8
44f000 53 19 306 8
7fd2c7f05000 59 26 392 11
7fd2c7ee1000 114 7 514 11
7fd2c7f04000 56 8 578 11
7fd2c7f03000 45 14 638 12
7fd2c7fee000 85 8 731 13
7fd2c7fed000 102 4 837 13
7fd2c7fec000 65 9 912 13
7fd2c7fea000 71 3 986 13
7fd2c7fa4000 39 3 1028 13
433000 40 2 1070 13
7fd2c7ee3000 66 5 1142 13
7fd2c801f000 94 6 1242 13
7fd2c801e000 94 5 1341 13
7fd2c7fde000 82 15 1439 13
7fd2c7fdc000 44 3 1487 13
7fd2c7ef3000 54 6 1548 14
1552 14
0x49e000
49e000 26 20 46 5
471000 33 14 93 8
470000 32 11 137 8
430000 18 7 163 8
431000 20 8 192 8
44f000 54 19 265 8
7fd2c7f05000 59 26 351 11
7fd2c7ee1000 116 7 475 11
7fd2c7f04000 56 9 540 11
7fd2c7f03000 45 14 599 12
7fd2c7fee000 86 7 692 13
7fd2c7fed000 102 4 798 13
7fd2c7fec000 64 9 872 13
7fd2c7fea000 71 2 946 13
7fd2c7fa4000 39 3 989 13
433000 40 2 1031 13
7fd2c7ee3000 65 5 1102 13
7fd2c801f000 95 5 1202 13
7fd2c801e000 96 4 1302 13
7fd2c7fde000 82 15 1400 13
7fd2c7fdc000 45 3 1449 13
7fd2c7ef3000 54 7 1510 14
1513 14
0x467000
467000 46 39 86 6
471000 33 14 134 7
470000 32 14 181 7
430000 17 11 210 9
431000 21 6 237 9
44f000 53 17 308 9
7fd2c7f05000 59 23 391 12
7fd2c7ee1000 115 6 512 12
7fd2c7f04000 56 7 575 12
7fd2c7f03000 45 11 631 13
7fd2c7fee000 85 5 721 13
7fd2c7fed000 103 4 828 13
7fd2c7fec000 65 9 902 13
7fd2c7fea000 71 3 976 13
7fd2c7fa4000 39 3 1018 13
433000 39 2 1060 13
7fd2c7ee3000 65 5 1131 13
7fd2c801f000 92 6 1229 13
7fd2c801e000 95 4 1328 13
7fd2c7fde000 82 15 1426 13
7fd2c7fdc000 45 3 1474 13
7fd2c7ef3000 54 7 1535 14
1538 14
0x484000
484000 39 56 95 2
7fd2c7f7b000 62 78 236 7
7fd2c7f7a000 60 71 367 7
7fd2c7f79000 93 42 502 7
430000 18 9 530 9
483000 39 11 581 9
7fd2c7f59000 64 21 668 12
469000 56 9 733 12
47f000 51 8 793 12
47e000 30 5 829 12
432000 20 4 854 12
471000 33 5 893 13
470000 32 3 929 13
431000 21 3 954 13
44f000 54 5 1013 13
7fd2c7f05000 59 7 1080 13
7fd2c7ee1000 115 4 1200 13
7fd2c7f04000 57 4 1261 13
7fd2c7f03000 46 7 1315 14
1319 14
0x483000
483000 40 27 67 3
484000 39 49 156 3
7fd2c7f7b000 62 71 290 7
7fd2c7f7a000 59 71 421 7
7fd2c7f79000 92 43 557 7
430000 17 10 585 9
7fd2c7f59000 64 21 671 12
469000 55 10 736 12
47f000 50 8 795 12
47e000 30 5 831 12
432000 21 3 856 12
471000 34 5 896 13
470000 32 4 933 13
431000 20 3 957 13
44f000 53 5 1016 13
7fd2c7f05000 60 7 1084 13
7fd2c7ee1000 115 4 1204 13
7fd2c7f04000 56 4 1264 13
7fd2c7f03000 46 6 1317 14
1322 14
0x452000
452000 40 25 65 3
430000 18 14 98 5
471000 34 14 147 8
470000 34 10 191 8
431000 21 7 220 8
44f000 53 19 293 8
7fd2c7f05000 59 26 379 11
7fd2c7ee1000 116 7 503 11
7fd2c7f04000 56 8 567 11
7fd2c7f03000 45 14 627 12
7fd2c7fee000 86 7 720 13
7fd2c7fed000 102 4 827 13
7fd2c7fec000 65 9 901 13
7fd2c7fea000 70 3 975 13
7fd2c7fa4000 40 2 1017 13
433000 39 2 1059 13
7fd2c7ee3000 66 5 1131 13
7fd2c801f000 93 5 1229 13
7fd2c801e000 94 4 1328 13
7fd2c7fde000 82 15 1426 13
7fd2c7fdc000 44 3 1474 13
7fd2c7ef3000 53 7 1535 14
1538 14
0x44e000
44e000 44 23 68 1
430000 18 16 103 3
431000 20 13 137 3
433000 39 19 196 8
7fd2c7ee3000 66 24 287 10
7fd2c801f000 93 21 401 11
7fd2c801e000 94 14 510 11
7fd2c7ee1000 115 8 634 11
7fd2c7fee000 85 13 732 12
7fd2c7fed000 102 9 844 12
7fd2c7fec000 65 19 928 12
7fd2c7fea000 71 7 1007 12
7fd2c7fde000 82 30 1120 12
7fd2c7fdc000 45 6 1172 13
7fd2c7ef3000 54 6 1233 14
1235 14
0x48f000
48f000 24 18 42 1
477000 37 25 105 2
430000 18 15 139 4
432000 20 12 172 4
43b000 35 30 238 6
43a000 52 23 314 9
471000 33 9 357 9
470000 32 9 399 9
431000 21 7 428 9
44f000 52 17 498 9
7fd2c7f05000 59 23 581 12
7fd2c7ee1000 115 6 702 12
7fd2c7f04000 56 7 765 12
7fd2c7f03000 45 11 822 13
7fd2c7fee000 86 4 912 13
7fd2c7fed000 102 4 1018 13
7fd2c7fec000 66 9 1093 13
7fd2c7fea000 70 3 1166 13
7fd2c7fa4000 39 3 1209 13
433000 40 2 1251 13
7fd2c7ee3000 66 4 1322 13
7fd2c801f000 93 5 1420 13
7fd2c801e000 93 5 1519 13
7fd2c7fde000 82 15 1616 13
7fd2c7fdc000 45 2 1664 13
7fd2c7ef3000 53 7 1725 14
1730 14
0x491000
491000 28 25 53 4
490000 24 17 95 4
430000 18 13 127 6
441000 52 23 202 6
440000 36 20 259 6
472000 40 18 318 6
471000 34 13 365 7
470000 32 12 410 7
431000 20 9 440 7
44f000 53 22 516 7
7fd2c7f05000 59 30 606 11
7fd2c7ee1000 115 7 728 11
7fd2c7f04000 55 8 792 11
7fd2c7f03000 45 14 852 12
7fd2c7fee000 85 7 944 13
7fd2c7fed000 102 4 1050 13
7fd2c7fec000 65 9 1125 13
7fd2c7fea000 70 3 1199 13
7fd2c7fa4000 39 2 1241 13
433000 39 2 1283 13
7fd2c7ee3000 66 4 1354 13
7fd2c801f000 93 5 1453 13
7fd2c801e000 94 5 1552 13
7fd2c7fde000 83 15 1650 13
7fd2c7fdc000 45 3 1698 13
7fd2c7ef3000 54 6 1758 14
1763 14
