0x404000
404000 83 55 139 3
632000 1061 209 1410 4
403000 32 24 1467 5
402000 17 14 1499 7
634000 1054 139 2692 9
5f8000 55 17 2765 10
5c7000 56 11 2832 10
5c6000 52 14 2899 11
59f000 53 7 2960 11
633000 1059 73 4093 11
505000 72 8 4174 11
504000 54 6 4235 12
549000 88 7 4330 12
7f736669f000 76 16 4423 12
599000 79 6 4509 12
4df000 33 2 4545 12
58a000 50 3 4600 13
589000 90 5 4696 13
50f000 68 2 4767 13
412000 57 2 4827 13
5b3000 46 2 4875 13
617000 68 2 4946 14
4956 14
0x632000
632000 1059 241 1300 2
1300 2
0x403000
403000 32 30 63 4
402000 17 14 94 6
634000 1059 153 1307 8
5f8000 56 18 1382 10
5c7000 56 11 1450 10
5c6000 52 14 1517 11
59f000 53 8 1579 11
633000 1064 72 2716 11
505000 72 8 2797 11
504000 54 6 2858 12
549000 87 7 2953 12
632000 1059 52 4065 12
7f736669f000 76 16 4158 12
599000 79 6 4244 12
4df000 32 3 4280 12
58a000 50 3 4334 13
589000 90 5 4430 13
50f000 67 3 4501 13
412000 57 2 4561 13
5b3000 46 1 4609 13
617000 68 3 4681 14
4690 14
0x402000
402000 16 18 35 3
35 3
0x634000
634000 1047 236 1284 3
1285 3
0x5f8000
5f8000 55 39 95 6
5c7000 55 22 173 9
634000 1050 109 1333 9
5c6000 51 18 1403 11
59f000 53 7 1464 11
633000 1050 73 2588 11
505000 71 8 2668 11
504000 54 6 2729 12
403000 32 4 2765 12
402000 17 1 2783 12
45c000 51 4 2839 12
45b000 47 3 2890 12
7f73666a5000 32 5 2928 13
7f73666a4000 54 6 2989 14
2995 14
0x5c7000
5c7000 55 34 89 9
634000 1048 109 1247 9
5c6000 51 19 1318 11
59f000 52 8 1379 11
633000 1060 73 2513 11
505000 73 7 2593 11
504000 55 5 2654 12
403000 32 3 2690 12
402000 17 2 2710 12
5f8000 55 5 2770 12
538000 66 5 2842 12
537000 42 3 2888 12
575000 43 3 2935 12
536000 46 3 2984 13
535000 47 1 3033 13
424000 52 1 3087 13
5ab000 52 1 3141 13
5aa000 46 2 3190 13
5a9000 51 1 3243 13
44c000 61 2 3307 13
632000 1063 37 4407 13
4d1000 67 2 4476 13
482000 59 2 4537 13
49f000 65 2 4604 13
49e000 47 1 4653 13
49d000 62 1 4717 13
49c000 49 1 4768 13
49b000 45 1 4815 13
5c1000 61 2 4879 13
7f73667ea000 81 3 4964 13
528000 46 1 5011 13
7f736669f000 77 8 5097 13
530000 40 1 5138 13
52f000 55 2 5196 13
7f736670e000 57 2 5256 13
7f736670d000 51 0 5308 13
7f736670c000 46 0 5355 13
564000 110 4 5470 13
563000 38 2 5511 13
7f7366707000 77 1 5590 13
631000 246 5 5842 13
47a000 69 3 5916 13
51e000 55 2 5974 13
51d000 66 2 6043 13
51c000 60 1 6105 13
51b000 73 2 6180 13
472000 62 2 6245 13
471000 37 1 6284 13
470000 48 1 6334 13
568000 74 2 6410 13
4b8000 57 1 6469 13
4b7000 71 4 6545 13
4b6000 43 1 6590 13
515000 37 1 6629 13
525000 89 3 6722 13
509000 55 1 6779 13
508000 58 2 6841 13
507000 40 0 6882 13
475000 51 3 6937 13
474000 66 2 7005 13
473000 70 2 7078 13
543000 63 2 7145 13
542000 52 2 7200 13
541000 65 1 7267 13
5be000 82 2 7352 13
540000 31 1 7384 13
53f000 21 0 7406 13
53e000 35 0 7442 13
53d000 61 2 7505 13
7f7366718000 64 10 7580 13
7f7366717000 100 6 7687 13
4f1000 68 2 7758 13
5d1000 48 2 7809 13
4f6000 57 2 7869 13
4df000 33 1 7904 13
58a000 50 1 7956 13
589000 95 4 8056 13
50f000 69 2 8128 13
412000 58 2 8189 13
5b3000 47 1 8237 13
617000 69 2 8309 14
8343 14
0x5c6000
5c6000 52 45 97 8
59f000 53 16 167 10
633000 1065 89 1322 10
505000 73 10 1406 10
634000 1067 85 2559 10
504000 54 8 2622 11
403000 33 6 2661 12
402000 17 2 2680 12
5f8000 56 5 2741 12
5c7000 56 4 2801 12
7f736670e000 58 5 2865 12
7f736670d000 51 2 2918 12
7f736670c000 46 2 2967 12
7f7366718000 63 20 3051 13
7f7366717000 100 6 3158 13
4f0000 46 1 3205 13
632000 1066 37 4309 13
7f736669f000 77 8 4395 13
532000 56 2 4453 13
552000 106 4 4564 13
631000 248 4 4817 13
551000 76 8 4903 13
584000 79 2 4985 13
44b000 46 2 5034 13
4a8000 72 2 5109 13
4a7000 77 3 5190 13
61f000 64 1 5256 13
61e000 43 0 5300 13
5a8000 60 1 5362 13
507000 39 1 5403 13
475000 50 3 5457 13
474000 66 2 5526 13
473000 71 2 5600 13
472000 62 2 5665 13
471000 37 1 5704 13
470000 48 1 5754 13
568000 74 2 5830 13
4b8000 57 1 5889 13
4b7000 72 4 5966 13
4b6000 43 1 6011 13
515000 37 1 6050 13
525000 89 3 6143 13
509000 55 1 6200 13
508000 58 2 6262 13
5d0000 65 3 6331 13
7f7366707000 78 1 6411 13
4e9000 36 1 6449 13
5e0000 64 1 6515 13
5df000 50 1 6567 13
45f000 32 1 6601 14
6621 14
0x59f000
59f000 53 38 91 8
633000 1065 127 1284 9
505000 73 15 1372 9
634000 1071 106 2550 9
504000 54 13 2618 10
403000 33 9 2660 11
402000 17 4 2682 11
5f8000 55 10 2748 11
5c7000 56 8 2813 11
5c6000 52 11 2877 12
45d000 57 5 2940 13
503000 64 2 3007 13
4d8000 57 2 3068 13
632000 1065 37 4171 13
4d7000 68 2 4241 13
4d6000 64 2 4308 13
631000 248 5 4562 13
5f7000 57 2 4622 13
5f6000 43 1 4667 13
4a8000 72 2 4742 13
4a7000 77 3 4823 13
61f000 64 2 4889 13
61e000 42 1 4933 13
5a8000 60 1 4995 13
7f7366718000 64 10 5069 13
7f7366717000 100 6 5176 13
507000 39 1 5217 13
475000 50 3 5271 13
474000 66 2 5340 13
473000 70 2 5413 13
472000 63 2 5479 13
471000 37 1 5518 13
470000 48 1 5567 13
568000 74 2 5644 13
4b8000 57 1 5703 13
4b7000 72 3 5779 13
4b6000 44 0 5824 13
515000 38 1 5864 13
525000 89 3 5957 13
509000 55 2 6014 13
7f736669f000 77 8 6100 13
508000 58 2 6161 13
5d0000 65 3 6231 13
7f7366707000 78 1 6311 13
4e9000 37 1 6349 13
5e0000 64 1 6415 13
5df000 50 1 6467 13
45f000 32 1 6501 14
6523 14
0x633000
633000 1067 251 1319 2
505000 72 36 1428 8
634000 1068 123 2620 8
504000 55 15 2690 9
403000 33 12 2735 10
402000 17 6 2759 10
5f8000 56 13 2828 11
5c7000 56 8 2893 11
5c6000 52 11 2957 12
59f000 53 5 3016 12
59e000 53 3 3073 12
511000 69 6 3149 12
510000 46 3 3198 12
50f000 68 7 3274 12
412000 58 5 3337 12
5b3000 47 4 3388 12
632000 1065 53 4507 12
617000 68 6 4582 13
5b2000 30 1 4614 13
635000 130 3 4748 13
631000 247 7 5003 13
7f736644b000 44 2 5050 13
7f736644a000 60 2 5113 13
7f7366449000 71 3 5188 13
7f7366452000 58 5 5251 13
7f7366451000 55 2 5309 13
7f7366450000 60 2 5372 13
7f736644e000 62 2 5437 13
7f7366455000 244 9 5691 13
7f736644d000 96 3 5791 13
7f736644c000 36 2 5830 13
7f7366453000 36 3 5870 13
7f7366454000 123 5 5999 13
7f7366448000 53 2 6055 13
7f736644f000 36 2 6094 13
408000 59 3 6159 13
7f736669f000 76 9 6245 13
7f7366707000 77 2 6325 13
594000 48 3 6377 13
593000 67 3 6448 13
7f7366718000 63 11 6523 14
6533 14
0x505000
505000 72 37 109 8
634000 1053 123 1286 8
504000 54 15 1355 9
633000 1052 111 2518 9
60f000 91 21 2631 9
5e4000 75 30 2736 11
451000 67 8 2812 11
7f7366718000 63 33 2909 12
7f7366717000 99 14 3023 12
403000 32 5 3061 12
402000 17 3 3082 12
5f8000 55 7 3144 12
5c7000 55 6 3206 12
5c6000 52 7 3266 13
59f000 53 2 3322 13
59e000 52 1 3376 13
511000 68 2 3447 13
510000 45 1 3494 13
50f000 67 3 3565 13
412000 56 2 3624 13
5b3000 45 2 3672 13
632000 1052 37 4762 13
617000 68 2 4832 14
4841 14
0x504000
504000 54 30 84 4
84 4
0x549000
549000 88 51 139 8
632000 1055 122 1317 9
633000 1058 112 2487 9
505000 72 15 2574 9
634000 1051 106 3732 9
504000 54 12 3798 10
403000 32 9 3840 11
402000 17 4 3862 11
5f8000 55 10 3927 11
5c7000 55 9 3992 11
5c6000 51 11 4055 12
59f000 53 4 4113 12
59e000 52 4 4170 12
511000 69 6 4246 12
510000 45 3 4295 12
50f000 68 6 4370 12
412000 57 5 4433 12
5b3000 46 5 4484 12
617000 68 6 4559 13
5b2000 30 1 4590 13
635000 130 3 4724 13
631000 247 7 4978 13
7f736644b000 44 2 5025 13
7f736644a000 60 2 5088 13
7f7366449000 70 2 5161 13
7f7366452000 58 4 5224 13
7f7366451000 55 2 5282 13
7f7366450000 59 3 5345 13
7f736644e000 61 2 5409 13
7f7366455000 243 10 5663 13
7f736644d000 96 3 5762 13
7f736644c000 36 1 5800 13
7f7366453000 37 2 5840 13
7f7366454000 123 5 5970 13
7f7366448000 52 2 6025 13
7f736644f000 36 2 6064 13
408000 60 2 6129 13
7f736669f000 77 9 6216 13
7f7366707000 77 2 6296 13
594000 49 3 6349 13
593000 68 3 6420 13
7f7366718000 63 12 6496 14
6506 14
0x599000
599000 79 48 127 9
4df000 33 11 172 9
632000 1059 107 1339 9
633000 1062 112 2514 9
505000 72 15 2602 9
634000 1059 106 3768 9
504000 54 12 3834 10
403000 32 9 3876 11
402000 17 4 3898 11
5f8000 55 10 3964 11
5c7000 56 8 4028 11
5c6000 52 11 4092 12
59f000 53 5 4150 12
59e000 52 3 4206 12
511000 68 6 4281 12
510000 46 3 4330 12
50f000 68 6 4404 12
412000 57 5 4467 12
5b3000 46 5 4518 12
617000 67 6 4592 13
5b2000 29 2 4624 13
635000 128 4 4757 13
631000 244 6 5007 13
7f736644b000 43 3 5055 13
7f736644a000 59 2 5117 13
7f7366449000 70 2 5190 13
7f7366452000 57 5 5253 13
7f7366451000 55 2 5311 13
7f7366450000 59 3 5374 13
7f736644e000 61 2 5438 13
7f7366455000 241 10 5690 13
7f736644d000 95 3 5788 13
7f736644c000 36 2 5827 13
7f7366453000 36 3 5867 13
7f7366454000 123 5 5996 13
7f7366448000 52 2 6051 13
7f736644f000 36 1 6089 13
408000 59 2 6154 13
7f736669f000 77 9 6241 13
7f7366707000 77 3 6322 13
594000 49 3 6374 13
593000 67 3 6445 13
7f7366718000 63 12 6521 14
6532 14
0x4df000
4df000 34 28 62 4
632000 1063 194 1319 4
633000 1067 201 2588 4
505000 72 31 2692 8
634000 1062 122 3876 8
504000 54 15 3946 9
403000 32 12 3991 10
402000 16 7 4015 10
5f8000 56 13 4084 11
5c7000 56 8 4149 11
5c6000 52 11 4213 12
59f000 53 4 4271 12
59e000 53 3 4328 12
511000 69 5 4403 12
510000 46 3 4453 12
50f000 68 6 4527 12
412000 57 6 4591 12
5b3000 46 4 4641 12
617000 68 6 4716 13
5b2000 29 2 4748 13
635000 129 3 4881 13
631000 247 6 5135 13
7f736644b000 44 2 5183 13
7f736644a000 59 2 5245 13
7f7366449000 71 2 5319 13
7f7366452000 57 5 5382 13
7f7366451000 55 2 5440 13
7f7366450000 59 3 5503 13
7f736644e000 61 2 5567 13
7f7366455000 243 9 5820 13
7f736644d000 95 3 5919 13
7f736644c000 36 1 5957 13
7f7366453000 37 2 5997 13
7f7366454000 122 5 6126 13
7f7366448000 52 2 6181 13
7f736644f000 35 2 6220 13
408000 59 3 6285 13
7f736669f000 77 9 6372 13
7f7366707000 77 3 6453 13
594000 49 3 6505 13
593000 67 3 6576 13
7f7366718000 63 12 6652 14
6662 14
0x58a000
58a000 50 28 78 7
634000 1061 141 1281 7
589000 90 40 1412 10
50f000 68 15 1496 11
412000 57 11 1565 11
5b3000 46 10 1621 12
632000 1062 55 2739 12
617000 68 6 2813 13
5b2000 30 2 2846 13
635000 129 4 2979 13
631000 245 7 3232 13
7f736644b000 44 3 3280 13
7f736644a000 59 3 3343 13
7f7366449000 70 3 3417 13
7f7366452000 57 5 3480 13
7f7366451000 55 2 3538 13
7f7366450000 59 3 3601 13
7f736644e000 61 3 3666 14
3672 14
0x589000
589000 90 71 161 8
50f000 68 24 254 10
412000 57 14 325 10
5b3000 46 12 384 11
632000 1062 70 1517 11
617000 68 10 1595 12
5b2000 30 4 1629 12
635000 129 7 1766 12
631000 246 11 2023 12
7f736644b000 43 5 2073 12
7f736644a000 60 4 2138 12
7f7366449000 70 5 2214 12
7f7366452000 58 9 2282 12
7f7366451000 55 4 2342 12
7f7366450000 59 6 2408 12
7f736644e000 61 5 2475 13
7f7366455000 242 10 2728 13
7f736644d000 96 2 2826 13
7f736644c000 36 2 2865 13
7f7366453000 37 2 2905 13
7f7366454000 122 5 3033 13
7f7366448000 52 3 3089 13
7f736644f000 36 1 3127 13
403000 33 2 3165 13
402000 17 1 3184 13
634000 1061 38 4283 13
5f8000 56 3 4342 13
5c7000 56 2 4401 13
5c6000 52 4 4458 13
59f000 53 3 4515 13
633000 1063 40 5618 13
505000 72 3 5694 13
504000 54 3 5752 13
549000 88 5 5845 13
7f736669f000 76 10 5932 13
599000 80 4 6016 13
4df000 33 3 6052 13
58a000 51 2 6105 14
6115 14
0x50f000
50f000 68 47 116 9
412000 57 17 191 10
5b3000 46 13 250 11
632000 1060 70 1381 11
617000 68 10 1460 12
5b2000 30 4 1494 12
635000 129 7 1630 12
631000 246 11 1887 12
7f736644b000 43 6 1938 12
7f736644a000 59 4 2002 12
7f7366449000 70 5 2078 12
7f7366452000 57 10 2146 12
7f7366451000 55 4 2205 12
7f7366450000 59 6 2271 12
7f736644e000 60 6 2338 13
7f7366455000 241 9 2588 13
7f736644d000 94 3 2686 13
7f736644c000 35 2 2724 13
7f7366453000 37 2 2764 13
7f7366454000 122 5 2892 13
7f7366448000 52 2 2947 13
7f736644f000 35 2 2985 13
403000 32 3 3023 13
402000 17 2 3042 13
634000 1047 38 4127 13
5f8000 55 3 4186 13
5c7000 55 3 4245 13
5c6000 51 4 4301 13
59f000 53 3 4358 13
633000 1054 40 5453 13
505000 72 3 5528 13
504000 55 2 5586 13
549000 89 4 5679 13
7f736669f000 77 9 5766 13
599000 79 4 5850 13
4df000 33 2 5886 13
58a000 51 2 5940 14
5949 14
0x412000
412000 58 43 101 5
101 5
0x5b3000
5b3000 47 38 85 6
632000 1061 157 1304 6
617000 67 29 1401 8
5b2000 30 11 1442 8
635000 129 19 1591 12
631000 246 11 1849 12
7f736644b000 43 6 1900 12
7f736644a000 59 4 1964 12
7f7366449000 71 5 2041 12
7f7366452000 57 10 2109 12
7f7366451000 54 5 2169 12
7f7366450000 59 6 2235 12
7f736644e000 61 5 2302 13
7f7366455000 242 10 2555 13
7f736644d000 96 2 2653 13
7f736644c000 36 2 2692 13
7f7366453000 37 2 2732 13
7f7366454000 123 5 2861 13
7f7366448000 52 2 2916 13
7f736644f000 36 2 2955 13
403000 32 3 2993 13
402000 17 1 3011 13
634000 1059 38 4109 13
5f8000 55 3 4168 13
5c7000 56 3 4228 13
5c6000 52 3 4284 13
59f000 53 3 4341 13
633000 1059 40 5441 13
505000 72 3 5517 13
504000 54 2 5574 13
549000 88 4 5667 13
7f736669f000 76 10 5754 13
599000 79 4 5838 13
4df000 33 2 5874 13
58a000 50 2 5927 14
5936 14
0x617000
617000 68 46 114 8
114 8
0x5b2000
5b2000 30 22 52 3
635000 129 34 216 8
631000 246 32 495 8
7f736644b000 43 16 556 9
7f736644a000 60 10 627 9
7f7366449000 70 13 711 9
7f7366452000 57 23 792 10
7f7366451000 54 7 854 10
7f7366450000 59 10 924 10
7f736644e000 60 9 994 11
7f7366455000 240 20 1255 12
7f736644d000 94 5 1355 12
7f736644c000 36 4 1396 12
7f7366453000 37 5 1438 12
7f7366454000 121 9 1569 12
7f7366448000 51 4 1626 12
7f736644f000 36 3 1666 12
403000 33 4 1706 13
402000 17 1 1725 13
634000 1064 38 2827 13
5f8000 56 3 2886 13
5c7000 55 3 2945 13
5c6000 51 4 3001 13
59f000 53 3 3058 13
633000 1054 40 4153 13
505000 72 3 4229 13
504000 54 2 4286 13
549000 88 4 4378 13
632000 1052 39 5470 13
7f736669f000 77 9 5556 13
599000 78 4 5639 13
4df000 33 2 5675 13
58a000 50 2 5728 14
5736 14
0x635000
635000 128 40 169 7
631000 246 37 452 7
7f736644b000 44 18 515 9
7f736644a000 60 10 586 9
7f7366449000 70 13 670 9
7f7366452000 58 23 752 10
7f7366451000 54 8 815 10
7f7366450000 59 10 885 10
7f736644e000 61 8 955 11
7f7366455000 242 20 1218 12
7f736644d000 95 5 1318 12
7f736644c000 36 4 1359 12
7f7366453000 36 5 1401 12
7f7366454000 123 9 1534 12
7f7366448000 52 4 1591 12
7f736644f000 36 3 1631 12
403000 33 4 1671 13
402000 17 1 1690 13
634000 1058 38 2786 13
5f8000 55 3 2845 13
5c7000 56 3 2905 13
5c6000 52 3 2961 13
59f000 53 3 3018 13
633000 1059 40 4118 13
505000 72 3 4194 13
504000 54 2 4251 13
549000 89 4 4344 13
632000 1063 38 5446 13
7f736669f000 77 9 5533 13
599000 79 4 5617 13
4df000 33 2 5653 13
58a000 50 2 5706 14
5713 14
0x631000
631000 246 66 312 1
313 1
0x408000
408000 59 31 91 6
632000 1065 159 1315 7
7f736669f000 77 60 1452 9
403000 33 12 1497 10
402000 16 7 1521 10
634000 1060 90 2671 10
5f8000 55 13 2740 11
5c7000 56 9 2806 11
5c6000 52 11 2869 12
59f000 53 5 2928 12
633000 1063 55 4047 12
505000 72 4 4124 12
504000 55 3 4183 12
549000 88 7 4278 12
599000 79 6 4364 12
4df000 33 3 4401 12
58a000 51 3 4456 13
589000 89 5 4551 13
50f000 68 3 4623 13
412000 57 2 4683 13
5b3000 46 1 4731 13
617000 69 2 4803 14
4813 14
0x594000
594000 49 35 85 6
5b3000 46 25 157 8
632000 1061 120 1338 8
617000 68 21 1427 10
5b2000 30 7 1464 10
635000 129 12 1606 12
631000 246 12 1865 12
7f736644b000 44 5 1915 12
7f736644a000 60 4 1980 12
7f7366449000 70 6 2057 12
7f7366452000 58 9 2124 12
7f7366451000 55 4 2184 12
7f7366450000 59 6 2250 12
7f736644e000 61 5 2317 13
7f7366455000 243 9 2570 13
7f736644d000 95 3 2669 13
7f736644c000 35 2 2707 13
7f7366453000 37 2 2747 13
7f7366454000 123 5 2876 13
7f7366448000 52 2 2931 13
7f736644f000 36 1 2970 13
403000 33 2 3008 13
402000 17 1 3027 13
634000 1062 38 4127 13
5f8000 55 3 4186 13
5c7000 56 3 4246 13
5c6000 52 4 4302 13
59f000 53 3 4359 13
633000 1062 40 5462 13
505000 72 3 5538 13
504000 54 2 5595 13
549000 88 4 5688 13
7f736669f000 76 10 5775 13
599000 80 3 5858 13
4df000 33 3 5895 13
58a000 51 2 5948 14
5957 14
0x593000
593000 67 35 102 6
634000 1065 155 1323 8
403000 32 15 1371 9
402000 17 7 1396 9
5f8000 55 17 1469 10
5c7000 56 12 1537 10
5c6000 51 15 1604 11
59f000 53 7 1665 11
633000 1060 73 2799 11
505000 72 7 2879 11
504000 55 5 2940 12
549000 88 6 3035 12
632000 1063 52 4151 12
7f736669f000 77 15 4244 12
599000 79 6 4330 12
4df000 33 3 4367 12
58a000 50 3 4421 13
589000 90 4 4516 13
50f000 68 3 4588 13
412000 57 2 4648 13
5b3000 46 2 4696 13
617000 68 2 4767 14
4777 14
0x618000
618000 71 50 122 9
434000 62 17 202 10
5c6000 52 14 269 11
59f000 53 8 331 11
633000 1059 73 1464 11
505000 71 8 1544 11
634000 1059 69 2673 11
504000 54 6 2734 12
403000 33 3 2770 12
402000 16 2 2789 12
5f8000 56 4 2849 12
5c7000 56 4 2910 12
7f736670e000 57 5 2973 12
7f736670d000 50 2 3026 12
7f736670c000 46 1 3074 12
7f7366718000 64 20 3159 13
7f7366717000 100 6 3265 13
4f0000 45 1 3312 13
632000 1076 37 4426 13
7f736669f000 77 8 4511 13
532000 58 2 4572 13
552000 104 4 4681 13
631000 244 5 4931 13
551000 75 9 5016 13
584000 78 2 5096 13
44b000 46 1 5144 13
4a8000 71 2 5219 13
4a7000 76 3 5299 13
61f000 63 2 5365 13
61e000 42 0 5408 13
5a8000 59 2 5470 13
507000 39 1 5510 13
475000 50 3 5564 13
474000 65 2 5632 13
473000 70 2 5705 13
472000 63 2 5771 13
471000 36 1 5809 13
470000 48 0 5858 13
568000 73 2 5934 13
4b8000 57 1 5993 13
4b7000 71 3 6068 13
4b6000 43 1 6113 13
515000 37 1 6152 13
525000 91 5 6249 13
509000 58 2 6310 13
508000 58 2 6371 13
5d0000 64 3 6440 13
7f7366707000 78 1 6520 13
4e9000 37 0 6557 13
5e0000 64 2 6624 13
5df000 49 1 6675 13
45f000 31 1 6708 14
6729 14
0x434000
434000 62 44 106 5
106 5
0x5d4000
5d4000 54 53 107 9
633000 1065 109 1282 10
505000 72 11 1366 10
634000 1068 88 2523 10
504000 54 8 2586 11
403000 32 5 2624 12
402000 17 1 2643 12
5f8000 55 5 2704 12
5c7000 56 3 2764 12
5c6000 52 6 2823 12
59f000 52 5 2881 12
59e000 52 4 2938 12
511000 69 5 3013 12
510000 50 3 3067 12
50f000 68 6 3142 12
412000 57 5 3205 12
5b3000 46 4 3256 12
632000 1053 52 4362 12
617000 67 6 4436 13
5b2000 30 2 4468 13
635000 128 3 4600 13
631000 245 6 4851 13
7f736644b000 44 3 4899 13
7f736644a000 60 2 4961 13
7f7366449000 70 2 5034 13
7f7366452000 57 5 5097 13
7f7366451000 54 2 5154 13
7f7366450000 59 3 5217 13
7f736644e000 61 2 5281 13
7f7366455000 242 10 5534 13
7f736644d000 95 3 5633 13
7f736644c000 35 2 5671 13
7f7366453000 37 2 5711 13
7f7366454000 123 5 5841 13
7f7366448000 52 2 5896 13
7f736644f000 36 2 5935 13
408000 60 2 6000 13
7f736669f000 77 10 6088 13
7f7366707000 77 2 6167 13
594000 48 3 6219 13
593000 67 2 6289 13
7f7366718000 63 12 6365 14
6376 14
0x4dc000
4dc000 41 29 70 6
633000 1058 165 1294 7
505000 72 22 1388 9
634000 1052 105 2545 9
504000 54 12 2612 10
403000 33 9 2654 11
402000 17 4 2676 11
5f8000 55 9 2741 11
5c7000 56 8 2806 11
5c6000 51 11 2869 12
59f000 53 4 2927 12
59e000 52 4 2984 12
511000 68 5 3058 12
510000 45 3 3107 12
50f000 68 6 3182 12
412000 56 5 3244 12
5b3000 46 5 3296 12
632000 1064 52 4413 12
617000 68 6 4488 13
5b2000 30 1 4519 13
635000 128 4 4652 13
631000 246 6 4904 13
7f736644b000 44 2 4951 13
7f736644a000 59 2 5013 13
7f7366449000 70 3 5087 13
7f7366452000 57 5 5150 13
7f7366451000 54 2 5207 13
7f7366450000 59 3 5270 13
7f736644e000 60 3 5334 13
7f7366455000 241 9 5585 13
7f736644d000 94 3 5683 13
7f736644c000 35 2 5721 13
7f7366453000 36 3 5761 13
7f7366454000 121 5 5888 13
7f7366448000 52 2 5943 13
7f736644f000 36 2 5982 13
408000 58 3 6046 13
7f736669f000 76 10 6133 13
7f7366707000 77 3 6213 13
594000 49 3 6265 13
593000 67 3 6335 13
7f7366718000 63 11 6410 14
6421 14
0x4f8000
4f8000 54 40 94 7
632000 1058 143 1296 7
4f7000 46 18 1360 7
633000 1056 149 2566 7
505000 72 22 2661 9
634000 1071 108 3841 9
504000 57 12 3911 10
403000 32 10 3953 11
402000 16 5 3975 11
5f8000 56 10 4041 11
5c7000 55 9 4106 11
5c6000 55 11 4172 12
59f000 53 5 4231 12
59e000 57 3 4292 12
511000 69 6 4368 12
510000 50 3 4422 12
50f000 79 6 4508 12
412000 58 6 4573 12
5b3000 47 4 4624 12
617000 69 6 4700 13
5b2000 30 2 4733 13
635000 131 4 4869 13
631000 247 6 5122 13
7f736644b000 46 3 5172 13
7f736644a000 60 2 5235 13
7f7366449000 80 2 5318 13
7f7366452000 58 4 5381 13
7f7366451000 55 2 5439 13
7f7366450000 60 3 5503 13
7f736644e000 61 2 5567 13
7f7366455000 269 10 5847 13
7f736644d000 95 3 5945 13
7f736644c000 37 2 5985 13
7f7366453000 36 3 6025 13
7f7366454000 127 8 6161 13
7f7366448000 62 4 6228 13
7f736644f000 47 2 6279 13
408000 60 3 6345 13
7f736669f000 82 10 6438 13
7f7366707000 82 3 6524 13
594000 54 3 6582 13
593000 78 3 6664 13
7f7366718000 63 12 6740 14
6752 14
0x4f7000
4f7000 47 31 78 4
633000 1087 202 1368 4
505000 72 31 1472 8
634000 1072 123 2667 8
504000 55 15 2738 9
403000 33 13 2784 10
402000 17 6 2808 10
5f8000 56 13 2877 11
5c7000 55 9 2942 11
5c6000 52 11 3006 12
59f000 53 4 3064 12
59e000 53 4 3122 12
511000 69 6 3198 12
510000 45 3 3247 12
50f000 69 6 3323 12
412000 57 5 3386 12
5b3000 47 5 3439 12
632000 1070 52 4562 12
617000 68 6 4637 13
5b2000 30 2 4669 13
635000 130 4 4804 13
631000 247 6 5057 13
7f736644b000 44 2 5105 13
7f736644a000 59 2 5167 13
7f7366449000 70 3 5241 13
7f7366452000 57 5 5304 13
7f7366451000 54 2 5361 13
7f7366450000 60 3 5425 13
7f736644e000 60 3 5489 13
7f7366455000 242 9 5741 13
7f736644d000 96 2 5840 13
7f736644c000 36 2 5879 13
7f7366453000 37 2 5919 13
7f7366454000 121 6 6048 13
7f7366448000 52 2 6103 13
7f736644f000 36 2 6142 13
408000 60 2 6207 13
7f736669f000 77 9 6294 13
7f7366707000 77 2 6374 13
594000 49 2 6426 13
593000 69 2 6498 13
7f7366718000 64 12 6575 14
6586 14
0x42b000
42b000 54 27 82 6
7f7366707000 77 20 180 8
403000 32 15 228 9
402000 16 8 253 10
634000 1066 90 1409 10
5f8000 56 13 1479 10
5c7000 55 12 1547 10
5c6000 51 15 1614 11
59f000 53 7 1675 11
633000 1076 73 2825 11
505000 72 8 2906 11
504000 55 5 2967 12
549000 93 7 3068 12
632000 1081 53 4203 12
7f736669f000 77 16 4296 12
599000 80 7 4383 12
4df000 33 3 4419 12
58a000 51 3 4474 13
589000 92 5 4572 13
50f000 69 3 4645 13
412000 58 2 4706 13
5b3000 46 2 4755 13
617000 67 3 4826 14
4835 14
0x42a000
42a000 46 33 79 8
632000 1069 125 1274 8
429000 61 18 1353 9
485000 40 11 1404 9
633000 1075 107 2587 9
505000 72 13 2673 11
634000 1097 69 3840 11
504000 54 6 3901 12
403000 32 3 3937 12
402000 17 1 3956 12
5f8000 55 4 4016 12
5c7000 56 4 4077 12
5c6000 51 6 4135 12
59f000 53 4 4193 12
59e000 54 4 4252 12
511000 70 6 4329 12
510000 46 3 4379 12
50f000 69 6 4455 12
412000 56 6 4518 12
5b3000 46 5 4569 12
617000 71 6 4647 13
5b2000 33 3 4684 13
635000 138 3 4826 13
631000 247 7 5081 13
7f736644b000 45 2 5129 13
7f736644a000 64 2 5196 13
7f7366449000 73 2 5272 13
7f7366452000 57 5 5335 13
7f7366451000 58 4 5398 13
7f7366450000 60 3 5462 13
7f736644e000 61 3 5527 13
7f7366455000 248 9 5785 13
7f736644d000 97 3 5886 13
7f736644c000 36 2 5924 13
7f7366453000 38 2 5965 13
7f7366454000 123 6 6096 13
7f7366448000 52 2 6151 13
7f736644f000 37 2 6191 13
408000 60 2 6256 13
7f736669f000 78 10 6345 13
7f7366707000 79 3 6428 13
594000 50 3 6481 13
593000 73 2 6556 13
7f7366718000 64 12 6633 14
6644 14
0x429000
429000 66 39 105 7
105 7
0x485000
485000 41 33 74 4
74 4
0x419000
419000 60 39 99 7
99 7
0x520000
520000 34 25 59 5
51f000 31 19 110 9
51e000 55 19 185 11
51d000 70 8 264 11
632000 1082 72 1419 11
51c000 60 7 1487 11
51b000 73 7 1568 11
633000 1079 73 2721 11
505000 77 7 2806 11
634000 1072 69 3948 11
504000 54 5 4008 12
403000 34 3 4046 12
402000 17 1 4065 12
5f8000 55 4 4125 12
5c7000 56 4 4186 12
5c6000 52 5 4244 12
59f000 53 5 4303 12
59e000 52 3 4359 12
511000 69 6 4435 12
510000 45 4 4485 12
50f000 69 6 4560 12
412000 57 5 4623 12
5b3000 50 5 4679 12
617000 68 6 4754 13
5b2000 30 1 4786 13
635000 134 4 4925 13
631000 245 7 5177 13
7f736644b000 44 3 5225 13
7f736644a000 60 2 5288 13
7f7366449000 71 3 5363 13
7f7366452000 58 5 5426 13
7f7366451000 57 2 5486 13
7f7366450000 59 3 5549 13
7f736644e000 64 3 5617 13
7f7366455000 241 10 5869 13
7f736644d000 96 2 5967 13
7f736644c000 36 2 6006 13
7f7366453000 37 2 6046 13
7f7366454000 123 5 6176 13
7f7366448000 54 3 6234 13
7f736644f000 36 2 6273 13
408000 59 3 6338 13
7f736669f000 77 10 6426 13
7f7366707000 79 3 6508 13
594000 49 3 6560 13
593000 68 3 6632 13
7f7366718000 63 12 6708 14
6723 14
0x51f000
51f000 32 27 59 7
51e000 55 27 142 9
51d000 65 15 223 9
632000 1064 107 1395 9
51c000 59 13 1468 9
51b000 73 13 1555 9
633000 1085 111 2752 9
505000 74 14 2841 11
634000 1065 69 3976 11
504000 57 5 4039 12
403000 32 3 4075 12
402000 17 1 4094 12
5f8000 55 5 4155 12
5c7000 56 4 4216 12
5c6000 52 5 4274 12
59f000 54 4 4333 12
59e000 53 3 4390 12
511000 68 6 4465 12
510000 47 4 4517 12
50f000 68 6 4591 12
412000 57 5 4654 12
5b3000 46 4 4705 12
617000 70 7 4783 13
5b2000 30 2 4815 13
635000 134 3 4952 13
631000 250 6 5208 13
7f736644b000 44 3 5256 13
7f736644a000 60 2 5319 13
7f7366449000 71 3 5394 13
7f7366452000 57 5 5457 13
7f7366451000 58 2 5518 13
7f7366450000 61 2 5582 13
7f736644e000 61 3 5647 13
7f7366455000 243 10 5901 13
7f736644d000 95 3 6000 13
7f736644c000 36 2 6039 13
7f7366453000 36 3 6079 13
7f7366454000 122 5 6207 13
7f7366448000 52 2 6262 13
7f736644f000 35 2 6301 13
408000 60 2 6366 13
7f736669f000 76 10 6453 13
7f7366707000 77 2 6533 13
594000 49 2 6585 13
593000 68 3 6657 13
7f7366718000 64 12 6733 14
6747 14
0x51e000
51e000 57 52 109 6
51d000 67 25 202 6
632000 1072 161 1436 6
51c000 59 22 1518 8
51b000 77 18 1614 8
633000 1091 135 2841 8
505000 73 19 2933 10
634000 1081 90 4105 10
504000 55 10 4171 11
403000 33 7 4211 11
402000 18 4 4234 11
5f8000 56 10 4301 11
5c7000 56 8 4366 11
5c6000 52 11 4430 12
59f000 52 5 4488 12
59e000 52 3 4544 12
511000 69 5 4619 12
510000 45 3 4668 12
50f000 68 6 4743 12
412000 58 5 4807 12
5b3000 46 5 4859 12
617000 68 6 4934 13
5b2000 30 2 4966 13
635000 131 4 5102 13
631000 248 6 5356 13
7f736644b000 44 3 5405 13
7f736644a000 60 2 5468 13
7f7366449000 71 3 5543 13
7f7366452000 58 5 5607 13
7f7366451000 55 3 5666 13
7f7366450000 60 3 5730 13
7f736644e000 66 2 5799 13
7f7366455000 244 10 6054 13
7f736644d000 97 3 6155 13
7f736644c000 35 2 6193 13
7f7366453000 38 2 6234 13
7f7366454000 124 5 6365 13
7f7366448000 52 2 6420 13
7f736644f000 36 2 6459 13
408000 60 3 6525 13
7f736669f000 77 10 6613 13
7f7366707000 78 3 6694 13
594000 49 3 6746 13
593000 68 3 6818 13
7f7366718000 63 12 6894 14
6906 14
0x51d000
51d000 66 39 106 5
632000 1058 178 1343 5
51c000 62 24 1430 8
51b000 74 18 1523 8
633000 1071 133 2728 8
505000 74 19 2822 10
634000 1066 90 3979 10
504000 54 10 4043 11
403000 32 7 4083 11
402000 17 4 4105 11
5f8000 55 10 4171 11
5c7000 56 8 4235 11
5c6000 52 12 4300 12
59f000 53 5 4359 12
59e000 53 3 4416 12
511000 70 5 4492 12
510000 46 3 4542 12
50f000 72 6 4621 12
412000 57 5 4684 12
5b3000 47 5 4737 12
617000 68 6 4812 13
5b2000 33 2 4848 13
635000 129 3 4981 13
631000 245 6 5233 13
7f736644b000 43 3 5281 13
7f736644a000 61 2 5345 13
7f7366449000 71 3 5420 13
7f7366452000 58 5 5483 13
7f7366451000 56 3 5543 13
7f7366450000 60 2 5606 13
7f736644e000 65 2 5674 13
7f7366455000 248 10 5933 13
7f736644d000 96 2 6032 13
7f736644c000 37 2 6072 13
7f7366453000 36 3 6112 13
7f7366454000 124 5 6242 13
7f7366448000 53 2 6298 13
7f736644f000 36 3 6338 13
408000 62 3 6407 13
7f736669f000 78 13 6499 13
7f7366707000 78 3 6581 13
594000 49 3 6634 13
593000 68 2 6705 13
7f7366718000 65 11 6782 14
6794 14
0x51c000
51c000 61 39 100 6
51b000 73 23 196 7
633000 1075 149 1421 7
505000 72 22 1516 9
634000 1063 108 2688 9
504000 56 12 2757 10
403000 33 10 2801 11
402000 17 4 2822 11
5f8000 55 10 2888 11
5c7000 57 9 2955 11
5c6000 55 11 3021 12
59f000 54 4 3080 12
59e000 54 4 3139 12
511000 70 6 3215 12
510000 47 3 3266 12
50f000 69 6 3342 12
412000 58 6 3407 12
5b3000 47 5 3460 12
632000 1060 54 4574 12
617000 69 6 4649 13
5b2000 30 2 4681 13
635000 130 3 4815 13
631000 247 6 5069 13
7f736644b000 44 2 5117 13
7f736644a000 60 2 5180 13
7f7366449000 71 2 5254 13
7f7366452000 57 5 5317 13
7f7366451000 54 3 5375 13
7f7366450000 59 3 5438 13
7f736644e000 61 2 5502 13
7f7366455000 253 10 5766 13
7f736644d000 96 3 5865 13
7f736644c000 36 2 5903 13
7f7366453000 37 2 5943 13
7f7366454000 125 7 6077 13
7f7366448000 52 2 6132 13
7f736644f000 36 2 6171 13
408000 59 2 6235 13
7f736669f000 76 10 6322 13
7f7366707000 77 2 6401 13
594000 48 3 6453 13
593000 67 3 6524 13
7f7366718000 65 12 6602 14
6612 14
0x51b000
51b000 73 35 108 4
633000 1069 201 1379 4
505000 74 30 1484 8
634000 1076 123 2684 8
504000 54 15 2754 9
403000 33 12 2799 10
402000 17 6 2823 10
5f8000 56 14 2894 11
5c7000 57 8 2960 11
5c6000 53 11 3025 12
59f000 54 5 3085 12
59e000 53 3 3142 12
511000 70 6 3219 12
510000 47 3 3270 12
50f000 70 6 3347 12
412000 60 6 3414 12
5b3000 49 5 3468 12
632000 1107 53 4629 12
617000 68 6 4703 13
5b2000 30 2 4735 13
635000 128 3 4867 13
631000 246 6 5120 13
7f736644b000 44 2 5167 13
7f736644a000 60 2 5230 13
7f7366449000 70 2 5303 13
7f7366452000 58 5 5367 13
7f7366451000 55 2 5425 13
7f7366450000 59 3 5488 13
7f736644e000 61 2 5552 13
7f7366455000 242 10 5806 13
7f736644d000 96 3 5905 13
7f736644c000 35 2 5943 13
7f7366453000 37 2 5983 13
7f7366454000 123 5 6113 13
7f7366448000 52 2 6168 13
7f736644f000 36 2 6207 13
408000 59 3 6272 13
7f736669f000 77 10 6360 13
7f7366707000 79 2 6441 13
594000 49 3 6494 13
593000 68 3 6565 13
7f7366718000 63 12 6641 14
6652 14
0x472000
472000 62 42 105 11
471000 36 8 150 11
470000 48 8 206 11
403000 33 7 246 11
402000 17 4 268 11
634000 1061 74 1404 11
5f8000 55 10 1470 11
5c7000 56 8 1535 11
5c6000 52 12 1600 12
59f000 52 5 1658 12
633000 1060 56 2775 12
505000 72 5 2853 12
504000 54 3 2911 13
549000 87 3 3002 13
632000 1051 37 4091 13
7f736669f000 76 8 4176 13
599000 78 3 4258 13
4df000 32 1 4292 13
58a000 51 0 4344 13
589000 90 4 4439 13
50f000 68 3 4511 13
412000 56 2 4570 13
5b3000 46 2 4619 13
617000 67 3 4690 14
4700 14
0x471000
471000 36 28 65 5
470000 47 21 134 5
403000 32 21 187 6
402000 17 11 216 8
634000 1062 121 1400 8
5f8000 55 19 1475 10
5c7000 55 11 1542 10
5c6000 52 14 1609 11
59f000 53 7 1670 11
633000 1059 73 2803 11
505000 72 8 2884 11
504000 55 5 2945 12
549000 89 6 3041 12
632000 1052 53 4147 12
7f736669f000 77 15 4239 12
599000 79 6 4325 12
4df000 33 3 4361 12
58a000 50 3 4415 13
589000 90 4 4510 13
50f000 68 2 4581 13
412000 57 2 4641 13
5b3000 45 2 4689 13
617000 68 2 4760 14
4770 14
0x470000
470000 48 28 76 1
76 1
0x568000
568000 73 49 122 10
4b8000 56 9 188 10
4b7000 71 20 280 11
4b6000 43 7 331 11
515000 37 8 377 11
525000 88 14 480 11
632000 1062 76 1619 11
402000 17 5 1641 11
633000 1060 79 2780 11
505000 72 9 2862 11
634000 1060 75 3998 11
504000 55 7 4060 12
403000 32 5 4098 12
5f8000 55 7 4161 12
5c7000 56 6 4224 12
5c6000 52 7 4284 13
59f000 53 2 4340 13
59e000 53 1 4395 13
511000 69 2 4467 13
510000 46 0 4514 13
50f000 69 2 4586 13
412000 57 2 4646 13
5b3000 46 2 4695 13
617000 68 3 4767 14
4778 14
0x4b8000
4b8000 57 26 83 7
4b7000 71 34 189 11
4b6000 43 7 240 11
515000 38 7 286 11
525000 89 14 390 11
632000 1062 75 1528 11
402000 16 5 1550 11
633000 1063 79 2692 11
505000 72 10 2775 11
634000 1053 74 3903 11
504000 54 8 3966 12
403000 32 6 4004 12
5f8000 56 7 4067 12
5c7000 55 6 4129 12
5c6000 51 8 4189 13
59f000 53 1 4244 13
59e000 52 1 4298 13
511000 69 2 4370 13
510000 46 1 4418 13
50f000 67 3 4489 13
412000 56 3 4549 13
5b3000 46 2 4597 13
617000 68 2 4667 14
4678 14
0x4b7000
4b7000 71 62 133 11
4b6000 43 7 184 11
515000 38 7 229 11
525000 88 15 333 11
632000 1058 76 1467 11
402000 17 5 1489 11
633000 1056 78 2623 11
505000 72 10 2706 11
634000 1055 74 3836 11
504000 54 8 3899 12
403000 33 5 3937 12
5f8000 55 7 4000 12
5c7000 56 6 4062 12
5c6000 51 8 4122 13
59f000 53 1 4177 13
59e000 53 1 4232 13
511000 68 2 4303 13
510000 46 1 4351 13
50f000 68 3 4422 13
412000 56 2 4481 13
5b3000 45 2 4529 13
617000 68 2 4600 14
4610 14
0x4b6000
4b6000 43 27 70 3
515000 37 25 133 4
525000 88 45 267 5
632000 1052 178 1497 5
402000 16 14 1528 7
633000 1056 146 2730 7
505000 72 21 2824 9
634000 1054 107 3986 9
504000 54 12 4053 10
403000 32 10 4096 10
5f8000 55 13 4165 11
5c7000 56 8 4230 11
5c6000 51 11 4293 12
59f000 53 4 4351 12
59e000 53 3 4408 12
511000 68 6 4483 12
510000 45 3 4532 12
50f000 67 6 4606 12
412000 57 5 4669 12
5b3000 46 5 4720 12
617000 67 6 4794 13
5b2000 30 2 4826 13
635000 128 3 4958 13
631000 244 6 5209 13
7f736644b000 43 3 5257 13
7f736644a000 59 2 5319 13
7f7366449000 70 2 5392 13
7f7366452000 57 5 5455 13
7f7366451000 55 2 5513 13
7f7366450000 59 3 5576 13
7f736644e000 60 3 5640 13
7f7366455000 241 9 5891 13
7f736644d000 95 2 5989 13
7f736644c000 36 2 6028 13
7f7366453000 36 3 6068 13
7f7366454000 122 5 6196 13
7f7366448000 52 2 6251 13
7f736644f000 36 1 6289 13
408000 59 3 6354 13
7f736669f000 76 10 6441 13
7f7366707000 77 3 6521 13
594000 49 3 6573 13
593000 67 3 6643 13
7f7366718000 63 12 6719 14
6730 14
0x515000
515000 38 28 66 4
525000 88 45 200 5
632000 1059 179 1438 5
402000 17 13 1468 7
633000 1065 147 2681 7
505000 71 21 2774 9
634000 1062 107 3944 9
504000 54 13 4012 10
403000 33 10 4055 10
5f8000 55 13 4124 11
5c7000 56 8 4189 11
5c6000 52 11 4253 12
59f000 53 4 4311 12
59e000 53 3 4368 12
511000 69 5 4443 12
510000 46 3 4493 12
50f000 68 6 4568 12
412000 57 5 4631 12
5b3000 46 5 4682 12
617000 68 6 4757 13
5b2000 30 2 4789 13
635000 129 3 4922 13
631000 247 6 5175 13
7f736644b000 44 2 5223 13
7f736644a000 59 2 5285 13
7f7366449000 71 2 5359 13
7f7366452000 57 5 5422 13
7f7366451000 55 2 5480 13
7f7366450000 59 3 5543 13
7f736644e000 61 2 5607 13
7f7366455000 243 9 5860 13
7f736644d000 95 3 5959 13
7f736644c000 36 2 5998 13
7f7366453000 36 3 6038 13
7f7366454000 123 5 6167 13
7f7366448000 52 2 6222 13
7f736644f000 35 2 6261 13
408000 60 2 6326 13
7f736669f000 77 10 6414 13
7f7366707000 78 2 6494 13
594000 49 3 6547 13
593000 68 3 6618 13
7f7366718000 63 12 6694 14
6704 14
0x525000
525000 89 58 147 4
147 4
0x509000
509000 55 37 92 7
632000 1063 141 1297 7
7f736669f000 77 58 1432 8
403000 32 14 1479 9
402000 17 7 1503 9
634000 1062 105 2671 11
5f8000 56 10 2738 11
5c7000 56 8 2802 11
5c6000 52 11 2866 12
59f000 53 5 2925 12
633000 1063 55 4044 12
505000 72 4 4121 12
504000 55 3 4180 12
549000 88 7 4275 12
599000 79 6 4361 12
4df000 33 3 4398 12
58a000 51 2 4452 13
589000 90 5 4548 13
50f000 68 2 4619 13
412000 57 3 4680 13
5b3000 46 2 4728 13
617000 68 2 4799 14
4809 14
0x508000
508000 59 40 99 6
507000 40 13 153 8
475000 51 23 228 9
474000 66 17 312 10
473000 70 15 398 10
472000 62 14 475 11
471000 37 7 520 11
470000 47 8 576 11
403000 33 7 616 11
402000 17 5 639 11
634000 1064 75 1778 11
5f8000 56 10 1845 11
5c7000 56 8 1910 11
5c6000 52 12 1975 12
59f000 53 4 2033 12
633000 1060 56 3150 12
505000 72 5 3228 12
504000 54 4 3287 13
549000 88 3 3378 13
632000 1066 37 4482 13
7f736669f000 77 9 4568 13
599000 80 2 4650 13
4df000 33 1 4685 13
58a000 51 0 4737 13
589000 90 5 4833 13
50f000 68 3 4905 13
412000 57 2 4965 13
5b3000 46 2 5013 13
617000 68 3 5085 14
5099 14
0x507000
507000 39 24 64 8
475000 50 23 138 9
474000 66 17 222 10
473000 70 15 308 10
472000 62 14 385 11
471000 37 7 430 11
470000 48 7 486 11
403000 33 8 527 11
402000 17 5 549 11
634000 1061 75 1685 11
5f8000 55 11 1752 11
5c7000 55 9 1817 11
5c6000 52 12 1882 12
59f000 53 5 1941 12
633000 1064 57 3063 12
505000 72 5 3141 12
504000 54 4 3200 13
549000 88 3 3291 13
632000 1067 38 4397 13
7f736669f000 77 8 4482 13
599000 79 3 4565 13
4df000 33 1 4600 13
58a000 50 1 4652 13
589000 90 5 4748 13
50f000 68 3 4820 13
412000 57 2 4880 13
5b3000 46 2 4928 13
617000 68 3 5000 14
5013 14
0x475000
475000 50 49 100 9
474000 66 17 184 10
473000 70 15 270 10
472000 62 14 347 11
471000 37 7 392 11
470000 47 8 448 11
403000 33 7 488 11
402000 17 4 510 11
634000 1063 75 1649 11
5f8000 55 10 1715 11
5c7000 56 9 1781 11
5c6000 52 12 1846 12
59f000 53 5 1905 12
633000 1069 57 3032 12
505000 73 5 3110 12
504000 54 3 3168 13
549000 88 3 3260 13
632000 1065 37 4363 13
7f736669f000 77 8 4449 13
599000 80 2 4531 13
4df000 33 1 4566 13
58a000 51 0 4618 13
589000 91 4 4714 13
50f000 68 3 4786 13
412000 57 2 4846 13
5b3000 47 1 4894 13
617000 69 2 4966 14
4979 14
0x474000
474000 66 45 112 7
473000 70 26 209 7
472000 63 24 296 11
471000 37 7 341 11
470000 48 7 397 11
403000 32 8 438 11
402000 17 5 460 11
634000 1061 75 1596 11
5f8000 56 10 1662 11
5c7000 55 9 1727 11
5c6000 51 12 1791 12
59f000 52 5 1849 12
633000 1056 56 2962 12
505000 72 5 3040 12
504000 54 4 3098 13
549000 88 3 3189 13
632000 1056 37 4283 13
7f736669f000 77 8 4368 13
599000 78 3 4450 13
4df000 33 0 4484 13
58a000 50 1 4536 13
589000 90 4 4631 13
50f000 68 2 4702 13
412000 57 2 4762 13
5b3000 46 2 4810 13
617000 68 2 4881 14
4893 14
0x473000
473000 70 44 114 6
472000 62 27 204 11
471000 37 7 249 11
470000 47 7 304 11
403000 32 8 345 11
402000 17 5 367 11
634000 1050 75 1492 11
5f8000 55 10 1558 11
5c7000 56 8 1623 11
5c6000 52 11 1687 12
59f000 53 5 1746 12
633000 1055 56 2857 12
505000 72 4 2934 12
504000 54 4 2993 13
549000 88 3 3084 13
632000 1054 37 4176 13
7f736669f000 76 8 4261 13
599000 79 2 4343 13
4df000 33 1 4378 13
58a000 50 1 4430 13
589000 89 4 4524 13
50f000 68 3 4596 13
412000 57 2 4656 13
5b3000 46 2 4704 13
617000 67 3 4775 14
4786 14
0x543000
543000 64 30 94 4
403000 33 23 151 4
402000 16 14 182 6
634000 1054 154 1391 8
5f8000 55 18 1465 10
5c7000 56 11 1533 10
5c6000 51 15 1600 11
59f000 52 8 1661 11
633000 1059 73 2794 11
505000 72 8 2874 11
504000 54 6 2935 12
549000 88 7 3030 12
632000 1052 52 4135 12
7f736669f000 77 15 4227 12
599000 79 6 4313 12
4df000 32 3 4349 12
58a000 50 3 4403 13
589000 90 4 4498 13
50f000 68 2 4569 13
412000 57 2 4629 13
5b3000 46 2 4677 13
617000 68 2 4748 14
4758 14
0x542000
542000 52 31 84 3
634000 1059 204 1348 5
541000 65 27 1441 11
5be000 82 7 1530 11
538000 66 8 1605 11
537000 42 6 1654 12
575000 43 3 1700 12
536000 45 4 1750 12
535000 46 4 1801 12
424000 51 5 1858 12
5ab000 52 4 1914 12
5aa000 46 4 1965 12
5a9000 51 4 2021 12
44c000 60 6 2087 12
633000 1055 56 3199 12
505000 72 5 3277 12
504000 54 3 3335 13
403000 32 1 3369 13
402000 16 0 3386 13
5f8000 55 2 3444 13
5c7000 56 1 3502 13
5c6000 52 2 3557 13
59f000 53 2 3613 13
59e000 52 1 3667 13
511000 68 3 3739 13
510000 45 1 3786 13
50f000 68 2 3857 13
412000 57 2 3917 13
5b3000 46 2 3965 13
632000 1054 37 5057 13
617000 68 2 5127 14
5139 14
0x541000
541000 65 37 102 9
634000 1058 101 1262 11
5be000 81 7 1351 11
538000 66 8 1426 11
537000 42 6 1475 12
575000 42 4 1522 12
536000 45 4 1571 12
535000 47 3 1622 12
424000 51 5 1679 12
5ab000 52 4 1735 12
5aa000 46 4 1786 12
5a9000 51 4 1842 12
44c000 61 5 1908 12
633000 1057 57 3023 12
505000 72 5 3100 12
504000 54 4 3159 13
403000 32 1 3192 13
402000 17 0 3210 13
5f8000 56 2 3268 13
5c7000 56 1 3325 13
5c6000 52 2 3380 13
59f000 53 2 3436 13
59e000 52 1 3490 13
511000 68 3 3562 13
510000 45 1 3609 13
50f000 67 2 3679 13
412000 57 2 3739 13
5b3000 46 1 3787 13
632000 1060 37 4885 13
617000 67 3 4956 14
4967 14
0x5be000
5be000 81 37 119 9
119 9
0x538000
538000 66 41 107 5
537000 41 21 170 9
575000 42 10 223 9
536000 45 12 280 12
535000 46 4 331 12
424000 52 4 387 12
5ab000 52 4 444 12
5aa000 46 5 495 12
5a9000 52 3 550 12
44c000 60 6 617 12
633000 1058 57 1732 12
505000 72 5 1809 12
634000 1051 54 2915 12
504000 55 3 2973 13
403000 32 1 3007 13
402000 16 0 3024 13
5f8000 55 2 3082 13
5c7000 56 1 3140 13
5c6000 52 2 3195 13
59f000 53 1 3250 13
59e000 53 1 3305 13
511000 68 2 3376 13
510000 45 1 3423 13
50f000 68 2 3494 13
412000 57 2 3554 13
5b3000 45 2 3602 13
632000 1055 37 4695 13
617000 67 3 4766 14
4776 14
0x537000
537000 42 30 72 7
575000 43 14 130 9
536000 45 11 187 12
535000 47 3 238 12
424000 51 5 295 12
5ab000 52 4 351 12
5aa000 46 4 402 12
5a9000 51 3 457 12
44c000 60 6 524 12
633000 1055 56 1635 12
505000 71 5 1713 12
634000 1052 54 2820 12
504000 54 3 2878 13
403000 32 1 2912 13
402000 16 0 2929 13
5f8000 55 2 2987 13
5c7000 55 2 3045 13
5c6000 51 3 3100 13
59f000 52 2 3155 13
59e000 52 1 3209 13
511000 69 2 3281 13
510000 45 1 3328 13
50f000 68 2 3399 13
412000 57 2 3459 13
5b3000 46 2 3507 13
632000 1053 37 4598 13
617000 68 2 4668 14
4678 14
0x575000
575000 43 28 71 5
71 5
0x536000
536000 45 33 79 11
535000 47 7 134 12
424000 51 5 191 12
5ab000 52 4 247 12
5aa000 46 4 298 12
5a9000 51 4 354 12
44c000 61 5 420 12
633000 1061 57 1539 12
505000 72 5 1616 12
634000 1053 53 2723 12
504000 54 3 2781 13
403000 32 1 2815 13
402000 17 0 2833 13
5f8000 55 2 2890 13
5c7000 55 2 2948 13
5c6000 51 3 3003 13
59f000 52 2 3058 13
59e000 52 2 3113 13
511000 67 3 3184 13
510000 45 1 3231 13
50f000 67 3 3302 13
412000 57 2 3362 13
5b3000 46 2 3410 13
632000 1065 37 4513 13
617000 68 3 4584 14
4593 14
0x535000
535000 46 30 77 9
424000 52 12 142 9
5ab000 53 11 206 9
5aa000 46 11 264 11
5a9000 52 5 322 11
44c000 61 9 393 11
633000 1068 73 1534 11
505000 72 8 1615 11
634000 1060 70 2746 11
504000 55 6 2807 12
403000 32 4 2843 12
402000 17 2 2862 12
5f8000 56 5 2923 12
5c7000 55 4 2983 12
5c6000 52 6 3042 12
59f000 53 4 3100 12
59e000 53 3 3157 12
511000 69 6 3233 12
510000 46 3 3283 12
50f000 68 6 3358 12
412000 57 5 3421 12
5b3000 47 4 3472 12
632000 1060 52 4585 12
617000 68 6 4660 13
5b2000 30 1 4691 13
635000 130 3 4825 13
631000 246 6 5078 13
7f736644b000 44 2 5126 13
7f736644a000 60 2 5189 13
7f7366449000 70 3 5263 13
7f7366452000 57 5 5326 13
7f7366451000 55 2 5384 13
7f7366450000 59 3 5447 13
7f736644e000 60 3 5511 13
7f7366455000 241 10 5763 13
7f736644d000 94 3 5861 13
7f736644c000 35 2 5899 13
7f7366453000 37 2 5939 13
7f7366454000 122 5 6067 13
7f7366448000 52 2 6122 13
7f736644f000 35 2 6161 13
408000 59 3 6226 13
7f736669f000 76 10 6313 13
7f7366707000 77 3 6393 13
594000 48 3 6445 13
593000 67 3 6516 13
7f7366718000 63 12 6592 14
6603 14
0x424000
424000 51 35 86 7
86 7
0x5ab000
5ab000 52 32 84 3
5aa000 46 29 160 8
5a9000 51 12 224 8
44c000 60 20 305 10
633000 1054 89 1448 10
505000 72 10 1531 10
634000 1057 84 2673 10
504000 54 8 2736 11
403000 32 6 2774 12
402000 17 2 2793 12
5f8000 55 5 2853 12
5c7000 55 4 2913 12
5c6000 52 5 2971 12
59f000 53 4 3029 12
59e000 52 4 3086 12
511000 68 6 3161 12
510000 45 3 3210 12
50f000 67 6 3284 12
412000 57 5 3347 12
5b3000 46 4 3398 12
632000 1053 53 4505 12
617000 67 6 4578 13
5b2000 29 2 4610 13
635000 128 3 4742 13
631000 245 6 4994 13
7f736644b000 43 3 5042 13
7f736644a000 59 2 5104 13
7f7366449000 70 2 5177 13
7f7366452000 57 5 5240 13
7f7366451000 54 2 5297 13
7f7366450000 59 3 5360 13
7f736644e000 61 2 5424 13
7f7366455000 242 9 5676 13
7f736644d000 94 3 5774 13
7f736644c000 36 2 5813 13
7f7366453000 36 2 5852 13
7f7366454000 122 5 5981 13
7f7366448000 52 2 6036 13
7f736644f000 36 1 6074 13
408000 59 3 6139 13
7f736669f000 76 10 6226 13
7f7366707000 78 2 6306 13
594000 48 3 6358 13
593000 67 3 6429 13
7f7366718000 63 12 6505 14
6516 14
0x5aa000
5aa000 46 33 80 8
5a9000 51 13 145 8
44c000 61 19 225 10
633000 1053 89 1368 10
505000 72 10 1451 10
634000 1056 84 2592 10
504000 54 8 2655 11
403000 32 5 2693 12
402000 17 1 2712 12
5f8000 55 4 2772 12
5c7000 56 4 2833 12
5c6000 51 6 2891 12
59f000 53 4 2949 12
59e000 52 4 3006 12
511000 68 6 3081 12
510000 45 3 3130 12
50f000 67 6 3204 12
412000 57 5 3267 12
5b3000 46 4 3318 12
632000 1053 53 4425 12
617000 68 6 4499 13
5b2000 30 1 4530 13
635000 128 4 4663 13
631000 245 6 4914 13
7f736644b000 43 3 4962 13
7f736644a000 59 2 5024 13
7f7366449000 70 3 5098 13
7f7366452000 57 5 5161 13
7f7366451000 54 2 5218 13
7f7366450000 59 3 5281 13
7f736644e000 61 2 5345 13
7f7366455000 243 9 5598 13
7f736644d000 94 3 5696 13
7f736644c000 36 1 5734 13
7f7366453000 37 2 5774 13
7f7366454000 121 5 5902 13
7f7366448000 51 2 5957 13
7f736644f000 35 2 5996 13
408000 59 3 6061 13
7f736669f000 76 10 6148 13
7f7366707000 77 3 6228 13
594000 49 2 6279 13
593000 67 3 6350 13
7f7366718000 63 12 6426 14
6436 14
0x5a9000
5a9000 51 28 79 3
79 3
0x44c000
44c000 60 42 102 10
103 10
0x4d1000
4d1000 66 44 110 6
110 6
0x482000
482000 58 37 95 5
95 5
0x49f000
49f000 64 46 111 8
49e000 47 13 172 8
49d000 61 13 247 11
49c000 49 8 305 12
49b000 44 3 353 12
5c1000 61 4 419 12
632000 1057 52 1529 12
7f73667ea000 82 5 1616 12
403000 33 3 1652 12
402000 17 2 1671 12
634000 1057 51 2779 12
5f8000 55 5 2840 12
5c7000 55 4 2900 12
5c6000 52 5 2958 12
59f000 53 5 3017 12
633000 1066 55 4139 12
505000 72 5 4217 12
504000 54 3 4275 12
549000 88 7 4371 12
7f736669f000 77 15 4464 12
599000 79 6 4550 12
4df000 33 3 4587 12
58a000 51 2 4641 13
589000 90 5 4737 13
50f000 68 3 4809 13
412000 57 2 4869 13
5b3000 46 2 4918 13
617000 68 2 4989 14
5002 14
0x49e000
49e000 47 29 77 4
49d000 63 22 163 7
49c000 49 19 232 9
49b000 45 11 289 9
5c1000 62 12 364 10
632000 1061 89 1515 10
7f73667ea000 81 12 1609 10
403000 33 8 1650 10
402000 17 4 1672 11
634000 1055 68 2795 11
5f8000 55 8 2859 11
5c7000 56 7 2923 11
5c6000 51 9 2984 11
59f000 53 8 3046 11
633000 1055 72 4174 11
505000 72 8 4255 11
504000 55 5 4315 12
549000 88 6 4410 12
7f736669f000 76 16 4503 12
599000 79 6 4588 12
4df000 33 3 4625 12
58a000 50 3 4679 13
589000 89 5 4774 13
50f000 67 3 4845 13
412000 57 2 4905 13
5b3000 46 2 4953 13
617000 68 3 5025 14
5037 14
0x49d000
49d000 62 29 92 6
49c000 50 22 164 9
49b000 44 12 221 9
5c1000 61 12 295 10
632000 1064 89 1449 10
7f73667ea000 82 12 1544 10
403000 32 9 1585 10
402000 17 5 1607 11
634000 1061 69 2737 11
5f8000 55 9 2802 11
5c7000 56 7 2865 11
5c6000 52 9 2927 11
59f000 53 8 2989 11
633000 1064 73 4127 11
505000 72 7 4207 11
504000 55 5 4268 12
549000 88 7 4364 12
7f736669f000 76 16 4457 12
599000 79 6 4543 12
4df000 33 3 4580 12
58a000 50 3 4634 13
589000 90 4 4729 13
50f000 69 3 4802 13
412000 57 2 4862 13
5b3000 46 2 4911 13
617000 69 2 4983 14
4995 14
0x49c000
49c000 49 34 83 6
49b000 44 18 146 8
5c1000 61 14 222 10
632000 1063 90 1376 10
7f73667ea000 82 12 1470 10
403000 33 8 1511 10
402000 17 4 1533 11
634000 1066 69 2669 11
5f8000 55 8 2733 11
5c7000 56 7 2797 11
5c6000 52 9 2859 11
59f000 53 7 2920 11
633000 1065 73 4059 11
505000 72 7 4139 11
504000 55 5 4200 12
549000 88 7 4296 12
7f736669f000 77 16 4389 12
599000 80 6 4475 12
4df000 33 3 4512 12
58a000 51 3 4566 13
589000 90 4 4661 13
50f000 68 3 4733 13
412000 57 2 4793 13
5b3000 47 1 4841 13
617000 68 3 4913 14
4924 14
0x49b000
49b000 44 31 75 5
5c1000 62 23 161 9
632000 1062 107 1331 9
7f73667ea000 82 15 1429 9
403000 33 11 1473 9
402000 16 7 1497 11
634000 1063 69 2629 11
5f8000 56 8 2693 11
5c7000 56 6 2756 11
5c6000 52 10 2819 11
59f000 53 7 2880 11
633000 1075 73 4029 11
505000 72 8 4109 11
504000 54 6 4170 12
549000 88 7 4266 12
7f736669f000 77 16 4359 12
599000 78 6 4444 12
4df000 33 3 4481 12
58a000 50 2 4534 13
589000 90 5 4630 13
50f000 67 3 4701 13
412000 56 3 4761 13
5b3000 46 2 4809 13
617000 67 3 4880 14
4890 14
0x5c1000
5c1000 61 32 93 9
632000 1053 107 1254 9
7f73667ea000 82 15 1351 9
403000 33 10 1394 9
402000 17 6 1418 11
634000 1052 68 2539 11
5f8000 55 8 2603 11
5c7000 56 6 2666 11
5c6000 52 9 2728 11
59f000 53 7 2789 11
633000 1060 73 3923 11
505000 72 7 4002 11
504000 54 6 4063 12
549000 87 7 4158 12
7f736669f000 76 15 4250 12
599000 79 6 4336 12
4df000 32 3 4372 12
58a000 50 3 4426 13
589000 90 5 4522 13
50f000 67 3 4593 13
412000 56 2 4652 13
5b3000 46 2 4701 13
617000 67 3 4772 14
4781 14
0x528000
528000 45 28 74 5
403000 32 21 128 6
402000 17 11 157 8
634000 1055 121 1334 8
5f8000 55 19 1409 10
5c7000 56 11 1477 10
5c6000 51 15 1544 11
59f000 53 7 1605 11
633000 1062 72 2740 11
505000 72 7 2820 11
504000 54 6 2881 12
549000 88 6 2975 12
632000 1055 53 4084 12
7f736669f000 76 16 4176 12
599000 79 6 4261 12
4df000 33 3 4298 12
58a000 50 3 4352 13
589000 89 5 4447 13
50f000 68 2 4518 13
412000 57 2 4578 13
5b3000 46 2 4626 13
617000 68 2 4697 14
4707 14
0x530000
530000 39 28 67 5
634000 1050 169 1287 7
52f000 55 18 1361 9
7f736670e000 57 16 1435 10
7f736670d000 51 6 1492 10
7f736670c000 46 7 1546 10
403000 32 10 1589 10
402000 17 6 1612 10
5f8000 55 13 1681 10
5c7000 55 11 1748 10
5c6000 52 15 1816 11
59f000 53 8 1877 11
633000 1057 72 3007 11
505000 72 7 3087 11
504000 54 6 3148 12
549000 87 7 3243 12
632000 1053 52 4349 12
7f736669f000 76 16 4442 12
599000 78 6 4527 12
4df000 33 3 4564 12
58a000 50 3 4618 13
589000 89 5 4713 13
50f000 67 3 4784 13
412000 57 2 4844 13
5b3000 46 2 4892 13
617000 67 3 4963 14
4973 14
0x52f000
52f000 55 33 88 5
7f736670e000 57 28 174 7
7f736670d000 51 11 236 7
7f736670c000 46 11 294 7
403000 32 17 344 7
402000 17 10 371 8
634000 1052 123 1547 10
5f8000 56 13 1616 10
5c7000 56 11 1683 10
5c6000 52 14 1750 11
59f000 53 8 1812 11
633000 1054 72 2939 11
505000 72 7 3019 11
504000 54 6 3080 12
549000 87 7 3175 12
632000 1052 52 4280 12
7f736669f000 77 15 4372 12
599000 78 6 4457 12
4df000 33 3 4494 12
58a000 50 3 4548 13
589000 89 5 4643 13
50f000 67 3 4714 13
412000 57 2 4774 13
5b3000 46 2 4822 13
617000 67 3 4893 14
4902 14
0x564000
564000 109 66 175 10
633000 1053 91 1319 10
505000 72 10 1402 11
634000 1053 67 2523 11
504000 54 5 2583 11
403000 33 5 2621 12
402000 16 2 2640 12
5f8000 56 4 2700 12
5c7000 56 4 2761 12
5c6000 51 6 2819 12
59f000 53 4 2877 12
59e000 52 3 2933 12
511000 68 6 3009 12
510000 45 3 3058 12
50f000 67 6 3132 12
412000 57 5 3195 12
5b3000 45 5 3246 12
632000 1053 53 4353 12
617000 68 6 4427 13
5b2000 30 1 4458 13
635000 129 3 4591 13
631000 244 6 4842 13
7f736644b000 44 2 4889 13
7f736644a000 59 2 4951 13
7f7366449000 70 3 5025 13
7f7366452000 57 5 5088 13
7f7366451000 54 2 5145 13
7f7366450000 59 3 5208 13
7f736644e000 61 3 5273 13
7f7366455000 241 9 5524 13
7f736644d000 94 3 5622 13
7f736644c000 36 2 5661 13
7f7366453000 36 3 5701 13
7f7366454000 122 5 5829 13
7f7366448000 52 2 5884 13
7f736644f000 36 1 5922 13
408000 59 2 5987 13
7f736669f000 77 9 6074 13
7f7366707000 77 2 6154 13
594000 48 3 6206 13
593000 67 3 6277 13
7f7366718000 63 12 6353 14
6363 14
0x563000
563000 38 37 75 5
633000 1053 183 1312 6
505000 72 24 1408 10
634000 1052 90 2551 10
504000 54 10 2616 11
403000 33 7 2656 11
402000 16 5 2678 11
5f8000 55 10 2743 11
5c7000 55 9 2808 11
5c6000 51 11 2871 12
59f000 53 4 2929 12
59e000 52 3 2985 12
511000 69 6 3061 12
510000 45 3 3110 12
50f000 67 6 3184 12
412000 57 5 3247 12
5b3000 46 5 3298 12
632000 1054 53 4406 12
617000 68 6 4480 13
5b2000 30 2 4512 13
635000 128 3 4643 13
631000 245 6 4895 13
7f736644b000 43 3 4943 13
7f736644a000 59 2 5005 13
7f7366449000 71 2 5079 13
7f7366452000 57 5 5142 13
7f7366451000 54 3 5200 13
7f7366450000 59 3 5263 13
7f736644e000 61 2 5327 13
7f7366455000 242 9 5579 13
7f736644d000 94 3 5677 13
7f736644c000 36 1 5715 13
7f7366453000 37 2 5755 13
7f7366454000 122 5 5884 13
7f7366448000 52 2 5939 13
7f736644f000 36 1 5977 13
408000 58 3 6042 13
7f736669f000 76 10 6129 13
7f7366707000 77 3 6209 13
594000 48 3 6261 13
593000 67 2 6331 13
7f7366718000 64 11 6407 14
6419 14
0x47a000
47a000 69 50 120 10
634000 1063 90 1274 10
633000 1072 95 2442 10
505000 72 13 2528 10
504000 54 10 2593 11
403000 33 7 2633 11
402000 17 4 2655 11
5f8000 55 10 2721 11
5c7000 56 8 2786 11
5c6000 52 11 2850 12
59f000 53 5 2909 12
59e000 52 4 2966 12
511000 68 6 3041 12
510000 46 3 3091 12
50f000 68 6 3166 12
412000 56 6 3229 12
5b3000 46 5 3280 12
632000 1054 53 4388 12
617000 68 5 4461 13
5b2000 30 1 4493 13
635000 129 3 4626 13
631000 246 6 4879 13
7f736644b000 44 2 4926 13
7f736644a000 59 2 4988 13
7f7366449000 70 3 5062 13
7f7366452000 57 5 5125 13
7f7366451000 54 2 5182 13
7f7366450000 59 3 5245 13
7f736644e000 61 2 5309 13
7f7366455000 243 10 5563 13
7f736644d000 94 3 5661 13
7f736644c000 36 2 5700 13
7f7366453000 36 2 5739 13
7f7366454000 122 5 5868 13
7f7366448000 52 2 5923 13
7f736644f000 36 1 5961 13
408000 59 2 6026 13
7f736669f000 76 10 6113 13
7f7366707000 77 2 6193 13
594000 48 3 6245 13
593000 67 3 6316 13
7f7366718000 63 11 6391 14
6402 14
0x4c1000
4c1000 57 44 102 7
102 7
0x511000
511000 68 47 115 8
510000 45 13 174 9
50f000 67 18 260 10
412000 57 13 331 11
5b3000 46 10 387 12
632000 1056 53 1496 12
617000 68 6 1570 13
5b2000 29 2 1602 13
635000 128 3 1734 13
631000 245 6 1986 13
7f736644b000 44 2 2033 13
7f736644a000 60 2 2096 13
7f7366449000 71 2 2169 13
7f7366452000 58 5 2233 13
7f7366451000 54 2 2290 13
7f7366450000 59 3 2353 13
7f736644e000 61 3 2418 13
7f7366455000 243 10 2672 13
7f736644d000 96 2 2770 13
7f736644c000 36 2 2809 13
7f7366453000 36 3 2849 13
7f7366454000 123 5 2978 13
7f7366448000 52 2 3033 13
7f736644f000 35 2 3072 13
403000 32 3 3110 13
402000 17 1 3128 13
634000 1053 38 4220 13
5f8000 56 3 4279 13
5c7000 55 3 4338 13
5c6000 51 4 4394 13
59f000 53 3 4451 13
633000 1052 40 5544 13
505000 72 3 5620 13
504000 55 2 5678 13
549000 89 4 5771 13
7f736669f000 77 10 5859 13
599000 79 4 5942 13
4df000 33 2 5978 13
58a000 51 2 6032 14
6042 14
0x510000
510000 46 29 75 6
50f000 68 29 172 10
412000 57 12 242 11
5b3000 46 9 298 12
632000 1058 52 1409 12
617000 68 6 1484 13
5b2000 30 1 1515 13
635000 128 4 1648 13
631000 244 6 1898 13
7f736644b000 43 3 1946 13
7f736644a000 59 2 2008 13
7f7366449000 70 3 2082 13
7f7366452000 58 4 2144 13
7f7366451000 55 2 2202 13
7f7366450000 59 3 2265 13
7f736644e000 61 2 2329 13
7f7366455000 241 9 2580 13
7f736644d000 95 3 2679 13
7f736644c000 35 2 2717 13
7f7366453000 37 2 2757 13
7f7366454000 122 5 2885 13
7f7366448000 52 3 2941 13
7f736644f000 35 2 2979 13
403000 33 2 3017 13
402000 16 2 3036 13
634000 1051 38 4125 13
5f8000 55 3 4184 13
5c7000 56 3 4244 13
5c6000 51 4 4300 13
59f000 52 3 4356 13
633000 1055 40 5452 13
505000 72 3 5528 13
504000 54 2 5585 13
549000 88 4 5678 13
7f736669f000 76 10 5765 13
599000 80 3 5848 13
4df000 33 2 5884 13
58a000 50 2 5937 14
5947 14
0x5d5000
5d5000 69 47 116 7
5d4000 54 30 201 10
633000 1056 90 1348 10
505000 72 10 1430 10
634000 1052 84 2567 10
504000 54 8 2630 11
403000 32 6 2668 12
402000 17 2 2687 12
5f8000 55 5 2747 12
5c7000 55 4 2807 12
5c6000 52 5 2865 12
59f000 53 4 2923 12
59e000 53 3 2980 12
511000 68 6 3055 12
510000 45 3 3104 12
50f000 68 6 3179 12
412000 56 5 3241 12
5b3000 46 4 3292 12
632000 1057 52 4402 12
617000 68 6 4476 13
5b2000 29 2 4508 13
635000 128 4 4641 13
631000 245 6 4892 13
7f736644b000 44 2 4939 13
7f736644a000 60 2 5002 13
7f7366449000 71 2 5075 13
7f7366452000 57 5 5138 13
7f7366451000 54 3 5196 13
7f7366450000 59 3 5259 13
7f736644e000 61 2 5323 13
7f7366455000 242 10 5576 13
7f736644d000 94 3 5674 13
7f736644c000 35 2 5712 13
7f7366453000 37 2 5752 13
7f7366454000 123 5 5881 13
7f7366448000 52 2 5936 13
7f736644f000 36 2 5975 13
408000 59 2 6039 13
7f736669f000 77 9 6126 13
7f7366707000 77 2 6206 13
594000 49 2 6258 13
593000 67 3 6329 13
7f7366718000 63 12 6405 14
6417 14
0x5bc000
5bc000 79 50 129 10
5bb000 53 12 195 10
5ba000 40 13 248 11
633000 1055 71 1375 11
505000 71 7 1454 11
634000 1055 67 2577 11
504000 54 5 2637 11
403000 32 5 2675 12
402000 17 1 2694 12
5f8000 55 5 2755 12
5c7000 55 4 2815 12
5c6000 52 5 2873 12
59f000 53 4 2931 12
59e000 53 3 2988 12
511000 68 6 3063 12
510000 45 3 3112 12
50f000 68 6 3187 12
412000 56 6 3250 12
5b3000 46 4 3300 12
632000 1060 53 4414 12
617000 68 6 4488 13
5b2000 30 1 4519 13
635000 129 3 4652 13
631000 245 6 4903 13
7f736644b000 43 3 4951 13
7f736644a000 59 2 5013 13
7f7366449000 70 2 5086 13
7f7366452000 58 4 5149 13
7f7366451000 55 2 5207 13
7f7366450000 59 3 5270 13
7f736644e000 60 3 5334 13
7f7366455000 242 9 5586 13
7f736644d000 95 2 5684 13
7f736644c000 35 2 5723 13
7f7366453000 37 2 5763 13
7f7366454000 123 5 5893 13
7f7366448000 52 2 5948 13
7f736644f000 36 2 5987 13
408000 59 3 6052 13
7f736669f000 77 10 6140 13
7f7366707000 78 2 6220 13
594000 49 3 6273 13
593000 67 3 6344 13
7f7366718000 64 11 6420 14
6432 14
0x5bb000
5bb000 54 36 91 5
5ba000 40 29 161 7
633000 1057 143 1362 7
505000 72 19 1454 10
634000 1053 84 2592 10
504000 54 8 2655 11
403000 32 5 2693 12
402000 17 1 2712 12
5f8000 55 4 2772 12
5c7000 56 4 2833 12
5c6000 51 6 2891 12
59f000 53 4 2949 12
59e000 52 4 3006 12
511000 68 6 3081 12
510000 45 3 3130 12
50f000 67 6 3204 12
412000 57 5 3267 12
5b3000 46 5 3318 12
632000 1058 52 4429 12
617000 68 6 4504 13
5b2000 30 1 4535 13
635000 129 3 4668 13
631000 245 6 4919 13
7f736644b000 43 3 4967 13
7f736644a000 59 2 5029 13
7f7366449000 70 2 5102 13
7f7366452000 58 4 5165 13
7f7366451000 55 2 5223 13
7f7366450000 59 3 5286 13
7f736644e000 61 2 5350 13
7f7366455000 241 10 5602 13
7f736644d000 95 3 5700 13
7f736644c000 35 2 5738 13
7f7366453000 37 2 5778 13
7f7366454000 122 5 5906 13
7f7366448000 52 2 5961 13
7f736644f000 35 2 6000 13
408000 59 3 6065 13
7f736669f000 76 10 6152 13
7f7366707000 77 3 6232 13
594000 49 3 6284 13
593000 66 3 6354 13
7f7366718000 63 12 6430 14
6441 14
0x5ba000
5ba000 40 40 81 6
633000 1055 160 1297 6
505000 72 22 1392 10
634000 1054 85 2532 10
504000 54 8 2594 11
403000 32 5 2632 12
402000 17 1 2651 12
5f8000 55 5 2712 12
5c7000 56 4 2772 12
5c6000 52 5 2830 12
59f000 53 4 2888 12
59e000 52 4 2945 12
511000 68 6 3020 12
510000 46 3 3069 12
50f000 67 6 3143 12
412000 57 5 3206 12
5b3000 46 5 3257 12
632000 1053 53 4364 12
617000 68 6 4438 13
5b2000 30 1 4469 13
635000 129 3 4602 13
631000 245 6 4853 13
7f736644b000 44 2 4900 13
7f736644a000 60 2 4963 13
7f7366449000 71 2 5036 13
7f7366452000 57 5 5099 13
7f7366451000 54 2 5156 13
7f7366450000 59 3 5219 13
7f736644e000 61 2 5283 13
7f7366455000 241 10 5535 13
7f736644d000 95 3 5633 13
7f736644c000 35 2 5671 13
7f7366453000 37 2 5711 13
7f7366454000 122 5 5840 13
7f7366448000 52 2 5895 13
7f736644f000 36 1 5933 13
408000 60 2 5998 13
7f736669f000 76 10 6085 13
7f7366707000 77 2 6165 13
594000 48 3 6217 13
593000 67 2 6287 13
7f7366718000 64 11 6363 14
6374 14
0x592000
592000 73 64 137 4
591000 36 18 192 4
590000 47 40 280 11
58f000 71 12 363 12
58e000 73 8 445 12
403000 33 6 485 12
402000 17 4 507 12
634000 1057 59 1623 12
5f8000 55 8 1687 12
5c7000 56 7 1751 12
5c6000 51 9 1812 13
59f000 53 3 1869 13
633000 1057 40 2967 13
505000 72 3 3043 13
504000 55 2 3101 13
549000 88 4 3193 13
632000 1064 39 4297 13
7f736669f000 77 10 4384 13
599000 80 3 4467 13
4df000 33 2 4503 13
58a000 50 2 4556 14
4566 14
0x591000
591000 36 20 57 3
590000 48 41 147 10
58f000 70 15 233 11
58e000 73 11 317 11
403000 32 7 357 11
402000 17 4 379 11
634000 1054 73 1506 11
5f8000 55 10 1572 11
5c7000 55 9 1637 11
5c6000 51 11 1700 12
59f000 53 4 1758 12
633000 1059 55 2873 12
505000 71 5 2950 12
504000 54 3 3008 12
549000 87 7 3103 12
632000 1056 52 4212 12
7f736669f000 77 15 4305 12
599000 79 6 4391 12
4df000 33 3 4428 12
58a000 50 2 4481 13
589000 90 4 4576 13
50f000 67 3 4648 13
412000 56 3 4708 13
5b3000 46 2 4756 13
617000 67 3 4827 14
4838 14
0x590000
590000 47 48 96 10
58f000 70 14 181 11
58e000 73 10 265 11
403000 36 7 309 11
402000 17 4 331 11
634000 1056 73 1461 11
5f8000 55 10 1527 11
5c7000 55 9 1592 11
5c6000 51 11 1655 12
59f000 53 5 1714 12
633000 1056 55 2826 12
505000 72 4 2903 12
504000 54 4 2962 12
549000 88 6 3056 12
632000 1053 52 4162 12
7f736669f000 77 15 4254 12
599000 79 6 4340 12
4df000 33 2 4376 12
58a000 50 3 4430 13
589000 90 4 4525 13
50f000 68 3 4597 13
412000 56 2 4656 13
5b3000 46 1 4704 13
617000 68 3 4776 14
4787 14
0x58f000
58f000 70 44 114 8
58e000 73 20 208 9
403000 32 12 253 9
402000 17 8 279 9
634000 1060 107 1446 9
5f8000 56 16 1519 10
5c7000 56 11 1587 10
5c6000 52 15 1655 11
59f000 53 8 1717 11
633000 1061 72 2851 11
505000 72 7 2931 11
504000 54 6 2992 12
549000 87 7 3087 12
632000 1051 52 4191 12
7f736669f000 76 16 4284 12
599000 79 6 4369 12
4df000 33 3 4406 12
58a000 50 3 4460 13
589000 89 5 4555 13
50f000 67 3 4626 13
412000 57 2 4686 13
5b3000 46 2 4734 13
617000 68 2 4805 14
4816 14
0x58e000
58e000 73 42 115 4
403000 32 24 172 5
402000 17 13 203 7
634000 1055 139 1398 9
5f8000 56 16 1471 10
5c7000 55 12 1539 10
5c6000 52 15 1606 11
59f000 52 8 1667 11
633000 1057 73 2798 11
505000 72 7 2878 11
504000 54 6 2939 12
549000 87 7 3034 12
632000 1055 52 4142 12
7f736669f000 76 16 4235 12
599000 78 6 4320 12
4df000 33 3 4357 12
58a000 50 3 4411 13
589000 89 5 4506 13
50f000 68 2 4577 13
412000 57 2 4637 13
5b3000 46 2 4685 13
617000 67 3 4756 14
4765 14
0x58d000
58d000 31 22 54 4
54 4
0x57f000
57f000 54 34 88 6
634000 1061 154 1304 8
57e000 45 14 1364 8
4fc000 52 22 1439 10
633000 1064 92 2596 11
505000 72 10 2679 11
504000 54 8 2742 11
403000 33 7 2782 11
402000 17 4 2804 11
5f8000 56 10 2870 11
5c7000 55 9 2935 11
5c6000 52 11 2999 12
59f000 53 4 3057 12
59e000 53 3 3114 12
511000 69 6 3190 12
510000 45 4 3240 12
50f000 68 7 3315 12
412000 57 6 3378 12
5b3000 46 5 3429 12
632000 1058 53 4541 12
617000 68 6 4615 13
5b2000 30 2 4647 13
635000 129 3 4779 13
631000 245 7 5032 13
7f736644b000 44 3 5080 13
7f736644a000 60 2 5142 13
7f7366449000 71 2 5215 13
7f7366452000 57 5 5278 13
7f7366451000 54 3 5336 13
7f7366450000 59 2 5398 13
7f736644e000 61 3 5463 13
7f7366455000 242 9 5715 13
7f736644d000 95 3 5814 13
7f736644c000 35 2 5852 13
7f7366453000 37 2 5892 13
7f7366454000 122 6 6021 13
7f7366448000 51 2 6075 13
7f736644f000 35 2 6114 13
408000 59 3 6179 13
7f736669f000 76 10 6266 13
7f7366707000 78 2 6346 13
594000 48 3 6398 13
593000 67 3 6469 13
7f7366718000 63 12 6545 14
6557 14
