0x61b000
61b000 88 64 153 8
7f7b114dc000 66 20 240 10
454000 21 6 268 10
453000 18 6 293 10
7f7b10e63000 51 12 357 11
7f7b10e38000 258 5 620 11
7f7b10e62000 59 9 689 12
455000 23 2 714 12
7f7b10d4f000 46 5 766 13
67b000 980 32 1779 13
615000 106 3 1889 13
67c000 1089 37 3016 13
614000 79 3 3099 13
602000 90 2 3192 13
7f7b10a3a000 70 3 3266 14
3270 14
0x454000
454000 21 18 39 1
453000 19 17 75 3
75 3
0x453000
453000 18 19 37 3
37 3
0x455000
455000 21 18 40 1
453000 19 17 77 3
78 3
0x67b000
67b000 975 218 1194 2
615000 105 55 1355 7
67c000 1086 153 2595 7
614000 82 24 2703 9
602000 91 18 2813 9
7f7b10a3a000 70 19 2902 13
453000 19 1 2922 13
4b5000 148 8 3078 13
680000 1079 40 4198 13
4d8000 88 5 4292 13
67f000 1069 40 5402 13
454000 21 2 5426 13
7f7b1138a000 34 2 5463 13
7f7b1132f000 16 1 5481 13
7f7b11332000 16 1 5499 13
7f7b11333000 16 1 5517 13
7f7b11522000 71 3 5591 13
7f7b1132e000 231 1 5823 13
7f7b11406000 58 3 5885 13
7f7b11405000 47 3 5936 13
7f7b11331000 16 1 5953 13
7f7b11330000 16 1 5971 13
7f7b11510000 52 9 6032 13
7f7b1134e000 62 2 6096 13
7f7b11334000 16 2 6114 13
7f7b11512000 54 4 6172 13
7f7b1134d000 64 3 6239 13
7f7b1134c000 63 3 6305 14
6311 14
0x615000
615000 105 56 161 7
67c000 1079 142 1383 7
614000 86 24 1493 9
602000 92 19 1605 9
7f7b10a3a000 72 19 1696 13
453000 18 1 1716 13
4b5000 151 7 1875 13
67b000 957 34 2867 13
681000 505 13 3386 13
5f7000 63 5 3455 13
67e000 1078 39 4573 13
524000 58 4 4636 13
567000 60 4 4701 13
67d000 1068 39 5809 13
490000 83 4 5897 13
5c6000 103 5 6006 13
454000 22 1 6030 13
5c3000 82 2 6115 13
5c2000 90 4 6210 13
67f000 1064 39 7314 13
596000 68 4 7387 13
595000 85 4 7477 13
680000 1060 40 8578 13
55b000 89 4 8671 13
5c9000 70 3 8745 13
56b000 98 5 8849 13
504000 80 5 8935 14
8956 14
0x67c000
67c000 1074 242 1317 2
1318 2
0x614000
614000 80 44 125 8
602000 90 22 238 9
7f7b10a3a000 71 20 329 13
453000 18 2 349 13
4b5000 150 7 506 13
67c000 1066 39 1612 13
67b000 960 33 2605 13
615000 107 4 2717 13
454000 21 2 2741 13
680000 1064 39 3845 13
57a000 55 5 3906 13
579000 88 4 3999 13
67d000 1065 39 5104 13
490000 77 5 5186 13
5c6000 103 6 5295 13
5c3000 82 2 5380 13
5c2000 90 4 5475 13
67f000 1074 39 6589 13
596000 71 4 6665 13
595000 86 3 6755 13
55b000 88 4 6848 13
5c9000 69 2 6921 13
56b000 98 5 7025 13
504000 82 5 7113 14
7131 14
0x602000
602000 93 52 145 5
145 5
0x4b5000
4b5000 150 90 240 5
67c000 1070 180 1491 5
67b000 971 160 2623 5
615000 105 40 2769 7
614000 81 26 2877 9
602000 90 18 2986 9
7f7b10a3a000 69 20 3076 13
453000 18 2 3096 13
680000 1068 39 4203 13
613000 32 1 4237 13
454000 22 1 4261 13
4ca000 78 5 4345 13
455000 23 2 4370 13
4bc000 65 4 4440 13
4bb000 64 5 4510 13
4ba000 56 5 4572 13
7f7b10a51000 60 3 4635 13
7f7b10a50000 51 1 4687 13
7f7b10a4f000 46 2 4736 13
48a000 56 3 4796 13
67e000 1079 40 5916 13
524000 58 5 5980 13
567000 60 4 6045 13
67d000 1073 39 7158 13
490000 78 4 7241 13
5c6000 104 6 7351 13
5c3000 85 3 7440 13
5c2000 89 4 7534 13
67f000 1084 39 8658 13
596000 69 3 8731 13
595000 84 4 8821 13
55b000 88 4 8914 13
5c9000 69 3 8988 13
56b000 98 5 9092 13
504000 81 5 9179 14
9204 14
0x680000
680000 1074 250 1325 1
1326 1
0x4d8000
4d8000 87 64 152 4
67c000 1064 194 1411 4
680000 1059 196 2667 4
67f000 1070 194 3932 5
454000 21 13 3967 5
453000 18 13 3999 7
67b000 958 127 5085 7
615000 104 30 5220 7
614000 80 24 5325 9
602000 91 18 5436 9
7f7b10a3a000 71 19 5527 13
4b5000 148 8 5684 13
494000 87 3 5775 13
493000 94 5 5876 13
67e000 1061 40 6979 13
524000 58 4 7042 13
567000 60 3 7107 13
67d000 1085 39 8232 13
490000 78 5 8316 13
5c6000 109 6 8431 13
5c3000 82 3 8517 13
5c2000 88 3 8609 13
596000 70 4 8685 13
595000 86 4 8776 13
55b000 88 4 8869 13
5c9000 69 3 8943 13
56b000 98 5 9047 13
504000 83 5 9137 14
9161 14
0x67f000
67f000 1068 246 1314 3
1315 3
0x456000
456000 45 32 78 8
453000 19 8 106 8
67c000 1070 125 1302 8
67b000 958 112 2373 8
615000 105 26 2505 8
614000 80 21 2608 9
602000 91 18 2718 9
7f7b10a3a000 70 19 2808 13
4b5000 154 8 2971 13
680000 1073 40 4085 13
4d8000 87 5 4178 13
67f000 1073 39 5292 13
454000 22 1 5316 13
7f7b1138a000 33 2 5353 13
7f7b1132f000 16 2 5372 13
7f7b11332000 17 1 5390 13
7f7b11333000 17 1 5408 13
7f7b11522000 72 2 5482 13
7f7b1132e000 230 2 5715 13
7f7b11406000 59 3 5777 13
7f7b11405000 48 2 5828 13
7f7b11331000 16 1 5846 13
7f7b11330000 16 1 5864 13
7f7b11510000 52 10 5927 13
7f7b1134e000 61 2 5991 13
7f7b11334000 16 1 6009 13
7f7b11512000 53 4 6067 13
7f7b1134d000 64 3 6134 13
7f7b1134c000 58 3 6195 14
6202 14
0x515000
515000 75 60 135 8
135 8
0x67d000
67d000 1071 242 1314 2
490000 78 50 1442 7
5c6000 107 40 1589 9
454000 23 6 1619 9
453000 20 7 1647 9
5c3000 85 12 1744 9
5c2000 89 19 1853 9
67c000 1070 108 3032 9
67f000 1072 109 4214 9
67b000 955 95 5264 9
615000 104 22 5391 9
614000 80 17 5488 10
602000 90 14 5593 10
7f7b10a3a000 70 15 5679 13
4b5000 151 8 5838 13
680000 1065 40 6944 13
4d8000 88 5 7037 13
7f7b1138a000 34 2 7075 13
7f7b1132f000 16 1 7093 13
7f7b11332000 16 1 7111 13
7f7b11333000 17 1 7129 13
7f7b11522000 71 2 7203 13
7f7b1132e000 233 1 7437 13
7f7b11406000 60 3 7500 13
7f7b11405000 50 2 7553 13
7f7b11331000 16 1 7571 13
7f7b11330000 16 1 7589 13
7f7b11510000 52 9 7650 13
7f7b1134e000 61 2 7714 13
7f7b11334000 16 1 7732 13
7f7b11512000 54 3 7789 13
7f7b1134d000 64 2 7855 13
7f7b1134c000 57 3 7916 14
7926 14
0x490000
490000 78 54 132 7
132 7
0x5c6000
5c6000 104 70 175 6
454000 22 11 209 6
453000 18 12 240 6
5c3000 83 20 344 6
5c2000 89 30 464 7
67c000 1065 142 1672 7
67f000 1065 142 2879 7
67b000 957 126 3963 7
615000 104 30 4098 7
614000 81 24 4204 9
602000 93 18 4316 9
7f7b10a3a000 71 19 4407 13
4b5000 152 7 4567 13
680000 1063 40 5671 13
4d8000 92 5 5768 13
7f7b1138a000 32 3 5805 13
7f7b1132f000 16 1 5823 13
7f7b11332000 16 2 5841 13
7f7b11333000 16 1 5858 13
7f7b11522000 72 2 5933 13
7f7b1132e000 235 1 6169 13
7f7b11406000 59 3 6232 13
7f7b11405000 48 3 6284 13
7f7b11331000 16 2 6302 13
7f7b11330000 16 2 6320 13
7f7b11510000 55 9 6384 13
7f7b1134e000 62 2 6449 13
7f7b11334000 17 1 6467 13
7f7b11512000 55 3 6525 13
7f7b1134d000 65 3 6594 13
7f7b1134c000 58 4 6657 14
6667 14
0x5c3000
5c3000 81 35 116 2
5c2000 88 45 250 7
453000 19 9 278 7
67c000 1068 141 1488 7
67f000 1079 143 2711 7
67b000 960 127 3799 7
615000 104 30 3934 7
614000 80 24 4039 9
602000 91 18 4149 9
7f7b10a3a000 70 20 4239 13
4b5000 150 7 4396 13
680000 1066 40 5503 13
4d8000 87 6 5596 13
454000 21 2 5620 13
7f7b1138a000 33 3 5657 13
7f7b1132f000 16 1 5675 13
7f7b11332000 17 1 5693 13
7f7b11333000 17 1 5711 13
7f7b11522000 71 3 5785 13
7f7b1132e000 233 1 6019 13
7f7b11406000 59 3 6082 13
7f7b11405000 48 2 6133 13
7f7b11331000 16 2 6152 13
7f7b11330000 16 1 6169 13
7f7b11510000 52 9 6231 13
7f7b1134e000 65 2 6299 13
7f7b11334000 17 1 6317 13
7f7b11512000 55 4 6376 13
7f7b1134d000 65 3 6444 13
7f7b1134c000 59 4 6507 14
6516 14
0x5c2000
5c2000 90 48 138 6
453000 18 10 167 6
67c000 1072 157 1397 6
67f000 1071 160 2629 7
67b000 957 126 3712 7
615000 104 30 3847 7
614000 80 24 3952 9
602000 90 18 4061 9
7f7b10a3a000 69 19 4150 13
4b5000 148 8 4306 13
680000 1063 39 5409 13
4d8000 88 5 5503 13
454000 21 2 5527 13
7f7b1138a000 34 3 5565 13
7f7b1132f000 16 2 5583 13
7f7b11332000 16 2 5601 13
7f7b11333000 16 2 5619 13
7f7b11522000 71 3 5693 13
7f7b1132e000 232 1 5926 13
7f7b11406000 59 3 5989 13
7f7b11405000 48 2 6039 13
7f7b11331000 16 1 6057 13
7f7b11330000 16 1 6075 13
7f7b11510000 51 9 6136 13
7f7b1134e000 61 2 6200 13
7f7b11334000 16 2 6219 13
7f7b11512000 54 4 6277 13
7f7b1134d000 67 3 6347 13
7f7b1134c000 57 3 6408 14
6415 14
0x596000
596000 68 46 115 7
67c000 1063 142 1321 7
67b000 961 126 2409 8
615000 105 26 2541 8
614000 81 21 2644 9
602000 91 18 2755 9
7f7b10a3a000 70 19 2845 13
453000 18 2 2866 13
4b5000 151 8 3025 13
680000 1073 40 4139 13
4d8000 92 5 4237 13
67f000 1078 39 5355 13
454000 21 2 5379 13
7f7b1138a000 34 3 5418 13
7f7b1132f000 16 1 5437 13
7f7b11332000 17 1 5455 13
7f7b11333000 16 2 5473 13
7f7b11522000 71 3 5547 13
7f7b1132e000 229 2 5778 13
7f7b11406000 60 3 5841 13
7f7b11405000 49 2 5892 13
7f7b11331000 16 2 5911 13
7f7b11330000 16 1 5928 13
7f7b11510000 52 9 5990 13
7f7b1134e000 61 2 6054 13
7f7b11334000 16 1 6072 13
7f7b11512000 53 4 6130 13
7f7b1134d000 64 2 6196 13
7f7b1134c000 58 4 6259 14
6266 14
0x595000
595000 85 46 131 8
67c000 1070 123 1325 8
680000 1066 126 2518 8
454000 23 7 2549 8
453000 18 7 2575 10
55b000 88 14 2678 10
67b000 960 77 3717 10
615000 104 16 3838 10
614000 80 12 3931 10
602000 91 14 4037 10
7f7b10a3a000 72 15 4125 13
4b5000 149 8 4283 13
4d8000 87 5 4376 13
67f000 1064 39 5480 13
7f7b1138a000 33 3 5518 13
7f7b1132f000 16 2 5536 13
7f7b11332000 17 1 5554 13
7f7b11333000 16 2 5572 13
7f7b11522000 71 3 5646 13
7f7b1132e000 231 1 5878 13
7f7b11406000 59 3 5941 13
7f7b11405000 48 3 5992 13
7f7b11331000 17 1 6010 13
7f7b11330000 17 1 6028 13
7f7b11510000 52 9 6089 13
7f7b1134e000 61 2 6153 13
7f7b11334000 17 1 6171 13
7f7b11512000 54 3 6228 13
7f7b1134d000 64 3 6296 13
7f7b1134c000 57 3 6357 14
6366 14
0x55b000
55b000 87 51 138 7
67c000 1067 142 1347 7
67b000 966 126 2440 7
615000 104 30 2575 7
614000 80 24 2680 9
602000 92 18 2791 9
7f7b10a3a000 70 19 2881 13
453000 18 1 2901 13
4b5000 150 8 3060 13
680000 1081 39 4181 13
4d8000 92 5 4279 13
67f000 1077 39 5396 13
454000 21 2 5420 13
7f7b1138a000 33 3 5457 13
7f7b1132f000 17 1 5475 13
7f7b11332000 16 1 5493 13
7f7b11333000 16 2 5511 13
7f7b11522000 71 2 5584 13
7f7b1132e000 229 2 5816 13
7f7b11406000 59 3 5878 13
7f7b11405000 48 2 5928 13
7f7b11331000 16 1 5946 13
7f7b11330000 17 1 5964 13
7f7b11510000 52 9 6025 13
7f7b1134e000 62 2 6089 13
7f7b11334000 16 2 6107 13
7f7b11512000 53 4 6164 13
7f7b1134d000 66 3 6233 13
7f7b1134c000 60 3 6296 14
6303 14
0x5c9000
5c9000 71 35 106 5
56b000 99 42 248 11
67c000 1070 71 1390 11
504000 81 12 1484 12
681000 505 21 2011 12
5f7000 62 6 2080 12
67e000 1065 56 3202 12
524000 58 7 3268 12
567000 60 5 3334 12
67d000 1068 56 4459 12
490000 79 7 4546 13
5c6000 104 5 4656 13
454000 21 0 4678 13
453000 19 0 4698 13
5c3000 84 1 4783 13
5c2000 90 2 4876 13
67f000 1066 38 5981 13
67b000 960 32 6974 13
615000 106 3 7084 13
614000 80 3 7168 13
602000 91 3 7263 13
7f7b10a3a000 70 3 7336 14
7352 14
0x56b000
56b000 99 64 163 11
67c000 1067 70 1301 11
504000 80 13 1395 12
681000 508 21 1925 12
5f7000 63 6 1994 12
67e000 1067 56 3118 12
524000 59 7 3185 12
567000 61 5 3252 12
67d000 1074 55 4382 12
490000 78 7 4468 13
5c6000 103 4 4576 13
454000 25 0 4602 13
453000 19 0 4622 13
5c3000 81 2 4705 13
5c2000 87 3 4796 13
67f000 1070 38 5905 13
67b000 966 32 6904 13
615000 104 3 7012 13
614000 80 3 7096 13
602000 91 3 7191 13
7f7b10a3a000 70 3 7265 14
7280 14
0x504000
504000 83 60 143 7
681000 509 67 720 9
5f7000 61 18 800 9
67e000 1065 112 1978 9
524000 64 20 2062 9
67c000 1074 109 3246 9
567000 60 16 3323 9
67d000 1071 109 4504 9
490000 77 21 4603 10
5c6000 102 23 4729 10
454000 22 5 4757 10
453000 18 6 4782 10
5c3000 89 10 4881 10
5c2000 90 16 4988 10
67f000 1076 93 6158 10
67b000 967 82 7207 10
615000 105 17 7330 10
614000 81 14 7426 11
602000 91 10 7528 11
7f7b10a3a000 70 11 7610 14
7624 14
0x681000
681000 509 125 635 6
5f7000 68 28 732 7
67e000 1085 145 1963 7
524000 58 29 2051 8
67c000 1082 125 3259 8
567000 60 19 3339 8
67d000 1074 126 4541 8
490000 77 25 4644 9
5c6000 108 28 4781 9
454000 22 7 4811 9
453000 19 7 4837 9
5c3000 82 13 4932 9
5c2000 87 19 5039 9
67f000 1103 110 6253 9
67b000 987 96 7337 9
615000 104 22 7465 9
614000 80 17 7563 10
602000 91 14 7669 10
7f7b10a3a000 70 15 7754 13
4b5000 149 8 7912 13
680000 1076 39 9028 13
4d8000 88 5 9122 13
7f7b1138a000 33 3 9160 13
7f7b1132f000 16 2 9178 13
7f7b11332000 16 2 9196 13
7f7b11333000 16 2 9214 13
7f7b11522000 71 2 9287 13
7f7b1132e000 230 1 9519 13
7f7b11406000 58 3 9581 13
7f7b11405000 48 2 9632 13
7f7b11331000 16 1 9650 13
7f7b11330000 17 1 9668 13
7f7b11510000 54 10 9732 13
7f7b1134e000 61 2 9796 13
7f7b11334000 16 1 9814 13
7f7b11512000 54 5 9873 13
7f7b1134d000 65 2 9940 13
7f7b1134c000 57 4 10002 14
10016 14
0x5f7000
5f7000 64 43 107 7
67e000 1066 145 1319 7
524000 58 29 1407 8
67c000 1067 126 2601 8
567000 61 18 2680 8
67d000 1067 125 3873 8
490000 77 26 3977 9
5c6000 103 28 4108 9
454000 22 7 4138 9
453000 19 7 4164 9
5c3000 82 13 4259 9
5c2000 88 19 4367 9
67f000 1079 108 5555 9
67b000 961 96 6613 9
615000 105 22 6741 9
614000 80 17 6839 10
602000 91 14 6945 10
7f7b10a3a000 69 15 7029 13
4b5000 148 8 7186 13
680000 1066 40 8293 13
4d8000 87 6 8387 13
7f7b1138a000 33 3 8424 13
7f7b1132f000 16 1 8442 13
7f7b11332000 17 1 8460 13
7f7b11333000 16 2 8478 13
7f7b11522000 71 3 8552 13
7f7b1132e000 232 1 8785 13
7f7b11406000 59 3 8847 13
7f7b11405000 48 2 8898 13
7f7b11331000 16 1 8916 13
7f7b11330000 16 1 8934 13
7f7b11510000 52 9 8995 13
7f7b1134e000 62 2 9060 13
7f7b11334000 16 1 9078 13
7f7b11512000 54 3 9136 13
7f7b1134d000 65 2 9204 13
7f7b1134c000 57 3 9265 14
9281 14
0x67e000
67e000 1067 248 1315 3
524000 59 45 1419 8
67c000 1071 125 2616 8
567000 60 19 2696 8
67d000 1077 125 3899 8
490000 77 25 4002 9
5c6000 103 28 4133 9
454000 21 7 4162 9
453000 18 7 4187 9
5c3000 84 12 4284 9
5c2000 89 21 4395 9
67f000 1068 108 5572 9
67b000 962 96 6631 9
615000 104 22 6758 9
614000 81 18 6858 10
602000 93 14 6966 10
7f7b10a3a000 71 15 7052 13
4b5000 150 8 7210 13
680000 1070 39 8320 13
4d8000 88 5 8414 13
7f7b1138a000 33 3 8452 13
7f7b1132f000 16 2 8470 13
7f7b11332000 16 1 8487 13
7f7b11333000 16 2 8506 13
7f7b11522000 72 2 8580 13
7f7b1132e000 233 1 8815 13
7f7b11406000 61 3 8879 13
7f7b11405000 48 3 8931 13
7f7b11331000 16 2 8949 13
7f7b11330000 16 2 8967 13
7f7b11510000 52 9 9029 13
7f7b1134e000 62 2 9094 13
7f7b11334000 17 1 9112 13
7f7b11512000 54 3 9170 13
7f7b1134d000 65 2 9238 13
7f7b1134c000 60 3 9302 14
9315 14
0x524000
524000 61 51 113 8
67c000 1073 125 1312 8
567000 62 18 1393 8
67d000 1077 127 2598 8
490000 76 26 2701 9
5c6000 103 30 2834 9
454000 21 7 2863 9
453000 19 7 2889 9
5c3000 85 12 2986 9
5c2000 90 19 3096 9
67f000 1068 108 4273 9
67b000 966 96 5336 9
615000 105 21 5463 9
614000 81 18 5563 10
602000 91 14 5670 10
7f7b10a3a000 70 15 5755 13
4b5000 149 7 5912 13
680000 1070 40 7024 13
4d8000 88 6 7119 13
7f7b1138a000 34 3 7157 13
7f7b1132f000 16 2 7175 13
7f7b11332000 16 1 7192 13
7f7b11333000 16 1 7210 13
7f7b11522000 72 2 7284 13
7f7b1132e000 228 2 7515 13
7f7b11406000 59 4 7578 13
7f7b11405000 48 2 7628 13
7f7b11331000 16 1 7646 13
7f7b11330000 16 1 7664 13
7f7b11510000 53 9 7726 13
7f7b1134e000 62 2 7790 13
7f7b11334000 16 2 7808 13
7f7b11512000 54 3 7865 13
7f7b1134d000 66 2 7933 13
7f7b1134c000 57 4 7995 14
8008 14
0x567000
567000 61 41 102 5
67d000 1070 180 1353 5
490000 77 40 1470 7
5c6000 112 40 1622 9
454000 22 6 1651 9
453000 19 7 1678 9
5c3000 83 14 1776 9
5c2000 89 18 1884 9
67c000 1066 108 3059 9
67f000 1067 109 4235 9
67b000 961 97 5294 9
615000 106 21 5422 9
614000 81 18 5522 10
602000 91 13 5627 10
7f7b10a3a000 69 15 5712 13
4b5000 149 8 5870 13
680000 1068 39 6978 13
4d8000 87 6 7072 13
7f7b1138a000 36 2 7111 13
7f7b1132f000 16 2 7130 13
7f7b11332000 17 2 7149 13
7f7b11333000 16 1 7166 13
7f7b11522000 72 4 7243 13
7f7b1132e000 236 1 7480 13
7f7b11406000 59 3 7543 13
7f7b11405000 49 2 7594 13
7f7b11331000 17 1 7612 13
7f7b11330000 16 2 7630 13
7f7b11510000 52 10 7692 13
7f7b1134e000 62 2 7756 13
7f7b11334000 16 1 7774 13
7f7b11512000 55 3 7832 13
7f7b1134d000 65 2 7900 13
7f7b1134c000 57 4 7962 14
7974 14
0x566000
566000 48 37 85 7
565000 90 32 208 7
564000 73 22 304 10
67c000 1074 90 1469 10
67b000 957 81 2508 10
615000 104 18 2631 10
614000 80 14 2726 12
602000 91 6 2824 12
7f7b10a3a000 70 7 2902 13
453000 18 2 2922 13
4b5000 149 8 3079 13
680000 1065 40 4185 13
4d8000 88 5 4278 13
67f000 1069 39 5387 13
454000 21 1 5410 13
7f7b1138a000 37 2 5451 13
7f7b1132f000 16 1 5469 13
7f7b11332000 16 1 5487 13
7f7b11333000 16 1 5505 13
7f7b11522000 71 4 5581 13
7f7b1132e000 233 1 5816 13
7f7b11406000 59 3 5879 13
7f7b11405000 48 3 5930 13
7f7b11331000 16 1 5947 13
7f7b11330000 16 2 5966 13
7f7b11510000 52 9 6027 13
7f7b1134e000 64 4 6095 13
7f7b11334000 16 2 6114 13
7f7b11512000 54 4 6172 13
7f7b1134d000 64 3 6239 13
7f7b1134c000 58 3 6300 14
6310 14
0x565000
565000 91 61 152 5
564000 74 29 256 8
67c000 1070 127 1454 8
67b000 963 114 2532 8
615000 107 27 2667 10
614000 82 14 2764 12
602000 93 7 2865 12
7f7b10a3a000 70 7 2942 13
453000 18 2 2962 13
4b5000 149 7 3118 13
680000 1085 39 4243 13
4d8000 91 5 4340 13
67f000 1078 40 5459 13
454000 22 1 5482 13
7f7b1138a000 34 3 5521 13
7f7b1132f000 17 1 5539 13
7f7b11332000 16 2 5557 13
7f7b11333000 16 1 5574 13
7f7b11522000 72 2 5649 13
7f7b1132e000 231 2 5883 13
7f7b11406000 59 3 5946 13
7f7b11405000 47 3 5997 13
7f7b11331000 16 1 6014 13
7f7b11330000 16 1 6032 13
7f7b11510000 52 9 6093 13
7f7b1134e000 61 2 6156 13
7f7b11334000 16 1 6174 13
7f7b11512000 55 5 6235 13
7f7b1134d000 65 2 6302 13
7f7b1134c000 58 3 6364 14
6372 14
0x564000
564000 74 42 116 6
67c000 1075 161 1353 7
67b000 966 130 2450 8
615000 105 27 2583 10
614000 80 14 2678 12
602000 91 7 2777 12
7f7b10a3a000 70 8 2855 13
453000 18 2 2875 13
4b5000 156 8 3039 13
680000 1079 40 4159 13
4d8000 88 6 4253 13
67f000 1071 39 5364 13
454000 21 2 5388 13
7f7b1138a000 34 2 5425 13
7f7b1132f000 16 1 5443 13
7f7b11332000 16 1 5461 13
7f7b11333000 16 1 5479 13
7f7b11522000 70 3 5553 13
7f7b1132e000 231 1 5785 13
7f7b11406000 59 3 5848 13
7f7b11405000 49 3 5901 13
7f7b11331000 17 1 5919 13
7f7b11330000 17 1 5937 13
7f7b11510000 52 10 5999 13
7f7b1134e000 62 2 6063 13
7f7b11334000 17 1 6081 13
7f7b11512000 54 4 6139 13
7f7b1134d000 65 2 6206 13
7f7b1134c000 58 3 6268 14
6275 14
0x653000
653000 64 46 110 10
67c000 1070 93 1274 10
7f7b10ace000 111 15 1401 12
7f7b10acd000 70 20 1492 12
7f7b10acb000 77 8 1577 12
453000 18 6 1601 12
67b000 960 57 2618 12
615000 106 11 2736 12
614000 81 9 2827 13
602000 92 4 2924 13
7f7b10a3a000 70 5 3000 14
3004 14
0x518000
518000 68 44 112 5
112 5
0x4f9000
4f9000 75 40 116 4
116 4
0x5ae000
5ae000 72 40 112 10
112 10
0x580000
580000 71 43 114 8
57f000 95 31 241 10
67c000 1071 93 1406 10
67b000 961 82 2450 10
615000 105 19 2575 10
614000 80 15 2671 11
602000 92 11 2775 11
7f7b10a3a000 71 11 2857 13
453000 18 1 2877 13
4b5000 149 8 3034 13
680000 1066 41 4142 13
4d8000 87 5 4235 13
67f000 1089 40 5365 13
454000 22 1 5388 13
7f7b1138a000 33 2 5425 13
7f7b1132f000 16 1 5443 13
7f7b11332000 17 1 5461 13
7f7b11333000 16 2 5479 13
7f7b11522000 71 3 5553 13
7f7b1132e000 238 2 5793 13
7f7b11406000 60 3 5856 13
7f7b11405000 48 3 5907 13
7f7b11331000 16 1 5925 13
7f7b11330000 17 1 5943 13
7f7b11510000 52 10 6005 13
7f7b1134e000 61 2 6068 13
7f7b11334000 16 1 6086 13
7f7b11512000 54 3 6144 13
7f7b1134d000 65 2 6212 13
7f7b1134c000 57 4 6274 14
6286 14
0x57f000
57f000 96 68 164 10
67c000 1066 93 1324 10
67b000 960 82 2367 10
615000 105 18 2491 10
614000 80 15 2587 11
602000 90 11 2689 11
7f7b10a3a000 70 11 2770 13
453000 18 1 2790 13
4b5000 151 8 2949 13
680000 1064 40 4054 13
4d8000 87 5 4147 13
67f000 1069 39 5256 13
454000 21 2 5280 13
7f7b1138a000 34 2 5317 13
7f7b1132f000 16 2 5336 13
7f7b11332000 16 1 5353 13
7f7b11333000 16 1 5371 13
7f7b11522000 71 2 5444 13
7f7b1132e000 233 1 5679 13
7f7b11406000 60 4 5743 13
7f7b11405000 49 2 5794 13
7f7b11331000 16 2 5812 13
7f7b11330000 16 1 5829 13
7f7b11510000 52 10 5892 13
7f7b1134e000 62 2 5957 13
7f7b11334000 16 2 5975 13
7f7b11512000 55 3 6033 13
7f7b1134d000 65 3 6102 13
7f7b1134c000 57 4 6164 14
6171 14
0x531000
531000 59 31 91 5
64a000 68 27 187 7
67e000 1073 151 1412 8
524000 59 26 1498 10
67c000 1073 93 2665 10
567000 61 13 2739 10
67d000 1080 92 3912 10
490000 77 18 4008 11
5c6000 104 17 4129 11
454000 22 4 4156 11
453000 18 4 4179 11
5c3000 81 8 4269 11
5c2000 93 12 4375 11
67f000 1090 75 5541 11
67b000 973 66 6581 11
615000 105 14 6701 11
614000 81 10 6793 12
602000 95 6 6896 12
7f7b10a3a000 69 7 6973 13
4b5000 150 8 7132 13
680000 1064 39 8236 13
4d8000 88 5 8330 13
7f7b1138a000 34 2 8368 13
7f7b1132f000 16 1 8386 13
7f7b11332000 17 1 8404 13
7f7b11333000 17 1 8422 13
7f7b11522000 70 3 8495 13
7f7b1132e000 230 2 8727 13
7f7b11406000 58 4 8789 13
7f7b11405000 48 2 8839 13
7f7b11331000 16 1 8857 13
7f7b11330000 16 2 8875 13
7f7b11510000 52 9 8936 13
7f7b1134e000 61 2 8999 13
7f7b11334000 16 1 9017 13
7f7b11512000 54 4 9075 13
7f7b1134d000 65 2 9142 13
7f7b1134c000 58 3 9204 14
9220 14
0x64a000
64a000 68 38 106 6
67e000 1072 166 1345 7
524000 59 30 1435 10
67c000 1071 92 2599 10
567000 61 13 2674 10
67d000 1084 94 3853 10
490000 78 18 3950 11
5c6000 104 18 4072 11
454000 22 4 4099 11
453000 18 5 4123 11
5c3000 82 8 4213 11
5c2000 89 11 4314 11
67f000 1068 76 5460 11
67b000 974 66 6501 11
615000 109 13 6625 11
614000 80 11 6718 12
602000 90 7 6817 12
7f7b10a3a000 72 8 6898 13
4b5000 149 8 7055 13
680000 1075 40 8172 13
4d8000 88 5 8266 13
7f7b1138a000 33 2 8303 13
7f7b1132f000 17 1 8322 13
7f7b11332000 17 1 8340 13
7f7b11333000 17 1 8358 13
7f7b11522000 71 3 8432 13
7f7b1132e000 233 2 8667 13
7f7b11406000 60 3 8730 13
7f7b11405000 48 2 8781 13
7f7b11331000 16 1 8799 13
7f7b11330000 16 1 8817 13
7f7b11510000 52 11 8881 13
7f7b1134e000 62 2 8946 13
7f7b11334000 17 1 8965 13
7f7b11512000 53 4 9023 13
7f7b1134d000 65 2 9090 13
7f7b1134c000 58 3 9152 14
9166 14
0x4fa000
4fa000 72 63 135 9
135 9
0x5d7000
5d7000 88 56 145 9
4ff000 94 19 259 10
67c000 1067 93 1420 10
482000 74 18 1512 11
481000 64 11 1588 11
480000 75 9 1673 12
7f7b10a51000 59 5 1738 12
7f7b10a50000 52 2 1792 12
7f7b10a4f000 47 2 1842 12
454000 21 2 1866 12
453000 18 2 1887 12
681000 501 21 2410 12
5f7000 62 6 2479 12
67e000 1067 56 3603 12
524000 58 7 3669 12
567000 61 5 3736 12
67d000 1078 55 4870 12
490000 77 8 4956 13
5c6000 104 5 5065 13
5c3000 82 1 5149 13
5c2000 89 2 5241 13
67f000 1083 38 6363 13
67b000 958 32 7354 13
615000 105 4 7464 13
614000 80 3 7547 13
602000 92 2 7642 13
7f7b10a3a000 72 3 7718 14
7735 14
0x4ff000
4ff000 93 48 142 8
142 8
0x482000
482000 72 54 126 9
481000 64 18 209 9
480000 72 16 298 12
7f7b10a51000 59 5 362 12
7f7b10a50000 52 4 418 12
7f7b10a4f000 46 2 467 12
454000 22 2 492 12
453000 18 2 512 12
681000 508 21 1042 12
5f7000 63 5 1110 12
67e000 1070 56 2237 12
524000 60 7 2305 12
67c000 1064 56 3426 12
567000 61 5 3493 12
67d000 1073 55 4622 12
490000 77 8 4708 13
5c6000 103 5 4816 13
5c3000 84 1 4902 13
5c2000 89 2 4994 13
67f000 1069 38 6102 13
67b000 973 32 7108 13
615000 106 3 7218 13
614000 82 3 7304 13
602000 92 2 7399 13
7f7b10a3a000 76 3 7479 14
7495 14
0x481000
481000 65 50 116 8
480000 73 21 211 12
7f7b10a51000 59 5 276 12
7f7b10a50000 51 2 330 12
7f7b10a4f000 47 2 379 12
454000 22 1 403 12
453000 19 2 425 12
681000 506 21 952 12
5f7000 63 5 1021 12
67e000 1069 56 2147 12
524000 58 7 2213 12
67c000 1073 55 3342 12
567000 62 5 3409 12
67d000 1073 54 4537 12
490000 77 8 4623 13
5c6000 104 4 4731 13
5c3000 81 2 4815 13
5c2000 87 2 4905 13
67f000 1073 38 6017 13
67b000 978 32 7028 13
615000 104 3 7136 13
614000 82 2 7222 13
602000 91 2 7316 13
7f7b10a3a000 69 3 7389 14
7404 14
0x480000
480000 73 44 117 12
7f7b10a51000 59 5 182 12
7f7b10a50000 51 3 236 12
7f7b10a4f000 47 2 285 12
454000 22 1 309 12
453000 19 2 331 12
681000 504 21 856 12
5f7000 62 6 925 12
67e000 1067 56 2049 12
524000 58 7 2115 12
67c000 1079 55 3251 12
567000 60 5 3317 12
67d000 1068 55 4441 12
490000 80 8 4530 13
5c6000 104 5 4639 13
5c3000 82 2 4724 13
5c2000 88 2 4815 13
67f000 1073 37 5926 13
67b000 956 32 6915 13
615000 104 3 7023 13
614000 81 2 7107 13
602000 95 3 7206 13
7f7b10a3a000 71 3 7280 14
7293 14
0x47f000
47f000 63 51 115 9
115 9
0x52b000
52b000 83 47 130 7
52a000 70 30 231 9
67f000 1085 105 1422 9
529000 69 16 1508 9
528000 93 20 1622 11
67c000 1073 71 2768 11
454000 21 3 2793 11
453000 18 3 2815 11
680000 1071 72 3959 11
455000 22 3 3985 11
7f7b1151a000 64 8 4058 11
7f7b11331000 17 2 4077 11
456000 45 6 4129 11
67b000 963 63 5156 11
615000 105 12 5274 11
614000 81 9 5365 11
602000 92 11 5469 11
7f7b10a3a000 69 12 5551 13
4b5000 150 7 5708 13
4d8000 86 6 5802 13
7f7b1138a000 33 2 5839 13
7f7b1132f000 16 1 5857 13
7f7b11332000 16 1 5875 13
7f7b11333000 17 1 5893 13
7f7b11522000 72 2 5967 13
7f7b1132e000 234 2 6203 13
7f7b11406000 59 3 6265 13
7f7b11405000 48 2 6316 13
7f7b11330000 17 1 6334 13
7f7b11510000 52 9 6395 13
7f7b1134e000 61 2 6459 13
7f7b11334000 17 1 6477 13
7f7b11512000 54 4 6535 13
7f7b1134d000 67 2 6604 13
7f7b1134c000 58 4 6667 14
6679 14
0x52a000
52a000 69 53 123 9
67f000 1080 105 1309 9
529000 68 14 1391 9
528000 93 18 1503 11
67c000 1066 70 2640 11
454000 21 3 2665 11
453000 18 3 2687 11
680000 1066 72 3825 11
455000 22 3 3851 11
7f7b1151a000 66 8 3926 11
7f7b11331000 17 3 3946 11
456000 45 6 3997 11
67b000 970 63 5031 11
615000 105 12 5149 11
614000 80 9 5239 11
602000 91 11 5342 11
7f7b10a3a000 70 14 5426 13
4b5000 151 8 5585 13
4d8000 87 6 5679 13
7f7b1138a000 33 2 5716 13
7f7b1132f000 16 1 5734 13
7f7b11332000 16 1 5752 13
7f7b11333000 16 1 5770 13
7f7b11522000 72 2 5844 13
7f7b1132e000 234 1 6079 13
7f7b11406000 59 3 6141 13
7f7b11405000 48 2 6192 13
7f7b11330000 17 1 6210 13
7f7b11510000 52 9 6271 13
7f7b1134e000 62 2 6336 13
7f7b11334000 17 1 6354 13
7f7b11512000 56 5 6415 13
7f7b1134d000 68 2 6485 13
7f7b1134c000 57 4 6547 14
6557 14
