0x55f0388bc000
55f0388bc000 43 21 65 5
55f038924000 775 155 996 5
55f038923000 424 88 1508 5
55f0388fa000 53 26 1588 6
55f038904000 46 17 1652 7
55f038920000 56 15 1724 7
55f0388c4000 53 14 1792 7
55f0388fd000 40 18 1851 9
55f0388fc000 54 13 1919 11
55f0388e6000 68 8 1995 11
55f0388c5000 40 5 2040 11
55f03891c000 52 7 2100 12
55f038906000 38 4 2144 12
55f038905000 54 3 2202 12
55f0388e4000 56 4 2263 12
55f0388bb000 17 1 2282 12
55f038915000 59 5 2347 12
55f038914000 35 2 2385 12
55f038913000 48 3 2437 13
55f0388c8000 36 3 2477 13
55f0388c7000 23 2 2503 13
55f0388c6000 27 2 2533 13
55f038903000 48 3 2585 13
55f03890a000 53 3 2642 13
55f0388e1000 49 3 2697 13
55f0388e0000 54 3 2755 13
55f0388d6000 47 3 2806 13
55f0388d5000 37 2 2846 14
2867 14
0x55f038924000
55f038924000 774 216 990 4
990 4
0x55f038923000
55f038923000 425 125 551 2
552 2
0x55f0388fa000
55f0388fa000 53 38 91 6
55f038904000 47 16 155 7
55f038924000 773 124 1053 7
55f038923000 423 69 1545 7
55f0388bc000 37 11 1594 7
55f0388bd000 106 35 1736 9
55f0388f2000 51 14 1802 10
55f038920000 55 10 1868 10
55f0388c4000 52 9 1930 10
55f0388fd000 40 12 1982 11
55f0388fc000 54 7 2044 11
55f0388e6000 67 8 2119 11
55f0388c5000 39 6 2165 11
55f03891c000 51 7 2224 12
55f038906000 38 3 2267 12
55f038905000 53 4 2325 12
55f0388e4000 55 4 2385 12
55f0388bb000 17 1 2404 12
55f038915000 59 4 2468 12
55f038914000 35 3 2507 12
55f038913000 48 3 2558 13
55f0388c8000 36 2 2597 13
55f0388c7000 24 1 2623 13
55f0388c6000 27 2 2653 13
55f038903000 48 3 2705 13
55f03890a000 52 3 2761 13
55f0388e1000 48 4 2816 13
55f0388e0000 53 3 2873 13
55f0388d6000 47 3 2924 13
55f0388d5000 36 3 2964 14
2985 14
0x55f038904000
55f038904000 46 28 75 6
55f038924000 773 140 989 6
55f038923000 424 80 1493 6
55f0388bc000 37 13 1544 6
55f0388fa000 52 24 1620 7
55f0388f9000 44 14 1679 9
55f0388bb000 17 7 1704 9
55f038920000 55 12 1771 9
55f0388c4000 52 12 1836 9
55f0388fd000 40 14 1890 11
55f0388fc000 54 8 1953 13
55f0388e6000 67 4 2024 13
55f0388c5000 39 2 2065 13
55f03891c000 52 2 2120 14
2130 14
0x55f038920000
55f038920000 55 29 84 5
55f038924000 771 154 1010 5
55f0388bc000 37 14 1061 5
55f038923000 421 88 1571 5
55f0388fa000 52 26 1650 6
55f038904000 46 17 1714 7
55f0388e1000 48 20 1784 7
55f0388e0000 53 15 1853 7
55f0388d6000 47 17 1918 7
55f0388d5000 37 13 1969 8
55f0388bf000 39 10 2020 8
55f0388be000 60 13 2093 10
55f0388bd000 107 20 2220 12
55f0388f2000 50 7 2279 12
55f0388bb000 17 3 2301 12
55f0388c5000 39 5 2345 12
55f03891c000 52 6 2404 13
55f038906000 39 1 2446 13
55f038905000 53 1 2501 13
55f0388e4000 55 1 2559 13
55f038915000 60 1 2621 13
55f038914000 34 1 2658 13
55f038913000 48 1 2708 14
2727 14
0x55f0388c4000
55f0388c4000 52 28 80 5
80 5
0x55f0388fd000
55f0388fd000 40 35 75 7
55f038924000 776 121 973 7
55f0388fc000 54 18 1046 11
55f038923000 425 33 1504 11
55f0388bc000 37 4 1546 11
55f0388fa000 52 8 1607 11
55f038904000 46 6 1660 11
55f038920000 55 6 1722 11
55f0388c4000 52 6 1781 11
55f0388f7000 48 7 1837 11
55f0388e9000 44 6 1888 11
55f0388f9000 46 5 1940 13
55f0388bb000 17 1 1959 13
55f0388ee000 41 2 2002 13
55f0388f0000 29 1 2034 13
55f0388ef000 26 1 2062 13
55f0388f1000 60 2 2125 13
55f03890b000 55 3 2185 13
55f03890a000 53 2 2241 13
55f038914000 35 2 2279 13
55f038913000 47 3 2330 13
55f0388c8000 36 2 2368 13
55f0388c7000 24 2 2395 13
55f0388c6000 27 1 2424 13
55f038903000 48 3 2476 13
55f0388c5000 39 3 2520 13
55f03891c000 51 3 2575 14
2597 14
0x55f0388fc000
55f0388fc000 54 35 89 10
89 10
0x55f0388e6000
55f0388e6000 67 39 107 7
107 7
0x55f0388c5000
55f0388c5000 40 28 68 6
55f0388bc000 37 14 120 6
55f038924000 776 141 1038 6
55f038923000 425 80 1544 6
55f0388fa000 53 24 1622 7
55f038904000 46 16 1685 8
55f038920000 55 14 1755 8
55f0388c4000 53 13 1822 8
55f0388fd000 40 17 1879 9
55f0388fc000 54 12 1946 11
55f0388e6000 68 8 2023 11
55f0388fb000 48 6 2078 11
55f0388bb000 17 3 2099 11
55f03890f000 44 7 2151 11
55f03890e000 53 6 2211 11
55f038902000 49 9 2270 12
55f038908000 50 4 2325 12
55f038907000 39 2 2367 12
55f038906000 38 4 2410 12
55f038905000 53 4 2468 12
55f0388e4000 56 3 2528 12
55f038915000 60 4 2593 12
55f038914000 35 3 2632 12
55f038913000 47 3 2683 13
55f0388c8000 36 3 2723 13
55f0388c7000 23 2 2749 13
55f0388c6000 27 2 2779 13
55f038903000 48 3 2831 13
55f03890a000 53 3 2888 13
55f0388e1000 48 4 2943 13
55f0388e0000 54 2 3000 13
55f0388d6000 48 3 3052 13
55f0388d5000 37 2 3092 14
3118 14
0x55f03891c000
55f03891c000 52 35 87 6
55f0388bc000 37 13 138 8
55f038924000 775 108 1021 8
55f038923000 426 59 1506 8
55f0388fa000 53 16 1576 9
55f038904000 47 9 1633 10
55f038920000 56 7 1697 10
55f0388c4000 52 7 1758 10
55f0388fd000 40 9 1808 10
55f0388fc000 54 10 1873 12
55f0388e6000 67 5 1946 12
55f0388c5000 39 4 1990 12
55f0388e3000 54 3 2048 12
55f0388e2000 37 3 2089 13
55f0388bb000 18 1 2108 13
55f038908000 50 3 2162 13
55f038907000 38 2 2203 13
55f038906000 38 3 2245 13
55f038905000 53 3 2302 13
55f0388e4000 55 3 2361 13
55f038915000 59 3 2424 13
55f038914000 35 2 2462 13
55f038913000 47 3 2513 13
55f0388c8000 36 2 2552 13
55f0388c7000 23 2 2578 13
55f0388c6000 27 2 2608 13
55f038903000 48 2 2659 13
55f03890a000 52 3 2716 13
55f0388e1000 49 3 2771 13
55f0388e0000 54 2 2828 13
55f0388d6000 47 3 2879 13
55f0388d5000 37 2 2919 14
2944 14
0x55f038906000
55f038906000 38 29 67 5
55f038905000 54 20 142 7
55f038923000 422 71 636 7
55f038924000 769 126 1532 7
55f0388bc000 37 12 1582 7
55f0388fa000 52 21 1656 8
55f038904000 46 13 1716 9
55f038920000 55 12 1784 9
55f0388c4000 52 11 1848 9
55f0388fd000 40 14 1903 10
55f0388fc000 54 9 1967 12
55f0388e6000 67 5 2040 12
55f0388c5000 39 3 2083 12
55f03891c000 52 4 2140 12
55f03891d000 45 4 2191 12
55f0388f9000 45 3 2240 14
2252 14
0x55f038905000
55f038905000 54 27 81 5
55f038923000 423 87 591 5
55f038924000 770 154 1516 5
55f0388bc000 37 15 1568 5
55f0388fa000 52 26 1647 6
55f038904000 46 17 1711 7
55f038920000 55 15 1782 7
55f0388c4000 52 15 1850 7
55f0388fd000 39 19 1909 9
55f0388fc000 54 12 1976 11
55f0388e6000 67 8 2052 11
55f0388c5000 39 6 2097 11
55f03891c000 51 7 2156 12
55f038906000 37 4 2200 12
55f03890c000 41 3 2245 12
55f03890b000 55 3 2304 12
55f03890a000 53 3 2361 12
55f038914000 35 3 2400 12
55f038913000 47 3 2451 13
55f0388c8000 36 2 2490 13
55f0388c7000 24 2 2517 13
55f0388c6000 28 1 2546 13
55f038903000 48 3 2598 13
55f0388bb000 17 1 2619 13
55f0388e1000 48 4 2673 13
55f0388e0000 53 3 2730 13
55f0388d6000 47 3 2781 13
55f0388d5000 37 2 2821 14
2841 14
0x55f0388e4000
55f0388e4000 55 31 86 8
55f0388bb000 17 9 113 10
55f038924000 771 81 965 10
55f038915000 58 12 1036 10
55f0388bc000 37 7 1081 10
55f038923000 423 44 1549 10
55f0388fa000 52 13 1615 10
55f038904000 46 9 1671 10
55f038920000 55 10 1737 10
55f0388c4000 52 9 1799 10
55f0388fd000 39 12 1851 11
55f0388fc000 54 7 1913 11
55f0388e6000 67 8 1988 11
55f0388c5000 39 6 2034 11
55f03891c000 51 7 2093 12
55f038906000 38 4 2137 12
55f038905000 53 3 2194 12
55f03890a000 52 4 2252 12
55f03890c000 41 3 2297 12
55f03890b000 55 4 2357 12
55f038914000 35 2 2395 12
55f038913000 47 4 2447 13
55f0388c8000 36 2 2486 13
55f0388c7000 23 2 2512 13
55f0388c6000 27 2 2542 13
55f038903000 47 3 2593 13
55f0388e1000 49 3 2649 13
55f0388e0000 54 2 2706 13
55f0388d6000 47 3 2757 13
55f0388d5000 37 2 2797 14
2819 14
0x55f0388bb000
55f0388bb000 17 16 34 3
34 3
0x55f038915000
55f038915000 59 35 94 10
55f0388bb000 17 5 117 10
55f0388bc000 36 7 161 10
55f038924000 772 81 1015 10
55f038923000 423 44 1483 10
55f0388fa000 52 13 1549 10
55f038904000 47 9 1605 10
55f038920000 55 10 1671 10
55f0388c4000 52 9 1733 10
55f0388fd000 40 12 1785 11
55f0388fc000 53 8 1847 11
55f0388e6000 67 8 1922 11
55f0388c5000 39 6 1968 11
55f03891c000 51 7 2027 12
55f038906000 38 3 2070 12
55f038905000 53 4 2128 12
55f0388e4000 55 4 2188 12
55f0388e3000 54 3 2246 12
55f0388e2000 37 2 2286 13
55f038908000 50 3 2340 13
55f038907000 38 2 2381 13
55f0388c0000 58 4 2444 13
55f0388fb000 48 3 2496 13
55f03890f000 44 3 2544 13
55f03890e000 53 3 2601 13
55f038902000 48 4 2654 13
55f0388e0000 54 2 2711 13
55f0388d6000 47 3 2763 13
55f0388d5000 36 3 2803 14
2825 14
0x55f038914000
55f038914000 35 23 58 4
55f038913000 47 20 126 10
55f0388c8000 36 8 171 11
55f038924000 771 65 1008 11
55f0388bc000 36 6 1051 11
55f038923000 422 34 1508 11
55f0388fa000 52 9 1570 12
55f038904000 46 5 1622 12
55f038920000 55 5 1683 12
55f0388c4000 52 4 1740 12
55f0388fd000 39 6 1786 12
55f0388fc000 54 6 1847 12
55f0388e6000 67 7 1921 12
55f0388c5000 39 5 1965 12
55f03891c000 51 6 2023 13
55f038906000 38 3 2066 13
55f038905000 53 2 2122 13
55f0388e4000 55 3 2182 13
55f0388bb000 17 1 2201 13
55f038915000 58 3 2263 13
55f038900000 51 2 2318 13
55f0388ff000 56 3 2378 13
55f0388fe000 42 2 2423 13
55f03890f000 44 3 2472 13
55f03890e000 53 3 2529 13
55f038902000 48 4 2582 13
55f038908000 50 3 2636 13
55f038907000 38 2 2677 13
55f0388c0000 58 3 2739 13
55f0388fb000 48 2 2791 13
55f0388d2000 53 3 2850 13
55f03890b000 55 2 2908 13
55f03890a000 53 2 2964 13
55f0388d4000 47 3 3015 13
55f0388f2000 51 3 3070 13
55f0388c3000 42 2 3116 13
55f0388f7000 48 3 3168 13
55f0388e9000 43 3 3216 13
55f0388f9000 45 3 3265 14
3294 14
0x55f038913000
55f038913000 48 27 75 9
55f0388c8000 36 12 124 10
55f038924000 773 86 984 10
55f0388bc000 37 8 1030 10
55f038923000 425 46 1502 10
55f0388fa000 52 14 1570 11
55f038904000 46 9 1626 11
55f038920000 55 9 1691 11
55f0388c4000 51 9 1752 11
55f0388fd000 39 10 1802 12
55f0388fc000 54 6 1863 12
55f0388e6000 68 6 1937 12
55f0388c5000 39 5 1981 12
55f03891c000 51 6 2039 13
55f038906000 38 3 2082 13
55f038905000 53 2 2138 13
55f0388e4000 55 3 2198 13
55f0388bb000 18 1 2217 13
55f038915000 59 4 2280 13
55f038914000 34 2 2317 13
55f038900000 50 3 2373 13
55f0388ff000 56 3 2433 13
55f0388fe000 41 3 2478 13
55f03890f000 44 3 2527 13
55f03890e000 52 3 2583 13
55f038902000 49 4 2637 13
55f038908000 49 4 2691 13
55f038907000 37 2 2731 13
55f0388c0000 57 4 2794 13
55f0388fb000 48 3 2846 13
55f0388d2000 53 3 2904 13
55f03890b000 54 3 2963 13
55f03890a000 52 3 3019 13
55f0388d4000 46 3 3069 13
55f0388f2000 50 3 3124 13
55f0388c3000 41 3 3171 13
55f0388f7000 49 3 3223 13
55f0388e9000 44 3 3271 13
55f0388f9000 45 2 3319 14
3348 14
0x55f0388c8000
55f0388c8000 36 25 61 4
55f038924000 770 172 1004 6
55f0388bc000 37 13 1055 6
55f038923000 424 79 1558 6
55f0388fa000 52 23 1634 7
55f038904000 46 15 1696 7
55f038920000 55 16 1768 7
55f0388c4000 52 14 1835 7
55f0388fd000 39 19 1894 9
55f0388fc000 54 12 1961 11
55f0388e6000 68 8 2037 11
55f0388c5000 39 6 2082 11
55f03891c000 51 7 2141 12
55f038906000 38 4 2185 12
55f038905000 53 3 2242 12
55f0388e4000 55 4 2302 12
55f0388bb000 17 2 2322 12
55f038915000 59 5 2386 12
55f038914000 34 3 2424 12
55f038913000 47 4 2476 13
55f038912000 55 3 2534 13
55f038911000 33 2 2570 13
55f038910000 39 3 2612 13
55f03890f000 44 3 2659 13
55f03890e000 53 3 2716 13
55f038902000 48 4 2769 13
55f038908000 50 3 2823 13
55f038907000 38 2 2864 13
55f0388c0000 58 3 2926 13
55f0388fb000 48 3 2979 13
55f0388d2000 53 3 3037 13
55f03890b000 55 2 3095 13
55f03890a000 53 2 3151 13
55f0388d4000 47 3 3202 13
55f0388f2000 50 4 3257 13
55f0388c3000 42 3 3304 13
55f0388f7000 49 3 3356 13
55f0388e9000 44 2 3403 13
55f0388f9000 45 2 3452 14
3484 14
0x55f0388c7000
55f0388c7000 23 19 43 6
55f0388bc000 36 14 94 8
55f038924000 775 110 980 8
55f038923000 426 61 1467 8
55f0388fa000 53 17 1538 9
55f038904000 47 10 1596 9
55f038920000 55 11 1663 9
55f0388c4000 51 11 1727 9
55f0388fd000 39 14 1781 11
55f0388fc000 54 7 1843 11
55f0388e6000 67 8 1918 11
55f0388c5000 39 5 1963 11
55f03891c000 52 7 2023 12
55f038906000 38 3 2066 12
55f038905000 53 4 2124 12
55f0388e4000 55 4 2184 12
55f0388bb000 17 1 2203 12
55f038915000 59 4 2267 12
55f038914000 35 3 2306 12
55f038913000 47 3 2357 13
55f0388c8000 36 2 2396 13
55f0388c6000 27 2 2426 13
55f038903000 48 3 2478 13
55f03890a000 52 3 2534 13
55f0388c9000 47 4 2588 13
55f0388e8000 55 3 2647 13
55f0388f9000 45 3 2696 14
2715 14
0x55f0388c6000
55f0388c6000 27 21 48 3
55f038923000 424 108 580 3
55f0388c8000 36 22 639 4
55f038924000 768 172 1580 6
55f0388bc000 36 13 1630 6
55f0388fa000 53 23 1707 7
55f038904000 46 15 1769 7
55f038920000 55 15 1840 7
55f0388c4000 52 15 1908 7
55f0388fd000 40 19 1967 9
55f0388fc000 54 12 2034 11
55f0388e6000 68 8 2110 11
55f0388c5000 40 5 2155 11
55f03891c000 51 7 2214 12
55f038906000 37 4 2258 12
55f038905000 53 4 2316 12
55f0388e4000 55 4 2376 12
55f0388bb000 17 2 2396 12
55f038915000 59 5 2460 12
55f038914000 35 2 2498 12
55f038913000 47 4 2550 13
55f038912000 54 4 2609 13
55f038911000 32 2 2644 13
55f038910000 39 2 2686 13
55f03890f000 44 3 2734 13
55f03890e000 53 3 2791 13
55f038902000 49 3 2844 13
55f038908000 49 4 2899 13
55f038907000 38 2 2940 13
55f0388c0000 58 3 3002 13
55f0388fb000 48 3 3054 13
55f0388d2000 53 3 3112 13
55f03890b000 54 3 3171 13
55f03890a000 52 3 3227 13
55f0388d4000 47 3 3278 13
55f0388f2000 51 3 3333 13
55f0388c3000 42 3 3380 13
55f0388f7000 49 3 3432 13
55f0388e9000 43 3 3479 13
55f0388f9000 45 2 3528 14
3561 14
0x55f038903000
55f038903000 48 29 77 4
55f038924000 772 167 1017 6
55f0388bc000 37 11 1066 6
55f038923000 423 75 1565 6
55f0388fa000 52 21 1640 7
55f038904000 46 13 1700 8
55f038920000 55 12 1768 8
55f0388c4000 52 10 1831 8
55f0388fd000 39 15 1886 9
55f0388fc000 53 12 1952 11
55f0388e6000 67 8 2028 11
55f0388c5000 39 6 2074 11
55f03891c000 51 7 2133 12
55f038906000 38 3 2176 12
55f038905000 54 3 2234 12
55f0388e4000 55 4 2294 12
55f0388bb000 17 2 2314 12
55f038915000 59 4 2377 12
55f038914000 35 3 2416 12
55f038913000 47 3 2467 13
55f0388c8000 36 2 2506 13
55f0388c7000 24 1 2532 13
55f0388c6000 27 2 2562 13
55f0388e1000 48 3 2616 13
55f0388e0000 54 2 2673 13
55f0388d6000 47 3 2724 13
55f0388d5000 37 3 2765 14
2786 14
0x55f03890a000
55f03890a000 53 29 82 5
82 5
0x55f0388e1000
55f0388e1000 48 38 87 6
55f0388e0000 53 17 158 7
55f038923000 422 69 650 7
55f0388d6000 47 17 716 7
55f0388d5000 37 13 767 8
55f038924000 772 109 1649 8
55f0388bc000 37 9 1695 8
55f0388fa000 52 17 1765 8
55f038904000 47 12 1825 8
55f038920000 55 13 1894 8
55f0388c4000 52 12 1959 8
55f0388fd000 40 16 2016 10
55f0388fc000 53 9 2079 12
55f0388e6000 67 5 2152 12
55f0388c5000 39 3 2195 12
55f03891c000 51 4 2251 13
55f038906000 37 1 2292 13
55f038905000 54 1 2348 13
55f0388e4000 55 1 2405 13
55f0388bb000 17 1 2424 13
55f038915000 59 1 2484 13
55f038914000 35 1 2521 13
55f038913000 47 1 2570 14
2587 14
0x55f0388e0000
55f0388e0000 54 28 82 7
55f038923000 423 70 576 7
55f0388d6000 47 17 641 7
55f0388d5000 37 13 692 8
55f038924000 770 108 1571 8
55f0388bc000 37 9 1618 8
55f0388fa000 53 17 1689 8
55f038904000 46 12 1748 8
55f038920000 56 12 1817 8
55f0388c4000 52 12 1883 8
55f0388fd000 40 16 1939 10
55f0388fc000 54 9 2003 12
55f0388e6000 68 4 2075 12
55f0388c5000 39 3 2118 12
55f03891c000 52 4 2175 13
55f038906000 38 1 2216 13
55f038905000 54 0 2271 13
55f0388e4000 55 1 2329 13
55f0388bb000 17 0 2347 13
55f038915000 59 2 2409 13
55f038914000 35 0 2445 13
55f038913000 47 1 2494 14
2510 14
0x55f0388d6000
55f0388d6000 48 33 81 4
55f0388d5000 37 20 139 5
55f038924000 771 157 1068 7
55f038923000 422 70 1561 7
55f0388bc000 37 11 1610 7
55f0388fa000 52 20 1683 8
55f038904000 47 12 1743 8
55f038920000 55 13 1812 8
55f0388c4000 52 12 1877 8
55f0388fd000 39 16 1933 10
55f0388fc000 54 9 1997 12
55f0388e6000 67 5 2070 12
55f0388c5000 39 3 2112 12
55f03891c000 52 4 2169 13
55f038906000 38 1 2210 13
55f038905000 53 1 2265 13
55f0388e4000 55 1 2323 13
55f0388bb000 17 0 2341 13
55f038915000 58 2 2402 13
55f038914000 35 1 2439 13
55f038913000 48 1 2488 14
2502 14
0x55f0388d5000
55f0388d5000 37 25 62 4
55f038924000 772 171 1006 6
55f038923000 422 78 1506 6
55f0388bc000 36 13 1557 6
55f0388fa000 52 23 1633 7
55f038904000 46 15 1695 8
55f038920000 54 13 1763 8
55f0388c4000 52 13 1829 8
55f0388fd000 40 16 1885 10
55f0388fc000 53 10 1949 12
55f0388e6000 67 5 2021 12
55f0388c5000 39 3 2064 12
55f03891c000 51 5 2121 13
55f038906000 37 2 2162 13
55f038905000 53 1 2217 13
55f0388e4000 55 1 2274 13
55f0388bb000 17 0 2292 13
55f038915000 59 1 2353 13
55f038914000 34 1 2390 13
55f038913000 47 1 2439 14
2453 14
0x55f0388bf000
55f0388bf000 39 22 61 3
55f038924000 770 187 1019 5
55f038923000 421 88 1528 5
55f0388be000 59 20 1608 7
55f0388bd000 106 36 1751 9
55f0388bc000 37 9 1798 9
55f0388fa000 53 16 1868 10
55f038904000 46 10 1925 11
55f038920000 55 8 1989 11
55f0388c4000 52 7 2049 11
55f0388fd000 40 9 2099 12
55f0388fc000 54 5 2159 12
55f0388e6000 68 5 2232 12
55f0388c5000 39 3 2275 12
55f03891c000 51 5 2332 12
55f038906000 38 4 2376 12
55f038905000 53 3 2433 12
55f0388e4000 56 4 2494 12
55f0388bb000 18 1 2513 12
55f038915000 58 5 2577 12
55f038914000 35 3 2616 12
55f038913000 48 3 2667 13
55f0388c8000 36 2 2706 13
55f0388c7000 24 1 2732 13
55f0388c6000 27 2 2762 13
55f038903000 48 3 2814 13
55f03890a000 53 2 2870 13
55f0388e1000 48 3 2925 13
55f0388e0000 54 2 2982 13
55f0388d6000 47 3 3033 13
55f0388d5000 37 2 3073 14
3097 14
0x55f0388be000
55f0388be000 59 29 88 5
55f038924000 777 160 1026 7
55f0388bd000 106 37 1170 9
55f038923000 422 54 1647 9
55f0388bc000 36 9 1693 9
55f0388fa000 52 16 1762 10
55f038904000 46 10 1819 11
55f038920000 55 7 1882 11
55f0388c4000 52 7 1942 11
55f0388fd000 40 9 1992 12
55f0388fc000 54 4 2051 12
55f0388e6000 67 5 2124 12
55f0388c5000 39 4 2168 12
55f03891c000 51 4 2224 12
55f038906000 38 4 2268 12
55f038905000 53 3 2325 12
55f0388e4000 56 4 2386 12
55f0388bb000 18 1 2405 12
55f038915000 59 5 2469 12
55f038914000 35 3 2508 12
55f038913000 48 3 2559 13
55f0388c8000 36 2 2598 13
55f0388c7000 23 2 2624 13
55f0388c6000 27 2 2654 13
55f038903000 48 3 2706 13
55f03890a000 53 2 2762 13
55f0388e1000 48 3 2817 13
55f0388e0000 54 3 2875 13
55f0388d6000 47 3 2926 13
55f0388d5000 37 2 2966 14
2989 14
0x55f0388bd000
55f0388bd000 106 65 171 5
55f038924000 770 157 1099 7
55f038923000 422 70 1592 7
55f0388bc000 37 11 1641 7
55f0388fa000 52 21 1715 8
55f038904000 46 13 1775 9
55f038920000 55 11 1842 9
55f0388c4000 52 10 1905 9
55f0388fd000 40 13 1959 11
55f0388fc000 54 7 2021 11
55f0388e6000 67 8 2097 11
55f0388c5000 40 5 2142 11
55f03891c000 51 7 2201 12
55f038906000 38 3 2245 12
55f038905000 53 3 2302 12
55f0388e4000 55 4 2363 12
55f0388bb000 17 1 2382 12
55f038915000 59 4 2446 12
55f038914000 35 3 2485 12
55f038913000 47 4 2537 13
55f0388c8000 36 2 2575 13
55f0388c7000 24 2 2602 13
55f0388c6000 28 2 2632 13
55f038903000 47 3 2683 13
55f03890a000 53 3 2740 13
55f0388e1000 48 4 2795 13
55f0388e0000 53 3 2852 13
55f0388d6000 47 3 2903 13
55f0388d5000 37 2 2943 14
2964 14
0x55f0388f2000
55f0388f2000 50 36 87 5
55f038924000 774 157 1019 6
55f038904000 46 18 1084 7
55f038923000 422 71 1578 7
55f0388bc000 37 12 1628 7
55f0388fa000 52 21 1702 8
55f0388f9000 45 13 1761 10
55f0388bb000 17 6 1785 10
55f038920000 55 11 1851 10
55f0388c4000 52 10 1914 10
55f0388fd000 40 12 1966 11
55f0388fc000 54 8 2029 13
55f0388e6000 68 3 2100 13
55f0388c5000 39 3 2142 13
55f03891c000 51 2 2196 14
2207 14
0x55f0388c3000
55f0388c3000 42 27 69 6
69 6
0x55f0388c0000
55f0388c0000 58 37 95 7
55f0388bc000 37 10 143 7
55f038924000 772 120 1036 7
55f038923000 424 68 1529 7
55f0388fa000 52 20 1602 8
55f038904000 47 11 1660 9
55f038920000 55 10 1726 9
55f0388c4000 52 9 1788 9
55f0388fd000 40 12 1841 9
55f0388fc000 54 12 1908 11
55f0388e6000 67 8 1984 11
55f0388c5000 39 6 2029 11
55f03891c000 51 7 2088 12
55f038906000 38 4 2132 12
55f038905000 53 3 2189 12
55f0388e4000 55 4 2250 12
55f0388bb000 17 1 2269 12
55f038915000 58 5 2333 12
55f038914000 35 3 2372 12
55f038913000 48 3 2423 13
55f0388c8000 36 2 2462 13
55f0388c7000 24 1 2488 13
55f0388c6000 27 2 2518 13
55f038903000 48 3 2570 13
55f03890a000 53 2 2626 13
55f0388e1000 49 3 2681 13
55f0388e0000 54 2 2738 13
55f0388d6000 47 3 2789 13
55f0388d5000 37 2 2829 14
2851 14
0x55f0388fb000
55f0388fb000 48 28 76 6
55f038924000 771 144 992 8
55f0388bc000 37 10 1040 8
55f038923000 422 62 1525 8
55f0388fa000 52 19 1597 9
55f038904000 46 11 1655 10
55f038920000 56 9 1721 10
55f0388c4000 52 9 1783 10
55f0388fd000 40 11 1835 11
55f0388fc000 54 7 1897 11
55f0388e6000 67 8 1973 11
55f0388c5000 40 5 2018 11
55f03891c000 51 7 2077 12
55f038906000 38 4 2121 12
55f038905000 53 3 2178 12
55f0388e4000 56 4 2239 12
55f0388bb000 17 2 2258 12
55f038915000 59 5 2322 12
55f038914000 35 2 2360 12
55f038913000 48 3 2412 13
55f0388c8000 36 2 2451 13
55f0388c7000 23 2 2477 13
55f0388c6000 27 2 2507 13
55f038903000 48 2 2558 13
55f03890a000 52 3 2615 13
55f0388e1000 48 4 2670 13
55f0388e0000 53 3 2727 13
55f0388d6000 47 3 2778 13
55f0388d5000 37 2 2818 14
2840 14
0x55f03890f000
55f03890f000 44 34 78 9
55f0388c5000 39 11 129 10
55f0388bc000 37 7 174 10
55f038924000 771 81 1027 10
55f038923000 424 44 1496 10
55f0388fa000 52 13 1562 10
55f038904000 47 9 1618 10
55f038920000 55 10 1684 10
55f0388c4000 52 9 1746 10
55f0388fd000 39 12 1798 11
55f0388fc000 54 7 1860 11
55f0388e6000 67 7 1935 11
55f0388fb000 48 5 1990 11
55f0388bb000 17 3 2012 11
55f0388d2000 53 7 2073 11
55f03890b000 54 6 2134 11
55f03890a000 52 6 2193 11
55f038914000 35 4 2233 11
55f038913000 47 6 2287 12
55f0388c8000 36 4 2327 12
55f0388c7000 24 3 2355 12
55f0388c6000 27 3 2386 12
55f038903000 48 5 2440 12
55f038905000 53 4 2501 12
55f0388e4000 56 5 2563 12
55f038915000 58 6 2628 12
55f038900000 50 5 2685 12
55f0388ff000 55 6 2747 12
55f0388fe000 41 5 2794 12
55f0388c9000 48 6 2850 12
55f0388e8000 56 5 2912 12
55f0388f9000 45 5 2963 13
55f0388ee000 39 2 3005 13
55f0388f0000 28 2 3038 13
55f0388ef000 25 2 3066 13
55f0388f1000 60 2 3128 13
55f0388dc000 32 1 3164 13
55f038902000 48 4 3218 14
3245 14
0x55f03890e000
55f03890e000 53 32 85 5
55f038902000 48 30 164 12
55f038924000 772 48 985 12
55f0388bc000 37 2 1024 12
55f038923000 424 23 1472 12
55f0388fa000 52 5 1530 12
55f038904000 46 4 1581 12
55f038920000 55 3 1640 12
55f0388c4000 52 4 1697 12
55f0388fd000 40 5 1742 12
55f0388fc000 54 5 1801 12
55f0388e6000 68 5 1874 12
55f0388c5000 40 3 1917 12
55f03891c000 51 5 1974 12
55f038906000 38 3 2017 12
55f038905000 53 4 2075 12
55f0388e4000 55 4 2135 12
55f0388bb000 17 1 2154 12
55f038915000 58 5 2218 12
55f038914000 35 3 2257 12
55f038913000 48 3 2308 13
55f0388c8000 36 2 2347 13
55f0388c7000 23 2 2373 13
55f0388c6000 27 2 2403 13
55f038903000 48 2 2454 13
55f03890a000 52 3 2511 13
55f0388e1000 48 4 2566 13
55f0388e0000 53 3 2623 13
55f0388d6000 47 3 2674 13
55f0388d5000 36 3 2714 14
2736 14
0x55f038902000
55f038902000 49 42 91 10
55f038924000 777 78 947 10
55f0388bc000 37 5 989 10
55f038923000 424 41 1455 10
55f0388fa000 52 10 1519 10
55f038904000 46 8 1574 10
55f038920000 55 8 1638 10
55f0388c4000 52 7 1698 10
55f0388fd000 39 10 1748 10
55f0388fc000 54 9 1812 12
55f0388e6000 67 5 1885 12
55f0388c5000 40 4 1929 12
55f03891c000 51 5 1986 12
55f038906000 38 3 2029 12
55f038905000 53 4 2087 12
55f0388e4000 55 4 2147 12
55f0388bb000 17 2 2167 12
55f038915000 59 5 2231 12
55f038914000 35 2 2269 12
55f038913000 47 4 2321 13
55f0388c8000 35 3 2360 13
55f0388c7000 23 2 2386 13
55f0388c6000 27 2 2416 13
55f038903000 48 2 2467 13
55f03890a000 52 3 2524 13
55f0388e1000 49 3 2579 13
55f0388e0000 53 3 2636 13
55f0388d6000 47 3 2687 13
55f0388d5000 37 2 2727 14
2748 14
0x55f038908000
55f038908000 51 34 85 5
55f038924000 773 154 1013 5
55f038907000 38 15 1066 5
55f038923000 424 88 1579 5
55f0388bc000 37 15 1632 5
55f0388fa000 52 27 1712 6
55f038904000 47 17 1776 7
55f038920000 55 16 1848 7
55f0388c4000 52 14 1915 7
55f0388fd000 39 19 1974 9
55f0388fc000 54 12 2041 11
55f0388e6000 67 8 2117 11
55f0388c5000 39 6 2162 11
55f03891c000 51 7 2221 12
55f038906000 38 4 2265 12
55f038905000 54 3 2322 12
55f0388e4000 55 4 2382 12
55f0388bb000 17 2 2402 12
55f038915000 59 5 2466 12
55f038914000 35 2 2504 12
55f038913000 48 3 2556 13
55f0388c8000 36 2 2595 13
55f0388c7000 24 1 2621 13
55f0388c6000 27 2 2651 13
55f038903000 49 2 2703 13
55f03890a000 52 3 2760 13
55f0388e1000 48 4 2815 13
55f0388e0000 53 3 2872 13
55f0388d6000 47 3 2923 13
55f0388d5000 37 2 2963 14
2986 14
0x55f038907000
55f038907000 39 21 60 3
55f038923000 427 107 595 3
55f0388bc000 37 18 651 5
55f038924000 770 154 1576 5
55f0388fa000 52 26 1654 6
55f038904000 46 17 1718 7
55f038920000 55 15 1789 7
55f0388c4000 52 15 1857 7
55f0388fd000 40 19 1916 9
55f0388fc000 54 12 1983 11
55f0388e6000 67 8 2058 11
55f0388c5000 39 6 2104 11
55f03891c000 52 7 2163 12
55f038906000 37 4 2206 12
55f038905000 53 3 2263 12
55f0388e4000 55 4 2324 12
55f0388bb000 17 2 2343 12
55f038915000 59 5 2407 12
55f038914000 35 2 2445 12
55f038913000 47 4 2497 13
55f0388c8000 35 3 2536 13
55f0388c7000 23 2 2562 13
55f0388c6000 27 2 2592 13
55f038903000 48 2 2643 13
55f03890a000 52 3 2700 13
55f0388e1000 48 4 2755 13
55f0388e0000 53 3 2812 13
55f0388d6000 47 3 2863 13
55f0388d5000 36 3 2903 14
2924 14
0x55f03891b000
55f03891b000 56 33 89 8
55f038923000 422 62 574 8
55f038924000 769 111 1455 8
55f03891a000 49 12 1516 8
55f038919000 43 15 1575 9
55f038908000 50 15 1640 9
55f038907000 38 10 1688 9
55f0388bc000 36 9 1734 9
55f0388fa000 52 16 1803 10
55f038904000 47 9 1860 10
55f038920000 55 10 1926 10
55f0388c4000 52 9 1988 10
55f0388fd000 39 12 2040 11
55f0388fc000 54 7 2102 11
55f0388e6000 67 8 2178 11
55f0388c5000 39 6 2224 11
55f03891c000 52 7 2283 12
55f038906000 38 3 2326 12
55f038905000 54 3 2384 12
55f0388e4000 55 4 2444 12
55f0388bb000 17 2 2464 12
55f038915000 59 4 2527 12
55f038914000 34 3 2566 12
55f038913000 47 3 2617 13
55f0388c8000 36 2 2656 13
55f0388c7000 24 2 2683 13
55f0388c6000 28 1 2712 13
55f038903000 48 3 2764 13
55f03890a000 53 3 2821 13
55f0388e1000 48 4 2876 13
55f0388e0000 54 2 2932 13
55f0388d6000 48 3 2984 13
55f0388d5000 36 2 3023 14
3048 14
0x55f03891a000
55f03891a000 48 25 74 5
55f038919000 43 21 139 6
55f038908000 50 21 210 6
55f038924000 772 140 1123 6
55f038907000 38 13 1174 6
55f038923000 425 79 1679 6
55f0388bc000 37 13 1730 6
55f0388fa000 51 24 1806 7
55f038904000 46 15 1868 7
55f038920000 55 15 1939 7
55f0388c4000 51 15 2007 7
55f0388fd000 39 19 2066 9
55f0388fc000 54 12 2133 11
55f0388e6000 67 8 2209 11
55f0388c5000 39 6 2254 11
55f03891c000 51 7 2313 12
55f038906000 38 4 2357 12
55f038905000 53 3 2414 12
55f0388e4000 55 4 2475 12
55f0388bb000 17 1 2494 12
55f038915000 58 5 2558 12
55f038914000 35 3 2597 12
55f038913000 47 3 2648 13
55f0388c8000 36 3 2688 13
55f0388c7000 23 2 2714 13
55f0388c6000 27 2 2744 13
55f038903000 48 2 2795 13
55f03890a000 52 3 2852 13
55f0388e1000 49 3 2907 13
55f0388e0000 53 3 2964 13
55f0388d6000 47 3 3015 13
55f0388d5000 37 2 3055 14
3079 14
0x55f038919000
55f038919000 44 30 74 6
74 6
0x55f03890c000
55f03890c000 40 30 71 6
55f038924000 772 138 982 6
55f03890b000 55 17 1054 8
55f03890a000 53 13 1120 9
55f0388bc000 37 8 1165 9
55f038923000 422 52 1640 9
55f0388fa000 52 14 1707 9
55f038904000 47 10 1765 9
55f038920000 55 11 1832 9
55f0388c4000 52 11 1896 9
55f0388fd000 39 14 1950 11
55f0388fc000 54 7 2012 11
55f0388e6000 67 8 2087 11
55f0388c5000 39 6 2133 11
55f03891c000 51 7 2192 12
55f038906000 38 4 2236 12
55f038905000 54 3 2293 12
55f0388e4000 55 4 2353 12
55f0388bb000 17 2 2373 12
55f038915000 59 4 2436 12
55f038914000 35 2 2475 12
55f038913000 48 3 2527 13
55f0388c8000 36 2 2566 13
55f0388c7000 24 2 2593 13
55f0388c6000 28 1 2623 13
55f038903000 49 2 2675 13
55f0388e1000 50 3 2732 13
55f0388e0000 54 3 2790 13
55f0388d6000 47 3 2841 13
55f0388d5000 37 2 2881 14
2904 14
0x55f03890b000
55f03890b000 55 28 83 5
55f03890a000 53 21 158 7
55f0388bc000 37 12 207 8
55f038924000 775 111 1094 8
55f038923000 426 62 1582 8
55f0388fa000 52 18 1653 9
55f038904000 47 11 1712 9
55f038920000 55 11 1779 9
55f0388c4000 52 11 1843 9
55f0388fd000 40 13 1896 11
55f0388fc000 54 7 1958 11
55f0388e6000 67 8 2034 11
55f0388c5000 39 6 2079 11
55f03891c000 51 7 2138 12
55f038906000 38 3 2181 12
55f038905000 53 4 2239 12
55f0388e4000 55 4 2299 12
55f0388bb000 17 1 2318 12
55f038915000 59 4 2382 12
55f038914000 35 3 2421 12
55f038913000 47 3 2472 13
55f0388c8000 36 2 2511 13
55f0388c7000 24 1 2537 13
55f0388c6000 28 1 2567 13
55f038903000 48 3 2619 13
55f0388e1000 48 4 2675 13
55f0388e0000 53 3 2732 13
55f0388d6000 47 3 2783 13
55f0388d5000 37 2 2823 14
2845 14
0x55f0388d4000
55f0388d4000 47 32 80 5
55f0388f2000 50 26 157 7
55f038924000 775 128 1061 8
55f038904000 47 14 1122 9
55f038923000 426 54 1602 9
55f0388bc000 37 9 1649 9
55f0388fa000 52 16 1718 10
55f0388f9000 45 8 1772 12
55f0388bb000 17 4 1794 12
55f038920000 55 6 1856 12
55f0388c4000 52 6 1915 12
55f0388fd000 39 8 1963 13
55f0388fc000 54 2 2020 13
55f0388e6000 68 3 2092 13
55f0388c5000 39 3 2134 13
55f03891c000 51 3 2189 14
2200 14
0x55f0388f7000
55f0388f7000 49 32 81 7
55f0388bc000 37 11 130 7
55f038924000 774 121 1025 7
55f038923000 424 68 1518 7
55f0388fa000 52 20 1591 8
55f038904000 47 11 1649 9
55f038920000 55 10 1715 9
55f0388c4000 52 10 1778 9
55f0388fd000 40 12 1830 9
55f0388fc000 54 12 1897 11
55f0388e6000 67 8 1973 11
55f0388c5000 39 6 2019 11
55f03891c000 51 7 2078 12
55f038906000 38 4 2122 12
55f038905000 53 3 2179 12
55f0388e4000 56 3 2239 12
55f0388bb000 17 2 2259 12
55f038915000 59 5 2323 12
55f038914000 35 2 2361 12
55f038913000 48 3 2413 13
55f0388c8000 36 2 2452 13
55f0388c7000 24 2 2479 13
55f0388c6000 28 2 2509 13
55f038903000 48 2 2560 13
55f03890a000 52 3 2617 13
55f0388e1000 48 4 2672 13
55f0388e0000 53 3 2729 13
55f0388d6000 47 3 2780 13
55f0388d5000 37 2 2820 14
2842 14
0x55f0388e9000
55f0388e9000 44 31 75 5
55f038923000 424 86 586 5
55f0388bc000 37 13 637 6
55f038924000 773 134 1545 6
55f0388fa000 52 22 1619 7
55f038904000 46 13 1679 8
55f038920000 55 11 1746 8
55f0388c4000 51 11 1810 8
55f0388fd000 39 14 1864 9
55f0388fc000 54 12 1931 11
55f0388e6000 67 8 2007 11
55f0388c5000 39 5 2052 11
55f03891c000 51 8 2112 12
55f038906000 37 4 2155 12
55f038905000 53 3 2212 12
55f0388e4000 55 4 2273 12
55f0388bb000 17 1 2292 12
55f038915000 59 4 2356 12
55f038914000 35 3 2395 12
55f038913000 47 3 2446 13
55f0388c8000 36 2 2485 13
55f0388c7000 24 2 2512 13
55f0388c6000 27 2 2542 13
55f038903000 48 2 2593 13
55f03890a000 52 3 2650 13
55f0388e1000 48 4 2705 13
55f0388e0000 53 3 2762 13
55f0388d6000 47 3 2813 13
55f0388d5000 37 2 2853 14
2875 14
0x55f0388f9000
55f0388f9000 45 26 72 7
55f0388bc000 37 12 122 7
55f038924000 770 127 1020 7
55f038923000 422 71 1514 7
55f0388fa000 52 22 1589 8
55f038904000 46 13 1649 9
55f038920000 55 11 1717 9
55f0388c4000 52 11 1782 9
55f0388fd000 39 14 1836 11
55f0388fc000 54 8 1899 13
55f0388e6000 67 3 1970 13
55f0388c5000 40 2 2012 13
55f03891c000 51 3 2067 14
2076 14
0x55f0388ee000
55f0388ee000 40 24 64 7
55f038924000 771 129 965 9
55f038920000 55 12 1032 9
55f0388bc000 37 8 1078 9
55f038923000 422 53 1554 9
55f0388fa000 52 15 1622 9
55f038904000 47 11 1681 10
55f0388e1000 49 12 1743 10
55f0388e0000 54 9 1807 10
55f0388d6000 47 11 1866 10
55f0388d5000 37 8 1912 11
55f0388bf000 39 6 1959 11
55f0388be000 60 7 2026 12
55f0388bd000 106 11 2144 12
55f0388f2000 50 6 2202 12
55f0388bb000 17 3 2224 12
55f0388c5000 40 5 2269 12
55f03891c000 51 6 2327 13
55f038906000 38 1 2368 13
55f038905000 53 1 2423 13
55f0388e4000 55 1 2481 13
55f038915000 59 1 2542 13
55f038914000 35 0 2579 13
55f038913000 47 1 2628 14
2650 14
0x55f0388f0000
55f0388f0000 29 19 48 1
55f038924000 771 214 1034 4
55f0388ef000 26 13 1073 4
55f0388ee000 39 19 1132 9
55f038920000 55 12 1200 9
55f0388bc000 37 8 1246 9
55f038923000 423 53 1723 9
55f0388fa000 52 15 1791 9
55f038904000 46 12 1850 10
55f0388e1000 49 12 1912 10
55f0388e0000 54 9 1976 10
55f0388d6000 47 11 2035 10
55f0388d5000 37 8 2081 11
55f0388bf000 39 6 2128 11
55f0388be000 59 7 2195 12
55f0388bd000 106 11 2313 12
55f0388f2000 50 7 2372 12
55f0388bb000 17 3 2393 12
55f0388c5000 39 5 2438 12
55f03891c000 51 6 2496 13
55f038906000 38 1 2537 13
55f038905000 54 1 2593 13
55f0388e4000 55 1 2650 13
55f038915000 59 2 2712 13
55f038914000 35 0 2748 13
55f038913000 48 1 2798 14
2821 14
0x55f0388ef000
55f0388ef000 26 16 42 1
55f0388ee000 40 24 107 7
55f038924000 770 129 1007 9
55f038920000 55 11 1074 9
55f0388bc000 37 9 1121 9
55f038923000 423 53 1598 9
55f0388fa000 52 15 1666 9
55f038904000 47 11 1725 10
55f0388e1000 48 12 1787 10
55f0388e0000 54 9 1851 10
55f0388d6000 47 11 1910 10
55f0388d5000 37 8 1956 11
55f0388bf000 39 5 2002 11
55f0388be000 59 8 2070 12
55f0388bd000 106 12 2188 12
55f0388f2000 50 7 2246 12
55f0388bb000 17 3 2267 12
55f0388c5000 39 5 2312 12
55f03891c000 51 6 2370 13
55f038906000 38 1 2411 13
55f038905000 54 1 2467 13
55f0388e4000 55 1 2524 13
55f038915000 59 2 2586 13
55f038914000 35 0 2622 13
55f038913000 48 0 2671 14
2694 14
0x55f0388f1000
55f0388f1000 59 32 91 5
55f038923000 425 90 607 5
55f038924000 777 157 1542 7
55f0388ef000 25 9 1577 7
55f0388ee000 40 12 1630 10
55f038920000 55 10 1696 10
55f0388bc000 37 7 1741 10
55f0388fa000 52 12 1806 10
55f038904000 47 9 1863 10
55f0388e1000 49 13 1926 10
55f0388e0000 54 9 1989 10
55f0388d6000 48 10 2048 10
55f0388d5000 37 8 2094 11
55f0388bf000 39 6 2141 11
55f0388be000 59 7 2208 12
55f0388bd000 106 12 2327 12
55f0388f2000 50 7 2385 12
55f0388bb000 17 3 2406 12
55f0388c5000 39 5 2451 12
55f03891c000 51 6 2509 13
55f038906000 38 1 2550 13
55f038905000 53 1 2605 13
55f0388e4000 55 1 2663 13
55f038915000 59 1 2724 13
55f038914000 35 0 2761 13
55f038913000 47 1 2810 14
2834 14
0x55f0388dc000
55f0388dc000 32 19 51 3
55f038923000 422 108 582 3
55f038924000 771 187 1542 5
55f0388bc000 37 15 1594 5
55f0388fa000 52 26 1673 6
55f038904000 46 17 1737 7
55f038920000 55 16 1809 7
55f0388c4000 52 14 1876 7
55f0388fd000 40 19 1936 9
55f0388fc000 54 12 2003 11
55f0388e6000 68 8 2079 11
55f0388c5000 40 5 2124 11
55f03891c000 52 7 2184 12
55f038906000 38 3 2227 12
55f038905000 54 3 2285 12
55f0388e4000 55 4 2345 12
55f0388bb000 17 2 2365 12
55f038915000 60 4 2429 12
55f038914000 35 3 2468 12
55f038913000 47 3 2519 13
55f0388c8000 36 3 2559 13
55f0388c7000 23 2 2585 13
55f0388c6000 27 2 2615 13
55f038903000 48 3 2667 13
55f03890a000 53 2 2723 13
55f0388e1000 48 4 2779 13
55f0388e0000 53 3 2836 13
55f0388d6000 47 3 2887 13
55f0388d5000 37 2 2927 14
2948 14
0x55f038909000
55f038909000 43 30 73 6
55f038924000 772 139 985 6
55f038923000 424 78 1487 6
55f0388bc000 37 12 1538 6
55f0388fa000 52 23 1614 6
55f038904000 46 17 1678 7
55f038920000 56 16 1751 7
55f0388c4000 52 14 1818 7
55f0388fd000 39 19 1877 9
55f0388fc000 54 12 1944 11
55f0388e6000 67 8 2020 11
55f0388c5000 39 5 2065 11
55f03891c000 51 8 2125 12
55f038906000 38 3 2168 12
55f038905000 53 4 2226 12
55f0388e4000 55 4 2286 12
55f0388bb000 17 2 2306 12
55f038915000 59 5 2370 12
55f038914000 35 3 2409 12
55f038913000 48 3 2460 13
55f0388c8000 36 3 2500 13
55f0388c7000 23 2 2526 13
55f0388c6000 27 2 2556 13
55f038903000 48 3 2608 13
55f03890a000 53 3 2665 13
55f0388e1000 49 3 2720 13
55f0388e0000 54 3 2778 13
55f0388d6000 47 3 2829 13
55f0388d5000 37 3 2870 14
2891 14
0x55f0388ed000
55f0388ed000 51 34 85 5
55f0388ec000 55 19 160 7
55f038923000 427 68 656 7
55f038924000 779 122 1558 8
55f038903000 48 12 1619 8
55f0388bc000 37 8 1665 8
55f0388fa000 53 16 1735 9
55f038904000 46 9 1791 10
55f038920000 56 7 1855 10
55f0388c4000 53 6 1915 10
55f0388fd000 40 9 1965 11
55f0388fc000 54 7 2027 11
55f0388e6000 67 8 2103 11
55f0388c5000 39 6 2149 11
55f03891c000 52 7 2209 12
55f038906000 38 4 2253 12
55f038905000 53 3 2310 12
55f0388e4000 55 4 2371 12
55f0388bb000 17 2 2391 12
55f038915000 59 5 2455 12
55f038914000 35 2 2493 12
55f038913000 48 3 2545 13
55f0388c8000 36 3 2585 13
55f0388c7000 24 2 2611 13
55f0388c6000 27 2 2641 13
55f0388e1000 49 3 2695 13
55f0388e0000 54 3 2753 13
55f0388d6000 47 3 2804 13
55f0388d5000 37 3 2845 14
2869 14
0x55f0388ec000
55f0388ec000 54 31 85 5
55f038923000 426 91 603 5
55f038924000 775 158 1537 7
55f038903000 48 16 1601 8
55f0388bc000 37 8 1647 8
55f0388fa000 52 15 1715 9
55f038904000 47 9 1772 10
55f038920000 55 7 1835 10
55f0388c4000 52 6 1894 10
55f0388fd000 39 9 1943 11
55f0388fc000 54 7 2005 11
55f0388e6000 67 8 2081 11
55f0388c5000 39 6 2126 11
55f03891c000 51 7 2185 12
55f038906000 38 4 2229 12
55f038905000 53 3 2286 12
55f0388e4000 55 4 2346 12
55f0388bb000 17 2 2366 12
55f038915000 59 5 2430 12
55f038914000 34 3 2468 12
55f038913000 47 4 2520 13
55f0388c8000 36 3 2559 13
55f0388c7000 23 2 2585 13
55f0388c6000 27 2 2615 13
55f0388e1000 49 3 2669 13
55f0388e0000 53 3 2726 13
55f0388d6000 47 3 2777 13
55f0388d5000 37 2 2817 14
2840 14
0x55f0388eb000
55f0388eb000 56 33 89 5
55f038924000 771 157 1018 7
55f0388ea000 55 15 1088 11
55f038923000 424 31 1544 11
55f0388bc000 37 4 1586 11
55f0388fa000 52 7 1646 11
55f038904000 47 5 1699 11
55f038920000 56 5 1761 11
55f0388c4000 52 5 1819 11
55f0388fd000 40 7 1867 12
55f0388fc000 54 5 1927 12
55f0388e6000 68 6 2001 12
55f0388c5000 40 3 2044 12
55f03891c000 52 4 2101 12
55f038906000 38 4 2146 12
55f038905000 54 3 2203 12
55f0388e4000 55 4 2264 12
55f0388bb000 17 2 2284 12
55f038915000 60 5 2349 12
55f038914000 35 3 2388 12
55f038913000 48 3 2440 13
55f0388c8000 36 2 2479 13
55f0388c7000 24 2 2506 13
55f0388c6000 27 2 2536 13
55f038903000 49 2 2588 13
55f03890a000 53 2 2645 13
55f0388e1000 49 3 2701 13
55f0388e0000 54 3 2759 13
55f0388d6000 48 3 2811 13
55f0388d5000 37 2 2851 14
2873 14
0x55f0388ea000
55f0388ea000 56 30 86 10
86 10
0x55f0388e8000
55f0388e8000 56 35 91 7
55f038923000 428 72 592 7
55f038904000 47 16 656 9
55f038924000 777 95 1529 9
55f0388bc000 37 8 1574 9
55f0388fa000 53 14 1642 9
55f0388f9000 45 10 1698 11
55f0388bb000 17 5 1721 11
55f038920000 56 8 1785 11
55f0388c4000 52 7 1845 11
55f0388fd000 40 9 1895 13
55f0388fc000 54 3 1953 13
55f0388e6000 67 3 2024 13
55f0388c5000 39 2 2066 13
55f03891c000 51 3 2121 14
2132 14
0x55f0388c2000
55f0388c2000 62 24 86 6
55f038924000 772 140 999 6
55f038920000 55 18 1072 6
55f0388bc000 37 13 1123 6
55f038923000 425 79 1627 6
55f0388fa000 52 23 1703 7
55f038904000 46 15 1765 7
55f0388e1000 49 19 1834 7
55f0388e0000 54 15 1904 7
55f0388d6000 47 17 1969 7
55f0388d5000 37 13 2020 8
55f0388bf000 39 9 2070 8
55f0388be000 59 13 2143 10
55f0388bd000 106 21 2271 12
55f0388f2000 51 6 2329 12
55f0388bb000 17 3 2351 12
55f0388c5000 39 5 2395 12
55f03891c000 51 7 2454 13
55f038906000 37 2 2495 13
55f038905000 53 1 2550 13
55f0388e4000 55 1 2607 13
55f038915000 59 2 2669 13
55f038914000 34 1 2705 13
55f038913000 47 1 2754 14
2775 14
0x55f038918000
55f038918000 49 36 85 8
55f038917000 60 16 162 12
55f038916000 42 4 209 12
55f038923000 424 22 656 12
55f038924000 773 47 1477 12
55f0388bc000 37 2 1516 12
55f0388fa000 52 5 1574 12
55f038904000 47 3 1624 12
55f038920000 56 3 1684 12
55f0388c4000 52 3 1740 12
55f0388fd000 40 4 1785 12
55f0388fc000 54 4 1844 12
55f0388e6000 67 5 1917 12
55f0388c5000 39 3 1960 12
55f03891c000 52 4 2017 13
55f038906000 38 1 2058 13
55f038905000 54 1 2114 13
55f0388e4000 56 1 2172 13
55f0388bb000 17 0 2190 13
55f038915000 60 1 2251 13
55f038914000 35 1 2288 13
55f038913000 47 1 2337 14
2354 14
0x55f038917000
55f038917000 60 42 103 8
55f038916000 43 17 163 8
55f038923000 425 64 653 8
55f038924000 778 113 1545 9
55f0388bc000 37 9 1591 9
55f0388fa000 52 16 1660 10
55f038904000 46 10 1717 10
55f038920000 55 9 1782 10
55f0388c4000 52 9 1844 10
55f0388fd000 40 12 1897 11
55f0388fc000 53 7 1958 11
55f0388e6000 67 8 2034 11
55f0388c5000 39 5 2079 11
55f03891c000 52 7 2139 12
55f038906000 37 4 2183 12
55f038905000 53 3 2240 12
55f0388e4000 55 4 2301 12
55f0388bb000 17 1 2320 12
55f038915000 59 4 2384 12
55f038914000 34 3 2423 12
55f038913000 47 3 2474 13
55f0388c8000 36 3 2514 13
55f0388c7000 23 2 2540 13
55f0388c6000 27 2 2570 13
55f038903000 48 3 2622 13
55f03890a000 53 2 2678 13
55f0388e1000 49 3 2733 13
55f0388e0000 54 2 2790 13
55f0388d6000 48 3 2842 13
55f0388d5000 36 3 2882 14
2905 14
0x55f038916000
55f038916000 43 33 76 5
55f038923000 422 90 589 5
55f038924000 771 158 1519 7
55f0388bc000 37 11 1567 7
55f0388fa000 53 20 1641 8
55f038904000 47 12 1701 9
55f038920000 55 11 1768 9
55f0388c4000 52 10 1832 9
55f0388fd000 39 14 1886 11
55f0388fc000 54 7 1948 11
55f0388e6000 68 8 2024 11
55f0388c5000 39 6 2069 11
55f03891c000 51 7 2128 12
55f038906000 38 4 2172 12
55f038905000 53 3 2229 12
55f0388e4000 55 3 2289 12
55f0388bb000 17 2 2309 12
55f038915000 59 5 2373 12
55f038914000 35 2 2411 12
55f038913000 48 3 2463 13
55f0388c8000 36 2 2502 13
55f0388c7000 24 1 2528 13
55f0388c6000 27 2 2558 13
55f038903000 48 3 2610 13
55f03890a000 53 2 2666 13
55f0388e1000 48 4 2722 13
55f0388e0000 53 3 2779 13
55f0388d6000 47 3 2830 13
55f0388d5000 36 3 2870 14
2892 14
0x55f0388ff000
55f0388ff000 56 31 88 10
55f0388bb000 17 4 110 10
55f0388fe000 42 7 159 11
55f038924000 773 62 995 11
55f0388bc000 37 3 1036 11
55f038923000 423 32 1492 11
55f0388fa000 52 8 1553 11
55f038904000 47 5 1605 11
55f038920000 55 6 1667 11
55f0388c4000 52 5 1725 11
55f0388fd000 40 7 1773 11
55f0388fc000 54 7 1835 11
55f0388e6000 68 8 1911 11
55f0388c5000 40 5 1956 11
55f03891c000 51 7 2015 12
55f038906000 38 4 2059 12
55f038905000 53 3 2116 12
55f0388e4000 56 4 2177 12
55f038915000 59 5 2241 12
55f038914000 35 2 2279 12
55f038913000 48 3 2331 13
55f0388c8000 36 2 2370 13
55f0388c7000 24 1 2396 13
55f0388c6000 27 2 2426 13
55f038903000 48 3 2478 13
55f03890a000 53 2 2534 13
55f0388e1000 48 3 2589 13
55f0388e0000 54 2 2646 13
55f0388d6000 47 4 2698 13
55f0388d5000 36 2 2737 14
2760 14
0x55f0388fe000
55f0388fe000 42 30 72 6
55f038924000 774 141 988 6
55f0388bc000 37 14 1039 6
55f038923000 425 80 1544 6
55f0388fa000 52 24 1621 7
55f038904000 46 15 1683 8
55f038920000 55 14 1753 8
55f0388c4000 52 13 1819 8
55f0388fd000 40 16 1876 9
55f0388fc000 54 12 1943 11
55f0388e6000 67 8 2019 11
55f0388c5000 39 5 2064 11
55f03891c000 52 7 2124 12
55f038906000 38 3 2167 12
55f038905000 53 4 2225 12
55f0388e4000 55 4 2285 12
55f0388bb000 17 1 2304 12
55f038915000 59 4 2368 12
55f038914000 35 3 2407 12
55f038913000 47 3 2458 13
55f0388c8000 36 2 2497 13
55f0388c7000 24 2 2524 13
55f0388c6000 28 1 2553 13
55f038903000 48 3 2605 13
55f03890a000 53 3 2662 13
55f0388e1000 48 3 2716 13
55f0388e0000 54 2 2773 13
55f0388d6000 47 3 2824 13
55f0388d5000 37 2 2864 14
2886 14
0x55f0388c9000
55f0388c9000 48 37 85 9
55f038924000 772 91 949 9
55f0388bc000 37 6 993 9
55f038923000 424 49 1467 9
55f0388fa000 52 13 1533 10
55f038904000 47 7 1588 10
55f038920000 54 8 1651 10
55f0388c4000 52 6 1710 10
55f0388fd000 40 9 1760 11
55f0388fc000 54 7 1822 11
55f0388e6000 68 8 1898 11
55f0388c5000 40 5 1943 11
55f03891c000 51 7 2002 12
55f038906000 38 4 2046 12
55f038905000 53 3 2103 12
55f0388e4000 55 4 2164 12
55f0388bb000 17 1 2183 12
55f038915000 59 4 2247 12
55f038914000 35 3 2286 12
55f038913000 47 3 2337 13
55f0388c8000 36 2 2376 13
55f0388c7000 24 2 2403 13
55f0388c6000 27 2 2433 13
55f038903000 47 3 2484 13
55f03890a000 53 3 2541 13
55f0388e1000 48 4 2596 13
55f0388e0000 53 3 2653 13
55f0388d6000 47 3 2704 13
55f0388d5000 36 3 2744 14
2764 14
0x55f0388ca000
55f0388ca000 35 24 60 6
55f0388bc000 36 13 110 6
55f038924000 771 140 1022 6
55f038923000 423 80 1525 6
55f0388fa000 52 23 1601 7
55f038904000 46 15 1663 7
55f038920000 55 15 1734 7
55f0388c4000 51 15 1802 7
55f0388fd000 39 19 1861 9
55f0388fc000 54 12 1928 11
55f0388e6000 68 8 2004 11
55f0388c5000 39 6 2049 11
55f03891c000 51 7 2108 12
55f038906000 38 4 2152 12
55f038905000 54 3 2209 12
55f0388e4000 55 4 2269 12
55f0388bb000 17 2 2289 12
55f038915000 59 5 2353 12
55f038914000 35 3 2392 12
55f038913000 47 3 2443 13
55f0388c8000 36 2 2482 13
55f0388c7000 24 1 2508 13
55f0388c6000 28 1 2538 13
55f038903000 48 3 2590 13
55f03890a000 53 2 2646 13
55f0388e1000 48 3 2701 13
55f0388e0000 54 2 2758 13
55f0388d6000 47 3 2809 13
55f0388d5000 37 2 2849 14
2871 14
0x55f0388cc000
55f0388cc000 48 27 75 6
55f0388cb000 37 15 128 6
55f0388bc000 37 13 179 6
55f038924000 777 139 1096 6
55f038923000 423 79 1599 6
55f0388fa000 52 24 1676 7
55f038904000 46 15 1738 7
55f038920000 55 15 1809 7
55f0388c4000 52 14 1877 7
55f0388fd000 39 19 1936 9
55f0388fc000 54 12 2003 11
55f0388e6000 68 8 2079 11
55f0388c5000 39 6 2124 11
55f03891c000 51 7 2183 12
55f038906000 38 4 2227 12
55f038905000 53 3 2284 12
55f0388e4000 55 4 2345 12
55f0388bb000 17 1 2364 12
55f038915000 59 4 2428 12
55f038914000 35 3 2467 12
55f038913000 47 3 2518 13
55f0388c8000 36 2 2557 13
55f0388c7000 24 1 2583 13
55f0388c6000 27 2 2613 13
55f038903000 48 3 2665 13
55f03890a000 53 3 2722 13
55f0388e1000 49 3 2777 13
55f0388e0000 54 3 2835 13
55f0388d6000 47 3 2886 13
55f0388d5000 37 3 2927 14
2950 14
0x55f0388cb000
55f0388cb000 38 25 63 5
55f0388bc000 36 15 115 5
55f038924000 772 154 1042 5
55f038923000 424 88 1554 5
55f0388fa000 52 26 1633 6
55f038904000 46 17 1697 7
55f038920000 55 15 1768 7
55f0388c4000 52 15 1836 7
55f0388fd000 39 19 1895 9
55f0388fc000 54 12 1962 11
55f0388e6000 67 8 2037 11
55f0388c5000 39 6 2083 11
55f03891c000 51 7 2142 12
55f038906000 38 4 2186 12
55f038905000 53 3 2243 12
55f0388e4000 56 3 2303 12
55f0388bb000 17 2 2323 12
55f038915000 59 5 2387 12
55f038914000 35 2 2425 12
55f038913000 47 4 2477 13
55f0388c8000 35 3 2516 13
55f0388c7000 23 2 2542 13
55f0388c6000 27 2 2572 13
55f038903000 48 2 2623 13
55f03890a000 52 3 2680 13
55f0388e1000 49 3 2735 13
55f0388e0000 53 3 2792 13
55f0388d6000 47 3 2843 13
55f0388d5000 37 2 2883 14
2905 14
0x55f038910000
55f038910000 39 24 63 5
55f038923000 423 92 578 5
55f03890f000 44 25 648 10
55f0388c5000 39 10 698 10
55f0388bc000 36 7 742 10
55f038924000 773 81 1597 10
55f0388fa000 52 13 1663 10
55f038904000 47 9 1719 10
55f038920000 55 10 1785 10
55f0388c4000 52 9 1847 10
55f0388fd000 39 12 1899 11
55f0388fc000 54 7 1961 11
55f0388e6000 67 8 2037 11
55f0388fb000 48 6 2092 11
55f0388bb000 17 3 2113 11
55f0388d2000 53 7 2174 11
55f03890b000 55 5 2235 11
55f03890a000 53 5 2294 11
55f038914000 35 4 2334 11
55f038913000 47 6 2388 12
55f0388c8000 36 4 2429 12
55f0388c7000 23 3 2456 12
55f0388c6000 28 3 2488 12
55f038903000 48 5 2542 12
55f038905000 54 4 2603 12
55f0388e4000 56 5 2665 12
55f038915000 58 6 2730 12
55f038900000 50 5 2787 12
55f0388ff000 56 5 2849 12
55f0388fe000 42 5 2897 12
55f0388c9000 48 6 2953 12
55f0388e8000 55 6 3015 12
55f0388f9000 45 4 3065 13
55f0388ee000 40 2 3108 13
55f0388f0000 28 2 3141 13
55f0388ef000 25 1 3168 13
55f0388f1000 60 2 3231 13
55f0388dc000 32 2 3267 13
55f038902000 48 4 3321 14
3349 14
0x55f038911000
55f038911000 33 22 55 3
55f038923000 423 108 587 3
55f038910000 39 20 648 5
55f03890f000 44 25 718 10
55f0388c5000 39 10 768 10
55f0388bc000 37 7 813 10
55f038924000 778 81 1672 10
55f0388fa000 52 13 1738 10
55f038904000 46 10 1795 10
55f038920000 55 10 1861 10
55f0388c4000 52 9 1923 10
55f0388fd000 40 12 1975 11
55f0388fc000 54 7 2037 11
55f0388e6000 67 8 2112 11
55f0388fb000 48 5 2167 11
55f0388bb000 17 3 2189 11
55f0388d2000 53 7 2250 11
55f03890b000 54 6 2311 11
55f03890a000 53 5 2370 11
55f038914000 35 4 2410 11
55f038913000 47 5 2463 12
55f0388c8000 36 4 2504 12
55f0388c7000 24 3 2532 12
55f0388c6000 27 3 2563 12
55f038903000 48 5 2617 12
55f038905000 54 4 2678 12
55f0388e4000 56 5 2740 12
55f038915000 59 5 2805 12
55f038900000 51 4 2862 12
55f0388ff000 56 5 2924 12
55f0388fe000 42 5 2972 12
55f0388c9000 48 6 3028 12
55f0388e8000 55 6 3090 12
55f0388f9000 45 4 3140 13
55f0388ee000 40 2 3183 13
55f0388f0000 28 2 3216 13
55f0388ef000 25 1 3243 13
55f0388f1000 60 2 3306 13
55f0388dc000 32 2 3342 13
55f038902000 49 3 3396 14
3426 14
0x55f0388d9000
55f0388d9000 54 32 86 4
55f0388bc000 37 18 142 6
55f038924000 778 140 1060 6
55f038923000 425 80 1566 6
55f0388fa000 52 24 1643 7
55f038904000 47 15 1706 8
55f038920000 55 14 1776 8
55f0388c4000 52 13 1842 8
55f0388fd000 40 17 1900 9
55f0388fc000 54 12 1966 11
55f0388e6000 67 8 2042 11
55f0388c5000 39 6 2088 11
55f03891c000 51 7 2147 12
55f038906000 38 4 2191 12
55f038905000 54 3 2248 12
55f0388e4000 56 3 2308 12
55f0388bb000 17 2 2328 12
55f038915000 59 5 2392 12
55f038914000 35 2 2430 12
55f038913000 47 4 2482 13
55f0388c8000 36 3 2521 13
55f0388c7000 24 2 2547 13
55f0388c6000 27 2 2577 13
55f038903000 47 3 2628 13
55f03890a000 53 3 2685 13
55f0388e1000 49 3 2740 13
55f0388e0000 54 3 2798 13
55f0388d6000 48 3 2849 13
55f0388d5000 36 3 2889 14
2910 14
0x55f03891f000
55f03891f000 43 26 69 5
55f0388bc000 37 15 122 7
55f038924000 776 124 1023 7
55f038923000 425 69 1518 7
55f0388fa000 52 20 1592 8
55f038904000 46 13 1652 9
55f038920000 55 12 1720 9
55f0388c4000 52 10 1783 9
55f0388fd000 39 14 1837 11
55f0388fc000 54 7 1899 11
55f0388e6000 68 8 1975 11
55f0388c5000 39 6 2020 11
55f03891c000 51 7 2079 12
55f038906000 38 3 2122 12
55f038905000 54 3 2180 12
55f0388e4000 55 4 2240 12
55f0388bb000 17 2 2260 12
55f038915000 59 5 2324 12
55f038914000 35 2 2362 12
55f038913000 48 3 2414 13
55f0388c8000 36 2 2453 13
55f0388c7000 24 1 2479 13
55f0388c6000 27 2 2509 13
55f038903000 48 3 2561 13
55f03890a000 53 2 2617 13
55f0388e1000 48 4 2673 13
55f0388e0000 54 3 2730 13
55f0388d6000 47 3 2781 13
55f0388d5000 36 3 2821 14
2842 14
0x55f05ce67000
0 0
0x55f03891e000
55f03891e000 56 23 80 3
55f0388d1000 55 23 159 4
55f0388d0000 52 24 235 7
55f0388c5000 39 17 292 7
55f0388bc000 37 13 343 7
55f038924000 776 127 1247 7
55f038923000 425 72 1745 7
55f0388fa000 52 22 1821 8
55f038904000 47 14 1883 9
55f038920000 56 13 1953 9
55f0388c4000 53 12 2019 9
55f0388fd000 40 15 2075 10
55f0388fc000 54 11 2141 12
55f0388e6000 68 6 2216 12
55f0388fb000 49 5 2271 12
55f0388bb000 17 3 2292 12
55f03890f000 44 6 2343 12
55f03890e000 53 5 2402 12
55f038902000 49 7 2459 13
55f038908000 50 3 2513 13
55f038907000 39 2 2555 13
55f038906000 38 2 2596 13
55f038905000 54 3 2654 13
55f0388e4000 56 2 2713 13
55f038915000 60 3 2777 13
55f038914000 35 2 2815 13
55f038913000 48 2 2866 13
55f0388c8000 36 3 2906 13
55f0388c7000 23 2 2932 13
55f0388c6000 27 2 2962 13
55f038903000 49 2 3014 13
55f03890a000 53 2 3071 13
55f0388e1000 49 4 3127 13
55f0388e0000 54 3 3185 13
55f0388d6000 48 3 3236 13
55f0388d5000 37 2 3276 14
3308 14
0x55f0388d1000
55f0388d1000 56 26 82 4
55f0388d0000 51 25 159 7
55f0388c5000 40 18 217 7
55f0388bc000 38 13 268 7
55f038924000 777 129 1175 7
55f038923000 426 73 1675 7
55f0388fa000 53 22 1751 8
55f038904000 47 15 1814 9
55f038920000 55 13 1883 9
55f0388c4000 53 12 1949 9
55f0388fd000 40 15 2005 10
55f0388fc000 55 10 2071 12
55f0388e6000 68 6 2146 12
55f0388fb000 49 5 2201 12
55f0388bb000 17 3 2222 12
55f03890f000 44 5 2272 12
55f03890e000 53 6 2332 12
55f038902000 48 7 2388 13
55f038908000 51 3 2443 13
55f038907000 38 2 2484 13
55f038906000 38 3 2526 13
55f038905000 53 3 2583 13
55f0388e4000 56 3 2643 13
55f038915000 59 3 2706 13
55f038914000 35 3 2745 13
55f038913000 47 3 2796 13
55f0388c8000 36 2 2835 13
55f0388c7000 24 1 2861 13
55f0388c6000 28 1 2891 13
55f038903000 49 2 2943 13
55f03890a000 53 2 3000 13
55f0388e1000 48 4 3056 13
55f0388e0000 54 2 3113 13
55f0388d6000 48 3 3165 13
55f0388d5000 37 2 3205 14
3235 14
0x55f0388d0000
55f0388d0000 52 29 81 7
55f0388c5000 40 17 139 7
55f0388bc000 37 13 190 7
55f038924000 778 129 1098 7
55f038923000 426 74 1599 7
55f0388fa000 52 23 1675 8
55f038904000 46 15 1737 9
55f038920000 56 13 1807 9
55f0388c4000 52 13 1873 9
55f0388fd000 40 16 1929 10
55f0388fc000 54 11 1995 12
55f0388e6000 68 7 2070 12
55f0388fb000 48 5 2124 12
55f0388bb000 17 3 2146 12
55f03890f000 44 6 2196 12
55f03890e000 53 5 2255 12
55f038902000 49 7 2312 13
55f038908000 50 4 2367 13
55f038907000 38 2 2408 13
55f038906000 38 3 2450 13
55f038905000 54 3 2507 13
55f0388e4000 55 3 2566 13
55f038915000 60 3 2630 13
55f038914000 35 2 2668 13
55f038913000 48 2 2719 13
55f0388c8000 36 3 2759 13
55f0388c7000 23 2 2785 13
55f0388c6000 27 2 2815 13
55f038903000 48 3 2867 13
55f03890a000 53 3 2924 13
55f0388e1000 49 4 2980 13
55f0388e0000 54 3 3037 13
55f0388d6000 48 3 3089 13
55f0388d5000 37 2 3129 14
3157 14
0x55f0388e3000
55f0388e3000 55 24 79 6
55f038920000 55 17 152 6
55f038924000 777 134 1063 6
55f0388bc000 37 11 1112 6
55f038923000 426 76 1615 6
55f0388fa000 53 21 1690 7
55f038904000 47 13 1751 8
55f0388e1000 49 15 1816 8
55f0388e0000 54 11 1882 8
55f0388d6000 48 13 1944 8
55f0388d5000 37 10 1992 9
55f0388bf000 40 6 2039 9
55f0388be000 60 9 2109 11
55f0388bd000 106 14 2230 13
55f0388f2000 51 2 2284 13
55f0388bb000 17 0 2303 13
55f0388c5000 40 1 2344 13
55f03891c000 51 2 2398 13
55f038906000 38 1 2439 13
55f038905000 54 1 2495 13
55f0388e4000 55 2 2554 13
55f038915000 60 2 2616 13
55f038914000 35 1 2653 13
55f038913000 47 1 2702 14
2724 14
0x55f0388e2000
55f0388e2000 37 25 63 6
63 6
0x55f0388dd000
55f0388dd000 42 32 74 4
55f038923000 427 99 601 4
55f0388dc000 32 15 650 4
55f038924000 780 173 1605 6
55f0388bc000 37 13 1656 6
55f0388fa000 52 24 1733 7
55f038904000 46 15 1795 7
55f038920000 56 15 1867 7
55f0388c4000 53 14 1935 7
55f0388fd000 40 18 1994 9
55f0388fc000 55 12 2062 11
55f0388e6000 67 8 2138 11
55f0388c5000 39 6 2184 11
55f03891c000 51 8 2244 12
55f038906000 38 4 2288 12
55f038905000 54 3 2345 12
55f0388e4000 55 4 2406 12
55f0388bb000 17 2 2426 12
55f038915000 59 5 2490 12
55f038914000 35 3 2529 12
55f038913000 47 4 2581 13
55f0388c8000 36 2 2620 13
55f0388c7000 24 2 2647 13
55f0388c6000 27 2 2677 13
55f038903000 48 3 2729 13
55f03890a000 53 3 2786 13
55f0388e1000 49 4 2842 13
55f0388e0000 54 2 2899 13
55f0388d6000 48 3 2951 13
55f0388d5000 37 3 2992 14
3015 14
0x55f0388cf000
55f0388cf000 33 23 56 8
56 8
0x55f0388de000
55f0388de000 58 30 88 7
55f038924000 781 125 995 9
55f0388dd000 42 12 1049 10
55f038923000 428 41 1519 10
55f0388dc000 33 5 1558 10
55f0388bc000 37 6 1603 10
55f0388fa000 52 11 1667 11
55f038904000 47 5 1720 11
55f038920000 56 6 1783 11
55f0388c4000 52 6 1842 11
55f0388fd000 40 8 1890 11
55f0388fc000 54 7 1952 11
55f0388e6000 68 8 2028 11
55f0388c5000 39 6 2074 11
55f03891c000 52 7 2134 12
55f038906000 38 4 2178 12
55f038905000 53 4 2236 12
55f0388e4000 56 4 2297 12
55f0388bb000 17 1 2316 12
55f038915000 59 5 2381 12
55f038914000 35 2 2419 12
55f038913000 48 3 2471 13
55f0388c8000 37 2 2511 13
55f0388c7000 23 2 2537 13
55f0388c6000 27 2 2567 13
55f038903000 48 2 2618 13
55f03890a000 53 2 2675 13
55f0388e1000 49 3 2730 13
55f0388e0000 54 2 2787 13
55f0388d6000 48 3 2839 13
55f0388d5000 36 2 2878 14
2902 14
0x55f0388df000
55f0388df000 38 25 64 5
55f0388bb000 17 12 94 7
55f038924000 772 125 991 7
55f038923000 424 70 1486 7
55f0388bc000 37 11 1535 7
55f0388fa000 52 21 1609 7
55f038904000 46 16 1672 8
55f038920000 55 14 1742 8
55f0388c4000 52 13 1808 8
55f0388fd000 39 17 1865 9
55f0388fc000 54 12 1932 11
55f0388e6000 67 8 2008 11
55f0388c5000 39 6 2053 11
55f03891c000 51 7 2112 12
55f038906000 38 4 2156 12
55f038905000 53 3 2213 12
55f0388e4000 55 4 2274 12
55f038915000 58 5 2338 12
55f038914000 35 3 2377 12
55f038913000 47 3 2428 13
55f0388c8000 36 2 2467 13
55f0388c7000 24 1 2493 13
55f0388c6000 28 1 2523 13
55f038903000 48 3 2575 13
55f03890a000 53 2 2631 13
55f0388e1000 48 4 2687 13
55f0388e0000 54 3 2744 13
55f0388d6000 47 3 2795 13
55f0388d5000 36 3 2835 14
2857 14
0x55f0388f4000
55f0388f4000 54 33 87 5
55f0388f3000 35 17 140 9
55f03890f000 44 14 199 10
55f0388c5000 39 10 249 10
55f0388bc000 36 8 294 10
55f038924000 774 82 1150 10
55f038923000 423 44 1617 10
55f0388fa000 52 12 1683 10
55f038904000 46 10 1740 10
55f038920000 55 10 1806 10
55f0388c4000 52 9 1868 10
55f0388fd000 39 12 1920 11
55f0388fc000 54 7 1982 11
55f0388e6000 67 8 2058 11
55f0388fb000 49 5 2113 11
55f0388bb000 17 3 2135 11
55f0388d2000 53 7 2196 11
55f03890b000 55 5 2257 11
55f03890a000 53 6 2317 11
55f038914000 35 5 2357 11
55f038913000 48 5 2410 12
55f0388c8000 36 4 2451 12
55f0388c7000 24 3 2479 12
55f0388c6000 27 4 2511 12
55f038903000 48 5 2564 12
55f038905000 53 5 2626 12
55f0388e4000 55 5 2687 12
55f038915000 59 6 2753 12
55f038900000 51 4 2810 12
55f0388ff000 56 5 2872 12
55f0388fe000 42 5 2920 12
55f0388c9000 48 6 2976 12
55f0388e8000 56 5 3038 12
55f0388f9000 46 4 3089 13
55f0388ee000 40 2 3132 13
55f0388f0000 28 2 3165 13
55f0388ef000 26 1 3192 13
55f0388f1000 60 2 3255 13
55f0388dc000 32 2 3291 13
55f038902000 49 3 3345 14
3373 14
0x55f0388f3000
55f0388f3000 35 23 59 7
59 7
0x55f0388f8000
55f0388f8000 37 24 61 3
55f038924000 776 186 1024 5
55f0388bc000 37 14 1076 5
55f038923000 425 87 1589 5
55f0388fa000 52 26 1669 6
55f038904000 46 17 1733 7
55f038920000 55 16 1805 7
55f0388c4000 52 14 1872 7
55f0388fd000 40 19 1932 9
55f0388fc000 53 13 1999 11
55f0388e6000 67 8 2074 11
55f0388c5000 39 6 2120 11
55f03891c000 51 7 2179 12
55f038906000 38 4 2223 12
55f038905000 53 4 2281 12
55f0388e4000 55 4 2341 12
55f0388bb000 17 2 2361 12
55f038915000 59 5 2425 12
55f038914000 35 2 2463 12
55f038913000 47 4 2515 13
55f0388c8000 35 3 2554 13
55f0388c7000 23 2 2580 13
55f0388c6000 27 2 2610 13
55f038903000 48 2 2661 13
55f03890a000 52 3 2718 13
55f0388e1000 49 3 2773 13
55f0388e0000 54 2 2830 13
55f0388d6000 47 4 2882 13
55f0388d5000 36 3 2922 14
2943 14
0x55f0388f5000
55f0388f5000 52 28 80 6
80 6
0x55f0388db000
55f0388db000 50 35 85 11
55f038923000 423 35 544 11
55f038924000 774 68 1387 11
55f0388bc000 37 5 1429 11
55f0388fa000 52 10 1492 11
55f038904000 46 8 1547 11
55f038920000 55 8 1611 11
55f0388c4000 52 7 1671 11
55f0388fd000 40 9 1721 12
55f0388fc000 54 4 1780 12
55f0388e6000 67 5 1853 12
55f0388c5000 39 3 1896 12
55f03891c000 52 4 1953 12
55f038906000 38 4 1997 12
55f038905000 53 3 2054 12
55f0388e4000 55 4 2115 12
55f0388bb000 17 1 2134 12
55f038915000 58 5 2198 12
55f038914000 35 3 2237 12
55f038913000 48 3 2288 13
55f0388c8000 36 2 2327 13
55f0388c7000 24 2 2354 13
55f0388c6000 27 2 2384 13
55f038903000 47 3 2435 13
55f03890a000 53 3 2492 13
55f0388e1000 48 4 2547 13
55f0388e0000 53 3 2604 13
55f0388d6000 47 3 2655 13
55f0388d5000 37 2 2695 14
2717 14
0x55f03891d000
55f03891d000 45 30 75 6
55f0388f9000 45 17 138 10
55f0388bc000 37 8 183 10
55f038924000 773 83 1040 10
55f038923000 425 45 1511 10
55f0388fa000 52 13 1577 10
55f038904000 46 11 1635 10
55f038920000 55 10 1701 10
55f0388c4000 52 10 1764 10
55f0388fd000 40 12 1817 11
55f0388fc000 54 8 1880 13
55f0388e6000 68 3 1951 13
55f0388c5000 39 3 1993 13
55f03891c000 51 3 2048 14
2059 14
0x55f0388c1000
55f0388c1000 53 35 88 4
55f038920000 55 23 167 6
55f038924000 774 138 1080 6
55f0388bc000 37 13 1130 6
55f038923000 422 78 1631 6
55f0388fa000 52 23 1707 6
55f038904000 46 17 1771 7
55f0388e1000 48 20 1841 7
55f0388e0000 53 15 1910 7
55f0388d6000 48 17 1976 7
55f0388d5000 37 13 2027 8
55f0388bf000 39 9 2077 8
55f0388be000 60 12 2150 10
55f0388bd000 107 21 2279 12
55f0388f2000 50 7 2337 12
55f0388bb000 17 3 2358 12
55f0388c5000 39 5 2403 12
55f03891c000 51 6 2461 13
55f038906000 38 1 2502 13
55f038905000 54 1 2558 13
55f0388e4000 55 1 2615 13
55f038915000 59 2 2677 13
55f038914000 35 0 2713 13
55f038913000 47 1 2762 14
2783 14
0x55f0388d2000
55f0388d2000 53 33 87 7
55f038923000 425 69 582 7
55f0388bc000 36 12 632 7
55f038924000 773 124 1530 7
55f0388fa000 52 21 1603 8
55f038904000 46 13 1663 9
55f038920000 55 11 1730 9
55f0388c4000 52 11 1794 9
55f0388fd000 39 14 1848 11
55f0388fc000 54 7 1910 11
55f0388e6000 68 7 1985 11
55f0388c5000 39 6 2031 11
55f03891c000 51 7 2090 12
55f038906000 38 4 2134 12
55f038905000 53 3 2191 12
55f0388e4000 55 4 2251 12
55f0388bb000 17 2 2271 12
55f038915000 59 5 2335 12
55f038914000 35 2 2373 12
55f038913000 48 3 2425 13
55f0388c8000 36 2 2464 13
55f0388c7000 24 1 2490 13
55f0388c6000 27 2 2520 13
55f038903000 48 3 2572 13
55f03890a000 53 3 2629 13
55f0388e1000 48 4 2684 13
55f0388e0000 53 3 2741 13
55f0388d6000 47 3 2792 13
55f0388d5000 37 2 2832 14
2854 14
0x55f038900000
55f038900000 51 29 80 5
55f038923000 424 92 597 5
55f0388ff000 56 23 677 11
55f0388bb000 17 3 698 11
55f0388fe000 42 6 746 11
55f038924000 771 62 1580 11
55f0388bc000 37 4 1621 11
55f0388fa000 52 8 1682 11
55f038904000 46 5 1734 11
55f038920000 55 5 1796 11
55f0388c4000 52 5 1855 11
55f0388fd000 39 8 1903 11
55f0388fc000 54 7 1964 11
55f0388e6000 67 8 2040 11
55f0388c5000 39 6 2086 11
55f03891c000 51 7 2145 12
55f038906000 38 3 2188 12
55f038905000 54 3 2246 12
55f0388e4000 56 4 2307 12
55f038915000 59 5 2372 12
55f038914000 35 2 2410 12
55f038913000 47 4 2462 13
55f0388c8000 36 2 2501 13
55f0388c7000 24 1 2527 13
55f0388c6000 27 2 2557 13
55f038903000 48 3 2609 13
55f03890a000 53 3 2666 13
55f0388e1000 48 4 2721 13
55f0388e0000 53 3 2778 13
55f0388d6000 47 3 2829 13
55f0388d5000 37 2 2869 14
2893 14
0x55f0388f6000
55f0388f6000 42 24 67 7
67 7
0x55f038901000
55f038901000 47 30 77 7
55f0388bc000 37 9 124 7
55f038924000 776 119 1020 7
55f038923000 425 66 1512 7
55f0388fa000 52 18 1583 8
55f038904000 47 11 1642 9
55f038920000 55 9 1707 9
55f0388c4000 52 8 1768 9
55f0388fd000 40 11 1820 10
55f0388fc000 54 9 1884 12
55f0388e6000 67 5 1957 12
55f0388c5000 39 3 2000 12
55f03891c000 51 5 2057 13
55f038906000 38 1 2098 13
55f038905000 54 0 2153 13
55f0388e4000 55 1 2211 13
55f0388bb000 17 0 2229 13
55f038915000 59 2 2291 13
55f038914000 35 0 2327 13
55f038913000 48 0 2376 14
2391 14
0x55f03890d000
55f03890d000 42 41 84 7
55f0388c9000 48 19 152 10
55f038924000 775 77 1005 10
55f0388bc000 37 6 1049 10
55f038923000 425 41 1516 10
55f0388fa000 53 11 1581 11
55f038904000 46 6 1634 11
55f038920000 55 6 1696 11
55f0388c4000 52 5 1754 11
55f0388fd000 40 7 1802 11
55f0388fc000 54 7 1864 11
55f0388e6000 68 8 1940 11
55f0388c5000 40 5 1985 11
55f03891c000 52 7 2045 12
55f038906000 38 3 2088 12
55f038905000 54 3 2146 12
55f0388e4000 55 4 2207 12
55f0388bb000 17 2 2227 12
55f038915000 59 5 2291 12
55f038914000 35 2 2329 12
55f038913000 48 3 2381 13
55f0388c8000 36 2 2420 13
55f0388c7000 24 2 2447 13
55f0388c6000 27 2 2477 13
55f038903000 48 3 2529 13
55f03890a000 53 2 2585 13
55f0388e1000 48 3 2640 13
55f0388e0000 54 3 2698 13
55f0388d6000 47 3 2749 13
55f0388d5000 37 2 2789 14
2811 14
0x55f0388d3000
55f0388d3000 50 27 77 7
55f038924000 775 128 981 7
55f0388bc000 37 13 1031 7
55f038923000 424 73 1529 7
55f0388fa000 52 23 1605 8
55f038904000 47 14 1666 9
55f038920000 56 13 1736 9
55f0388c4000 52 12 1801 9
55f0388fd000 39 16 1857 10
55f0388fc000 54 10 1922 12
55f0388e6000 67 7 1997 12
55f0388c5000 39 5 2041 12
55f03891c000 51 6 2099 13
55f038906000 38 3 2142 13
55f038905000 53 3 2199 13
55f0388e4000 56 3 2259 13
55f0388bb000 17 1 2278 13
55f038915000 59 3 2341 13
55f038914000 35 2 2379 13
55f038913000 48 2 2430 13
55f0388c8000 36 3 2470 13
55f0388c7000 23 2 2496 13
55f0388c6000 27 2 2526 13
55f038903000 48 3 2578 13
55f03890a000 53 3 2635 13
55f0388e1000 49 4 2691 13
55f0388e0000 54 2 2748 13
55f0388d6000 48 3 2800 13
55f0388d5000 37 2 2840 14
2862 14
0x55f0388d8000
55f0388d8000 44 27 71 3
55f038923000 425 108 605 3
55f038924000 771 186 1563 5
55f0388bc000 37 14 1615 5
55f0388fa000 52 26 1694 6
55f038904000 46 17 1758 7
55f038920000 55 15 1829 7
55f0388c4000 52 14 1897 7
55f0388fd000 39 19 1956 9
55f0388fc000 54 12 2023 11
55f0388e6000 68 8 2099 11
55f0388c5000 39 6 2144 11
55f03891c000 51 7 2203 12
55f038906000 38 4 2247 12
55f038905000 53 3 2304 12
55f0388e4000 56 4 2365 12
55f0388bb000 18 1 2384 12
55f038915000 59 5 2448 12
55f038914000 35 2 2486 12
55f038913000 47 4 2538 13
55f0388c8000 35 3 2577 13
55f0388c7000 23 2 2603 13
55f0388c6000 27 2 2633 13
55f038903000 48 2 2684 13
55f03890a000 52 3 2741 13
55f0388e1000 49 3 2796 13
55f0388e0000 54 2 2853 13
55f0388d6000 47 3 2904 13
55f0388d5000 37 2 2944 14
2966 14
0x55f038912000
55f038912000 55 36 91 6
55f0388bc000 36 13 141 8
55f038924000 776 110 1028 8
55f038923000 426 61 1515 8
55f0388fa000 52 17 1585 8
55f038904000 46 13 1645 8
55f038920000 55 13 1714 8
55f0388c4000 52 13 1780 8
55f0388fd000 40 16 1836 10
55f0388fc000 54 10 1901 12
55f0388e6000 67 6 1974 12
55f0388c5000 39 4 2017 12
55f03891c000 51 4 2073 12
55f038906000 37 4 2117 12
55f038905000 53 3 2174 12
55f0388e4000 55 4 2235 12
55f0388bb000 17 1 2254 12
55f038915000 58 5 2318 12
55f038914000 35 3 2357 12
55f038913000 48 3 2408 13
55f0388c8000 36 2 2447 13
55f0388c7000 24 1 2473 13
55f0388c6000 27 2 2503 13
55f038903000 48 3 2555 13
55f03890a000 53 2 2611 13
55f0388e1000 48 3 2666 13
55f0388e0000 54 3 2724 13
55f0388d6000 48 3 2775 13
55f0388d5000 36 3 2815 14
2836 14
0x55f0388cd000
55f0388cd000 35 25 61 8
55f0388cc000 47 14 123 9
55f0388cb000 37 11 172 9
55f0388bc000 37 9 218 9
55f038924000 772 97 1088 9
55f038923000 425 54 1568 9
55f0388fa000 52 16 1637 10
55f038904000 47 9 1693 10
55f038920000 55 10 1759 10
55f0388c4000 52 9 1821 10
55f0388fd000 39 12 1873 11
55f0388fc000 54 7 1935 11
55f0388e6000 67 8 2010 11
55f0388c5000 39 6 2056 11
55f03891c000 51 7 2115 12
55f038906000 38 3 2158 12
55f038905000 54 3 2216 12
55f0388e4000 55 4 2276 12
55f0388bb000 17 2 2296 12
55f038915000 59 4 2359 12
55f038914000 35 2 2398 12
55f038913000 47 4 2450 13
55f0388c8000 35 3 2489 13
55f0388c7000 23 2 2515 13
55f0388c6000 27 2 2545 13
55f038903000 48 2 2596 13
55f03890a000 52 3 2653 13
55f0388e1000 49 3 2708 13
55f0388e0000 54 2 2765 13
55f0388d6000 47 3 2816 13
55f0388d5000 37 2 2856 14
2881 14
0x55f0388ce000
55f0388ce000 20 18 38 1
55f038924000 772 215 1026 4
55f0388cd000 35 19 1080 9
55f0388cc000 47 12 1140 9
55f0388cb000 37 10 1188 9
55f0388bc000 37 9 1235 9
55f038923000 426 54 1716 9
55f0388fa000 53 15 1785 10
55f038904000 47 9 1842 10
55f038920000 55 10 1908 10
55f0388c4000 52 9 1970 10
55f0388fd000 40 11 2022 11
55f0388fc000 54 7 2084 11
55f0388e6000 67 8 2160 11
55f0388c5000 39 6 2205 11
55f03891c000 51 7 2264 12
55f038906000 37 4 2308 12
55f038905000 53 4 2366 12
55f0388e4000 55 4 2426 12
55f0388bb000 17 1 2445 12
55f038915000 59 4 2509 12
55f038914000 35 3 2548 12
55f038913000 47 3 2599 13
55f0388c8000 36 2 2638 13
55f0388c7000 24 1 2664 13
55f0388c6000 28 1 2694 13
55f038903000 48 3 2746 13
55f03890a000 53 2 2802 13
55f0388e1000 48 3 2857 13
55f0388e0000 54 3 2915 13
55f0388d6000 47 3 2966 13
55f0388d5000 37 2 3006 14
3033 14
0x55f0388e5000
55f0388e5000 46 31 78 6
55f038908000 50 23 151 8
55f038924000 778 111 1041 8
55f038907000 38 11 1090 8
55f038923000 423 62 1576 8
55f0388bc000 37 10 1624 8
55f0388fa000 52 18 1695 8
55f038904000 46 14 1756 8
55f038920000 55 14 1826 8
55f0388c4000 52 13 1892 8
55f0388fd000 39 17 1949 9
55f0388fc000 54 12 2016 11
55f0388e6000 68 7 2091 11
55f0388c5000 39 6 2137 11
55f03891c000 51 7 2196 12
55f038906000 38 3 2239 12
55f038905000 53 4 2297 12
55f0388e4000 55 4 2357 12
55f0388bb000 17 2 2377 12
55f038915000 59 4 2440 12
55f038914000 35 3 2479 12
55f038913000 47 3 2530 13
55f0388c8000 36 2 2569 13
55f0388c7000 24 2 2596 13
55f0388c6000 27 2 2626 13
55f038903000 48 3 2677 13
55f03890a000 53 3 2734 13
55f0388e1000 48 4 2789 13
55f0388e0000 53 3 2846 13
55f0388d6000 47 3 2897 13
55f0388d5000 37 2 2937 14
2961 14
0x55f038921000
55f038921000 40 24 64 4
55f038924000 775 171 1011 6
55f038920000 55 17 1084 6
55f0388bc000 37 12 1134 6
55f038923000 424 78 1637 6
55f0388fa000 52 23 1713 6
55f038904000 46 17 1777 7
55f0388e1000 49 20 1847 7
55f0388e0000 53 15 1916 7
55f0388d6000 47 18 1982 7
55f0388d5000 36 13 2032 8
55f0388bf000 39 10 2083 8
55f0388be000 59 13 2156 10
55f0388bd000 106 21 2284 12
55f0388f2000 51 6 2342 12
55f0388bb000 17 3 2363 12
55f0388c5000 39 5 2408 12
55f03891c000 51 6 2466 13
55f038906000 38 1 2507 13
55f038905000 53 1 2562 13
55f0388e4000 55 1 2620 13
55f038915000 59 1 2681 13
55f038914000 35 1 2718 13
55f038913000 47 1 2767 14
2787 14
0x55f0388d7000
55f0388d7000 41 30 71 5
55f038924000 777 157 1006 7
55f0388d6000 48 18 1072 8
55f0388d5000 37 12 1121 9
55f038923000 423 51 1596 9
55f0388bc000 37 8 1643 9
55f0388fa000 52 14 1710 10
55f038904000 47 8 1766 10
55f038920000 55 9 1831 10
55f0388c4000 52 8 1892 10
55f0388fd000 40 10 1943 12
55f0388fc000 54 4 2002 12
55f0388e6000 68 5 2075 12
55f0388c5000 39 3 2117 12
55f03891c000 52 4 2174 13
55f038906000 38 1 2215 13
55f038905000 53 1 2270 13
55f0388e4000 55 1 2327 13
55f0388bb000 17 1 2346 13
55f038915000 59 2 2407 13
55f038914000 34 1 2443 13
55f038913000 47 1 2492 14
2508 14
