0x41a000
41a000 36 21 58 5
415000 22 11 92 5
413000 17 11 121 5
419000 55 15 192 5
418000 38 17 247 5
414000 21 11 280 5
46d000 157 39 477 5
46c000 111 28 616 5
417000 34 13 664 5
7ff88e5ba000 71 30 766 10
7ff88e5b8000 111 22 900 10
7ff88e335000 82 35 1018 11
7ff88e4fa000 18 5 1041 11
7ff88e5b7000 79 13 1133 11
7ff88e5b6000 69 8 1211 11
7ff88e5bb000 103 15 1330 11
7ff88e4fc000 78 10 1419 12
7ff88e4fb000 71 13 1504 12
7ff88e55d000 45 6 1556 13
7ff88e55c000 50 2 1609 13
7ff88e56f000 40 1 1651 13
7ff88e562000 46 2 1700 13
7ff88e33a000 65 6 1772 13
7ff88e339000 62 10 1845 13
7ff88e338000 97 6 1948 13
7ff88e5b9000 36 1 1986 13
7ff88e565000 54 2 2044 13
7ff88e564000 34 1 2080 13
7ff88e55f000 58 1 2140 13
7ff88e55e000 55 0 2196 13
7ff88e559000 37 1 2237 13
7ff88e55a000 38 0 2276 13
7ff88e55b000 31 0 2309 13
7ff88e56b000 30 0 2340 13
7ff88e56a000 31 1 2373 13
7ff88e566000 63 2 2438 13
7ff88e567000 29 1 2469 13
7ff88e569000 33 1 2503 13
7ff88e568000 36 1 2540 13
7ff88e4fe000 72 2 2616 13
7ff88e5b4000 67 2 2686 13
7ff88e4fd000 56 2 2744 13
7ff88e5b3000 45 2 2791 13
7ff88e5a9000 73 5 2870 13
7ff88e5a4000 70 4 2945 13
7ff88e4ff000 86 4 3036 13
7ff88e5d3000 47 1 3086 13
7ff88e5d2000 44 0 3131 13
7ff88e501000 60 1 3193 13
7ff88e500000 47 1 3242 13
7ff88e560000 62 1 3306 13
7ff88e561000 82 2 3391 13
7ff88e5ab000 57 3 3452 13
7ff88e5af000 52 1 3506 13
7ff88e5ad000 62 1 3570 14
3594 14
0x415000
415000 21 17 39 1
413000 17 16 72 3
72 3
0x413000
413000 17 16 33 3
33 3
0x419000
419000 55 22 77 3
77 3
0x418000
418000 38 24 62 3
413000 17 14 94 5
415000 22 11 127 5
414000 21 11 160 5
46d000 157 38 356 5
46c000 111 28 496 5
417000 34 13 544 5
7ff88e5ba000 70 30 645 10
7ff88e5b8000 111 22 779 10
7ff88e335000 82 34 896 11
7ff88e4fa000 18 4 919 11
7ff88e5b7000 79 14 1012 11
7ff88e5b6000 69 8 1090 11
7ff88e5bb000 103 15 1209 11
7ff88e4fc000 78 10 1298 12
7ff88e4fb000 71 14 1384 12
7ff88e55d000 45 5 1435 13
7ff88e55c000 50 2 1488 13
7ff88e56f000 40 1 1530 13
7ff88e562000 46 2 1579 13
7ff88e33a000 65 6 1651 13
7ff88e339000 62 10 1724 13
7ff88e338000 96 6 1826 13
7ff88e5b9000 36 2 1864 13
7ff88e565000 54 2 1922 13
7ff88e564000 34 1 1958 13
7ff88e55f000 57 2 2018 13
7ff88e55e000 54 1 2074 13
7ff88e559000 36 1 2114 13
7ff88e55a000 37 1 2154 13
7ff88e55b000 31 1 2187 13
7ff88e56b000 29 1 2218 13
7ff88e56a000 32 0 2250 13
7ff88e566000 63 2 2316 13
7ff88e567000 29 0 2346 13
7ff88e569000 33 0 2380 13
7ff88e568000 36 0 2417 13
7ff88e4fe000 72 2 2493 13
7ff88e5b4000 67 2 2563 13
7ff88e4fd000 56 2 2621 13
7ff88e5b3000 45 1 2668 13
7ff88e5a9000 73 5 2747 13
7ff88e5a4000 69 5 2822 13
7ff88e4ff000 86 4 2912 13
7ff88e5d3000 47 2 2962 13
7ff88e5d2000 43 1 3007 13
7ff88e501000 59 1 3068 13
7ff88e500000 48 1 3118 13
7ff88e560000 61 2 3182 13
7ff88e561000 82 2 3267 13
7ff88e5ab000 57 3 3328 13
7ff88e5af000 52 2 3382 13
7ff88e5ad000 62 1 3446 14
3469 14
0x414000
414000 22 16 38 1
413000 16 16 71 3
71 3
0x46d000
46d000 157 55 213 4
46c000 111 31 356 5
417000 34 13 404 5
413000 16 11 432 5
433 5
0x46c000
46c000 111 42 153 3
153 3
0x417000
417000 34 19 54 1
413000 17 16 87 3
88 3
0x416000
416000 21 16 38 1
413000 16 17 72 3
72 3
0x461000
461000 30 19 49 4
46c000 110 33 193 4
460000 28 14 235 4
7ff88e5ab000 56 37 329 9
417000 35 8 372 9
413000 17 7 396 10
7ff88e5a9000 73 23 493 12
7ff88e5a4000 69 10 573 12
7ff88e5b9000 36 4 614 12
7ff88e4fc000 78 5 698 12
7ff88e4fb000 71 15 785 12
7ff88e55d000 45 5 836 12
7ff88e55c000 50 7 894 12
7ff88e56f000 40 3 938 12
7ff88e562000 47 5 990 12
7ff88e33a000 65 13 1069 13
7ff88e339000 62 10 1141 13
7ff88e338000 96 5 1243 13
7ff88e4fa000 18 0 1262 13
7ff88e565000 54 2 1319 13
7ff88e564000 34 0 1354 13
7ff88e55f000 58 2 1415 13
7ff88e55e000 54 1 1471 13
7ff88e559000 36 1 1511 13
7ff88e55a000 37 1 1551 13
7ff88e55b000 31 0 1583 13
7ff88e56b000 29 1 1615 13
7ff88e56a000 32 0 1647 13
7ff88e566000 63 2 1713 13
7ff88e567000 29 0 1743 13
7ff88e569000 33 0 1777 13
7ff88e568000 36 0 1814 13
7ff88e4fe000 73 2 1891 13
7ff88e5b4000 66 2 1960 13
7ff88e4fd000 55 3 2019 13
7ff88e5b3000 45 1 2065 13
7ff88e2a2000 68 3 2138 14
2151 14
0x460000
460000 27 18 46 1
7ff88e5ab000 57 47 151 9
417000 34 9 194 9
413000 17 7 218 10
7ff88e5a9000 73 23 314 12
7ff88e5a4000 70 10 395 12
7ff88e5b9000 36 5 436 12
7ff88e4fc000 78 6 520 12
7ff88e4fb000 71 14 606 12
7ff88e55d000 45 6 658 12
7ff88e55c000 50 7 716 12
7ff88e56f000 39 4 760 12
7ff88e562000 47 5 812 12
7ff88e33a000 65 13 891 13
7ff88e339000 62 10 963 13
7ff88e338000 97 5 1066 13
7ff88e4fa000 18 0 1085 13
7ff88e565000 54 2 1142 13
7ff88e564000 34 1 1178 13
7ff88e55f000 57 1 1237 13
7ff88e55e000 55 1 1294 13
7ff88e559000 36 1 1334 13
7ff88e55a000 37 1 1374 13
7ff88e55b000 31 0 1406 13
7ff88e56b000 30 0 1437 13
7ff88e56a000 32 0 1470 13
7ff88e566000 63 2 1536 13
7ff88e567000 29 0 1566 13
7ff88e569000 33 0 1600 13
7ff88e568000 36 0 1637 13
7ff88e4fe000 73 2 1714 13
7ff88e5b4000 67 2 1784 13
7ff88e4fd000 56 2 1842 13
7ff88e5b3000 45 2 1889 13
7ff88e2a2000 68 3 1961 14
1972 14
0x45f000
45f000 43 23 67 5
67 5
0x462000
462000 34 22 57 4
415000 21 13 92 4
413000 17 13 123 6
461000 30 12 165 7
46c000 111 22 299 7
460000 28 9 336 7
7ff88e5ab000 57 25 419 10
417000 34 7 460 10
7ff88e5a9000 72 24 557 12
7ff88e5a4000 69 10 637 12
7ff88e5b9000 36 4 678 12
7ff88e4fc000 78 6 763 12
7ff88e4fb000 70 14 848 12
7ff88e55d000 45 6 901 12
7ff88e55c000 50 7 959 12
7ff88e56f000 40 3 1003 12
7ff88e562000 46 5 1055 12
7ff88e33a000 64 14 1135 13
7ff88e339000 63 10 1208 13
7ff88e338000 96 6 1311 13
7ff88e4fa000 18 0 1329 13
7ff88e565000 55 2 1387 13
7ff88e564000 34 1 1423 13
7ff88e55f000 58 1 1483 13
7ff88e55e000 55 1 1540 13
7ff88e559000 37 1 1580 13
7ff88e55a000 38 0 1620 13
7ff88e55b000 31 0 1653 13
7ff88e56b000 30 1 1685 13
7ff88e56a000 32 0 1717 13
7ff88e566000 63 2 1783 13
7ff88e567000 30 0 1814 13
7ff88e569000 33 0 1848 13
7ff88e568000 36 0 1885 13
7ff88e4fe000 72 2 1962 13
7ff88e5b4000 68 1 2032 13
7ff88e4fd000 56 2 2091 13
7ff88e5b3000 45 1 2138 13
7ff88e2a2000 68 3 2211 14
2226 14
0x463000
463000 23 17 41 1
46d000 157 55 254 4
46c000 111 32 398 5
417000 34 13 445 5
413000 17 11 474 5
462000 35 15 524 6
415000 22 10 557 6
461000 29 12 599 7
460000 28 9 637 7
7ff88e5ab000 56 26 720 10
7ff88e5a9000 73 23 816 12
7ff88e5a4000 70 10 897 12
7ff88e5b9000 36 5 938 12
7ff88e4fc000 77 6 1022 12
7ff88e4fb000 71 14 1108 12
7ff88e55d000 45 6 1160 12
7ff88e55c000 50 7 1218 12
7ff88e56f000 39 4 1262 12
7ff88e562000 47 5 1314 12
7ff88e33a000 64 14 1393 13
7ff88e339000 63 10 1466 13
7ff88e338000 96 5 1567 13
7ff88e4fa000 18 0 1586 13
7ff88e565000 54 2 1643 13
7ff88e564000 34 0 1678 13
7ff88e55f000 58 1 1738 13
7ff88e55e000 54 1 1794 13
7ff88e559000 37 1 1835 13
7ff88e55a000 38 0 1874 13
7ff88e55b000 31 0 1907 13
7ff88e56b000 30 0 1938 13
7ff88e56a000 31 0 1970 13
7ff88e566000 63 2 2036 13
7ff88e567000 29 1 2067 13
7ff88e569000 33 1 2101 13
7ff88e568000 36 0 2137 13
7ff88e4fe000 72 2 2214 13
7ff88e5b4000 67 2 2284 13
7ff88e4fd000 56 2 2342 13
7ff88e5b3000 45 2 2389 13
7ff88e2a2000 69 2 2461 14
2478 14
0x465000
465000 22 19 41 1
417000 34 20 95 1
413000 17 16 128 3
416000 21 13 163 3
415000 21 14 199 3
46d000 157 45 402 4
46c000 111 31 545 5
462000 34 15 595 6
461000 29 12 637 7
460000 28 9 675 7
7ff88e5ab000 57 25 758 10
7ff88e5a9000 73 23 855 12
7ff88e5a4000 69 10 935 12
7ff88e5b9000 36 4 976 12
7ff88e4fc000 78 6 1061 12
7ff88e4fb000 71 14 1147 12
7ff88e55d000 45 6 1199 12
7ff88e55c000 50 6 1256 12
7ff88e56f000 40 3 1300 12
7ff88e562000 46 6 1353 12
7ff88e33a000 64 14 1432 13
7ff88e339000 62 10 1504 13
7ff88e338000 96 6 1606 13
7ff88e4fa000 18 0 1624 13
7ff88e565000 55 1 1681 13
7ff88e564000 34 1 1717 13
7ff88e55f000 57 2 1777 13
7ff88e55e000 54 1 1833 13
7ff88e559000 36 1 1873 13
7ff88e55a000 37 1 1913 13
7ff88e55b000 31 0 1945 13
7ff88e56b000 30 1 1977 13
7ff88e56a000 32 0 2009 13
7ff88e566000 64 2 2075 13
7ff88e567000 29 0 2105 13
7ff88e569000 33 0 2139 13
7ff88e568000 36 0 2176 13
7ff88e4fe000 73 2 2253 13
7ff88e5b4000 66 2 2322 13
7ff88e4fd000 56 2 2381 13
7ff88e5b3000 45 1 2427 13
7ff88e2a2000 68 3 2500 14
2517 14
0x422000
422000 40 21 61 3
414000 21 14 97 3
413000 16 15 129 5
421000 29 13 171 7
415000 21 10 203 7
7ff88e32f000 56 21 281 8
7ff88e32e000 49 10 341 8
7ff88e32d000 45 9 396 9
416000 21 8 427 9
417000 34 9 470 9
46d000 158 24 653 9
46c000 112 18 783 9
7ff88e4fc000 78 18 880 12
7ff88e4fb000 71 15 967 12
7ff88e55d000 45 7 1020 13
7ff88e55c000 50 5 1076 13
7ff88e56f000 40 2 1119 13
7ff88e562000 46 4 1170 13
7ff88e33a000 64 9 1244 14
1249 14
0x421000
421000 29 20 49 5
49 5
0x423000
423000 35 20 55 3
7ff88e5a9000 73 60 189 12
7ff88e5a4000 69 11 270 12
7ff88e5b9000 36 5 311 12
7ff88e4fc000 78 6 395 12
7ff88e4fb000 71 14 481 12
7ff88e55d000 45 5 532 12
7ff88e55c000 49 7 590 12
7ff88e56f000 40 4 635 12
7ff88e562000 47 5 687 12
7ff88e33a000 65 14 767 13
7ff88e339000 63 10 840 13
7ff88e338000 96 6 943 13
7ff88e4fa000 18 1 962 13
7ff88e565000 55 2 1019 13
7ff88e564000 34 1 1055 13
7ff88e55f000 58 1 1115 13
7ff88e55e000 55 1 1172 13
7ff88e559000 37 0 1212 13
7ff88e55a000 38 1 1253 13
7ff88e55b000 31 1 1286 13
7ff88e56b000 30 0 1317 13
7ff88e56a000 32 0 1349 13
7ff88e566000 64 2 1416 13
7ff88e567000 29 0 1446 13
7ff88e569000 33 1 1481 13
7ff88e568000 36 0 1518 13
7ff88e4fe000 73 2 1595 13
7ff88e5b4000 67 2 1665 13
7ff88e4fd000 57 2 1724 13
7ff88e5b3000 46 1 1771 13
7ff88e2a2000 69 3 1845 14
1857 14
0x424000
424000 24 19 43 1
414000 21 17 82 1
413000 17 17 116 3
415000 22 13 151 3
418000 38 20 210 5
46d000 159 38 408 5
46c000 112 29 550 5
417000 34 13 597 5
7ff88e5ba000 71 30 699 10
7ff88e5b8000 112 22 834 10
7ff88e335000 82 35 952 11
7ff88e4fa000 18 5 975 11
7ff88e5b7000 80 13 1068 11
7ff88e5b6000 70 8 1147 11
7ff88e5bb000 104 15 1267 11
7ff88e4fc000 78 11 1357 12
7ff88e4fb000 71 14 1443 12
7ff88e55d000 45 5 1494 13
7ff88e55c000 50 3 1548 13
7ff88e56f000 40 1 1590 13
7ff88e562000 47 2 1639 13
7ff88e33a000 65 6 1711 13
7ff88e339000 62 10 1783 13
7ff88e338000 96 5 1885 13
7ff88e5b9000 36 1 1923 13
7ff88e565000 55 1 1981 13
7ff88e564000 34 1 2017 13
7ff88e55f000 57 2 2077 13
7ff88e55e000 54 1 2133 13
7ff88e559000 37 1 2174 13
7ff88e55a000 38 0 2213 13
7ff88e55b000 31 0 2246 13
7ff88e56b000 30 0 2277 13
7ff88e56a000 32 0 2309 13
7ff88e566000 63 2 2375 13
7ff88e567000 29 0 2405 13
7ff88e569000 33 0 2439 13
7ff88e568000 36 0 2476 13
7ff88e4fe000 72 2 2553 13
7ff88e5b4000 66 2 2622 13
7ff88e4fd000 55 3 2681 13
7ff88e5b3000 45 1 2727 13
7ff88e5a9000 72 5 2806 13
7ff88e5a4000 69 5 2881 13
7ff88e4ff000 86 3 2971 13
7ff88e5d3000 47 1 3021 13
7ff88e5d2000 43 1 3066 13
7ff88e501000 59 2 3128 13
7ff88e500000 47 1 3177 13
7ff88e560000 61 2 3241 13
7ff88e561000 82 2 3326 13
7ff88e5ab000 57 3 3387 13
7ff88e5af000 53 1 3441 13
7ff88e5ad000 62 1 3505 14
3529 14
0x425000
425000 26 23 49 5
423000 36 14 99 5
7ff88e5a9000 73 48 220 12
7ff88e5a4000 70 10 301 12
7ff88e5b9000 36 5 342 12
7ff88e4fc000 78 6 426 12
7ff88e4fb000 71 14 512 12
7ff88e55d000 45 6 564 12
7ff88e55c000 49 7 621 12
7ff88e56f000 40 3 665 12
7ff88e562000 46 5 717 12
7ff88e33a000 65 13 796 13
7ff88e339000 62 10 869 13
7ff88e338000 96 6 971 13
7ff88e4fa000 18 0 989 13
7ff88e565000 55 2 1047 13
7ff88e564000 34 0 1082 13
7ff88e55f000 58 1 1142 13
7ff88e55e000 54 1 1198 13
7ff88e559000 37 0 1238 13
7ff88e55a000 37 1 1278 13
7ff88e55b000 31 1 1311 13
7ff88e56b000 29 1 1342 13
7ff88e56a000 32 0 1374 13
7ff88e566000 63 2 1440 13
7ff88e567000 29 1 1471 13
7ff88e569000 33 0 1504 13
7ff88e568000 36 1 1542 13
7ff88e4fe000 72 2 1618 13
7ff88e5b4000 66 2 1687 13
7ff88e4fd000 56 2 1746 13
7ff88e5b3000 45 2 1793 13
7ff88e2a2000 68 3 1865 14
1879 14
0x46a000
46a000 66 30 96 6
415000 22 10 129 6
413000 17 11 158 8
469000 30 9 197 8
468000 30 11 239 8
467000 37 10 287 8
466000 35 9 332 8
417000 34 9 376 8
414000 21 7 405 8
418000 38 12 456 8
46d000 157 26 640 8
46c000 111 20 772 8
7ff88e5ba000 70 21 863 10
7ff88e5b8000 111 22 997 10
7ff88e335000 82 35 1115 11
7ff88e4fa000 18 4 1137 11
7ff88e5b7000 79 13 1230 11
7ff88e5b6000 69 8 1308 11
7ff88e5bb000 103 15 1427 11
7ff88e4fc000 78 11 1517 12
7ff88e4fb000 70 14 1602 12
7ff88e55d000 45 5 1653 13
7ff88e55c000 50 3 1707 13
7ff88e56f000 40 0 1748 13
7ff88e562000 47 2 1798 13
7ff88e33a000 64 7 1870 13
7ff88e339000 62 10 1942 13
7ff88e338000 97 5 2045 13
7ff88e5b9000 36 2 2084 13
7ff88e565000 56 1 2142 13
7ff88e564000 35 0 2178 13
7ff88e55f000 58 2 2239 13
7ff88e55e000 54 1 2295 13
7ff88e559000 37 1 2336 13
7ff88e55a000 38 1 2376 13
7ff88e55b000 32 0 2409 13
7ff88e56b000 30 0 2440 13
7ff88e56a000 31 1 2473 13
7ff88e566000 64 2 2539 13
7ff88e567000 29 0 2569 13
7ff88e569000 33 0 2603 13
7ff88e568000 36 0 2640 13
7ff88e4fe000 73 2 2717 13
7ff88e5b4000 66 2 2786 13
7ff88e4fd000 55 3 2845 13
7ff88e5b3000 45 1 2891 13
7ff88e5a9000 73 4 2970 13
7ff88e5a4000 70 4 3045 13
7ff88e4ff000 86 3 3135 13
7ff88e5d3000 47 1 3185 13
7ff88e5d2000 43 1 3230 13
7ff88e501000 59 2 3292 13
7ff88e500000 47 1 3341 13
7ff88e560000 61 2 3405 13
7ff88e561000 82 2 3490 13
7ff88e5ab000 57 3 3551 13
7ff88e5af000 52 1 3605 13
7ff88e5ad000 62 2 3670 14
3699 14
0x469000
469000 30 19 49 4
468000 30 19 99 4
467000 37 17 154 4
466000 35 15 205 4
417000 34 15 255 4
413000 16 13 285 6
414000 21 10 317 6
418000 38 15 371 6
415000 21 10 403 6
46d000 159 34 597 6
46c000 112 25 734 6
7ff88e5ba000 70 27 832 10
7ff88e5b8000 111 22 966 10
7ff88e335000 82 34 1083 11
7ff88e4fa000 18 4 1106 11
7ff88e5b7000 80 13 1199 11
7ff88e5b6000 69 8 1277 11
7ff88e5bb000 104 15 1397 11
7ff88e4fc000 79 10 1487 12
7ff88e4fb000 72 13 1573 12
7ff88e55d000 45 6 1625 13
7ff88e55c000 50 3 1679 13
7ff88e56f000 40 1 1721 13
7ff88e562000 48 1 1770 13
7ff88e33a000 65 6 1843 13
7ff88e339000 63 10 1916 13
7ff88e338000 97 6 2020 13
7ff88e5b9000 37 1 2058 13
7ff88e565000 55 2 2117 13
7ff88e564000 34 1 2153 13
7ff88e55f000 58 1 2213 13
7ff88e55e000 55 1 2270 13
7ff88e559000 37 1 2311 13
7ff88e55a000 38 1 2351 13
7ff88e55b000 31 1 2384 13
7ff88e56b000 29 1 2415 13
7ff88e56a000 32 0 2447 13
7ff88e566000 63 2 2513 13
7ff88e567000 29 1 2544 13
7ff88e569000 33 1 2578 13
7ff88e568000 35 1 2615 13
7ff88e4fe000 72 2 2691 13
7ff88e5b4000 67 1 2760 13
7ff88e4fd000 56 2 2819 13
7ff88e5b3000 45 1 2865 13
7ff88e5a9000 73 5 2945 13
7ff88e5a4000 69 4 3019 13
7ff88e4ff000 86 3 3109 13
7ff88e5d3000 47 1 3159 13
7ff88e5d2000 43 1 3204 13
7ff88e501000 60 1 3266 13
7ff88e500000 48 1 3316 13
7ff88e560000 61 1 3379 13
7ff88e561000 82 2 3465 13
7ff88e5ab000 57 3 3526 13
7ff88e5af000 53 1 3580 13
7ff88e5ad000 62 1 3644 14
3671 14
0x468000
468000 31 24 55 4
467000 36 17 109 4
466000 36 15 161 4
417000 34 15 211 4
413000 16 13 241 6
414000 21 10 273 6
418000 38 15 327 6
415000 21 10 359 6
46d000 157 35 552 6
46c000 112 25 689 6
7ff88e5ba000 71 27 787 10
7ff88e5b8000 110 23 921 10
7ff88e335000 82 35 1039 11
7ff88e4fa000 18 4 1061 11
7ff88e5b7000 79 14 1155 11
7ff88e5b6000 69 8 1233 11
7ff88e5bb000 103 15 1352 11
7ff88e4fc000 78 10 1441 12
7ff88e4fb000 71 13 1526 12
7ff88e55d000 45 5 1577 13
7ff88e55c000 49 3 1631 13
7ff88e56f000 40 1 1673 13
7ff88e562000 47 2 1722 13
7ff88e33a000 64 7 1794 13
7ff88e339000 62 10 1866 13
7ff88e338000 96 5 1968 13
7ff88e5b9000 36 1 2006 13
7ff88e565000 55 2 2065 13
7ff88e564000 34 0 2100 13
7ff88e55f000 58 1 2160 13
7ff88e55e000 54 1 2216 13
7ff88e559000 37 0 2256 13
7ff88e55a000 38 0 2296 13
7ff88e55b000 31 0 2329 13
7ff88e56b000 30 0 2360 13
7ff88e56a000 32 1 2393 13
7ff88e566000 63 2 2458 13
7ff88e567000 29 0 2489 13
7ff88e569000 34 0 2523 13
7ff88e568000 36 0 2560 13
7ff88e4fe000 72 2 2636 13
7ff88e5b4000 67 2 2706 13
7ff88e4fd000 56 2 2765 13
7ff88e5b3000 45 2 2812 13
7ff88e5a9000 73 5 2891 13
7ff88e5a4000 69 5 2966 13
7ff88e4ff000 87 3 3056 13
7ff88e5d3000 47 1 3106 13
7ff88e5d2000 43 1 3151 13
7ff88e501000 59 2 3213 13
7ff88e500000 47 1 3262 13
7ff88e560000 62 2 3327 13
7ff88e561000 82 2 3412 13
7ff88e5ab000 57 3 3473 13
7ff88e5af000 52 1 3527 13
7ff88e5ad000 62 2 3592 14
3618 14
0x467000
467000 37 21 58 3
466000 36 17 112 3
417000 34 17 163 3
413000 16 14 194 5
414000 21 11 227 5
418000 38 17 283 5
415000 21 12 317 5
46d000 158 38 513 5
46c000 111 29 654 5
7ff88e5ba000 70 31 755 10
7ff88e5b8000 110 23 889 10
7ff88e335000 81 35 1006 11
7ff88e4fa000 18 4 1028 11
7ff88e5b7000 79 13 1121 11
7ff88e5b6000 69 9 1200 11
7ff88e5bb000 103 16 1319 11
7ff88e4fc000 78 10 1408 12
7ff88e4fb000 71 13 1493 12
7ff88e55d000 45 6 1545 13
7ff88e55c000 49 3 1598 13
7ff88e56f000 40 1 1640 13
7ff88e562000 47 2 1689 13
7ff88e33a000 65 6 1761 13
7ff88e339000 62 10 1834 13
7ff88e338000 96 6 1936 13
7ff88e5b9000 36 2 1974 13
7ff88e565000 55 2 2032 13
7ff88e564000 34 0 2067 13
7ff88e55f000 58 1 2127 13
7ff88e55e000 54 1 2183 13
7ff88e559000 37 1 2224 13
7ff88e55a000 38 0 2263 13
7ff88e55b000 31 0 2296 13
7ff88e56b000 30 0 2327 13
7ff88e56a000 31 1 2360 13
7ff88e566000 64 2 2426 13
7ff88e567000 29 0 2456 13
7ff88e569000 33 0 2490 13
7ff88e568000 36 0 2527 13
7ff88e4fe000 72 2 2603 13
7ff88e5b4000 67 2 2673 13
7ff88e4fd000 55 3 2732 13
7ff88e5b3000 45 1 2778 13
7ff88e5a9000 73 4 2857 13
7ff88e5a4000 70 5 2933 13
7ff88e4ff000 86 4 3023 13
7ff88e5d3000 46 2 3073 13
7ff88e5d2000 43 1 3118 13
7ff88e501000 59 1 3179 13
7ff88e500000 48 1 3229 13
7ff88e560000 61 2 3293 13
7ff88e561000 82 2 3378 13
7ff88e5ab000 57 3 3439 13
7ff88e5af000 53 1 3493 13
7ff88e5ad000 62 1 3557 14
3581 14
0x466000
466000 35 20 55 3
55 3
0x45b000
45b000 27 20 47 3
415000 22 14 83 3
413000 17 14 115 5
414000 22 11 148 5
45a000 26 14 189 5
458000 43 18 251 6
417000 34 12 298 6
459000 28 12 339 6
416000 21 11 372 6
46c000 111 26 510 6
46d000 158 35 703 6
7ff88e617000 80 33 816 9
7ff88e5b4000 67 13 897 12
7ff88e616000 42 4 943 12
7ff88e604000 59 5 1008 12
7ff88e615000 37 2 1048 12
7ff88e60e000 75 5 1129 13
7ff88e603000 69 2 1201 13
7ff88e60d000 40 1 1243 13
7ff88e32f000 57 2 1303 13
7ff88e32e000 50 0 1353 13
7ff88e32d000 45 0 1399 13
7ff88e4fa000 18 0 1418 13
7ff88e60c000 67 2 1487 13
7ff88e5a9000 73 4 1565 13
7ff88e5a4000 70 4 1640 13
7ff88e5b9000 36 1 1678 13
7ff88e4fc000 78 2 1759 13
7ff88e4fb000 71 7 1838 13
7ff88e55d000 45 2 1886 13
7ff88e55c000 50 3 1940 13
7ff88e56f000 40 1 1982 13
7ff88e562000 47 2 2031 13
7ff88e33a000 64 7 2103 13
7ff88e339000 62 10 2175 13
7ff88e338000 96 5 2277 13
7ff88e565000 55 2 2335 13
7ff88e564000 34 0 2370 13
7ff88e55f000 58 1 2430 13
7ff88e55e000 54 1 2486 13
7ff88e559000 37 0 2526 13
7ff88e55a000 38 0 2566 13
7ff88e55b000 31 0 2599 13
7ff88e56b000 30 0 2630 13
7ff88e56a000 32 0 2662 13
7ff88e566000 63 2 2728 13
7ff88e567000 29 1 2759 13
7ff88e569000 33 0 2792 13
7ff88e568000 36 0 2829 13
7ff88e4fe000 72 2 2906 13
7ff88e4fd000 55 3 2965 13
7ff88e5b3000 45 1 3011 13
7ff88e2a2000 68 3 3084 14
3106 14
0x45a000
45a000 26 20 47 2
458000 43 26 117 4
417000 34 16 167 4
413000 17 13 198 6
459000 28 12 239 6
415000 21 11 272 6
416000 21 11 305 6
46c000 111 27 443 6
46d000 160 35 638 6
7ff88e617000 80 33 751 9
7ff88e5b4000 66 14 832 12
7ff88e616000 42 3 877 12
7ff88e604000 60 5 943 12
7ff88e615000 37 2 982 12
7ff88e60e000 76 5 1064 13
7ff88e603000 69 2 1136 13
7ff88e60d000 41 1 1178 13
7ff88e32f000 56 2 1237 13
7ff88e32e000 49 0 1287 13
7ff88e32d000 45 0 1333 13
7ff88e4fa000 18 0 1352 13
7ff88e60c000 66 2 1421 13
7ff88e5a9000 73 5 1500 13
7ff88e5a4000 69 4 1574 13
7ff88e5b9000 36 1 1612 13
7ff88e4fc000 79 2 1694 13
7ff88e4fb000 71 6 1772 13
7ff88e55d000 46 2 1821 13
7ff88e55c000 50 2 1874 13
7ff88e56f000 39 1 1916 13
7ff88e562000 46 2 1965 13
7ff88e33a000 65 6 2037 13
7ff88e339000 62 10 2110 13
7ff88e338000 96 5 2212 13
7ff88e565000 55 1 2269 13
7ff88e564000 34 1 2305 13
7ff88e55f000 57 2 2365 13
7ff88e55e000 54 1 2421 13
7ff88e559000 37 0 2461 13
7ff88e55a000 38 0 2501 13
7ff88e55b000 31 0 2534 13
7ff88e56b000 30 0 2565 13
7ff88e56a000 32 0 2597 13
7ff88e566000 64 2 2664 13
7ff88e567000 29 0 2694 13
7ff88e569000 33 0 2728 13
7ff88e568000 36 0 2765 13
7ff88e4fe000 73 1 2841 13
7ff88e4fd000 55 3 2901 13
7ff88e5b3000 45 1 2947 13
7ff88e2a2000 68 3 3020 14
3041 14
0x458000
458000 43 27 71 4
71 4
0x459000
459000 29 18 47 1
458000 43 27 118 4
415000 22 14 154 4
413000 17 14 185 6
416000 21 11 217 6
46c000 111 26 355 6
46d000 157 35 547 6
417000 34 12 594 6
7ff88e617000 80 32 707 9
7ff88e5b4000 67 14 789 12
7ff88e616000 42 3 834 12
7ff88e604000 60 5 900 12
7ff88e615000 37 2 939 12
7ff88e60e000 76 5 1021 13
7ff88e603000 68 2 1092 13
7ff88e60d000 40 1 1134 13
7ff88e32f000 57 2 1194 13
7ff88e32e000 49 1 1244 13
7ff88e32d000 45 1 1290 13
7ff88e4fa000 17 1 1309 13
7ff88e60c000 67 1 1377 13
7ff88e5a9000 72 5 1456 13
7ff88e5a4000 69 5 1531 13
7ff88e5b9000 36 1 1569 13
7ff88e4fc000 78 2 1650 13
7ff88e4fb000 71 6 1728 13
7ff88e55d000 45 3 1777 13
7ff88e55c000 50 2 1830 13
7ff88e56f000 40 1 1872 13
7ff88e562000 46 2 1921 13
7ff88e33a000 65 6 1993 13
7ff88e339000 62 10 2066 13
7ff88e338000 96 6 2168 13
7ff88e565000 55 1 2225 13
7ff88e564000 34 1 2261 13
7ff88e55f000 57 2 2321 13
7ff88e55e000 54 1 2377 13
7ff88e559000 36 1 2417 13
7ff88e55a000 37 1 2457 13
7ff88e55b000 31 1 2490 13
7ff88e56b000 29 1 2521 13
7ff88e56a000 32 0 2553 13
7ff88e566000 63 2 2619 13
7ff88e567000 29 0 2649 13
7ff88e569000 33 0 2683 13
7ff88e568000 36 0 2720 13
7ff88e4fe000 73 1 2796 13
7ff88e4fd000 56 3 2856 13
7ff88e5b3000 45 1 2902 13
7ff88e2a2000 68 3 2975 14
2994 14
0x45c000
45c000 50 27 77 5
7ff88e32f000 57 27 162 8
7ff88e32e000 50 9 221 8
7ff88e32d000 45 9 275 9
414000 21 7 304 9
413000 16 7 328 10
416000 21 6 356 10
415000 22 6 384 10
45b000 26 7 418 10
45a000 26 7 452 10
458000 43 9 505 10
417000 34 7 546 10
459000 29 6 581 10
46c000 111 14 707 10
46d000 157 19 883 10
7ff88e617000 80 17 980 11
7ff88e5b4000 67 8 1056 12
7ff88e616000 42 3 1101 12
7ff88e604000 60 5 1167 12
7ff88e615000 37 2 1206 12
7ff88e60e000 76 5 1288 13
7ff88e603000 69 2 1360 13
7ff88e60d000 40 1 1402 13
7ff88e4fa000 18 0 1421 13
7ff88e60c000 67 2 1490 13
7ff88e5a9000 73 4 1568 13
7ff88e5a4000 70 4 1643 13
7ff88e5b9000 36 1 1681 13
7ff88e4fc000 78 2 1762 13
7ff88e4fb000 71 7 1841 13
7ff88e55d000 45 2 1889 13
7ff88e55c000 49 3 1943 13
7ff88e56f000 40 1 1985 13
7ff88e562000 46 2 2034 13
7ff88e33a000 65 6 2106 13
7ff88e339000 62 10 2179 13
7ff88e338000 96 5 2281 13
7ff88e565000 55 1 2338 13
7ff88e564000 34 1 2374 13
7ff88e55f000 58 1 2434 13
7ff88e55e000 55 1 2491 13
7ff88e559000 37 1 2531 13
7ff88e55a000 37 1 2571 13
7ff88e55b000 31 0 2603 13
7ff88e56b000 30 1 2635 13
7ff88e56a000 32 0 2667 13
7ff88e566000 63 2 2733 13
7ff88e567000 29 0 2763 13
7ff88e569000 33 0 2797 13
7ff88e568000 36 0 2834 13
7ff88e4fe000 72 2 2911 13
7ff88e4fd000 55 3 2970 13
7ff88e5b3000 45 1 3016 13
7ff88e2a2000 68 3 3089 14
3113 14
0xffffffff80c66000
0 0
0x46b000
46b000 45 24 69 3
69 3
0x41b000
41b000 59 31 91 7
41a000 32 12 135 7
415000 22 9 166 7
413000 16 9 192 7
419000 56 12 260 7
418000 38 13 311 7
414000 21 9 342 7
46d000 157 30 530 7
46c000 111 22 664 7
417000 34 10 709 7
7ff88e5ba000 70 24 804 10
7ff88e5b8000 111 22 938 10
7ff88e335000 83 34 1056 11
7ff88e4fa000 18 5 1079 11
7ff88e5b7000 80 13 1172 11
7ff88e5b6000 69 8 1250 11
7ff88e5bb000 103 15 1369 11
7ff88e4fc000 78 11 1459 12
7ff88e4fb000 70 14 1544 12
7ff88e55d000 45 5 1595 13
7ff88e55c000 50 3 1649 13
7ff88e56f000 39 1 1690 13
7ff88e562000 46 2 1739 13
7ff88e33a000 65 6 1811 13
7ff88e339000 62 10 1884 13
7ff88e338000 95 6 1986 13
7ff88e5b9000 36 2 2024 13
7ff88e565000 54 2 2082 13
7ff88e564000 34 1 2118 13
7ff88e55f000 57 2 2178 13
7ff88e55e000 54 1 2234 13
7ff88e559000 37 0 2274 13
7ff88e55a000 37 1 2314 13
7ff88e55b000 31 1 2347 13
7ff88e56b000 29 1 2378 13
7ff88e56a000 32 0 2410 13
7ff88e566000 63 2 2476 13
7ff88e567000 29 0 2506 13
7ff88e569000 33 0 2540 13
7ff88e568000 36 0 2577 13
7ff88e4fe000 72 2 2654 13
7ff88e5b4000 66 2 2723 13
7ff88e4fd000 56 2 2782 13
7ff88e5b3000 45 2 2829 13
7ff88e5a9000 73 5 2908 13
7ff88e5a4000 69 4 2982 13
7ff88e4ff000 86 3 3072 13
7ff88e5d3000 47 1 3122 13
7ff88e5d2000 43 1 3167 13
7ff88e501000 60 1 3229 13
7ff88e500000 47 1 3278 13
7ff88e560000 62 1 3342 13
7ff88e561000 83 2 3428 13
7ff88e5ab000 57 3 3489 13
7ff88e5af000 52 1 3542 13
7ff88e5ad000 63 1 3607 14
3633 14
0x41c000
41c000 37 19 56 3
415000 22 14 93 3
413000 16 15 125 5
7ff88e4fc000 78 29 232 10
7ff88e4fb000 71 27 331 11
7ff88e55d000 45 9 386 12
7ff88e55c000 50 6 443 12
7ff88e56f000 39 4 488 12
7ff88e562000 47 5 540 12
7ff88e33a000 65 13 619 13
7ff88e339000 62 10 691 13
7ff88e338000 96 5 793 13
7ff88e4fa000 18 0 812 13
7ff88e5b9000 36 2 850 13
7ff88e5b8000 110 4 965 13
7ff88e335000 82 8 1056 13
7ff88e5b7000 80 3 1139 13
7ff88e5b6000 69 1 1210 13
7ff88e5bb000 103 4 1318 13
7ff88e5ba000 70 3 1392 13
7ff88e32f000 56 2 1451 13
7ff88e32e000 49 0 1501 13
7ff88e32d000 45 0 1547 13
7ff88e5a9000 73 5 1626 13
7ff88e5a4000 70 4 1701 13
7ff88e4ff000 86 3 1791 13
7ff88e5b4000 67 2 1861 13
7ff88e5b3000 45 2 1908 13
7ff88e2a2000 68 3 1980 14
1994 14
0x41d000
41d000 48 21 69 4
415000 21 14 105 4
413000 17 13 136 6
414000 21 11 169 6
41c000 36 13 218 6
7ff88e4fc000 78 27 324 10
7ff88e4fb000 70 28 423 11
7ff88e55d000 45 9 478 12
7ff88e55c000 49 7 535 12
7ff88e56f000 40 3 579 12
7ff88e562000 46 5 631 12
7ff88e33a000 65 14 711 13
7ff88e339000 62 11 784 13
7ff88e338000 96 5 885 13
7ff88e4fa000 18 0 904 13
7ff88e5b9000 36 2 942 13
7ff88e5b8000 111 4 1058 13
7ff88e335000 82 7 1148 13
7ff88e5b7000 79 3 1231 13
7ff88e5b6000 69 2 1303 13
7ff88e5bb000 102 4 1410 13
7ff88e5ba000 71 2 1484 13
7ff88e32f000 57 2 1544 13
7ff88e32e000 50 0 1594 13
7ff88e32d000 45 0 1640 13
7ff88e5a9000 73 5 1719 13
7ff88e5a4000 69 5 1794 13
7ff88e4ff000 86 4 1884 13
7ff88e5b4000 67 2 1954 13
7ff88e5b3000 45 1 2000 13
7ff88e2a2000 68 3 2073 14
2088 14
0x426000
426000 38 23 62 5
417000 34 15 112 5
413000 17 13 142 7
425000 26 13 181 7
423000 35 11 228 7
7ff88e5a9000 73 39 341 12
7ff88e5a4000 70 10 422 12
7ff88e5b9000 36 5 463 12
7ff88e4fc000 78 6 547 12
7ff88e4fb000 72 14 634 12
7ff88e55d000 45 6 686 12
7ff88e55c000 50 6 743 12
7ff88e56f000 40 4 788 12
7ff88e562000 47 5 840 12
7ff88e33a000 65 13 919 13
7ff88e339000 62 10 992 13
7ff88e338000 97 5 1095 13
7ff88e4fa000 18 0 1114 13
7ff88e565000 54 2 1171 13
7ff88e564000 34 1 1207 13
7ff88e55f000 58 1 1267 13
7ff88e55e000 54 1 1323 13
7ff88e559000 37 1 1364 13
7ff88e55a000 38 1 1404 13
7ff88e55b000 31 1 1437 13
7ff88e56b000 30 0 1468 13
7ff88e56a000 32 0 1500 13
7ff88e566000 63 2 1566 13
7ff88e567000 30 0 1597 13
7ff88e569000 34 0 1631 13
7ff88e568000 36 0 1668 13
7ff88e4fe000 73 2 1745 13
7ff88e5b4000 67 2 1815 13
7ff88e4fd000 57 2 1874 13
7ff88e5b3000 45 2 1921 13
7ff88e2a2000 68 3 1993 14
2008 14
0x44c000
44c000 38 23 61 3
44b000 42 27 131 4
449000 35 18 184 4
7ff88e2c1000 54 69 308 9
415000 22 8 338 9
413000 17 8 363 9
46d000 158 23 544 9
46c000 111 18 674 9
417000 33 9 717 9
414000 21 8 748 9
416000 21 7 777 9
418000 38 11 827 9
7ff88e5ba000 71 19 918 11
7ff88e5b8000 111 19 1049 11
7ff88e335000 82 28 1160 12
7ff88e4fa000 18 4 1183 12
7ff88e5b7000 79 11 1273 12
7ff88e5b6000 69 7 1350 12
7ff88e5bb000 103 12 1466 12
7ff88e4fc000 78 8 1553 13
7ff88e4fb000 71 8 1633 13
7ff88e55d000 45 4 1683 14
1695 14
0x44b000
44b000 42 31 73 4
449000 34 18 126 4
7ff88e2c1000 55 68 250 9
415000 21 8 280 9
413000 17 7 305 9
46d000 157 24 487 9
46c000 111 18 616 9
417000 34 9 660 9
414000 22 7 690 9
416000 21 8 720 9
418000 38 11 770 9
7ff88e5ba000 71 19 861 11
7ff88e5b8000 111 19 992 11
7ff88e335000 82 29 1103 12
7ff88e4fa000 18 4 1125 12
7ff88e5b7000 79 11 1216 12
7ff88e5b6000 69 6 1292 12
7ff88e5bb000 103 13 1409 12
7ff88e4fc000 78 8 1496 13
7ff88e4fb000 71 9 1577 13
7ff88e55d000 46 3 1626 14
1637 14
0x449000
449000 35 22 57 3
7ff88e2c1000 55 75 188 9
415000 21 8 217 9
413000 17 8 243 9
46d000 159 24 426 9
46c000 112 18 556 9
417000 34 9 599 9
414000 22 7 629 9
416000 21 8 659 9
418000 38 11 709 9
7ff88e5ba000 71 19 800 11
7ff88e5b8000 111 19 931 11
7ff88e335000 82 28 1042 12
7ff88e4fa000 18 4 1065 12
7ff88e5b7000 80 10 1155 12
7ff88e5b6000 69 7 1232 12
7ff88e5bb000 103 12 1348 12
7ff88e4fc000 79 8 1436 13
7ff88e4fb000 71 8 1516 13
7ff88e55d000 45 3 1565 14
1575 14
0x44a000
44a000 20 16 36 1
415000 21 17 75 1
413000 17 16 108 3
417000 34 15 158 3
449000 34 18 211 5
7ff88e2c1000 55 60 327 9
46d000 158 24 509 9
46c000 111 18 638 9
414000 22 7 668 9
416000 21 8 698 9
418000 38 11 748 9
7ff88e5ba000 70 18 837 11
7ff88e5b8000 112 19 969 11
7ff88e335000 82 28 1080 12
7ff88e4fa000 18 4 1103 12
7ff88e5b7000 79 11 1193 12
7ff88e5b6000 69 7 1270 12
7ff88e5bb000 103 12 1386 12
7ff88e4fc000 78 9 1474 13
7ff88e4fb000 71 8 1553 13
7ff88e55d000 45 4 1603 14
1614 14
0x44d000
44d000 26 18 44 1
415000 21 17 83 1
413000 16 17 117 3
416000 21 14 152 3
44c000 38 18 208 5
44b000 42 21 272 6
449000 35 14 322 6
7ff88e2c1000 55 54 432 9
46d000 157 24 614 9
46c000 111 18 743 9
417000 34 9 787 9
414000 21 8 817 9
418000 38 11 867 9
7ff88e5ba000 70 19 957 11
7ff88e5b8000 110 19 1087 11
7ff88e335000 82 29 1199 12
7ff88e4fa000 18 4 1221 12
7ff88e5b7000 79 11 1312 12
7ff88e5b6000 69 7 1389 12
7ff88e5bb000 102 13 1505 12
7ff88e4fc000 77 9 1592 13
7ff88e4fb000 71 9 1673 13
7ff88e55d000 46 3 1722 14
1736 14
0x44e000
44e000 24 19 44 3
44d000 25 16 86 3
415000 21 15 123 3
413000 17 14 154 5
416000 21 11 187 5
44c000 38 15 241 5
44b000 42 21 305 6
449000 34 14 354 6
7ff88e2c1000 55 54 464 9
46d000 157 24 646 9
46c000 112 18 776 9
417000 34 9 819 9
414000 21 8 850 9
418000 39 10 899 9
7ff88e5ba000 70 19 989 11
7ff88e5b8000 112 19 1121 11
7ff88e335000 82 28 1232 12
7ff88e4fa000 18 4 1255 12
7ff88e5b7000 79 11 1345 12
7ff88e5b6000 69 7 1422 12
7ff88e5bb000 103 12 1538 12
7ff88e4fc000 77 9 1625 13
7ff88e4fb000 72 8 1706 13
7ff88e55d000 45 3 1755 14
1770 14
0x44f000
44f000 56 24 81 3
416000 21 15 118 3
413000 16 15 150 5
417000 34 14 198 5
44e000 25 12 236 5
44d000 26 12 275 5
415000 22 11 309 5
44c000 38 15 363 5
44b000 42 21 427 6
449000 34 14 476 6
7ff88e2c1000 55 55 587 9
46d000 158 24 769 9
46c000 112 18 900 9
414000 21 8 930 9
418000 38 11 980 9
7ff88e5ba000 70 19 1070 11
7ff88e5b8000 111 19 1201 11
7ff88e335000 83 28 1312 12
7ff88e4fa000 17 5 1335 12
7ff88e5b7000 79 11 1425 12
7ff88e5b6000 69 7 1502 12
7ff88e5bb000 103 12 1618 12
7ff88e4fc000 77 9 1705 13
7ff88e4fb000 71 8 1785 13
7ff88e55d000 45 4 1835 14
1852 14
0x450000
450000 28 21 49 3
46c000 112 35 197 3
46d000 157 48 403 5
417000 34 14 451 5
413000 17 11 479 5
432000 45 20 545 7
44f000 56 14 616 7
416000 21 9 647 7
44e000 25 11 684 7
44d000 25 11 721 7
415000 21 10 753 7
44c000 38 13 805 7
44b000 41 17 864 7
449000 35 12 912 7
7ff88e2c1000 56 48 1017 9
414000 21 8 1047 9
418000 39 11 1098 9
7ff88e5ba000 71 19 1188 11
7ff88e5b8000 111 19 1319 11
7ff88e335000 82 29 1431 12
7ff88e4fa000 18 5 1454 12
7ff88e5b7000 80 11 1545 12
7ff88e5b6000 70 7 1623 12
7ff88e5bb000 104 12 1739 12
7ff88e4fc000 79 8 1827 13
7ff88e4fb000 72 8 1908 13
7ff88e55d000 45 4 1958 14
1976 14
0x432000
432000 45 30 76 7
76 7
0x451000
451000 26 17 43 1
415000 22 17 83 1
413000 17 17 117 3
450000 28 18 163 5
46c000 112 29 304 5
46d000 159 39 502 5
417000 34 14 550 5
432000 45 21 617 7
44f000 57 14 688 7
416000 21 10 720 7
44e000 25 11 756 7
44d000 25 11 793 7
44c000 38 13 845 7
44b000 41 18 905 7
449000 34 13 953 7
7ff88e2c1000 56 48 1057 9
414000 22 8 1088 9
418000 39 11 1138 9
7ff88e5ba000 71 19 1229 11
7ff88e5b8000 111 19 1359 11
7ff88e335000 83 28 1471 12
7ff88e4fa000 18 4 1494 12
7ff88e5b7000 80 11 1586 12
7ff88e5b6000 70 7 1663 12
7ff88e5bb000 104 12 1780 12
7ff88e4fc000 78 9 1868 13
7ff88e4fb000 72 8 1949 13
7ff88e55d000 45 4 1999 14
2019 14
0x453000
453000 29 19 48 1
7ff88e5a9000 73 70 192 12
7ff88e5a4000 70 11 274 12
7ff88e5b9000 36 5 315 12
7ff88e4fc000 79 6 400 12
7ff88e4fb000 71 14 486 12
7ff88e55d000 46 5 538 12
7ff88e55c000 51 6 596 12
7ff88e56f000 40 3 641 12
7ff88e562000 47 5 693 12
7ff88e33a000 65 14 773 13
7ff88e339000 62 11 846 13
7ff88e338000 97 6 949 13
7ff88e4fa000 18 0 967 13
7ff88e565000 55 2 1025 13
7ff88e564000 34 0 1060 13
7ff88e55f000 58 2 1121 13
7ff88e55e000 54 1 1177 13
7ff88e559000 37 1 1218 13
7ff88e55a000 37 1 1258 13
7ff88e55b000 31 1 1291 13
7ff88e56b000 30 0 1322 13
7ff88e56a000 31 1 1355 13
7ff88e566000 64 2 1421 13
7ff88e567000 30 0 1452 13
7ff88e569000 33 0 1486 13
7ff88e568000 36 0 1523 13
7ff88e4fe000 73 2 1600 13
7ff88e5b4000 68 2 1671 13
7ff88e4fd000 56 2 1729 13
7ff88e5b3000 45 1 1776 13
7ff88e2a2000 69 3 1850 14
1861 14
0x452000
452000 23 19 42 2
415000 22 16 80 2
413000 16 16 113 4
418000 38 19 171 6
414000 21 11 204 6
46d000 159 35 399 6
46c000 112 27 538 6
417000 34 13 585 6
7ff88e5ba000 70 28 684 10
7ff88e5b8000 111 23 819 10
7ff88e335000 82 35 937 11
7ff88e4fa000 18 4 959 11
7ff88e5b7000 80 14 1054 11
7ff88e5b6000 69 8 1132 11
7ff88e5bb000 104 15 1252 11
7ff88e4fc000 79 10 1342 12
7ff88e4fb000 72 13 1428 12
7ff88e55d000 46 5 1480 13
7ff88e55c000 50 3 1534 13
7ff88e56f000 40 1 1576 13
7ff88e562000 46 2 1625 13
7ff88e33a000 66 6 1698 13
7ff88e339000 63 10 1771 13
7ff88e338000 97 6 1874 13
7ff88e5b9000 37 1 1912 13
7ff88e565000 55 2 1971 13
7ff88e564000 34 0 2006 13
7ff88e55f000 58 2 2067 13
7ff88e55e000 54 1 2123 13
7ff88e559000 38 0 2164 13
7ff88e55a000 38 0 2204 13
7ff88e55b000 31 0 2237 13
7ff88e56b000 30 0 2268 13
7ff88e56a000 32 0 2301 13
7ff88e566000 63 2 2367 13
7ff88e567000 29 0 2397 13
7ff88e569000 33 0 2431 13
7ff88e568000 36 0 2468 13
7ff88e4fe000 73 2 2545 13
7ff88e5b4000 67 2 2615 13
7ff88e4fd000 56 2 2673 13
7ff88e5b3000 44 2 2720 13
7ff88e5a9000 73 5 2799 13
7ff88e5a4000 69 5 2874 13
7ff88e4ff000 86 4 2964 13
7ff88e5d3000 47 2 3014 13
7ff88e5d2000 43 1 3059 13
7ff88e501000 60 1 3121 13
7ff88e500000 47 1 3170 13
7ff88e560000 61 1 3234 13
7ff88e561000 82 2 3320 13
7ff88e5ab000 57 3 3381 13
7ff88e5af000 52 1 3435 13
7ff88e5ad000 63 1 3500 14
3524 14
0x427000
427000 44 24 69 4
415000 21 15 106 4
413000 17 14 137 6
46d000 158 35 330 6
46c000 111 27 468 6
417000 34 13 515 6
416000 21 10 547 6
414000 21 11 580 6
426000 38 15 634 7
425000 26 12 673 7
423000 35 12 721 7
7ff88e5a9000 73 39 834 12
7ff88e5a4000 69 10 914 12
7ff88e5b9000 36 4 955 12
7ff88e4fc000 78 6 1040 12
7ff88e4fb000 71 14 1126 12
7ff88e55d000 45 6 1178 12
7ff88e55c000 50 6 1235 12
7ff88e56f000 39 4 1280 12
7ff88e562000 46 6 1332 12
7ff88e33a000 65 13 1411 13
7ff88e339000 62 10 1483 13
7ff88e338000 96 5 1585 13
7ff88e4fa000 18 0 1604 13
7ff88e565000 54 2 1661 13
7ff88e564000 34 1 1697 13
7ff88e55f000 57 2 1757 13
7ff88e55e000 54 1 1813 13
7ff88e559000 37 0 1853 13
7ff88e55a000 37 1 1893 13
7ff88e55b000 30 1 1926 13
7ff88e56b000 30 0 1957 13
7ff88e56a000 32 0 1989 13
7ff88e566000 63 2 2055 13
7ff88e567000 30 0 2086 13
7ff88e569000 34 0 2120 13
7ff88e568000 36 0 2157 13
7ff88e4fe000 73 2 2234 13
7ff88e5b4000 66 2 2303 13
7ff88e4fd000 56 2 2362 13
7ff88e5b3000 45 2 2409 13
7ff88e2a2000 68 3 2481 14
2498 14
0x428000
428000 36 21 57 1
57 1
0x464000
464000 24 19 43 1
413000 17 16 77 3
7ff88e4fc000 78 35 191 10
7ff88e4fb000 71 28 291 11
7ff88e55d000 46 9 347 12
7ff88e55c000 51 7 406 12
7ff88e56f000 40 3 450 12
7ff88e562000 47 5 503 12
7ff88e33a000 65 14 583 13
7ff88e339000 63 10 656 13
7ff88e338000 97 5 759 13
7ff88e4fa000 18 0 778 13
7ff88e5b9000 36 2 817 13
7ff88e5b8000 111 4 933 13
7ff88e335000 83 8 1025 13
7ff88e5b7000 81 3 1109 13
7ff88e5b6000 70 1 1181 13
7ff88e5bb000 105 3 1290 13
7ff88e5ba000 71 2 1365 13
7ff88e32f000 57 2 1425 13
7ff88e32e000 50 0 1476 13
7ff88e32d000 45 0 1522 13
7ff88e5a9000 73 5 1602 13
7ff88e5a4000 71 4 1678 13
7ff88e4ff000 86 4 1769 13
7ff88e5b4000 67 2 1839 13
7ff88e5b3000 45 1 1886 13
7ff88e2a2000 69 3 1960 14
1973 14
0x43a000
43a000 27 19 46 3
43f000 36 20 103 3
415000 21 15 140 3
413000 17 15 172 5
439000 30 14 216 5
417000 34 13 264 5
414000 21 12 298 5
425000 26 15 340 5
423000 36 14 391 5
7ff88e5a9000 73 49 514 12
7ff88e5a4000 69 11 595 12
7ff88e5b9000 36 5 636 12
7ff88e4fc000 78 6 721 12
7ff88e4fb000 71 14 807 12
7ff88e55d000 46 5 859 12
7ff88e55c000 50 7 917 12
7ff88e56f000 40 3 961 12
7ff88e562000 46 5 1013 12
7ff88e33a000 65 13 1092 13
7ff88e339000 61 11 1165 13
7ff88e338000 96 6 1267 13
7ff88e4fa000 18 0 1285 13
7ff88e565000 55 2 1343 13
7ff88e564000 34 0 1378 13
7ff88e55f000 58 1 1438 13
7ff88e55e000 54 1 1494 13
7ff88e559000 37 0 1534 13
7ff88e55a000 38 0 1574 13
7ff88e55b000 30 1 1607 13
7ff88e56b000 29 1 1638 13
7ff88e56a000 32 0 1670 13
7ff88e566000 63 2 1736 13
7ff88e567000 29 1 1767 13
7ff88e569000 33 1 1801 13
7ff88e568000 35 1 1838 13
7ff88e4fe000 72 2 1914 13
7ff88e5b4000 67 1 1983 13
7ff88e4fd000 56 2 2042 13
7ff88e5b3000 45 2 2089 13
7ff88e2a2000 68 3 2161 14
2176 14
0x43f000
43f000 36 24 60 3
60 3
0x439000
439000 30 21 51 3
51 3
0x43b000
43b000 27 18 45 3
415000 22 14 81 3
413000 17 14 113 5
416000 22 11 146 5
417000 34 13 194 5
414000 21 11 227 5
46d000 157 38 423 5
46c000 111 29 564 5
418000 38 16 619 5
7ff88e5ba000 71 30 721 10
7ff88e5b8000 110 23 855 10
7ff88e335000 81 35 972 11
7ff88e4fa000 18 4 994 11
7ff88e5b7000 79 14 1088 11
7ff88e5b6000 69 9 1166 11
7ff88e5bb000 103 15 1285 11
7ff88e4fc000 78 10 1374 12
7ff88e4fb000 71 14 1460 12
7ff88e55d000 45 5 1511 13
7ff88e55c000 50 3 1565 13
7ff88e56f000 40 1 1607 13
7ff88e562000 47 2 1656 13
7ff88e33a000 65 6 1728 13
7ff88e339000 62 10 1800 13
7ff88e338000 97 5 1903 13
7ff88e5b9000 36 2 1942 13
7ff88e565000 55 2 2000 13
7ff88e564000 34 0 2035 13
7ff88e55f000 58 1 2095 13
7ff88e55e000 54 1 2151 13
7ff88e559000 37 1 2192 13
7ff88e55a000 37 1 2232 13
7ff88e55b000 31 0 2264 13
7ff88e56b000 30 0 2295 13
7ff88e56a000 32 0 2328 13
7ff88e566000 63 2 2394 13
7ff88e567000 29 1 2425 13
7ff88e569000 33 1 2459 13
7ff88e568000 36 1 2496 13
7ff88e4fe000 73 2 2573 13
7ff88e5b4000 67 2 2643 13
7ff88e4fd000 56 2 2701 13
7ff88e5b3000 45 2 2748 13
7ff88e5a9000 73 5 2827 13
7ff88e5a4000 69 5 2902 13
7ff88e4ff000 86 4 2992 13
7ff88e5d3000 47 1 3042 13
7ff88e5d2000 43 1 3087 13
7ff88e501000 59 2 3149 13
7ff88e500000 47 1 3198 13
7ff88e560000 61 2 3262 13
7ff88e561000 82 2 3347 13
7ff88e5ab000 57 3 3408 13
7ff88e5af000 53 1 3462 13
7ff88e5ad000 62 1 3526 14
3550 14
0x43c000
43c000 18 17 35 3
415000 22 14 72 3
413000 16 14 103 5
46d000 158 38 300 5
46c000 111 28 440 5
417000 34 13 488 5
43b000 26 12 527 5
416000 21 12 561 5
414000 22 11 594 5
418000 38 17 650 5
7ff88e5ba000 71 30 751 10
7ff88e5b8000 110 22 884 10
7ff88e335000 82 35 1002 11
7ff88e4fa000 18 4 1024 11
7ff88e5b7000 79 14 1118 11
7ff88e5b6000 69 8 1195 11
7ff88e5bb000 103 16 1315 11
7ff88e4fc000 77 11 1404 12
7ff88e4fb000 71 13 1489 12
7ff88e55d000 45 6 1541 13
7ff88e55c000 49 3 1594 13
7ff88e56f000 40 1 1636 13
7ff88e562000 47 2 1685 13
7ff88e33a000 65 6 1757 13
7ff88e339000 62 10 1830 13
7ff88e338000 96 5 1932 13
7ff88e5b9000 36 1 1970 13
7ff88e565000 55 2 2029 13
7ff88e564000 34 0 2064 13
7ff88e55f000 58 1 2124 13
7ff88e55e000 54 1 2180 13
7ff88e559000 37 1 2221 13
7ff88e55a000 37 1 2261 13
7ff88e55b000 31 0 2293 13
7ff88e56b000 30 0 2324 13
7ff88e56a000 32 0 2357 13
7ff88e566000 64 2 2423 13
7ff88e567000 29 0 2453 13
7ff88e569000 33 0 2487 13
7ff88e568000 36 0 2524 13
7ff88e4fe000 73 1 2600 13
7ff88e5b4000 67 2 2670 13
7ff88e4fd000 56 2 2728 13
7ff88e5b3000 45 1 2775 13
7ff88e5a9000 72 5 2854 13
7ff88e5a4000 70 4 2929 13
7ff88e4ff000 86 3 3019 13
7ff88e5d3000 47 1 3069 13
7ff88e5d2000 43 1 3114 13
7ff88e501000 60 1 3176 13
7ff88e500000 47 1 3225 13
7ff88e560000 61 2 3289 13
7ff88e561000 82 2 3374 13
7ff88e5ab000 57 2 3435 13
7ff88e5af000 52 1 3489 13
7ff88e5ad000 63 1 3554 14
3580 14
0x43d000
43d000 21 18 40 1
40 1
0x45d000
45d000 35 24 60 6
7ff88e2c1000 55 56 172 12
415000 21 5 198 12
413000 17 4 219 12
416000 21 4 245 12
7ff88e5ab000 57 10 313 12
417000 34 4 352 12
7ff88e5a9000 73 14 440 13
7ff88e5a4000 70 6 517 13
7ff88e5b9000 36 3 557 13
7ff88e4fc000 78 4 640 13
7ff88e4fb000 71 9 720 13
7ff88e55d000 45 4 770 13
7ff88e55c000 50 4 825 13
7ff88e56f000 40 3 869 13
7ff88e562000 47 3 919 13
7ff88e33a000 65 9 994 14
1001 14
0x45e000
45e000 43 24 67 4
67 4
