0x413000
413000 63 32 96 4
7f56b0ae9000 56 27 180 7
40f000 19 11 211 7
465000 58 26 296 9
4ce000 1041 137 1475 9
7f56b0b39000 54 16 1546 10
7f56b0b38000 47 7 1601 10
7f56b0b37000 44 7 1653 11
41e000 45 11 1711 11
41d000 43 8 1764 11
48a000 42 11 1819 11
46c000 42 9 1871 11
7f56b0c07000 64 11 1948 11
7f56b0c06000 73 13 2034 12
7f56b0aac000 67 11 2113 12
7f56b0be8000 96 12 2221 12
7f56b0be7000 97 11 2329 12
7f56b0aaa000 119 6 2454 12
7f56b0bb7000 87 10 2552 12
7f56b0bb6000 104 9 2665 12
7f56b0bb5000 66 19 2751 12
7f56b0bb3000 72 7 2830 12
7f56b0ba7000 83 30 2944 12
7f56b0ba5000 45 7 2997 13
7f56b0abc000 54 7 3059 14
3064 14
0x40f000
40f000 18 18 37 3
37 3
0x465000
465000 56 44 101 5
101 5
0x4ce000
4ce000 1007 288 1296 1
1296 1
0x41e000
41e000 45 37 83 5
41d000 43 20 148 6
48a000 44 23 216 6
46c000 43 19 279 6
4ce000 1003 194 1477 6
7f56b0c07000 63 24 1565 7
7f56b0c06000 73 25 1664 8
40f000 18 9 1692 10
7f56b0aac000 68 16 1777 12
7f56b0be8000 95 12 1885 12
7f56b0be7000 97 11 1994 12
7f56b0aaa000 119 6 2119 12
7f56b0bb7000 88 10 2217 12
7f56b0bb6000 104 9 2331 12
7f56b0bb5000 65 19 2416 12
7f56b0bb3000 72 7 2496 12
7f56b0ba7000 83 29 2609 12
7f56b0ba5000 46 7 2663 13
7f56b0abc000 55 7 2725 14
2729 14
0x41d000
41d000 43 28 72 4
48a000 43 29 145 4
46c000 42 24 212 6
4ce000 1006 192 1411 6
7f56b0c07000 64 24 1500 7
7f56b0c06000 73 25 1599 8
40f000 19 8 1627 10
7f56b0aac000 68 17 1713 12
7f56b0be8000 96 12 1821 12
7f56b0be7000 97 11 1930 12
7f56b0aaa000 119 6 2055 12
7f56b0bb7000 87 10 2152 12
7f56b0bb6000 104 9 2266 12
7f56b0bb5000 66 19 2351 12
7f56b0bb3000 72 8 2431 12
7f56b0ba7000 83 30 2544 12
7f56b0ba5000 45 7 2597 13
7f56b0abc000 54 7 2659 14
2663 14
0x48a000
48a000 44 37 81 3
46c000 42 27 151 5
4ce000 1003 212 1367 5
7f56b0c07000 64 27 1459 7
7f56b0c06000 74 25 1558 8
40f000 19 9 1587 10
7f56b0aac000 68 16 1671 12
7f56b0be8000 95 12 1779 12
7f56b0be7000 97 11 1888 12
7f56b0aaa000 119 6 2013 12
7f56b0bb7000 88 10 2112 12
7f56b0bb6000 104 9 2225 12
7f56b0bb5000 65 19 2310 12
7f56b0bb3000 72 8 2391 12
7f56b0ba7000 83 30 2504 12
7f56b0ba5000 46 7 2557 13
7f56b0abc000 55 6 2619 14
2622 14
0x46c000
46c000 42 31 73 5
4ce000 1007 213 1294 5
7f56b0c07000 64 27 1386 7
7f56b0c06000 73 26 1486 8
40f000 19 9 1515 10
7f56b0aac000 68 16 1599 12
7f56b0be8000 95 13 1708 12
7f56b0be7000 97 11 1816 12
7f56b0aaa000 119 6 1941 12
7f56b0bb7000 87 10 2039 12
7f56b0bb6000 104 9 2153 12
7f56b0bb5000 66 19 2239 12
7f56b0bb3000 72 7 2319 12
7f56b0ba7000 84 30 2433 12
7f56b0ba5000 46 7 2486 13
7f56b0abc000 55 7 2548 14
2549 14
0x410000
410000 35 23 59 1
40f000 19 17 96 3
4ce000 1008 245 1349 3
7f56b0aac000 68 41 1459 10
7f56b0be8000 96 22 1577 11
7f56b0be7000 97 15 1689 11
7f56b0aaa000 118 8 1816 11
7f56b0bb7000 87 14 1918 12
7f56b0bb6000 105 9 2032 12
7f56b0bb5000 67 19 2118 12
7f56b0bb3000 73 7 2198 12
7f56b0ba7000 82 30 2311 12
7f56b0ba5000 45 7 2364 13
7f56b0abc000 55 6 2426 14
2427 14
0x4cd000
4cd000 140 46 187 1
188 1
0x411000
411000 33 27 61 4
61 4
0x4a7000
4a7000 39 31 70 4
70 4
0x463000
463000 50 33 84 4
4ce000 1008 234 1327 4
4cd000 141 36 1505 4
7f56b0aac000 67 40 1614 10
7f56b0be8000 95 22 1732 11
7f56b0be7000 97 15 1844 11
7f56b0aaa000 120 8 1972 11
7f56b0bb7000 87 14 2073 12
7f56b0bb6000 105 9 2187 12
7f56b0bb5000 66 19 2272 12
7f56b0bb3000 72 8 2352 12
7f56b0ba7000 83 30 2465 12
7f56b0ba5000 46 7 2518 13
7f56b0abc000 55 7 2580 14
2582 14
0x4a3000
4a3000 45 31 76 5
40f000 18 13 109 7
7f56b0b22000 66 28 203 10
410000 36 9 248 10
4ce000 1010 118 1377 10
7f56b0aac000 68 17 1463 11
7f56b0be8000 96 16 1576 12
7f56b0be7000 96 10 1683 12
7f56b0aaa000 119 6 1809 12
7f56b0bb7000 88 9 1906 13
7f56b0bb6000 104 5 2016 13
7f56b0bb5000 66 11 2094 13
7f56b0bb3000 72 4 2171 13
7f56b0ba7000 82 19 2273 13
7f56b0ba5000 46 5 2324 14
2325 14
0x4a4000
4a4000 32 25 57 5
410000 35 17 110 5
40f000 18 13 142 7
4ce000 1006 171 1319 7
7f56b0aac000 68 27 1415 10
7f56b0be8000 95 22 1533 11
7f56b0be7000 97 15 1645 11
7f56b0aaa000 119 8 1772 11
7f56b0bb7000 86 14 1873 12
7f56b0bb6000 104 9 1987 12
7f56b0bb5000 66 19 2072 12
7f56b0bb3000 72 7 2152 12
7f56b0ba7000 83 29 2265 12
7f56b0ba5000 46 6 2318 13
7f56b0abc000 55 6 2380 14
2382 14
0x4b0000
4b0000 55 35 90 5
4ce000 1011 212 1314 5
7f56b0b09000 56 26 1397 6
7f56b0b08000 55 20 1473 7
7f56b0b0f000 82 32 1588 9
7f56b0aaa000 118 12 1719 9
7f56b0b44000 62 37 1819 11
7f56b0b43000 60 35 1915 11
7f56b0b42000 95 22 2033 11
7f56b0b0e000 29 11 2074 13
7f56b0b05000 84 6 2165 13
7f56b0abb000 73 5 2243 13
7f56b0aba000 36 4 2284 14
2286 14
0x44c000
44c000 37 36 74 3
4ce000 1004 250 1329 3
49a000 46 34 1410 3
499000 40 25 1476 3
4cd000 141 39 1657 3
40f000 19 15 1693 5
44d000 59 31 1783 7
449000 42 21 1847 7
7f56b0aac000 67 27 1943 10
7f56b0be8000 94 22 2060 11
7f56b0be7000 97 14 2171 11
7f56b0aaa000 118 8 2298 11
7f56b0bb7000 87 14 2399 12
7f56b0bb6000 104 9 2513 12
7f56b0bb5000 65 19 2598 12
7f56b0bb3000 72 7 2678 12
7f56b0ba7000 83 30 2791 12
7f56b0ba5000 46 7 2844 13
7f56b0abc000 55 6 2906 14
2913 14
0x49a000
49a000 45 40 85 3
499000 39 25 151 3
4ce000 1003 250 1406 3
4cd000 139 39 1585 3
40f000 19 15 1621 5
44d000 59 31 1711 7
449000 42 21 1775 7
7f56b0aac000 67 27 1871 10
7f56b0be8000 96 21 1988 11
7f56b0be7000 96 15 2100 11
7f56b0aaa000 118 8 2227 11
7f56b0bb7000 87 13 2327 12
7f56b0bb6000 104 10 2442 12
7f56b0bb5000 66 19 2527 12
7f56b0bb3000 72 8 2607 12
7f56b0ba7000 84 30 2721 12
7f56b0ba5000 46 7 2774 13
7f56b0abc000 55 6 2835 14
2841 14
0x499000
499000 40 29 69 3
4ce000 1005 250 1325 3
4cd000 140 39 1505 3
40f000 19 15 1541 5
44d000 60 31 1632 7
449000 42 22 1697 7
7f56b0aac000 68 27 1793 10
7f56b0be8000 95 22 1911 11
7f56b0be7000 97 15 2023 11
7f56b0aaa000 119 8 2151 11
7f56b0bb7000 87 14 2253 12
7f56b0bb6000 105 9 2367 12
7f56b0bb5000 66 19 2453 12
7f56b0bb3000 73 7 2533 12
7f56b0ba7000 83 30 2647 12
7f56b0ba5000 46 7 2701 13
7f56b0abc000 56 6 2763 14
2767 14
0x44d000
44d000 59 45 104 5
4ce000 1011 213 1329 5
449000 42 29 1401 5
7f56b0aac000 67 36 1505 10
7f56b0be8000 96 22 1623 11
7f56b0be7000 97 15 1735 11
7f56b0aaa000 119 8 1862 11
7f56b0bb7000 88 14 1964 12
7f56b0bb6000 105 9 2078 12
7f56b0bb5000 66 19 2164 12
7f56b0bb3000 72 8 2244 12
7f56b0ba7000 83 31 2358 12
7f56b0ba5000 46 7 2411 13
7f56b0abc000 55 7 2473 14
2476 14
0x449000
449000 42 40 82 5
4ce000 1007 212 1302 5
7f56b0aac000 69 35 1407 10
7f56b0be8000 96 21 1524 11
7f56b0be7000 97 15 1637 11
7f56b0aaa000 120 8 1765 11
7f56b0bb7000 87 14 1866 12
7f56b0bb6000 104 9 1979 12
7f56b0bb5000 66 19 2065 12
7f56b0bb3000 72 7 2144 12
7f56b0ba7000 82 30 2257 12
7f56b0ba5000 46 7 2310 13
7f56b0abc000 55 6 2372 14
2374 14
0x4c1000
4c1000 52 36 88 7
7f56b0aac000 68 29 186 10
7f56b0be8000 96 21 303 11
7f56b0be7000 97 15 415 11
7f56b0aaa000 118 8 542 11
7f56b0bb7000 86 14 643 12
7f56b0bb6000 104 9 757 12
7f56b0bb5000 66 19 842 12
7f56b0bb3000 72 7 922 12
7f56b0ba7000 82 30 1035 12
7f56b0ba5000 45 7 1088 13
7f56b0abc000 55 6 1150 14
1152 14
0x4a1000
4a1000 45 29 75 5
7f56b0ba8000 66 85 227 10
40f000 19 6 252 10
7f56b0aac000 68 16 337 11
7f56b0be8000 95 17 450 11
7f56b0be7000 97 15 562 11
7f56b0aaa000 119 8 689 11
7f56b0bb7000 88 14 791 12
7f56b0bb6000 105 9 905 12
7f56b0bb5000 66 19 990 12
7f56b0bb3000 72 7 1070 12
7f56b0ba7000 83 30 1183 12
7f56b0ba5000 46 7 1236 13
7f56b0abc000 55 6 1298 14
1300 14
0x496000
496000 39 35 75 3
4cd000 140 39 255 3
4ce000 1006 251 1515 3
40f000 19 15 1550 5
429000 37 21 1609 5
7f56b0aac000 68 35 1714 10
7f56b0be8000 96 21 1831 11
7f56b0be7000 97 14 1943 11
7f56b0aaa000 119 8 2071 11
7f56b0bb7000 88 13 2172 12
7f56b0bb6000 104 9 2286 12
7f56b0bb5000 65 19 2371 12
7f56b0bb3000 72 8 2451 12
7f56b0ba7000 83 30 2564 12
7f56b0ba5000 45 7 2617 13
7f56b0abc000 55 6 2679 14
2682 14
0x429000
429000 38 30 68 3
4ce000 1005 250 1325 3
4cd000 140 39 1505 3
7f56b0aac000 69 43 1619 10
7f56b0be8000 96 21 1736 11
7f56b0be7000 98 14 1848 11
7f56b0aaa000 118 8 1975 11
7f56b0bb7000 87 14 2077 12
7f56b0bb6000 104 9 2190 12
7f56b0bb5000 65 19 2275 12
7f56b0bb3000 72 7 2355 12
7f56b0ba7000 83 30 2469 12
7f56b0ba5000 46 7 2522 13
7f56b0abc000 55 7 2584 14
2585 14
0x4ca000
4ca000 48 36 85 3
4ce000 1017 252 1355 3
7f56b0aac000 69 42 1467 10
7f56b0be8000 95 22 1585 11
7f56b0be7000 97 14 1696 11
7f56b0aaa000 119 7 1823 11
7f56b0bb7000 87 13 1924 12
7f56b0bb6000 104 9 2038 12
7f56b0bb5000 65 19 2123 12
7f56b0bb3000 72 7 2203 12
7f56b0ba7000 82 30 2316 12
7f56b0ba5000 46 7 2370 13
7f56b0abc000 55 7 2432 14
2433 14
0x420000
420000 54 39 93 5
41f000 59 31 185 5
4ce000 1006 212 1404 5
7f56b0c07000 64 27 1496 7
7f56b0c06000 73 25 1595 8
40f000 18 9 1623 10
4cd000 140 15 1779 10
7f56b0b39000 54 12 1847 11
7f56b0b38000 48 5 1901 11
7f56b0b37000 44 5 1951 11
41b000 38 11 2001 11
410000 35 6 2043 11
7f56b0aac000 68 13 2125 12
7f56b0be8000 95 12 2232 12
7f56b0be7000 96 11 2340 12
7f56b0aaa000 118 6 2464 12
7f56b0bb7000 87 10 2562 12
7f56b0bb6000 103 10 2676 12
7f56b0bb5000 66 20 2762 12
7f56b0bb3000 72 8 2843 12
7f56b0ba7000 83 30 2956 12
7f56b0ba5000 46 7 3009 13
7f56b0abc000 55 7 3072 14
3077 14
0x41f000
41f000 60 42 102 5
4ce000 1004 213 1320 5
7f56b0c07000 64 27 1412 7
7f56b0c06000 74 25 1511 8
40f000 19 9 1539 10
4cd000 141 15 1695 10
7f56b0b39000 55 12 1764 11
7f56b0b38000 48 5 1817 11
7f56b0b37000 43 5 1866 11
41b000 39 10 1916 11
410000 35 6 1958 11
7f56b0aac000 68 13 2040 12
7f56b0be8000 95 12 2147 12
7f56b0be7000 97 11 2256 12
7f56b0aaa000 119 5 2380 12
7f56b0bb7000 88 10 2479 12
7f56b0bb6000 105 9 2593 12
7f56b0bb5000 65 20 2678 12
7f56b0bb3000 72 7 2757 12
7f56b0ba7000 83 29 2870 12
7f56b0ba5000 46 7 2924 13
7f56b0abc000 55 7 2986 14
2989 14
0x41b000
41b000 38 40 78 5
410000 35 17 131 5
40f000 19 13 163 7
4ce000 1011 171 1345 7
7f56b0aac000 68 27 1441 10
7f56b0be8000 96 21 1558 11
7f56b0be7000 97 15 1671 11
7f56b0aaa000 120 7 1798 11
7f56b0bb7000 87 13 1899 12
7f56b0bb6000 105 9 2014 12
7f56b0bb5000 66 19 2099 12
7f56b0bb3000 72 8 2179 12
7f56b0ba7000 83 30 2292 12
7f56b0ba5000 45 7 2345 13
7f56b0abc000 55 6 2407 14
2409 14
0x457000
457000 47 38 85 6
4ce000 1007 195 1288 6
450000 94 32 1415 6
4cf000 225 45 1686 8
4cd000 141 21 1849 8
7f56b0876000 42 14 1906 9
7f56b0875000 56 9 1972 9
7f56b0874000 67 12 2052 10
7f56b087d000 55 18 2125 11
7f56b087c000 51 5 2182 11
7f56b087b000 56 7 2246 11
7f56b0879000 58 6 2311 12
7f56b0880000 229 13 2554 13
7f56b0878000 90 2 2647 13
7f56b0877000 34 2 2684 13
7f56b087e000 34 2 2721 13
7f56b087f000 115 5 2843 13
7f56b0873000 50 2 2896 13
7f56b087a000 34 1 2932 13
410000 36 1 2972 13
40f000 19 1 2993 13
7f56b0aac000 68 4 3066 13
7f56b0be8000 95 5 3166 13
7f56b0be7000 97 4 3267 13
7f56b0aaa000 119 2 3389 13
7f56b0bb7000 87 4 3481 14
3484 14
0x450000
450000 94 50 144 5
4ce000 1006 212 1363 5
4cf000 225 50 1639 7
4cd000 140 25 1805 7
7f56b0876000 41 17 1865 8
7f56b0875000 56 11 1933 8
7f56b0874000 67 14 2015 9
7f56b087d000 65 22 2102 10
7f56b087c000 52 7 2162 10
7f56b087b000 56 9 2228 10
7f56b0879000 58 8 2295 11
7f56b0880000 229 19 2544 12
7f56b0878000 89 5 2639 12
7f56b0877000 34 4 2678 12
7f56b087e000 34 5 2718 12
7f56b087f000 115 9 2843 12
7f56b0873000 50 3 2897 12
7f56b087a000 33 4 2936 12
410000 35 4 2978 12
40f000 18 3 3000 12
7f56b0aac000 68 8 3076 13
7f56b0be8000 95 5 3176 13
7f56b0be7000 97 4 3277 13
7f56b0aaa000 119 2 3398 13
7f56b0bb7000 86 5 3490 14
3491 14
0x4cf000
4cf000 225 71 296 4
4ce000 1007 226 1529 4
4cd000 140 35 1705 4
7f56b0876000 42 23 1771 8
7f56b0875000 56 11 1839 8
7f56b0874000 67 13 1920 9
7f56b087d000 54 22 1997 10
7f56b087c000 52 7 2057 10
7f56b087b000 56 9 2123 10
7f56b0879000 58 8 2190 11
7f56b0880000 229 18 2438 12
7f56b0878000 90 5 2534 12
7f56b0877000 34 4 2573 12
7f56b087e000 35 4 2612 12
7f56b087f000 122 9 2745 12
7f56b0873000 49 4 2799 12
7f56b087a000 34 3 2837 12
410000 36 3 2879 12
40f000 18 3 2901 12
7f56b0aac000 67 8 2977 13
7f56b0be8000 95 5 3077 13
7f56b0be7000 97 4 3178 13
7f56b0aaa000 118 2 3299 13
7f56b0bb7000 88 4 3391 14
3392 14
0x473000
473000 44 37 82 8
4cd000 141 23 247 8
4ce000 1006 158 1412 8
7f56b0c0d000 54 23 1490 9
40f000 18 8 1517 10
7f56b0c0e000 50 12 1579 10
410000 35 8 1623 10
7f56b0aac000 68 16 1708 11
7f56b0be8000 95 16 1819 11
7f56b0be7000 97 15 1932 11
7f56b0aaa000 119 8 2059 11
7f56b0bb7000 87 14 2160 12
7f56b0bb6000 104 9 2274 12
7f56b0bb5000 65 19 2358 12
7f56b0bb3000 72 7 2438 12
7f56b0ba7000 83 30 2551 12
7f56b0ba5000 46 7 2604 13
7f56b0abc000 55 6 2665 14
2667 14
0x486000
486000 40 29 69 5
4b2000 55 21 146 5
4ce000 1003 214 1364 5
457000 46 28 1439 6
450000 94 32 1566 6
4cf000 225 45 1837 8
4cd000 141 21 2000 8
7f56b0876000 41 14 2057 9
7f56b0875000 57 9 2124 9
7f56b0874000 66 12 2203 10
7f56b087d000 55 18 2277 11
7f56b087c000 51 6 2335 11
7f56b087b000 58 7 2400 11
7f56b0879000 58 6 2465 12
7f56b0880000 229 13 2707 13
7f56b0878000 90 3 2801 13
7f56b0877000 34 2 2837 13
7f56b087e000 35 2 2875 13
7f56b087f000 116 5 2997 13
7f56b0873000 49 2 3049 13
7f56b087a000 34 2 3086 13
410000 36 1 3125 13
40f000 19 1 3146 13
7f56b0aac000 68 4 3218 13
7f56b0be8000 95 5 3319 13
7f56b0be7000 97 4 3420 13
7f56b0aaa000 120 2 3542 13
7f56b0bb7000 88 4 3634 14
3638 14
0x4b2000
4b2000 55 29 85 4
4ce000 1009 231 1326 4
457000 47 31 1405 6
450000 94 32 1532 6
4cf000 228 46 1806 8
4cd000 142 22 1970 8
7f56b0876000 41 15 2027 9
7f56b0875000 56 9 2093 9
7f56b0874000 68 11 2173 10
7f56b087d000 54 18 2246 11
7f56b087c000 52 6 2305 11
7f56b087b000 57 7 2369 11
7f56b0879000 58 6 2434 12
7f56b0880000 229 13 2677 13
7f56b0878000 90 3 2771 13
7f56b0877000 34 2 2808 13
7f56b087e000 35 2 2846 13
7f56b087f000 116 4 2968 13
7f56b0873000 50 2 3021 13
7f56b087a000 34 1 3057 13
410000 36 2 3098 13
40f000 19 2 3119 13
7f56b0aac000 68 5 3192 13
7f56b0be8000 96 5 3293 13
7f56b0be7000 97 4 3394 13
7f56b0aaa000 119 2 3515 13
7f56b0bb7000 88 4 3607 14
3611 14
0x4c7000
4c7000 36 27 64 4
4ce000 1010 233 1307 4
7f56b0c07000 63 30 1401 6
7f56b0c06000 73 29 1503 7
40f000 19 10 1532 9
7f56b0aac000 68 19 1620 12
7f56b0be8000 95 12 1728 12
7f56b0be7000 97 11 1836 12
7f56b0aaa000 119 5 1960 12
7f56b0bb7000 87 11 2059 12
7f56b0bb6000 104 9 2172 12
7f56b0bb5000 65 19 2257 12
7f56b0bb3000 72 7 2337 12
7f56b0ba7000 82 30 2450 12
7f56b0ba5000 46 7 2503 13
7f56b0abc000 55 6 2565 14
2566 14
0x41a000
41a000 31 27 58 3
4cf000 225 60 344 5
4ce000 1005 208 1558 5
4cd000 140 31 1730 5
7f56b0876000 41 22 1795 8
7f56b0875000 56 11 1863 8
7f56b0874000 66 14 1944 9
7f56b087d000 54 22 2021 10
7f56b087c000 52 7 2081 10
7f56b087b000 56 9 2147 10
7f56b0879000 58 8 2214 11
7f56b0880000 229 19 2463 12
7f56b0878000 90 5 2558 12
7f56b0877000 34 3 2596 12
7f56b087e000 35 4 2636 12
7f56b087f000 117 8 2762 12
7f56b0873000 49 3 2816 12
7f56b087a000 33 4 2855 12
410000 35 3 2896 12
40f000 19 3 2919 12
7f56b0aac000 69 7 2995 13
7f56b0be8000 95 5 3096 13
7f56b0be7000 97 4 3197 13
7f56b0aaa000 119 2 3318 13
7f56b0bb7000 87 4 3409 14
3410 14
0x4c8000
4c8000 50 34 85 6
4ce000 1002 196 1284 6
7f56b0aac000 67 33 1385 10
7f56b0be8000 95 21 1501 11
7f56b0be7000 96 15 1613 11
7f56b0aaa000 119 8 1740 11
7f56b0bb7000 87 14 1841 12
7f56b0bb6000 104 9 1954 12
7f56b0bb5000 66 19 2039 12
7f56b0bb3000 72 7 2118 12
7f56b0ba7000 82 30 2231 12
7f56b0ba5000 45 7 2284 13
7f56b0abc000 55 6 2346 14
2348 14
0x46a000
46a000 36 31 68 5
4ce000 1007 212 1288 5
4cd000 140 33 1462 5
7f56b0aac000 68 35 1567 10
7f56b0be8000 95 21 1683 11
7f56b0be7000 97 15 1796 11
7f56b0aaa000 119 8 1923 11
7f56b0bb7000 88 13 2024 12
7f56b0bb6000 104 9 2138 12
7f56b0bb5000 66 19 2223 12
7f56b0bb3000 72 7 2302 12
7f56b0ba7000 82 30 2415 12
7f56b0ba5000 46 7 2469 13
7f56b0abc000 55 7 2531 14
2532 14
0x466000
466000 55 34 89 5
4ce000 1005 213 1308 5
4cd000 141 32 1481 5
4ca000 49 25 1557 5
7f56b0aac000 68 35 1661 10
7f56b0be8000 95 21 1778 11
7f56b0be7000 96 15 1890 11
7f56b0aaa000 119 7 2016 11
7f56b0bb7000 87 13 2117 12
7f56b0bb6000 104 9 2231 12
7f56b0bb5000 65 19 2316 12
7f56b0bb3000 72 7 2396 12
7f56b0ba7000 82 30 2509 12
7f56b0ba5000 45 7 2562 13
7f56b0abc000 54 7 2624 14
2627 14
0x419000
419000 29 24 53 3
4ce000 1006 249 1309 3
7ffc6e7e6000 32 27 1369 8
40f000 19 9 1397 10
4cd000 141 15 1553 10
7f56b0acb000 54 27 1636 12
7f56b0aac000 67 10 1714 12
7f56b0be8000 96 11 1821 12
7f56b0be7000 96 10 1928 12
7f56b0aaa000 118 6 2053 12
7f56b0bb7000 87 10 2150 13
7f56b0bb6000 104 6 2260 13
7f56b0bb5000 65 12 2337 13
7f56b0bb3000 72 5 2414 13
7f56b0ba7000 83 18 2515 13
7f56b0ba5000 45 5 2566 14
2567 14
0x42e000
42e000 30 25 55 2
4ce000 1014 268 1338 2
7f56b0c07000 64 35 1438 4
7f56b0c06000 74 35 1548 5
40f000 19 13 1580 7
7f56b0aac000 68 27 1676 12
7f56b0be8000 96 12 1784 12
7f56b0be7000 97 11 1892 12
7f56b0aaa000 120 6 2018 12
7f56b0bb7000 87 11 2116 12
7f56b0bb6000 105 9 2230 12
7f56b0bb5000 66 19 2315 12
7f56b0bb3000 72 8 2395 12
7f56b0ba7000 83 30 2508 12
7f56b0ba5000 46 7 2561 13
7f56b0abc000 55 7 2623 14
2624 14
0x4b6000
4b6000 43 32 75 3
4cd000 141 39 256 3
4ce000 1010 250 1518 3
7f56b0aac000 68 43 1630 10
7f56b0be8000 95 22 1747 11
7f56b0be7000 97 15 1859 11
7f56b0aaa000 118 7 1985 11
7f56b0bb7000 87 14 2087 12
7f56b0bb6000 104 9 2200 12
7f56b0bb5000 66 18 2284 12
7f56b0bb3000 72 7 2364 12
7f56b0ba7000 83 30 2478 12
7f56b0ba5000 46 7 2531 13
7f56b0abc000 55 7 2593 14
2594 14
0x416000
416000 43 41 84 5
4ce000 1008 213 1306 5
4cd000 140 33 1480 5
40f000 19 12 1512 7
447000 32 16 1561 7
7f56b0b44000 62 46 1670 11
7f56b0b43000 61 31 1762 11
7f56b0b42000 95 19 1877 11
7f56b0aac000 68 12 1958 13
7f56b0be8000 95 7 2061 13
7f56b0be7000 96 7 2165 13
7f56b0aaa000 120 4 2289 13
7f56b0bb7000 87 7 2383 13
7f56b0bb6000 104 6 2493 13
7f56b0bb5000 66 11 2570 13
7f56b0bb3000 71 5 2647 13
7f56b0ba7000 83 18 2748 13
7f56b0ba5000 46 5 2799 14
2801 14
0x447000
447000 32 30 62 3
7f56b0b44000 62 73 198 7
7f56b0b43000 61 71 330 7
7f56b0b42000 95 43 468 7
40f000 18 10 497 9
4ce000 1004 134 1636 9
7f56b0aac000 68 20 1725 13
7f56b0be8000 95 7 1827 13
7f56b0be7000 96 7 1931 13
7f56b0aaa000 119 3 2053 13
7f56b0bb7000 87 6 2147 13
7f56b0bb6000 104 6 2258 13
7f56b0bb5000 66 11 2335 13
7f56b0bb3000 72 4 2411 13
7f56b0ba7000 83 18 2513 13
7f56b0ba5000 45 4 2563 14
2564 14
0x436000
436000 47 35 83 3
4ce000 1005 250 1339 3
7f56b0aac000 68 43 1451 10
7f56b0be8000 95 21 1567 11
7f56b0be7000 97 15 1680 11
7f56b0aaa000 119 7 1806 11
7f56b0bb7000 87 14 1908 12
7f56b0bb6000 104 9 2021 12
7f56b0bb5000 65 19 2105 12
7f56b0bb3000 72 7 2185 12
7f56b0ba7000 83 30 2298 12
7f56b0ba5000 46 7 2351 13
7f56b0abc000 54 7 2413 14
2414 14
0x4c6000
4c6000 39 37 77 6
4ce000 1011 196 1285 6
4cf000 226 47 1559 8
4cd000 142 22 1723 8
7f56b0876000 41 16 1782 9
7f56b0875000 56 10 1849 9
7f56b0874000 67 12 1929 9
7f56b087d000 55 22 2007 10
7f56b087c000 51 7 2066 10
7f56b087b000 56 10 2133 10
7f56b0879000 58 8 2200 11
7f56b0880000 230 19 2450 12
7f56b0878000 91 4 2546 12
7f56b0877000 34 3 2584 12
7f56b087e000 35 5 2625 12
7f56b087f000 115 9 2750 12
7f56b0873000 49 4 2804 12
7f56b087a000 34 3 2842 12
410000 35 4 2884 12
40f000 18 3 2906 12
7f56b0aac000 69 7 2982 13
7f56b0be8000 95 5 3083 13
7f56b0be7000 96 4 3184 13
7f56b0aaa000 119 2 3306 13
7f56b0bb7000 88 4 3398 14
3399 14
0x412000
412000 37 29 67 4
4ce000 1001 232 1301 4
7f56b0b39000 55 29 1386 7
7f56b0b38000 47 11 1445 7
7f56b0b37000 43 11 1500 7
40f000 19 10 1530 8
467000 35 14 1579 10
4cd000 140 16 1735 10
7f56b0aac000 68 16 1820 11
7f56b0be8000 96 17 1933 11
7f56b0be7000 96 15 2044 11
7f56b0aaa000 120 7 2171 11
7f56b0bb7000 87 13 2272 12
7f56b0bb6000 104 9 2386 12
7f56b0bb5000 66 18 2470 12
7f56b0bb3000 72 7 2550 12
7f56b0ba7000 84 29 2663 12
7f56b0ba5000 45 7 2716 13
7f56b0abc000 55 6 2778 14
2779 14
0x467000
467000 34 29 63 7
64 7
0x483000
483000 48 33 81 5
482000 60 31 173 6
4cd000 141 30 345 6
4ce000 1010 196 1553 6
40f000 19 12 1585 8
7f56b0aac000 68 24 1677 10
7f56b0be8000 96 21 1795 11
7f56b0be7000 97 14 1906 11
7f56b0aaa000 119 8 2034 11
7f56b0bb7000 88 13 2135 12
7f56b0bb6000 104 9 2249 12
7f56b0bb5000 66 19 2335 12
7f56b0bb3000 72 7 2414 12
7f56b0ba7000 83 29 2527 12
7f56b0ba5000 46 7 2581 13
7f56b0abc000 55 7 2643 14
2645 14
0x482000
482000 60 43 103 6
4cd000 141 30 275 6
4ce000 1017 197 1491 6
40f000 19 12 1523 8
7f56b0aac000 68 25 1616 10
7f56b0be8000 96 22 1734 11
7f56b0be7000 97 15 1846 11
7f56b0aaa000 119 8 1973 11
7f56b0bb7000 87 14 2074 12
7f56b0bb6000 105 9 2189 12
7f56b0bb5000 65 19 2273 12
7f56b0bb3000 72 7 2353 12
7f56b0ba7000 83 29 2466 12
7f56b0ba5000 46 7 2520 13
7f56b0abc000 55 7 2582 14
2583 14
0x45d000
45d000 43 38 81 4
4ce000 1006 231 1319 4
7f56b0aac000 67 40 1427 10
7f56b0be8000 96 21 1544 11
7f56b0be7000 96 15 1656 11
7f56b0aaa000 119 8 1783 11
7f56b0bb7000 88 13 1884 12
7f56b0bb6000 104 9 1998 12
7f56b0bb5000 66 19 2083 12
7f56b0bb3000 72 8 2163 12
7f56b0ba7000 83 30 2276 12
7f56b0ba5000 46 6 2328 13
7f56b0abc000 54 7 2390 14
2391 14
0x421000
421000 36 31 67 3
7f56b0c07000 64 32 164 5
7f56b0c06000 73 32 270 6
40f000 19 11 300 8
4ce000 1016 155 1472 8
4cd000 141 22 1636 8
7f56b0aac000 68 23 1729 12
7f56b0be8000 95 13 1838 12
7f56b0be7000 97 11 1946 12
7f56b0aaa000 119 6 2072 12
7f56b0bb7000 88 10 2171 12
7f56b0bb6000 105 9 2285 12
7f56b0bb5000 66 19 2370 12
7f56b0bb3000 72 7 2450 12
7f56b0ba7000 83 30 2563 12
7f56b0ba5000 46 7 2616 13
7f56b0abc000 55 6 2678 14
2680 14
0x49e000
49e000 54 38 93 5
93 5
0x417000
417000 41 34 75 3
7f56b0b22000 65 45 186 10
40f000 19 7 212 10
7f56b0b32000 73 11 297 11
4ce000 1006 99 1402 11
49a000 46 11 1459 11
499000 40 8 1508 11
4cd000 141 12 1662 11
44d000 59 12 1735 11
449000 41 11 1788 11
7f56b0aac000 68 14 1871 12
7f56b0be8000 95 12 1978 12
7f56b0be7000 96 11 2085 12
7f56b0aaa000 119 5 2209 12
7f56b0bb7000 87 10 2307 13
7f56b0bb6000 105 6 2418 13
7f56b0bb5000 66 11 2495 13
7f56b0bb3000 72 4 2572 13
7f56b0ba7000 83 19 2675 13
7f56b0ba5000 46 5 2726 14
2731 14
0x452000
452000 38 29 68 5
4cd000 140 33 242 5
4ce000 1004 212 1460 5
7f56b0c0d000 53 34 1548 8
40f000 19 8 1575 9
7f56b0acc000 46 20 1642 13
7f56b0bb7000 87 4 1734 13
7f56b0bb6000 104 4 1843 13
7f56b0bb5000 66 9 1918 13
7f56b0bb3000 71 3 1993 13
410000 36 2 2032 13
7f56b0aac000 67 5 2105 13
7f56b0be8000 94 6 2206 13
7f56b0be7000 97 4 2307 13
7f56b0aaa000 118 2 2428 13
7f56b0ba7000 82 15 2526 13
7f56b0ba5000 46 3 2576 13
7f56b0abc000 55 7 2638 14
2639 14
0x474000
474000 40 29 69 4
4cd000 141 36 247 4
4ce000 1008 232 1489 4
4ad000 47 33 1570 5
7f56b0aac000 68 35 1674 10
7f56b0be8000 95 21 1791 11
7f56b0be7000 96 15 1902 11
7f56b0aaa000 119 7 2029 11
7f56b0bb7000 87 13 2130 12
7f56b0bb6000 105 9 2245 12
7f56b0bb5000 66 19 2330 12
7f56b0bb3000 72 7 2409 12
7f56b0ba7000 83 30 2523 12
7f56b0ba5000 46 7 2576 13
7f56b0abc000 55 6 2637 14
2640 14
0x4ad000
4ad000 47 42 90 4
4ce000 1004 233 1328 4
7f56b0aac000 68 40 1437 10
7f56b0be8000 96 21 1554 11
7f56b0be7000 97 15 1666 11
7f56b0aaa000 118 8 1792 11
7f56b0bb7000 87 13 1893 12
7f56b0bb6000 103 9 2006 12
7f56b0bb5000 65 19 2091 12
7f56b0bb3000 71 7 2170 12
7f56b0ba7000 83 30 2283 12
7f56b0ba5000 46 7 2336 13
7f56b0abc000 54 7 2398 14
2399 14
0x4a9000
4a9000 40 31 72 4
4ce000 1003 233 1309 4
410000 36 18 1364 4
40f000 19 13 1397 6
7f56b0aac000 68 31 1497 10
7f56b0be8000 95 21 1613 11
7f56b0be7000 97 14 1725 11
7f56b0aaa000 118 8 1852 11
7f56b0bb7000 88 14 1954 12
7f56b0bb6000 105 9 2068 12
7f56b0bb5000 66 19 2154 12
7f56b0bb3000 73 7 2234 12
7f56b0ba7000 83 31 2348 12
7f56b0ba5000 46 7 2401 13
7f56b0abc000 55 7 2463 14
2465 14
0x308b1000
0 0
0x48b000
48b000 34 29 63 5
4ce000 1010 216 1290 5
40f000 19 13 1322 7
477000 41 23 1387 9
7f56b0aac000 68 21 1477 10
7f56b0be8000 96 21 1594 11
7f56b0be7000 97 15 1706 11
7f56b0aaa000 120 8 1834 11
7f56b0bb7000 87 14 1935 12
7f56b0bb6000 105 9 2049 12
7f56b0bb5000 65 19 2134 12
7f56b0bb3000 72 7 2214 12
7f56b0ba7000 83 30 2327 12
7f56b0ba5000 46 7 2380 13
7f56b0abc000 55 6 2442 14
2444 14
0x477000
477000 41 42 84 6
4ce000 1007 193 1285 6
7f56b0aac000 67 32 1385 10
7f56b0be8000 95 22 1502 11
7f56b0be7000 96 15 1613 11
7f56b0aaa000 119 7 1739 11
7f56b0bb7000 87 13 1840 12
7f56b0bb6000 104 9 1954 12
7f56b0bb5000 66 19 2039 12
7f56b0bb3000 72 7 2118 12
7f56b0ba7000 83 29 2231 12
7f56b0ba5000 46 7 2285 13
7f56b0abc000 55 6 2346 14
2348 14
0x484000
484000 51 37 89 6
4ce000 1005 196 1291 6
7f56b0b96000 52 47 1391 10
7f56b0b95000 74 40 1506 12
7f56b0b94000 59 15 1581 12
7f56b0aaa000 120 6 1707 12
7f56b0b93000 44 5 1757 12
7f56b0b92000 42 5 1805 12
7f56b0b27000 80 18 1904 13
7f56b0b26000 84 7 1995 13
7f56b0be7000 97 7 2099 13
7f56b0b25000 59 6 2164 13
7f56b0b24000 79 6 2249 13
7f56b0b1c000 147 8 2404 13
7f56b0b23000 92 4 2501 13
7f56b0b22000 65 7 2574 13
7f56b0b1d000 59 8 2641 13
7f56b0ae9000 55 4 2700 13
7f56b0bb7000 87 6 2794 13
7f56b0bb6000 104 6 2905 13
7f56b0bb5000 67 11 2983 13
7f56b0bb3000 72 4 3059 13
7f56b0b91000 51 3 3114 13
7f56b0b90000 47 4 3166 13
7f56b0b8f000 33 4 3204 13
7f56b0b8e000 44 3 3252 13
7f56b0b8d000 37 4 3294 13
7f56b0b8c000 41 4 3340 13
7f56b0bc6000 51 4 3396 13
7f56b0ba8000 66 15 3477 13
7f56b0b15000 58 5 3541 13
7f56b0ba0000 58 9 3608 13
7f56b0b9c000 76 11 3695 13
7f56b0b9b000 55 12 3762 13
7f56b0b9e000 90 7 3860 13
7f56b0b9d000 59 10 3930 13
7f56b0b9f000 47 6 3983 13
7f56b0b16000 74 7 4065 13
7f56b0b19000 99 8 4173 13
7f56b0aea000 31 5 4209 13
7f56b0b13000 46 4 4259 13
7f56b0b6b000 46 5 4311 13
7f56b0b6a000 55 8 4374 13
7f56b0bcc000 43 5 4423 13
7f56b0bcb000 56 6 4485 13
7f56b0bca000 47 5 4537 13
7f56b0bc9000 60 6 4604 14
4607 14
0x4ab000
4ab000 30 22 52 2
4cd000 140 43 236 2
4ce000 1002 268 1508 2
40f000 19 16 1544 4
7f56b0aac000 68 38 1650 10
7f56b0be8000 95 21 1767 11
7f56b0be7000 97 15 1879 11
7f56b0aaa000 118 8 2005 11
7f56b0bb7000 87 13 2106 12
7f56b0bb6000 104 9 2220 12
7f56b0bb5000 66 19 2305 12
7f56b0bb3000 72 7 2385 12
7f56b0ba7000 83 30 2498 12
7f56b0ba5000 46 7 2551 13
7f56b0abc000 55 6 2612 14
2613 14
0x47c000
47c000 37 32 69 5
7f56b0aac000 68 35 173 10
7f56b0be8000 94 22 290 11
7f56b0be7000 97 15 402 11
7f56b0aaa000 119 8 529 11
7f56b0bb7000 87 13 630 12
7f56b0bb6000 104 9 744 12
7f56b0bb5000 65 19 829 12
7f56b0bb3000 72 7 908 12
7f56b0ba7000 83 30 1022 12
7f56b0ba5000 46 7 1075 13
7f56b0abc000 54 7 1136 14
1137 14
0x451000
451000 47 35 82 5
40f000 18 12 113 7
4cd000 140 25 279 7
4ce000 1006 171 1458 7
7f56b0b32000 73 16 1548 9
7f56b0aac000 68 20 1637 11
7f56b0be8000 95 17 1750 11
7f56b0be7000 97 15 1862 11
7f56b0aaa000 119 8 1989 11
7f56b0bb7000 87 13 2089 12
7f56b0bb6000 104 9 2203 12
7f56b0bb5000 66 19 2288 12
7f56b0bb3000 72 7 2367 12
7f56b0ba7000 83 30 2481 12
7f56b0ba5000 46 7 2534 13
7f56b0abc000 56 6 2596 14
2598 14
0x4b3000
4b3000 40 33 73 6
73 6
0x48e000
48e000 43 26 69 2
4ce000 1006 267 1343 2
7f56b0acc000 46 47 1437 12
7f56b0bb7000 88 7 1532 13
7f56b0bb6000 105 4 1641 13
7f56b0bb5000 66 9 1716 13
7f56b0bb3000 72 3 1791 13
410000 35 2 1829 13
40f000 19 1 1850 13
7f56b0aac000 68 5 1924 13
7f56b0be8000 95 6 2025 13
7f56b0be7000 96 5 2126 13
7f56b0aaa000 118 2 2247 13
7f56b0ba7000 83 15 2346 13
7f56b0ba5000 46 3 2395 13
7f56b0abc000 55 7 2457 14
2459 14
0x4ac000
4ac000 62 41 103 5
103 5
0x490000
490000 43 38 82 6
7f56b0aac000 68 31 182 10
7f56b0be8000 96 21 299 11
7f56b0be7000 96 15 411 11
7f56b0aaa000 118 8 538 11
7f56b0bb7000 88 14 640 12
7f56b0bb6000 104 10 754 12
7f56b0bb5000 66 18 838 12
7f56b0bb3000 72 8 919 12
7f56b0ba7000 83 30 1032 12
7f56b0ba5000 46 7 1085 13
7f56b0abc000 55 7 1148 14
1149 14
0x444000
444000 44 44 88 5
4ce000 1012 213 1314 5
7f56b0aac000 67 36 1418 10
7f56b0be8000 96 21 1536 11
7f56b0be7000 97 15 1648 11
7f56b0aaa000 119 8 1775 11
7f56b0bb7000 88 13 1876 12
7f56b0bb6000 105 9 1991 12
7f56b0bb5000 66 19 2076 12
7f56b0bb3000 72 8 2156 12
7f56b0ba7000 84 30 2270 12
7f56b0ba5000 46 7 2323 13
7f56b0abc000 55 7 2385 14
2386 14
0x445000
445000 49 33 82 3
4ce000 1006 251 1340 3
4cd000 140 40 1521 3
7f56b0aac000 67 43 1633 10
7f56b0be8000 96 21 1750 11
7f56b0be7000 97 15 1862 11
7f56b0aaa000 118 8 1989 11
7f56b0bb7000 87 14 2090 12
7f56b0bb6000 104 9 2203 12
7f56b0bb5000 65 19 2288 12
7f56b0bb3000 72 7 2368 12
7f56b0ba7000 83 30 2481 12
7f56b0ba5000 46 7 2534 13
7f56b0abc000 56 6 2596 14
2597 14
0x446000
446000 52 31 83 3
83 3
0x464000
464000 42 34 76 3
76 3
0x42b000
42b000 39 28 67 3
67 3
0x491000
491000 40 30 70 5
4ce000 1007 212 1290 5
4cd000 140 33 1464 5
7f56b0aac000 67 35 1568 10
7f56b0be8000 95 21 1685 11
7f56b0be7000 96 15 1797 11
7f56b0aaa000 119 8 1924 11
7f56b0bb7000 88 13 2025 12
7f56b0bb6000 103 9 2138 12
7f56b0bb5000 65 19 2223 12
7f56b0bb3000 72 7 2303 12
7f56b0ba7000 83 30 2416 12
7f56b0ba5000 46 7 2469 13
7f56b0abc000 55 6 2530 14
2532 14
0x492000
492000 31 32 63 5
4ce000 1008 214 1286 5
4cd000 141 32 1460 5
410000 35 17 1514 5
40f000 18 13 1546 7
7f56b0aac000 68 26 1640 10
7f56b0be8000 96 21 1758 11
7f56b0be7000 97 14 1869 11
7f56b0aaa000 119 7 1996 11
7f56b0bb7000 87 13 2097 12
7f56b0bb6000 104 9 2211 12
7f56b0bb5000 65 19 2296 12
7f56b0bb3000 72 7 2376 12
7f56b0ba7000 83 30 2490 12
7f56b0ba5000 46 7 2543 13
7f56b0abc000 55 6 2605 14
2607 14
0x4bd000
4bd000 40 37 77 3
4cd000 140 40 258 3
4ce000 1004 251 1514 3
7f56b0aac000 68 43 1626 10
7f56b0be8000 95 22 1743 11
7f56b0be7000 97 15 1855 11
7f56b0aaa000 118 8 1981 11
7f56b0bb7000 87 13 2082 12
7f56b0bb6000 104 9 2196 12
7f56b0bb5000 66 18 2281 12
7f56b0bb3000 72 7 2361 12
7f56b0ba7000 83 29 2474 12
7f56b0ba5000 46 7 2528 13
7f56b0abc000 55 7 2590 14
2591 14
0x4b4000
4b4000 48 23 71 1
71 1
0x472000
472000 44 38 83 5
4ce000 1007 213 1304 5
4cd000 140 33 1478 5
40f000 18 13 1511 7
7f56b0aac000 68 27 1606 10
7f56b0be8000 96 21 1723 11
7f56b0be7000 96 15 1834 11
7f56b0aaa000 119 8 1961 11
7f56b0bb7000 87 14 2062 12
7f56b0bb6000 105 9 2176 12
7f56b0bb5000 66 19 2261 12
7f56b0bb3000 72 7 2340 12
7f56b0ba7000 83 30 2453 12
7f56b0ba5000 46 7 2506 13
7f56b0abc000 55 6 2567 14
2569 14
0x42d000
42d000 34 31 66 3
66 3
0x441000
441000 40 31 72 5
72 5
0x476000
476000 44 37 81 5
4ce000 1009 213 1304 5
7f56b0aac000 68 35 1408 10
7f56b0be8000 97 22 1527 11
7f56b0be7000 98 14 1639 11
7f56b0aaa000 119 8 1767 11
7f56b0bb7000 87 14 1868 12
7f56b0bb6000 104 9 1981 12
7f56b0bb5000 65 19 2066 12
7f56b0bb3000 72 7 2145 12
7f56b0ba7000 83 30 2258 12
7f56b0ba5000 45 7 2311 13
7f56b0abc000 55 7 2373 14
2374 14
0x475000
475000 45 36 81 4
7f56b0ae9000 54 27 163 8
40f000 19 10 192 8
4ce000 1003 158 1354 8
4cd000 140 24 1519 8
463000 49 18 1588 8
7f56b0aac000 67 25 1681 10
7f56b0be8000 95 21 1798 11
7f56b0be7000 96 15 1910 11
7f56b0aaa000 118 8 2037 11
7f56b0bb7000 87 14 2139 12
7f56b0bb6000 104 9 2253 12
7f56b0bb5000 65 19 2338 12
7f56b0bb3000 72 7 2418 12
7f56b0ba7000 83 29 2531 12
7f56b0ba5000 46 7 2585 13
7f56b0abc000 55 7 2647 14
2649 14
0x4cb000
4cb000 55 37 92 5
4cd000 141 33 267 5
4ce000 1013 215 1497 5
7f56b0aac000 68 35 1601 10
7f56b0be8000 96 21 1718 11
7f56b0be7000 97 15 1831 11
7f56b0aaa000 119 8 1958 11
7f56b0bb7000 87 14 2059 12
7f56b0bb6000 104 10 2173 12
7f56b0bb5000 66 19 2258 12
7f56b0bb3000 72 7 2338 12
7f56b0ba7000 83 31 2452 12
7f56b0ba5000 46 7 2505 13
7f56b0abc000 55 6 2566 14
2568 14
0x46e000
46e000 52 43 96 5
4ce000 1014 213 1324 5
7f56b0aac000 69 35 1428 10
7f56b0be8000 94 22 1545 11
7f56b0be7000 98 14 1657 11
7f56b0aaa000 119 7 1784 11
7f56b0bb7000 88 14 1887 12
7f56b0bb6000 104 9 2000 12
7f56b0bb5000 65 19 2085 12
7f56b0bb3000 72 8 2165 12
7f56b0ba7000 83 29 2277 12
7f56b0ba5000 46 7 2331 13
7f56b0abc000 56 7 2394 14
2395 14
0x47b000
47b000 30 32 62 5
4ce000 1012 213 1287 5
40f000 18 13 1319 7
4a1000 46 16 1381 7
7f56b0ba8000 65 67 1514 10
7f56b0aac000 68 17 1599 11
7f56b0be8000 95 16 1710 11
7f56b0be7000 97 15 1823 11
7f56b0aaa000 119 7 1949 11
7f56b0bb7000 87 14 2051 12
7f56b0bb6000 105 9 2165 12
7f56b0bb5000 66 19 2251 12
7f56b0bb3000 72 7 2330 12
7f56b0ba7000 83 30 2443 12
7f56b0ba5000 46 7 2496 13
7f56b0abc000 55 6 2558 14
2561 14
0x434000
434000 34 25 59 4
59 4
0x43d000
43d000 48 37 86 1
4ce000 1009 284 1380 1
410000 35 23 1439 1
40f000 18 17 1475 3
7f56b0aac000 67 41 1584 10
7f56b0be8000 95 21 1701 11
7f56b0be7000 96 15 1813 11
7f56b0aaa000 119 8 1940 11
7f56b0bb7000 87 14 2041 12
7f56b0bb6000 104 9 2154 12
7f56b0bb5000 65 19 2239 12
7f56b0bb3000 72 7 2318 12
7f56b0ba7000 83 29 2431 12
7f56b0ba5000 45 7 2484 13
7f56b0abc000 54 7 2546 14
2548 14
0x44b000
44b000 42 34 76 6
4ce000 1007 195 1279 6
7f56b0aac000 68 32 1380 10
7f56b0be8000 96 21 1497 11
7f56b0be7000 96 15 1609 11
7f56b0aaa000 119 8 1736 11
7f56b0bb7000 87 14 1837 12
7f56b0bb6000 105 9 1951 12
7f56b0bb5000 66 19 2036 12
7f56b0bb3000 72 7 2115 12
7f56b0ba7000 82 30 2228 12
7f56b0ba5000 45 7 2281 13
7f56b0abc000 55 7 2344 14
2345 14
0x45f000
45f000 63 35 98 5
4cd000 141 32 272 5
4ce000 1010 212 1497 5
7f56b0c0d000 53 34 1585 8
40f000 19 8 1612 9
453000 45 16 1674 9
410000 35 10 1720 9
7f56b0aac000 68 20 1808 11
7f56b0be8000 95 17 1921 11
7f56b0be7000 97 15 2033 11
7f56b0aaa000 118 7 2158 11
7f56b0bb7000 87 14 2260 12
7f56b0bb6000 104 9 2373 12
7f56b0bb5000 65 19 2458 12
7f56b0bb3000 72 7 2537 12
7f56b0ba7000 82 32 2652 12
7f56b0ba5000 46 7 2705 13
7f56b0abc000 56 6 2767 14
2770 14
0x453000
453000 45 39 84 5
4ce000 1008 213 1306 5
4cd000 140 33 1480 5
410000 35 17 1533 5
40f000 19 12 1565 7
7f56b0aac000 67 27 1660 10
7f56b0be8000 95 22 1778 11
7f56b0be7000 96 15 1889 11
7f56b0aaa000 119 7 2015 11
7f56b0bb7000 86 14 2116 12
7f56b0bb6000 105 9 2230 12
7f56b0bb5000 66 19 2315 12
7f56b0bb3000 71 8 2394 12
7f56b0ba7000 83 30 2507 12
7f56b0ba5000 46 7 2561 13
7f56b0abc000 55 6 2622 14
2624 14
0x418000
418000 34 25 59 5
4ce000 1006 213 1279 5
7f56b0aac000 69 35 1383 10
7f56b0be8000 97 21 1501 11
7f56b0be7000 98 14 1613 11
7f56b0aaa000 119 7 1740 11
7f56b0bb7000 87 14 1842 12
7f56b0bb6000 104 9 1956 12
7f56b0bb5000 66 19 2041 12
7f56b0bb3000 73 7 2121 12
7f56b0ba7000 84 30 2235 12
7f56b0ba5000 46 7 2288 13
7f56b0abc000 56 6 2350 14
2352 14
0x41c000
41c000 45 35 81 6
421000 37 20 139 6
7f56b0c07000 64 25 229 7
7f56b0c06000 74 25 329 8
40f000 19 9 357 10
4ce000 1013 117 1488 10
4cd000 141 15 1645 10
7f56b0aac000 69 16 1731 12
7f56b0be8000 96 12 1839 12
7f56b0be7000 97 11 1947 12
7f56b0aaa000 119 6 2072 12
7f56b0bb7000 88 10 2170 12
7f56b0bb6000 105 9 2284 12
7f56b0bb5000 66 19 2370 12
7f56b0bb3000 73 7 2450 12
7f56b0ba7000 84 29 2563 12
7f56b0ba5000 45 7 2616 13
7f56b0abc000 54 7 2678 14
2680 14
0x428000
428000 62 36 99 3
99 3
0x454000
454000 55 30 85 5
4ce000 1004 213 1303 5
4cd000 141 32 1477 5
7f56b0aac000 69 35 1583 10
7f56b0be8000 96 21 1700 11
7f56b0be7000 96 15 1812 11
7f56b0aaa000 119 7 1938 11
7f56b0bb7000 87 14 2040 12
7f56b0bb6000 104 9 2153 12
7f56b0bb5000 66 19 2239 12
7f56b0bb3000 71 8 2318 12
7f56b0ba7000 83 30 2431 12
7f56b0ba5000 46 7 2484 13
7f56b0abc000 56 6 2546 14
2548 14
0x458000
458000 45 31 77 3
7f56b0b39000 55 32 165 6
7f56b0b38000 48 11 224 6
7f56b0b37000 44 11 280 7
40f000 19 9 309 8
4cd000 140 22 472 8
4ce000 1006 154 1634 8
7f56b0aac000 68 24 1727 11
7f56b0be8000 95 16 1839 11
7f56b0be7000 97 15 1951 11
7f56b0aaa000 119 7 2077 11
7f56b0bb7000 87 13 2178 12
7f56b0bb6000 103 10 2292 12
7f56b0bb5000 66 19 2377 12
7f56b0bb3000 72 7 2456 12
7f56b0ba7000 83 30 2569 12
7f56b0ba5000 46 7 2622 13
7f56b0abc000 55 7 2684 14
2685 14
0x489000
489000 47 34 81 6
81 6
0x495000
495000 38 28 66 3
7f56b0c07000 64 33 164 5
7f56b0c06000 73 32 269 6
40f000 19 11 299 8
7f56b0b39000 54 18 372 9
7f56b0b38000 48 8 428 9
7f56b0b37000 43 8 480 9
4ce000 1008 137 1626 9
4cd000 140 19 1786 9
494000 49 14 1850 11
7f56b0aac000 68 13 1932 12
7f56b0be8000 95 12 2039 12
7f56b0be7000 97 11 2147 12
7f56b0aaa000 119 6 2272 12
7f56b0bb7000 88 10 2370 12
7f56b0bb6000 105 9 2484 12
7f56b0bb5000 66 19 2569 12
7f56b0bb3000 72 7 2648 12
7f56b0ba7000 82 30 2761 12
7f56b0ba5000 45 7 2814 13
7f56b0abc000 55 6 2876 14
2879 14
0x794ed000
0 0
0x494000
494000 49 35 84 6
7f56b0aac000 67 33 185 10
7f56b0be8000 96 22 303 11
7f56b0be7000 96 15 414 11
7f56b0aaa000 119 7 540 11
7f56b0bb7000 86 14 641 12
7f56b0bb6000 104 10 755 12
7f56b0bb5000 66 19 840 12
7f56b0bb3000 72 7 919 12
7f56b0ba7000 83 29 1032 12
7f56b0ba5000 46 7 1086 13
7f56b0abc000 55 6 1147 14
1149 14
0x481000
481000 44 31 75 3
469000 35 24 135 3
7f56b0b39000 54 32 222 6
7f56b0b38000 47 12 282 6
7f56b0b37000 43 12 338 7
40f000 18 10 367 8
480000 29 15 412 8
4cd000 140 22 575 8
4ce000 1007 154 1738 8
7f56b0c07000 64 18 1821 8
7f56b0c06000 74 21 1916 9
486000 40 12 1968 11
4b2000 55 7 2031 11
457000 47 11 2090 11
450000 93 13 2197 11
4cf000 226 18 2442 11
7f56b0876000 41 8 2492 11
7f56b0875000 57 6 2556 11
7f56b0874000 67 8 2632 11
7f56b087d000 54 14 2701 12
7f56b087c000 51 3 2756 12
7f56b087b000 57 4 2818 12
7f56b0879000 58 3 2880 13
7f56b0880000 231 7 3119 14
3128 14
0x469000
469000 35 27 62 2
63 2
0x480000
480000 30 31 61 3
4cd000 139 40 241 3
4ce000 1003 251 1497 3
7f56b0c07000 63 34 1595 4
7f56b0c06000 74 35 1704 5
40f000 19 13 1736 7
486000 40 16 1792 10
4b2000 56 10 1859 10
457000 48 13 1920 11
450000 93 13 2027 11
4cf000 226 19 2273 11
7f56b0876000 42 8 2323 11
7f56b0875000 56 6 2386 11
7f56b0874000 67 8 2462 11
7f56b087d000 54 14 2531 12
7f56b087c000 51 3 2586 12
7f56b087b000 57 4 2648 12
7f56b0879000 58 4 2711 13
7f56b0880000 229 8 2949 14
2956 14
0x422000
422000 41 33 74 6
74 6
0x43e000
43e000 52 42 94 5
4ce000 1006 213 1314 5
441000 40 23 1378 7
7f56b0aac000 68 28 1474 10
7f56b0be8000 95 22 1592 11
7f56b0be7000 97 15 1704 11
7f56b0aaa000 118 8 1830 11
7f56b0bb7000 87 14 1932 12
7f56b0bb6000 105 9 2046 12
7f56b0bb5000 66 19 2131 12
7f56b0bb3000 72 7 2211 12
7f56b0ba7000 83 30 2325 12
7f56b0ba5000 46 7 2378 13
7f56b0abc000 55 7 2440 14
2441 14
0x440000
440000 38 35 73 3
4cd000 141 40 255 3
4ce000 1008 252 1516 3
7f56b0b44000 63 73 1652 7
7f56b0b43000 61 70 1783 7
7f56b0b42000 95 43 1922 7
40f000 19 10 1952 9
7f56b0aac000 68 19 2039 13
7f56b0be8000 95 8 2143 13
7f56b0be7000 97 7 2247 13
7f56b0aaa000 119 4 2370 13
7f56b0bb7000 88 6 2464 13
7f56b0bb6000 105 5 2574 13
7f56b0bb5000 65 12 2652 13
7f56b0bb3000 72 5 2729 13
7f56b0ba7000 83 18 2830 13
7f56b0ba5000 46 4 2881 14
2882 14
0x461000
461000 51 40 92 7
4cd000 140 26 259 7
4ce000 1007 176 1444 7
7f56b0aac000 68 28 1541 10
7f56b0be8000 95 21 1658 11
7f56b0be7000 97 15 1771 11
7f56b0aaa000 120 8 1899 11
7f56b0bb7000 87 14 2000 12
7f56b0bb6000 104 9 2114 12
7f56b0bb5000 65 19 2199 12
7f56b0bb3000 72 7 2279 12
7f56b0ba7000 83 30 2393 12
7f56b0ba5000 46 7 2446 13
7f56b0abc000 55 7 2508 14
2509 14
0x4bb000
4bb000 29 25 54 3
7f56b0aac000 68 43 165 10
7f56b0be8000 95 22 282 11
7f56b0be7000 97 14 393 11
7f56b0aaa000 118 8 520 11
7f56b0bb7000 87 14 622 12
7f56b0bb6000 104 9 735 12
7f56b0bb5000 65 19 820 12
7f56b0bb3000 72 7 900 12
7f56b0ba7000 84 29 1013 12
7f56b0ba5000 46 7 1067 13
7f56b0abc000 55 7 1129 14
1130 14
0x45b000
45b000 40 32 72 1
72 1
0x4bc000
4bc000 55 36 91 5
91 5
0x49b000
49b000 45 36 81 6
4cd000 140 30 252 6
4ce000 1009 195 1458 6
7f56b0aac000 68 32 1559 10
7f56b0be8000 95 21 1676 11
7f56b0be7000 97 14 1788 11
7f56b0aaa000 119 7 1915 11
7f56b0bb7000 87 14 2017 12
7f56b0bb6000 104 9 2130 12
7f56b0bb5000 66 19 2216 12
7f56b0bb3000 72 7 2295 12
7f56b0ba7000 83 30 2409 12
7f56b0ba5000 45 7 2461 13
7f56b0abc000 55 7 2524 14
2525 14
0x49c000
49c000 46 26 72 3
72 3
0x462000
462000 48 37 85 4
4cd000 140 36 262 4
4ce000 1002 232 1497 4
7f56b0aac000 68 39 1604 10
7f56b0be8000 96 21 1721 11
7f56b0be7000 97 15 1833 11
7f56b0aaa000 119 8 1960 11
7f56b0bb7000 87 14 2061 12
7f56b0bb6000 104 10 2176 12
7f56b0bb5000 66 19 2261 12
7f56b0bb3000 72 7 2340 12
7f56b0ba7000 83 30 2454 12
7f56b0ba5000 46 7 2507 13
7f56b0abc000 55 6 2568 14
2570 14
0x4af000
4af000 42 36 79 5
4ce000 1007 212 1299 5
4cd000 140 33 1473 5
40f000 19 13 1506 7
7f56b0b09000 56 20 1582 8
7f56b0b08000 56 15 1653 9
7f56b0b0f000 82 23 1759 11
7f56b0aaa000 118 8 1886 11
7f56b0b44000 62 23 1971 13
7f56b0b43000 60 14 2046 13
7f56b0b42000 96 9 2152 13
7f56b0b0e000 29 5 2187 13
7f56b0b05000 86 6 2279 13
7f56b0abb000 72 6 2357 13
7f56b0aba000 35 5 2398 14
2399 14
0x455000
455000 44 33 77 3
4ce000 1007 250 1335 3
7f56b0c0d000 54 40 1430 6
40f000 19 11 1460 7
4cf000 226 39 1725 7
4cd000 141 25 1891 7
7f56b0876000 41 17 1951 9
7f56b0875000 56 10 2018 9
7f56b0874000 66 13 2098 9
7f56b087d000 55 22 2175 10
7f56b087c000 52 7 2235 10
7f56b087b000 56 9 2301 10
7f56b0879000 58 8 2368 11
7f56b0880000 230 19 2618 12
7f56b0878000 91 4 2713 12
7f56b0877000 34 4 2752 12
7f56b087e000 34 5 2792 12
7f56b087f000 115 9 2917 12
7f56b0873000 50 4 2972 12
7f56b087a000 34 3 3010 12
410000 35 3 3051 12
7f56b0aac000 68 8 3128 13
7f56b0be8000 95 5 3228 13
7f56b0be7000 96 4 3329 13
7f56b0aaa000 118 3 3451 13
7f56b0bb7000 87 4 3542 14
3544 14
0x435000
435000 45 48 94 3
4cd000 141 39 275 3
4ce000 1010 251 1537 3
7f56b0acb000 53 73 1664 9
40f000 19 8 1691 9
410000 35 10 1737 9
7f56b0aac000 68 21 1827 11
7f56b0be8000 96 16 1940 11
7f56b0be7000 97 15 2052 11
7f56b0aaa000 119 8 2180 11
7f56b0bb7000 87 14 2281 12
7f56b0bb6000 105 9 2395 12
7f56b0bb5000 66 19 2481 12
7f56b0bb3000 72 7 2560 12
7f56b0ba7000 83 30 2674 12
7f56b0ba5000 46 7 2728 13
7f56b0abc000 55 7 2790 14
2792 14
0x415000
415000 31 28 60 3
4ce000 1013 250 1324 3
4cd000 141 40 1506 3
40f000 18 15 1540 5
7f56b0aac000 68 34 1643 10
7f56b0be8000 95 21 1760 11
7f56b0be7000 97 14 1872 11
7f56b0aaa000 119 8 2000 11
7f56b0bb7000 87 14 2101 12
7f56b0bb6000 105 9 2215 12
7f56b0bb5000 66 19 2300 12
7f56b0bb3000 72 8 2380 12
7f56b0ba7000 83 30 2493 12
7f56b0ba5000 46 7 2546 13
7f56b0abc000 55 6 2608 14
2609 14
0x456000
456000 48 41 90 3
4ce000 1007 251 1349 3
7f56b0aac000 68 42 1460 10
7f56b0be8000 95 21 1577 11
7f56b0be7000 96 15 1689 11
7f56b0aaa000 119 7 1815 11
7f56b0bb7000 87 13 1916 12
7f56b0bb6000 104 9 2030 12
7f56b0bb5000 66 19 2115 12
7f56b0bb3000 72 7 2194 12
7f56b0ba7000 83 30 2308 12
7f56b0ba5000 46 7 2361 13
7f56b0abc000 55 6 2423 14
2425 14
0x487000
487000 51 31 83 3
83 3
0x426000
426000 34 33 67 5
68 5
0x4c2000
4c2000 52 37 89 8
4ce000 1008 156 1254 8
7f56b0aac000 68 24 1347 10
7f56b0be8000 95 21 1464 11
7f56b0be7000 96 15 1576 11
7f56b0aaa000 119 8 1703 11
7f56b0bb7000 87 14 1804 12
7f56b0bb6000 104 9 1917 12
7f56b0bb5000 65 19 2002 12
7f56b0bb3000 72 8 2082 12
7f56b0ba7000 83 29 2194 12
7f56b0ba5000 45 7 2247 13
7f56b0abc000 54 7 2309 14
2310 14
0x4ba000
4ba000 40 33 73 5
4ce000 1008 213 1295 5
7f56b0c0d000 54 34 1383 8
40f000 19 9 1411 9
4cd000 140 18 1569 9
7f56b0b39000 54 15 1640 10
7f56b0b38000 47 7 1695 10
7f56b0b37000 43 6 1745 10
7f56b0b22000 66 17 1829 12
410000 36 5 1870 12
7f56b0aac000 67 10 1948 12
7f56b0be8000 95 12 2056 12
7f56b0be7000 97 10 2164 12
7f56b0aaa000 118 6 2289 12
7f56b0bb7000 88 9 2386 13
7f56b0bb6000 104 6 2497 13
7f56b0bb5000 66 12 2575 13
7f56b0bb3000 72 4 2651 13
7f56b0ba7000 82 18 2752 13
7f56b0ba5000 45 5 2803 14
2804 14
0x44e000
44e000 44 30 74 5
410000 35 17 127 5
40f000 18 13 159 7
4ce000 1007 171 1337 7
7f56b0aac000 68 26 1432 10
7f56b0be8000 95 21 1549 11
7f56b0be7000 97 14 1661 11
7f56b0aaa000 118 8 1788 11
7f56b0bb7000 88 13 1889 12
7f56b0bb6000 104 9 2003 12
7f56b0bb5000 66 19 2089 12
7f56b0bb3000 72 7 2168 12
7f56b0ba7000 83 30 2282 12
7f56b0ba5000 46 7 2335 13
7f56b0abc000 55 6 2397 14
2399 14
0x488000
488000 38 29 67 5
4ce000 1009 214 1291 5
7f56b0aac000 68 36 1395 10
7f56b0be8000 95 22 1512 11
7f56b0be7000 96 15 1623 11
7f56b0aaa000 118 8 1750 11
7f56b0bb7000 87 14 1851 12
7f56b0bb6000 105 9 1965 12
7f56b0bb5000 65 19 2050 12
7f56b0bb3000 72 7 2130 12
7f56b0ba7000 83 30 2243 12
7f56b0ba5000 45 7 2296 13
7f56b0abc000 55 6 2357 14
2359 14
0x4a0000
4a0000 45 32 77 4
4ce000 1006 234 1318 4
7f56b0aac000 67 40 1426 10
7f56b0be8000 95 22 1544 11
7f56b0be7000 96 15 1655 11
7f56b0aaa000 118 8 1781 11
7f56b0bb7000 88 13 1883 12
7f56b0bb6000 103 9 1996 12
7f56b0bb5000 66 19 2082 12
7f56b0bb3000 72 7 2161 12
7f56b0ba7000 82 30 2274 12
7f56b0ba5000 46 7 2328 13
7f56b0abc000 55 6 2389 14
2391 14
0x485000
485000 40 31 71 2
463000 50 31 153 4
4ce000 1005 233 1392 4
4cd000 141 36 1570 4
7f56b0aac000 68 40 1680 10
7f56b0be8000 95 21 1796 11
7f56b0be7000 96 15 1908 11
7f56b0aaa000 118 8 2035 11
7f56b0bb7000 88 14 2137 12
7f56b0bb6000 104 10 2251 12
7f56b0bb5000 66 19 2336 12
7f56b0bb3000 72 8 2416 12
7f56b0ba7000 83 30 2529 12
7f56b0ba5000 46 7 2582 13
7f56b0abc000 55 7 2645 14
2648 14
0x43c000
43c000 49 37 87 1
4cd000 140 46 274 1
4ce000 1010 287 1572 1
7f56b0c0d000 54 46 1673 4
40f000 19 13 1706 5
7f56b0aac000 69 33 1808 11
7f56b0be8000 95 17 1921 11
7f56b0be7000 98 14 2033 11
7f56b0aaa000 118 8 2160 11
7f56b0bb7000 87 14 2262 12
7f56b0bb6000 104 9 2376 12
7f56b0bb5000 66 19 2461 12
7f56b0bb3000 72 8 2542 12
7f56b0ba7000 83 30 2655 12
7f56b0ba5000 46 7 2708 13
7f56b0abc000 55 7 2771 14
2772 14
0x46d000
46d000 43 29 72 3
7f56b0b95000 74 99 246 12
7f56b0b96000 52 15 313 12
7f56b0b1c000 146 13 473 12
7f56b0bb7000 87 10 570 12
7f56b0bb6000 104 9 684 12
7f56b0bb5000 66 19 770 12
7f56b0bb3000 72 7 849 12
7f56b0b94000 59 15 923 12
7f56b0aaa000 119 6 1049 12
7f56b0b93000 44 6 1099 12
7f56b0b92000 42 5 1146 12
7f56b0b27000 81 17 1245 13
7f56b0b26000 82 8 1336 13
7f56b0be7000 97 6 1439 13
7f56b0b25000 59 5 1504 13
7f56b0b24000 78 6 1589 13
7f56b0b23000 91 5 1685 13
7f56b0b22000 65 7 1758 13
7f56b0b1d000 59 8 1825 13
7f56b0ae9000 54 5 1884 13
7f56b0b91000 51 4 1939 13
7f56b0b90000 47 4 1991 13
7f56b0b8f000 34 3 2028 13
7f56b0b8e000 44 4 2077 13
7f56b0b8d000 38 4 2120 13
7f56b0b8c000 42 3 2165 13
7f56b0bc6000 51 4 2221 13
7f56b0ba8000 66 15 2303 13
7f56b0b15000 58 6 2368 13
7f56b0ba0000 58 9 2435 13
7f56b0b9c000 77 10 2522 13
7f56b0b9b000 54 13 2590 13
7f56b0b9e000 90 7 2687 13
7f56b0b9d000 59 10 2757 13
7f56b0b9f000 47 6 2810 13
7f56b0b16000 74 7 2892 13
7f56b0b19000 100 7 3000 13
7f56b0aea000 30 5 3036 13
7f56b0b13000 46 4 3086 13
7f56b0b6b000 46 5 3138 13
7f56b0b6a000 54 9 3202 13
7f56b0bcc000 43 5 3250 13
7f56b0bcb000 55 6 3312 13
7f56b0bca000 47 5 3364 13
7f56b0bc9000 62 5 3431 14
3434 14
0x46b000
46b000 49 35 84 3
7f56b0b32000 73 25 183 5
40f000 19 13 215 7
46a000 36 18 269 9
4ce000 1003 135 1408 9
4cd000 141 18 1568 9
7f56b0aac000 68 19 1657 11
7f56b0be8000 95 16 1769 11
7f56b0be7000 96 15 1881 11
7f56b0aaa000 119 8 2008 11
7f56b0bb7000 87 14 2109 12
7f56b0bb6000 104 9 2223 12
7f56b0bb5000 66 19 2308 12
7f56b0bb3000 72 7 2387 12
7f56b0ba7000 83 29 2500 12
7f56b0ba5000 46 7 2554 13
7f56b0abc000 55 7 2616 14
2618 14
0x44a000
44a000 42 41 83 5
4ce000 1006 212 1302 5
410000 35 17 1355 5
40f000 19 12 1386 7
7f56b0aac000 68 27 1482 10
7f56b0be8000 95 22 1599 11
7f56b0be7000 97 15 1712 11
7f56b0aaa000 119 8 1839 11
7f56b0bb7000 88 14 1941 12
7f56b0bb6000 105 9 2055 12
7f56b0bb5000 65 19 2140 12
7f56b0bb3000 73 7 2220 12
7f56b0ba7000 83 30 2333 12
7f56b0ba5000 46 7 2386 13
7f56b0abc000 55 7 2448 14
2449 14
0x42c000
42c000 28 29 57 3
4cf000 225 60 343 5
4ce000 1005 208 1557 5
4cd000 141 31 1730 5
7f56b0876000 41 21 1794 8
7f56b0875000 56 11 1862 8
7f56b0874000 67 14 1944 9
7f56b087d000 55 22 2021 10
7f56b087c000 51 7 2080 10
7f56b087b000 56 10 2147 10
7f56b0879000 58 8 2214 11
7f56b0880000 229 19 2463 12
7f56b0878000 90 5 2559 12
7f56b0877000 34 3 2597 12
7f56b087e000 35 5 2638 12
7f56b087f000 116 9 2764 12
7f56b0873000 49 3 2817 12
7f56b087a000 33 4 2856 12
410000 35 3 2897 12
40f000 19 2 2919 12
7f56b0aac000 68 7 2995 13
7f56b0be8000 95 5 3096 13
7f56b0be7000 96 5 3197 13
7f56b0aaa000 119 2 3318 13
7f56b0bb7000 87 4 3409 14
3411 14
0x49f000
49f000 44 35 80 5
81 5
0x44f000
44f000 46 37 83 6
44e000 42 19 145 6
410000 35 15 196 6
40f000 19 11 226 8
4ce000 1006 152 1384 8
7f56b0aac000 67 23 1475 11
7f56b0be8000 96 16 1587 11
7f56b0be7000 96 15 1698 11
7f56b0aaa000 118 8 1825 11
7f56b0bb7000 88 13 1926 12
7f56b0bb6000 104 9 2040 12
7f56b0bb5000 66 18 2125 12
7f56b0bb3000 71 8 2205 12
7f56b0ba7000 83 30 2318 12
7f56b0ba5000 46 7 2371 13
7f56b0abc000 54 7 2433 14
2436 14
0x430000
430000 42 26 68 3
4ce000 1006 250 1325 3
7f56b0bb7000 87 41 1454 9
7f56b0bb6000 104 19 1577 9
7f56b0bb5000 65 40 1683 12
7f56b0bb3000 71 8 1763 12
410000 36 5 1804 12
40f000 19 4 1828 12
7f56b0aac000 67 10 1906 12
7f56b0be8000 95 12 2014 12
7f56b0be7000 97 11 2122 12
7f56b0aaa000 118 6 2247 12
7f56b0ba7000 83 30 2361 12
7f56b0ba5000 46 7 2414 13
7f56b0abc000 55 7 2476 14
2477 14
0x431000
431000 43 30 74 6
430000 42 17 134 6
4ce000 1007 194 1336 6
7f56b0bb7000 87 31 1455 9
7f56b0bb6000 104 19 1579 9
7f56b0bb5000 66 41 1686 12
7f56b0bb3000 73 7 1766 12
410000 35 5 1807 12
40f000 19 4 1831 12
7f56b0aac000 68 10 1910 12
7f56b0be8000 95 12 2018 12
7f56b0be7000 98 11 2128 12
7f56b0aaa000 120 6 2254 12
7f56b0ba7000 84 30 2368 12
7f56b0ba5000 46 7 2421 13
7f56b0abc000 55 6 2482 14
2486 14
0x42f000
42f000 29 23 52 4
52 4
0x45c000
45c000 54 33 88 5
4cf000 226 51 366 7
4ce000 1014 171 1552 7
4cd000 141 25 1719 7
7f56b0876000 41 17 1779 8
7f56b0875000 57 10 1847 8
7f56b0874000 67 14 1929 9
7f56b087d000 54 22 2006 10
7f56b087c000 52 7 2066 10
7f56b087b000 56 10 2133 10
7f56b0879000 57 8 2199 11
7f56b0880000 231 19 2450 12
7f56b0878000 91 4 2546 12
7f56b0877000 34 4 2585 12
7f56b087e000 35 4 2625 12
7f56b087f000 115 9 2751 12
7f56b0873000 49 4 2805 12
7f56b087a000 34 4 2844 12
410000 35 3 2885 12
40f000 19 2 2907 12
7f56b0aac000 68 7 2983 13
7f56b0be8000 95 5 3084 13
7f56b0be7000 96 4 3185 13
7f56b0aaa000 118 3 3307 13
7f56b0bb7000 87 4 3398 14
3400 14
0x432000
432000 54 43 98 5
4cd000 141 33 272 5
4ce000 1007 213 1493 5
7f56b0aac000 68 35 1597 10
7f56b0be8000 95 21 1714 11
7f56b0be7000 97 15 1826 11
7f56b0aaa000 118 8 1952 11
7f56b0bb7000 86 14 2053 12
7f56b0bb6000 104 9 2166 12
7f56b0bb5000 66 19 2252 12
7f56b0bb3000 72 7 2331 12
7f56b0ba7000 83 30 2445 12
7f56b0ba5000 46 7 2498 13
7f56b0abc000 55 6 2559 14
2561 14
0x4b9000
4b9000 48 35 84 3
4ce000 1008 250 1343 3
7f56b0aac000 68 42 1454 10
7f56b0be8000 96 21 1571 11
7f56b0be7000 96 15 1683 11
7f56b0aaa000 119 7 1809 11
7f56b0bb7000 87 13 1910 12
7f56b0bb6000 103 9 2023 12
7f56b0bb5000 66 18 2108 12
7f56b0bb3000 71 7 2187 12
7f56b0ba7000 83 30 2301 12
7f56b0ba5000 46 7 2354 13
7f56b0abc000 55 7 2416 14
2417 14
0x425000
425000 33 26 59 3
4cd000 141 39 240 3
4ce000 1005 250 1497 3
7f56b0aac000 67 43 1608 10
7f56b0be8000 95 22 1725 11
7f56b0be7000 96 15 1836 11
7f56b0aaa000 119 8 1963 11
7f56b0bb7000 87 14 2064 12
7f56b0bb6000 105 9 2178 12
7f56b0bb5000 66 19 2263 12
7f56b0bb3000 72 7 2342 12
7f56b0ba7000 83 30 2456 12
7f56b0ba5000 46 7 2509 13
7f56b0abc000 55 6 2570 14
2571 14
0x433000
433000 41 32 74 3
4ce000 1009 249 1333 3
7f56b0aac000 68 42 1444 10
7f56b0be8000 95 21 1561 11
7f56b0be7000 97 15 1673 11
7f56b0aaa000 120 8 1801 11
7f56b0bb7000 87 14 1902 12
7f56b0bb6000 104 9 2015 12
7f56b0bb5000 66 19 2100 12
7f56b0bb3000 71 8 2180 12
7f56b0ba7000 83 30 2293 12
7f56b0ba5000 46 7 2346 13
7f56b0abc000 55 7 2409 14
2411 14
0x43f000
43f000 34 28 62 3
4ce000 1006 250 1318 3
4cd000 140 39 1498 3
7f56b0b32000 73 26 1598 5
40f000 19 12 1629 7
49a000 45 22 1697 7
499000 40 16 1754 7
44d000 59 24 1838 9
449000 42 17 1898 9
7f56b0aac000 67 20 1986 11
7f56b0be8000 95 16 2098 11
7f56b0be7000 97 14 2210 11
7f56b0aaa000 119 7 2337 11
7f56b0bb7000 88 13 2439 12
7f56b0bb6000 104 9 2553 12
7f56b0bb5000 65 19 2638 12
7f56b0bb3000 72 8 2718 12
7f56b0ba7000 83 30 2831 12
7f56b0ba5000 46 7 2884 13
7f56b0abc000 55 7 2946 14
2952 14
0x48d000
48d000 39 30 69 5
4ce000 1005 213 1288 5
7f56b0aac000 68 35 1391 10
7f56b0be8000 95 21 1508 11
7f56b0be7000 96 15 1620 11
7f56b0aaa000 118 8 1746 11
7f56b0bb7000 87 13 1847 12
7f56b0bb6000 104 9 1961 12
7f56b0bb5000 66 18 2046 12
7f56b0bb3000 72 7 2126 12
7f56b0ba7000 84 29 2239 12
7f56b0ba5000 46 7 2293 13
7f56b0abc000 55 7 2355 14
2356 14
0x424000
424000 36 29 66 3
423000 51 30 148 3
4ce000 1007 250 1406 3
4bb000 29 21 1457 3
7f56b0aac000 68 42 1568 10
7f56b0be8000 96 22 1687 11
7f56b0be7000 97 14 1798 11
7f56b0aaa000 119 8 1926 11
7f56b0bb7000 87 13 2027 12
7f56b0bb6000 105 9 2142 12
7f56b0bb5000 66 19 2227 12
7f56b0bb3000 73 7 2307 12
7f56b0ba7000 84 29 2420 12
7f56b0ba5000 45 7 2473 13
7f56b0abc000 55 6 2535 14
2539 14
0x423000
423000 51 35 86 3
4ce000 1010 251 1348 3
4bb000 28 21 1398 3
7f56b0aac000 68 42 1509 10
7f56b0be8000 95 22 1627 11
7f56b0be7000 96 15 1738 11
7f56b0aaa000 119 7 1865 11
7f56b0bb7000 87 14 1967 12
7f56b0bb6000 105 9 2081 12
7f56b0bb5000 66 19 2167 12
7f56b0bb3000 72 7 2246 12
7f56b0ba7000 83 30 2359 12
7f56b0ba5000 45 7 2412 13
7f56b0abc000 54 7 2474 14
2476 14
0x4c0000
4c0000 46 35 82 3
4cd000 140 39 262 3
4ce000 1007 249 1519 3
7f56b0b39000 55 31 1606 6
7f56b0b38000 48 12 1667 6
7f56b0b37000 43 12 1723 7
40f000 18 10 1752 8
7f56b0aac000 68 23 1843 11
7f56b0be8000 96 16 1956 11
7f56b0be7000 96 15 2068 11
7f56b0aaa000 118 8 2195 11
7f56b0bb7000 88 13 2296 12
7f56b0bb6000 104 9 2410 12
7f56b0bb5000 65 19 2495 12
7f56b0bb3000 71 8 2575 12
7f56b0ba7000 83 30 2688 12
7f56b0ba5000 45 7 2741 13
7f56b0abc000 54 7 2803 14
2804 14
0x448000
448000 57 33 91 5
410000 35 17 144 5
40f000 19 12 175 7
4ce000 1004 171 1351 7
7f56b0aac000 68 26 1446 10
7f56b0be8000 95 21 1563 11
7f56b0be7000 97 14 1675 11
7f56b0aaa000 119 8 1803 11
7f56b0bb7000 88 13 1904 12
7f56b0bb6000 104 9 2018 12
7f56b0bb5000 66 19 2104 12
7f56b0bb3000 72 8 2184 12
7f56b0ba7000 83 30 2297 12
7f56b0ba5000 46 7 2351 13
7f56b0abc000 55 7 2413 14
2415 14
0x470000
470000 38 32 70 6
4ce000 1009 196 1276 6
7f56b0b8e000 45 18 1339 7
7f56b0aaa000 119 16 1475 7
7f56b0b8d000 38 16 1529 7
7f56b0b27000 80 53 1662 12
7f56b0b26000 83 12 1757 12
7f56b0be7000 96 11 1864 12
7f56b0b25000 59 9 1932 12
7f56b0b24000 78 10 2020 12
7f56b0b1c000 146 12 2178 13
7f56b0b23000 91 6 2276 13
7f56b0b22000 66 7 2349 13
7f56b0b1d000 59 8 2416 13
7f56b0ae9000 54 5 2475 13
7f56b0bb7000 87 7 2569 13
7f56b0bb6000 105 6 2680 13
7f56b0bb5000 66 11 2757 13
7f56b0bb3000 72 4 2834 13
7f56b0b8c000 42 4 2881 13
7f56b0bc6000 51 4 2936 13
7f56b0ba8000 65 16 3018 13
7f56b0b96000 52 9 3079 13
7f56b0b95000 74 14 3168 13
7f56b0b94000 58 9 3236 13
7f56b0b93000 44 3 3284 13
7f56b0b92000 42 3 3330 13
7f56b0b91000 52 3 3386 13
7f56b0b90000 47 4 3438 13
7f56b0b8f000 33 4 3476 13
7f56b0aab000 37 4 3518 13
7f56b0aac000 68 6 3593 13
7f56b0be8000 95 8 3697 13
7f56b0ba7000 83 18 3798 13
7f56b0ba5000 45 5 3849 14
3851 14
0x471000
471000 45 34 79 5
4ce000 1003 212 1295 5
7f56b0aac000 67 36 1399 10
7f56b0be8000 95 21 1515 11
7f56b0be7000 97 14 1627 11
7f56b0aaa000 118 8 1754 11
7f56b0bb7000 88 13 1855 12
7f56b0bb6000 104 9 1969 12
7f56b0bb5000 66 19 2054 12
7f56b0bb3000 73 7 2134 12
7f56b0ba7000 83 30 2247 12
7f56b0ba5000 46 7 2300 13
7f56b0abc000 55 6 2362 14
2364 14
0x459000
459000 38 38 76 5
4cd000 140 33 250 5
4ce000 1008 213 1473 5
7f56b0b32000 73 21 1568 7
40f000 18 11 1598 9
7f56b0aac000 68 20 1686 11
7f56b0be8000 95 17 1798 11
7f56b0be7000 97 14 1909 11
7f56b0aaa000 118 7 2035 11
7f56b0bb7000 87 13 2136 12
7f56b0bb6000 104 9 2250 12
7f56b0bb5000 65 19 2335 12
7f56b0bb3000 72 7 2415 12
7f56b0ba7000 83 30 2528 12
7f56b0ba5000 45 7 2581 13
7f56b0abc000 54 7 2643 14
2644 14
0x4b8000
4b8000 46 33 80 3
4ce000 1010 251 1342 3
4b5000 52 34 1429 7
40f000 19 11 1459 9
7f56b0aac000 68 20 1547 10
7f56b0be8000 95 22 1665 11
7f56b0be7000 97 14 1776 11
7f56b0aaa000 118 8 1903 11
7f56b0bb7000 88 13 2004 12
7f56b0bb6000 104 9 2118 12
7f56b0bb5000 66 19 2203 12
7f56b0bb3000 73 7 2283 12
7f56b0ba7000 83 30 2397 12
7f56b0ba5000 46 7 2450 13
7f56b0abc000 55 7 2512 14
2513 14
0x4b5000
4b5000 52 39 92 7
92 7
0x4b1000
4b1000 40 36 77 5
7f56b0aac000 67 36 181 10
7f56b0be8000 95 22 299 11
7f56b0be7000 96 15 411 11
7f56b0aaa000 119 7 537 11
7f56b0bb7000 87 14 639 12
7f56b0bb6000 105 9 753 12
7f56b0bb5000 66 19 838 12
7f56b0bb3000 72 8 919 12
7f56b0ba7000 83 30 1032 12
7f56b0ba5000 45 7 1085 13
7f56b0abc000 55 6 1147 14
1149 14
0x43a000
43a000 43 38 81 4
4ce000 1010 234 1326 4
7f56b0aac000 67 40 1434 10
7f56b0be8000 96 21 1551 11
7f56b0be7000 96 15 1663 11
7f56b0aaa000 119 8 1790 11
7f56b0bb7000 87 14 1891 12
7f56b0bb6000 104 10 2005 12
7f56b0bb5000 66 19 2090 12
7f56b0bb3000 71 8 2170 12
7f56b0ba7000 83 30 2283 12
7f56b0ba5000 45 7 2336 13
7f56b0abc000 55 7 2398 14
2399 14
0x439000
439000 58 30 88 3
4ce000 1004 250 1343 3
7f56b0aac000 68 42 1454 10
7f56b0be8000 95 21 1571 11
7f56b0be7000 97 15 1683 11
7f56b0aaa000 119 8 1810 11
7f56b0bb7000 87 14 1911 12
7f56b0bb6000 104 9 2024 12
7f56b0bb5000 65 19 2109 12
7f56b0bb3000 72 8 2189 12
7f56b0ba7000 83 30 2302 12
7f56b0ba5000 46 7 2355 13
7f56b0abc000 55 7 2417 14
2418 14
0x4aa000
4aa000 39 29 68 5
4cd000 141 32 242 5
4ce000 1003 213 1460 5
40f000 18 13 1492 7
7f56b0aac000 68 27 1587 10
7f56b0be8000 95 22 1704 11
7f56b0be7000 96 15 1815 11
7f56b0aaa000 118 7 1941 11
7f56b0bb7000 87 13 2042 12
7f56b0bb6000 103 10 2156 12
7f56b0bb5000 66 19 2241 12
7f56b0bb3000 72 7 2320 12
7f56b0ba7000 83 29 2433 12
7f56b0ba5000 46 7 2487 13
7f56b0abc000 55 6 2548 14
2549 14
0x45a000
45a000 50 40 91 4
92 4
0x460000
460000 36 35 71 3
71 3
0x43b000
43b000 41 33 74 3
7f56b0aac000 67 43 185 10
7f56b0be8000 95 22 302 11
7f56b0be7000 96 15 413 11
7f56b0aaa000 119 8 540 11
7f56b0bb7000 87 14 641 12
7f56b0bb6000 105 9 755 12
7f56b0bb5000 66 19 840 12
7f56b0bb3000 72 7 919 12
7f56b0ba7000 83 30 1032 12
7f56b0ba5000 46 7 1085 13
7f56b0abc000 55 6 1146 14
1147 14
0x46f000
46f000 32 27 60 3
4ce000 1013 250 1323 3
7f56b0c07000 64 33 1420 5
7f56b0c06000 74 31 1525 6
40f000 19 11 1556 8
4c6000 40 17 1614 10
4cf000 226 24 1865 10
4cd000 141 15 2021 10
7f56b0876000 42 10 2074 10
7f56b0875000 56 8 2139 10
7f56b0874000 67 10 2217 10
7f56b087d000 54 18 2290 11
7f56b087c000 52 5 2348 11
7f56b087b000 56 7 2412 11
7f56b0879000 57 6 2476 12
7f56b0880000 230 13 2720 13
7f56b0878000 91 2 2814 13
7f56b0877000 34 2 2851 13
7f56b087e000 34 3 2889 13
7f56b087f000 115 5 3010 13
7f56b0873000 50 2 3063 13
7f56b087a000 34 2 3100 13
410000 35 2 3140 13
7f56b0aac000 68 4 3212 14
3215 14
0x4cc000
4cc000 22 23 45 3
7f56b0aac000 68 42 156 10
7f56b0be8000 96 21 273 11
7f56b0be7000 97 14 385 11
7f56b0aaa000 118 8 512 11
7f56b0bb7000 88 14 614 12
7f56b0bb6000 104 9 727 12
7f56b0bb5000 66 19 813 12
7f56b0bb3000 72 7 892 12
7f56b0ba7000 83 29 1005 12
7f56b0ba5000 45 7 1058 13
7f56b0abc000 54 7 1120 14
1121 14
0x497000
497000 39 29 68 4
4ce000 1002 233 1304 4
4cd000 139 36 1480 4
7f56b0b32000 74 23 1578 6
40f000 18 12 1609 8
7f56b0c07000 64 18 1691 8
7f56b0c06000 74 21 1786 9
7f56b0aac000 68 20 1874 12
7f56b0be8000 96 12 1982 12
7f56b0be7000 97 11 2090 12
7f56b0aaa000 118 6 2214 12
7f56b0bb7000 87 10 2312 12
7f56b0bb6000 104 9 2425 12
7f56b0bb5000 66 19 2510 12
7f56b0bb3000 71 8 2590 12
7f56b0ba7000 83 30 2703 12
7f56b0ba5000 46 7 2756 13
7f56b0abc000 55 6 2817 14
2819 14
0x498000
498000 50 28 79 5
4ce000 1008 214 1301 5
4cd000 141 32 1474 5
40f000 18 13 1507 7
7f56b0aac000 68 27 1602 10
7f56b0be8000 96 22 1720 11
7f56b0be7000 97 15 1832 11
7f56b0aaa000 118 8 1958 11
7f56b0bb7000 87 14 2059 12
7f56b0bb6000 104 9 2172 12
7f56b0bb5000 66 19 2258 12
7f56b0bb3000 72 7 2337 12
7f56b0ba7000 83 31 2452 12
7f56b0ba5000 46 7 2505 13
7f56b0abc000 55 7 2567 14
2568 14
0x4be000
4be000 53 28 81 2
81 2
0x427000
427000 48 31 79 5
79 5
0x47d000
47d000 52 34 86 5
4ce000 1008 213 1308 5
7f56b0aac000 68 35 1412 10
7f56b0be8000 95 22 1530 11
7f56b0be7000 97 15 1642 11
7f56b0aaa000 119 8 1769 11
7f56b0bb7000 87 13 1870 12
7f56b0bb6000 104 9 1984 12
7f56b0bb5000 65 19 2069 12
7f56b0bb3000 72 7 2149 12
7f56b0ba7000 83 30 2263 12
7f56b0ba5000 46 7 2317 13
7f56b0abc000 56 6 2379 14
2381 14
0x47e000
47e000 39 32 72 1
7f56b0b43000 61 126 260 5
7f56b0b42000 95 53 409 5
410000 35 16 461 5
40f000 19 12 493 7
4ce000 1010 170 1673 7
7f56b0aac000 68 27 1768 13
7f56b0be8000 95 8 1871 13
7f56b0be7000 98 6 1975 13
7f56b0aaa000 119 3 2098 13
7f56b0bb7000 87 6 2192 13
7f56b0bb6000 105 5 2302 13
7f56b0bb5000 66 11 2380 13
7f56b0bb3000 72 4 2456 13
7f56b0ba7000 83 19 2559 13
7f56b0ba5000 46 4 2609 14
2611 14
0x47f000
47f000 46 34 80 3
4ce000 1010 249 1340 3
7f56b0aac000 68 42 1451 10
7f56b0be8000 95 21 1568 11
7f56b0be7000 97 14 1680 11
7f56b0aaa000 118 7 1806 11
7f56b0bb7000 87 13 1907 12
7f56b0bb6000 104 9 2021 12
7f56b0bb5000 66 19 2106 12
7f56b0bb3000 72 7 2185 12
7f56b0ba7000 83 30 2298 12
7f56b0ba5000 45 7 2351 13
7f56b0abc000 54 7 2413 14
2415 14
0x478000
478000 40 34 74 4
74 4
0x48c000
48c000 34 27 61 3
410000 35 20 117 3
40f000 19 15 152 5
4ce000 1006 208 1366 5
7f56b0aac000 68 34 1469 10
7f56b0be8000 95 21 1585 11
7f56b0be7000 96 15 1697 11
7f56b0aaa000 119 8 1824 11
7f56b0bb7000 87 14 1925 12
7f56b0bb6000 104 9 2038 12
7f56b0bb5000 65 19 2123 12
7f56b0bb3000 72 7 2203 12
7f56b0ba7000 83 29 2316 12
7f56b0ba5000 46 7 2370 13
7f56b0abc000 54 7 2431 14
2433 14
0x48f000
48f000 27 23 50 4
4ce000 1004 234 1289 4
7f56b0c0d000 53 38 1381 6
40f000 19 11 1411 7
7f56b0c07000 63 21 1496 7
7f56b0c06000 74 24 1594 8
7f56b0aac000 67 24 1686 12
7f56b0be8000 96 12 1794 12
7f56b0be7000 95 11 1901 12
7f56b0aaa000 118 6 2026 12
7f56b0bb7000 87 10 2123 12
7f56b0bb6000 104 9 2237 12
7f56b0bb5000 65 19 2322 12
7f56b0bb3000 72 7 2402 12
7f56b0ba7000 83 30 2515 12
7f56b0ba5000 46 7 2568 13
7f56b0abc000 54 7 2630 14
2631 14
0x4ae000
4ae000 43 35 78 5
4ce000 1002 213 1294 5
4cd000 140 32 1467 5
7f56b0b43000 60 90 1619 9
7f56b0b42000 95 32 1746 9
40f000 18 8 1773 11
7f56b0b34000 68 14 1855 12
7f56b0aac000 68 8 1932 13
7f56b0be8000 95 7 2035 13
7f56b0be7000 96 6 2138 13
7f56b0aaa000 118 4 2261 13
7f56b0bb7000 86 7 2355 13
7f56b0bb6000 104 6 2465 13
7f56b0bb5000 66 11 2542 13
7f56b0bb3000 72 5 2619 13
7f56b0ba7000 83 19 2721 13
7f56b0ba5000 46 4 2771 14
2772 14
0x437000
437000 43 34 77 8
4cd000 141 22 241 8
4ce000 1003 156 1402 8
7f56b0aac000 67 25 1495 10
7f56b0be8000 95 21 1611 11
7f56b0be7000 97 15 1723 11
7f56b0aaa000 118 8 1849 11
7f56b0bb7000 87 14 1950 12
7f56b0bb6000 104 9 2063 12
7f56b0bb5000 66 19 2149 12
7f56b0bb3000 72 7 2228 12
7f56b0ba7000 83 29 2341 12
7f56b0ba5000 46 7 2395 13
7f56b0abc000 55 6 2456 14
2458 14
0x438000
438000 38 30 68 5
68 5
0x45e000
45e000 49 42 91 5
4ce000 1013 212 1316 5
7f56b0aac000 69 35 1421 10
7f56b0be8000 95 21 1538 11
7f56b0be7000 97 15 1651 11
7f56b0aaa000 119 8 1778 11
7f56b0bb7000 88 14 1880 12
7f56b0bb6000 105 9 1994 12
7f56b0bb5000 65 19 2079 12
7f56b0bb3000 73 7 2159 12
7f56b0ba7000 84 29 2272 12
7f56b0ba5000 46 7 2326 13
7f56b0abc000 55 7 2388 14
2389 14
0x443000
443000 30 28 58 3
4ce000 1008 251 1318 3
4cd000 141 39 1499 3
7f56b0c0d000 53 40 1594 6
40f000 19 11 1625 7
7f56b0b95000 74 64 1763 12
7f56b0b96000 51 16 1831 12
7f56b0b1c000 147 13 1991 12
7f56b0bb7000 88 10 2089 12
7f56b0bb6000 105 9 2203 12
7f56b0bb5000 66 19 2288 12
7f56b0bb3000 71 8 2368 12
7f56b0b94000 59 15 2442 12
7f56b0aaa000 118 6 2567 12
7f56b0b93000 44 5 2617 12
7f56b0b92000 42 5 2665 12
7f56b0b27000 80 18 2764 13
7f56b0b26000 83 7 2854 13
7f56b0be7000 96 7 2958 13
7f56b0b25000 59 6 3023 13
7f56b0b24000 79 6 3108 13
7f56b0b23000 91 5 3204 13
7f56b0b22000 66 7 3277 13
7f56b0b1d000 59 8 3344 13
7f56b0ae9000 54 5 3403 13
7f56b0b91000 52 3 3458 13
7f56b0b90000 47 4 3510 13
7f56b0b8f000 33 3 3547 13
7f56b0b8e000 44 4 3596 13
7f56b0b8d000 38 4 3638 13
7f56b0b8c000 42 4 3684 13
7f56b0bc6000 51 4 3740 13
7f56b0ba8000 67 15 3822 13
7f56b0b15000 58 6 3886 13
7f56b0ba0000 58 9 3953 13
7f56b0b9c000 77 11 4041 13
7f56b0b9b000 54 13 4108 13
7f56b0b9e000 90 8 4206 13
7f56b0b9d000 59 10 4275 13
7f56b0b9f000 47 6 4328 13
7f56b0b16000 75 7 4411 13
7f56b0b19000 99 7 4518 13
7f56b0aea000 30 5 4554 13
7f56b0b13000 45 4 4604 13
7f56b0b6b000 46 5 4656 13
7f56b0b6a000 54 9 4720 13
7f56b0bcc000 43 5 4769 13
7f56b0bcb000 56 6 4831 13
7f56b0bca000 47 5 4883 13
7f56b0bc9000 61 5 4950 14
4953 14
0x4c9000
4c9000 61 36 97 3
7f56b0b39000 55 31 183 6
7f56b0b38000 48 11 243 6
7f56b0b37000 44 11 299 7
40f000 19 10 329 8
7f56b0b14000 46 23 398 11
7f56b0b1b000 80 16 494 14
496 14
0x42a000
42a000 36 24 60 3
4cd000 142 39 242 3
4ce000 1019 253 1515 3
7f56b0aac000 69 43 1627 10
7f56b0be8000 95 21 1743 11
7f56b0be7000 97 15 1855 11
7f56b0aaa000 119 8 1982 11
7f56b0bb7000 88 13 2083 12
7f56b0bb6000 103 10 2197 12
7f56b0bb5000 65 19 2281 12
7f56b0bb3000 72 7 2361 12
7f56b0ba7000 83 30 2474 12
7f56b0ba5000 45 7 2527 13
7f56b0abc000 55 6 2589 14
2591 14
0x4a2000
4a2000 63 30 93 5
4ce000 1007 212 1313 5
7f56b0aac000 68 35 1417 10
7f56b0be8000 95 21 1534 11
7f56b0be7000 96 15 1645 11
7f56b0aaa000 119 7 1771 11
7f56b0bb7000 86 14 1872 12
7f56b0bb6000 105 9 1986 12
7f56b0bb5000 65 19 2071 12
7f56b0bb3000 71 7 2150 12
7f56b0ba7000 83 30 2264 12
7f56b0ba5000 45 7 2317 13
7f56b0abc000 55 6 2378 14
2379 14
0x47a000
47a000 52 34 86 1
86 1
0x414000
414000 36 27 63 3
7f56b0ae9000 53 28 145 7
40f000 19 10 174 7
4cd000 140 28 343 7
4ce000 1004 174 1522 7
7f56b0aac000 67 29 1619 10
7f56b0be8000 95 22 1736 11
7f56b0be7000 96 15 1847 11
7f56b0aaa000 118 8 1974 11
7f56b0bb7000 87 13 2074 12
7f56b0bb6000 104 9 2188 12
7f56b0bb5000 66 19 2273 12
7f56b0bb3000 72 7 2352 12
7f56b0ba7000 83 30 2466 12
7f56b0ba5000 47 7 2520 13
7f56b0abc000 55 6 2581 14
2582 14
