0x403000
403000 59 32 92 5
7f66428e3000 68 86 247 8
402000 47 17 312 9
7f66428d1000 53 32 397 9
7f66428d0000 76 50 523 12
7f66428cf000 60 16 600 12
7f66427e5000 119 6 725 12
7f66428ce000 45 5 775 12
7f66428cd000 43 5 824 12
7f6642862000 82 18 924 13
7f6642861000 83 7 1015 13
7f6642922000 97 7 1120 13
7f6642860000 60 6 1186 13
7f664285f000 80 6 1272 13
7f6642857000 146 8 1426 13
7f664285e000 91 5 1523 13
7f664285d000 67 7 1597 13
7f6642858000 60 8 1665 13
7f6642824000 55 5 1725 13
7f66428f2000 88 7 1820 13
7f66428f1000 106 5 1931 13
7f66428f0000 67 12 2011 13
7f66428ee000 73 5 2089 13
7f66428cc000 52 4 2145 13
7f66428cb000 47 4 2197 13
7f66428ca000 35 3 2236 13
7f66428c9000 44 4 2285 13
7f66428c8000 39 3 2328 13
7f66428c7000 42 4 2375 13
7f6642901000 52 4 2432 13
7f6642850000 59 6 2497 13
7f66428db000 60 8 2565 13
7f66428d7000 77 11 2654 13
7f66428d6000 56 13 2724 13
7f66428d9000 93 7 2824 13
7f66428d8000 60 10 2895 13
7f66428da000 48 6 2950 13
7f6642851000 75 8 3034 13
7f6642854000 100 8 3142 13
7f6642825000 31 5 3179 13
7f664284e000 46 4 3230 13
7f66428a6000 48 5 3284 13
7f66428a5000 56 9 3349 13
7f6642907000 44 5 3398 13
7f6642906000 57 6 3461 13
7f6642905000 48 5 3514 13
7f6642904000 62 6 3583 14
3585 14
0x402000
402000 47 34 82 8
82 8
0x40f000
40f000 94 30 124 4
124 4
0x406000
406000 42 38 80 6
7f66428db000 60 45 186 8
7f66428d7000 77 45 308 11
7f66428d6000 56 30 394 11
7f66428d1000 54 21 469 11
7f66428d0000 76 32 577 12
7f66428cf000 60 16 654 12
7f66427e5000 119 6 779 12
7f66428ce000 45 5 829 12
7f66428cd000 43 4 877 12
7f6642862000 82 18 978 13
7f6642861000 83 8 1070 13
7f6642922000 98 6 1174 13
7f6642860000 60 5 1240 13
7f664285f000 80 6 1327 13
7f6642857000 146 8 1481 13
7f664285e000 91 5 1578 13
7f664285d000 67 6 1652 13
7f6642858000 60 8 1721 13
7f6642824000 55 5 1781 13
7f66428f2000 88 7 1876 13
7f66428f1000 105 6 1987 13
7f66428f0000 67 12 2067 13
7f66428ee000 73 5 2145 13
7f66428cc000 52 4 2201 13
7f66428cb000 47 4 2253 13
7f66428ca000 34 4 2292 13
7f66428c9000 45 4 2341 13
7f66428c8000 38 4 2384 13
7f66428c7000 43 4 2431 13
7f6642901000 52 4 2488 13
7f66428e3000 68 15 2571 13
7f6642850000 59 6 2637 13
7f664284f000 47 7 2691 13
7f6642856000 80 8 2779 14
2781 14
0x404000
404000 27 18 45 1
402000 47 34 127 8
7f6642874000 56 18 202 8
7f6642873000 50 9 261 8
7f6642872000 44 9 315 8
7f66428db000 59 34 410 9
7f66428d7000 77 38 525 11
7f66428d6000 56 30 611 11
7f66428d1000 54 21 686 11
7f66428d0000 76 32 794 12
7f66428cf000 60 16 871 12
7f66427e5000 120 6 997 12
7f66428ce000 45 5 1047 12
7f66428cd000 43 5 1096 12
7f6642862000 82 18 1196 13
7f6642861000 83 8 1288 13
7f6642922000 97 7 1392 13
7f6642860000 59 6 1458 13
7f664285f000 80 6 1544 13
7f6642857000 146 8 1699 13
7f664285e000 92 5 1796 13
7f664285d000 66 7 1869 13
7f6642858000 59 8 1937 13
7f6642824000 55 4 1997 13
7f66428f2000 88 6 2092 13
7f66428f1000 105 6 2204 13
7f66428f0000 68 12 2284 13
7f66428ee000 73 5 2362 13
7f66428cc000 52 4 2418 13
7f66428cb000 47 4 2470 13
7f66428ca000 35 3 2509 13
7f66428c9000 45 4 2558 13
7f66428c8000 39 3 2601 13
7f66428c7000 42 4 2648 13
7f6642901000 52 4 2705 13
7f66428e3000 68 16 2789 13
7f6642850000 59 6 2854 13
7f664284f000 47 7 2908 13
7f6642856000 81 7 2996 14
2999 14
0x408000
408000 53 28 81 6
402000 47 21 150 8
40f000 94 14 258 8
407000 34 12 305 8
406000 41 19 366 8
7f66428db000 59 34 460 9
7f66428d7000 77 38 575 11
7f66428d6000 56 30 661 11
7f66428d1000 54 21 736 11
7f66428d0000 76 32 844 12
7f66428cf000 60 16 921 12
7f66427e5000 119 6 1046 12
7f66428ce000 44 6 1097 12
7f66428cd000 43 5 1145 12
7f6642862000 81 19 1246 13
7f6642861000 84 7 1337 13
7f6642922000 98 6 1442 13
7f6642860000 59 6 1508 13
7f664285f000 80 6 1594 13
7f6642857000 145 9 1749 13
7f664285e000 91 5 1845 13
7f664285d000 66 7 1919 13
7f6642858000 60 8 1987 13
7f6642824000 55 5 2047 13
7f66428f2000 89 6 2142 13
7f66428f1000 106 6 2254 13
7f66428f0000 68 11 2333 13
7f66428ee000 73 4 2411 13
7f66428cc000 52 3 2467 13
7f66428cb000 48 4 2520 13
7f66428ca000 35 3 2559 13
7f66428c9000 44 4 2608 13
7f66428c8000 38 4 2651 13
7f66428c7000 42 4 2698 13
7f6642901000 52 4 2755 13
7f66428e3000 68 15 2838 13
7f6642850000 59 6 2904 13
7f664284f000 47 7 2958 13
7f6642856000 80 8 3046 14
3051 14
0x407000
407000 34 25 60 5
406000 41 27 129 7
7f66428db000 59 40 229 8
7f66428d7000 78 44 351 11
7f66428d6000 56 29 437 11
7f66428d1000 53 21 512 11
7f66428d0000 77 32 621 12
7f66428cf000 60 16 698 12
7f66427e5000 119 6 823 12
7f66428ce000 45 6 874 12
7f66428cd000 43 5 922 12
7f6642862000 81 18 1022 13
7f6642861000 83 8 1114 13
7f6642922000 98 6 1218 13
7f6642860000 59 6 1284 13
7f664285f000 79 7 1371 13
7f6642857000 145 9 1525 13
7f664285e000 91 5 1621 13
7f664285d000 66 7 1695 13
7f6642858000 60 8 1763 13
7f6642824000 55 5 1823 13
7f66428f2000 89 6 1918 13
7f66428f1000 106 6 2030 13
7f66428f0000 68 11 2109 13
7f66428ee000 73 4 2187 13
7f66428cc000 52 3 2243 13
7f66428cb000 48 3 2295 13
7f66428ca000 35 3 2334 13
7f66428c9000 45 4 2384 13
7f66428c8000 39 3 2426 13
7f66428c7000 42 4 2473 13
7f6642901000 52 4 2530 13
7f66428e3000 68 16 2614 13
7f6642850000 59 6 2679 13
7f664284f000 48 6 2733 13
7f6642856000 82 7 2822 14
2826 14
0x40e000
40e000 41 29 71 5
40d000 29 17 118 7
402000 47 18 184 10
7f6642862000 82 30 297 11
7f6642861000 84 15 396 12
7f6642922000 98 10 504 12
7f6642860000 59 9 573 12
7f664285f000 79 10 663 12
7f6642857000 146 13 822 13
7f664285e000 92 5 919 13
7f664285d000 66 7 992 13
7f6642858000 60 8 1060 13
7f66427e5000 119 3 1183 13
7f6642824000 55 4 1243 13
7f66428f2000 88 6 1338 13
7f66428f1000 105 6 1450 13
7f66428f0000 67 12 1530 13
7f66428ee000 73 5 1608 13
7f6642874000 56 5 1669 13
7f6642873000 49 3 1722 13
7f6642872000 45 3 1771 13
7f6642807000 46 7 1825 14
1828 14
0x40d000
40d000 29 25 54 5
402000 47 25 127 10
7f6642862000 82 30 239 11
7f6642861000 84 15 338 12
7f6642922000 98 11 447 12
7f6642860000 60 9 516 12
7f664285f000 80 9 605 12
7f6642857000 147 13 766 13
7f664285e000 92 5 863 13
7f664285d000 66 7 937 13
7f6642858000 60 8 1005 13
7f66427e5000 119 4 1129 13
7f6642824000 55 5 1189 13
7f66428f2000 88 7 1284 13
7f66428f1000 106 5 1395 13
7f66428f0000 68 11 1475 13
7f66428ee000 73 4 1553 13
7f6642874000 56 5 1615 13
7f6642873000 50 3 1668 13
7f6642872000 44 4 1717 13
7f6642807000 46 7 1771 14
1772 14
0x40c000
40c000 39 22 62 5
402000 47 24 134 8
40b000 46 20 200 8
40f000 93 15 309 8
7f6642874000 56 18 383 8
7f6642873000 49 9 442 8
7f6642872000 45 9 497 8
7f66428db000 59 34 591 9
7f66428d7000 77 38 707 11
7f66428d6000 56 30 793 11
7f66428d1000 53 21 867 11
7f66428d0000 76 32 976 12
7f66428cf000 60 16 1053 12
7f66427e5000 119 6 1178 12
7f66428ce000 45 5 1228 12
7f66428cd000 43 5 1277 12
7f6642862000 82 19 1378 13
7f6642861000 83 8 1469 13
7f6642922000 97 7 1574 13
7f6642860000 59 6 1639 13
7f664285f000 79 7 1726 13
7f6642857000 146 8 1880 13
7f664285e000 91 5 1977 13
7f664285d000 67 6 2050 13
7f6642858000 59 8 2118 13
7f6642824000 55 4 2178 13
7f66428f2000 88 6 2273 13
7f66428f1000 105 6 2385 13
7f66428f0000 68 12 2465 13
7f66428ee000 73 5 2543 13
7f66428cc000 52 4 2599 13
7f66428cb000 48 4 2652 13
7f66428ca000 35 3 2690 13
7f66428c9000 45 4 2740 13
7f66428c8000 39 3 2782 13
7f66428c7000 42 4 2829 13
7f6642901000 52 4 2886 13
7f66428e3000 68 16 2970 13
7f6642850000 59 6 3035 13
7f664284f000 47 7 3089 13
7f6642856000 81 7 3177 14
3181 14
0x40b000
40b000 46 41 87 5
402000 47 25 160 8
40f000 94 14 268 8
7f6642874000 56 18 343 8
7f6642873000 50 9 402 8
7f6642872000 44 9 456 8
7f66428db000 59 34 551 9
7f66428d7000 77 38 666 11
7f66428d6000 56 30 752 11
7f66428d1000 53 21 827 11
7f66428d0000 76 33 936 12
7f66428cf000 60 16 1012 12
7f66427e5000 119 6 1138 12
7f66428ce000 45 5 1188 12
7f66428cd000 43 5 1236 12
7f6642862000 82 18 1337 13
7f6642861000 84 7 1428 13
7f6642922000 97 7 1533 13
7f6642860000 60 6 1599 13
7f664285f000 80 6 1685 13
7f6642857000 146 9 1840 13
7f664285e000 91 5 1936 13
7f664285d000 66 7 2010 13
7f6642858000 60 8 2078 13
7f6642824000 55 5 2138 13
7f66428f2000 89 6 2233 13
7f66428f1000 106 5 2344 13
7f66428f0000 67 12 2424 13
7f66428ee000 74 4 2502 13
7f66428cc000 52 3 2558 13
7f66428cb000 48 4 2611 13
7f66428ca000 34 3 2649 13
7f66428c9000 45 4 2699 13
7f66428c8000 39 4 2742 13
7f66428c7000 42 4 2788 13
7f6642901000 52 4 2845 13
7f66428e3000 67 16 2929 13
7f6642850000 59 5 2994 13
7f664284f000 47 6 3048 13
7f6642856000 80 8 3137 14
3139 14
0x40a000
40a000 33 26 59 3
7f66428db000 59 61 180 7
7f66428d7000 77 50 308 10
7f66428d6000 56 36 401 10
7f66428d1000 53 25 480 10
7f66428d0000 76 40 597 12
7f66428cf000 60 15 673 12
7f66427e5000 119 6 799 12
7f66428ce000 45 5 849 12
7f66428cd000 43 4 897 12
7f6642862000 82 18 998 13
7f6642861000 83 8 1090 13
7f6642922000 98 6 1194 13
7f6642860000 59 6 1260 13
7f664285f000 80 6 1346 13
7f6642857000 146 8 1501 13
7f664285e000 91 6 1598 13
7f664285d000 66 7 1671 13
7f6642858000 60 8 1739 13
7f6642824000 56 4 1799 13
7f66428f2000 89 6 1894 13
7f66428f1000 106 6 2006 13
7f66428f0000 68 12 2086 13
7f66428ee000 73 5 2164 13
7f66428cc000 52 4 2220 13
7f66428cb000 47 4 2272 13
7f66428ca000 35 3 2311 13
7f66428c9000 45 3 2360 13
7f66428c8000 39 3 2403 13
7f66428c7000 42 4 2450 13
7f6642901000 52 4 2507 13
7f66428e3000 68 16 2591 13
7f6642850000 60 5 2656 13
7f664284f000 48 6 2710 13
7f6642856000 81 7 2798 14
2801 14
0x409000
409000 50 38 88 8
402000 47 17 153 10
7f66428db000 59 23 236 11
7f66428d7000 77 25 339 11
7f66428d6000 56 30 425 11
7f66428d1000 54 21 500 11
7f66428d0000 76 33 609 12
7f66428cf000 60 16 685 12
7f66427e5000 119 6 810 12
7f66428ce000 44 6 861 12
7f66428cd000 43 5 909 12
7f6642862000 82 18 1010 13
7f6642861000 84 7 1101 13
7f6642922000 97 7 1206 13
7f6642860000 60 6 1272 13
7f664285f000 80 6 1358 13
7f6642857000 145 9 1513 13
7f664285e000 91 5 1609 13
7f664285d000 66 7 1683 13
7f6642858000 60 8 1751 13
7f6642824000 55 4 1811 13
7f66428f2000 88 6 1906 13
7f66428f1000 106 5 2018 13
7f66428f0000 67 12 2098 13
7f66428ee000 73 5 2176 13
7f66428cc000 53 3 2232 13
7f66428cb000 48 4 2285 13
7f66428ca000 35 3 2323 13
7f66428c9000 45 4 2373 13
7f66428c8000 39 4 2416 13
7f66428c7000 42 4 2462 13
7f6642901000 52 4 2519 13
7f66428e3000 67 16 2603 13
7f6642850000 60 6 2669 13
7f664284f000 47 7 2723 13
7f6642856000 80 8 2811 14
2814 14
0x405000
405000 37 26 63 1
7f66428db000 59 71 194 7
7f66428d7000 77 50 322 10
7f66428d6000 56 36 415 10
7f66428d1000 54 25 494 10
7f66428d0000 76 40 611 12
7f66428cf000 61 15 687 12
7f66427e5000 119 6 813 12
7f66428ce000 45 5 863 12
7f66428cd000 43 5 912 12
7f6642862000 82 18 1012 13
7f6642861000 83 8 1104 13
7f6642922000 98 6 1208 13
7f6642860000 59 6 1274 13
7f664285f000 80 7 1361 13
7f6642857000 146 8 1515 13
7f664285e000 92 5 1612 13
7f664285d000 66 7 1685 13
7f6642858000 60 8 1753 13
7f6642824000 55 4 1813 13
7f66428f2000 88 7 1909 13
7f66428f1000 107 5 2021 13
7f66428f0000 68 12 2102 13
7f66428ee000 74 5 2181 13
7f66428cc000 52 4 2237 13
7f66428cb000 48 4 2290 13
7f66428ca000 34 4 2329 13
7f66428c9000 46 4 2379 13
7f66428c8000 39 4 2422 13
7f66428c7000 43 4 2469 13
7f6642901000 52 4 2526 13
7f66428e3000 69 16 2611 13
7f6642850000 60 5 2676 13
7f664284f000 47 6 2730 13
7f6642856000 81 8 2820 14
2823 14
