0x558aeff03000
558aeff03000 84 30 115 8
558aeff98000 1093 124 1334 8
558aeff02000 59 14 1408 8
558aefea9000 57 15 1481 8
558aefda2000 18 9 1509 8
558aeff46000 59 15 1584 8
558aeff45000 53 15 1653 8
558aeff95000 1099 130 2883 8
558aeff97000 1097 127 4109 8
558aeff61000 59 17 4187 9
7f3bac369000 46 10 4244 9
7f3bac368000 40 12 4297 9
7f3bac365000 54 16 4368 10
7f3bac362000 54 14 4436 10
7f3bac3f1000 102 23 4561 11
7f3bac3f0000 103 16 4681 11
7f3bac2b3000 126 9 4817 11
7f3bac3c0000 94 14 4925 12
7f3bac3bf000 111 10 5047 12
7f3bac3be000 69 20 5136 12
7f3bac3bc000 77 8 5221 12
7f3bac2c4000 77 10 5309 13
7f3bac2c3000 38 5 5353 14
5361 14
0x558aeff98000
558aeff98000 1084 237 1321 1
1322 1
0x558aeff02000
558aeff02000 59 28 87 5
558aefea9000 57 20 165 5
558aefda2000 17 13 197 5
558aeff98000 1082 170 1449 5
558aeff46000 58 20 1528 6
558aeff45000 53 19 1602 6
558aeff95000 1097 165 2865 8
558aeff97000 1097 128 4091 8
558aeff61000 60 16 4168 9
7f3bac369000 45 10 4225 9
7f3bac368000 40 11 4277 9
7f3bac365000 54 15 4348 10
7f3bac362000 53 14 4416 10
7f3bac3f1000 102 23 4542 11
7f3bac3f0000 104 16 4662 11
7f3bac2b3000 126 9 4798 11
7f3bac3c0000 93 15 4906 12
7f3bac3bf000 112 10 5028 12
7f3bac3be000 69 20 5117 12
7f3bac3bc000 76 8 5202 12
7f3bac2c4000 78 10 5291 13
7f3bac2c3000 38 5 5335 14
5341 14
0x558aefea9000
558aefea9000 57 30 88 5
558aefda2000 17 13 119 5
558aeff98000 1081 170 1371 5
558aeff46000 58 20 1451 6
558aeff45000 53 19 1524 6
558aeff95000 1082 165 2773 8
558aeff97000 1083 128 3985 8
558aeff61000 59 17 4062 9
7f3bac369000 46 10 4119 9
7f3bac368000 40 11 4171 9
7f3bac365000 54 16 4243 10
7f3bac362000 54 14 4311 10
7f3bac3f1000 102 22 4436 11
7f3bac3f0000 104 15 4556 11
7f3bac2b3000 126 9 4692 11
7f3bac3c0000 94 14 4800 12
7f3bac3bf000 111 10 4922 12
7f3bac3be000 68 20 5011 12
7f3bac3bc000 77 7 5096 12
7f3bac2c4000 78 10 5185 13
7f3bac2c3000 38 5 5228 14
5233 14
0x558aefda2000
558aefda2000 18 18 36 3
36 3
0x558aeff46000
558aeff46000 58 30 88 6
558aeff98000 1083 155 1328 6
558aeff45000 53 19 1401 6
558aeff95000 1084 165 2652 8
558aeff97000 1084 127 3864 8
558aeff61000 60 17 3943 9
7f3bac369000 45 11 4000 9
7f3bac368000 40 12 4052 9
7f3bac365000 55 15 4123 10
7f3bac362000 53 14 4191 10
7f3bac3f1000 102 23 4317 11
7f3bac3f0000 104 16 4437 11
7f3bac2b3000 127 8 4572 11
7f3bac3c0000 94 15 4682 12
7f3bac3bf000 113 10 4805 12
7f3bac3be000 70 20 4895 12
7f3bac3bc000 78 8 4981 12
7f3bac2c4000 79 10 5070 13
7f3bac2c3000 37 5 5113 14
5117 14
0x558aeff45000
558aeff45000 53 29 83 6
558aeff98000 1081 155 1321 6
558aeff95000 1083 165 2570 8
558aeff97000 1084 128 3783 8
558aeff61000 60 16 3860 9
7f3bac369000 45 10 3917 9
7f3bac368000 40 12 3970 9
7f3bac365000 54 16 4041 10
7f3bac362000 54 14 4109 10
7f3bac3f1000 102 22 4234 11
7f3bac3f0000 104 15 4354 11
7f3bac2b3000 127 8 4490 11
7f3bac3c0000 93 15 4599 12
7f3bac3bf000 112 10 4721 12
7f3bac3be000 69 20 4810 12
7f3bac3bc000 76 8 4895 12
7f3bac2c4000 77 10 4983 13
7f3bac2c3000 38 5 5027 14
5030 14
0x558aeff95000
558aeff95000 1086 252 1338 3
1339 3
0x558aeff97000
558aeff97000 1085 248 1333 2
558aeff61000 60 32 1426 9
558aeff98000 1103 107 2637 9
7f3bac369000 46 11 2695 9
7f3bac368000 40 12 2747 9
7f3bac365000 54 16 2818 10
7f3bac362000 54 14 2886 10
7f3bac3f1000 102 23 3011 11
7f3bac3f0000 104 16 3131 11
7f3bac2b3000 127 8 3266 11
7f3bac3c0000 93 15 3375 12
7f3bac3bf000 112 10 3497 12
7f3bac3be000 69 20 3586 12
7f3bac3bc000 76 8 3671 12
7f3bac2c4000 77 10 3759 13
7f3bac2c3000 37 5 3802 14
3804 14
0x558aeff61000
558aeff61000 59 34 94 8
558aeff98000 1095 122 1312 8
7f3bac369000 45 12 1370 9
7f3bac368000 40 11 1422 9
7f3bac365000 54 16 1493 10
7f3bac362000 54 14 1561 10
7f3bac3f1000 102 23 1686 11
7f3bac3f0000 103 16 1806 11
7f3bac2b3000 127 8 1941 11
7f3bac3c0000 93 14 2049 12
7f3bac3bf000 112 10 2172 12
7f3bac3be000 69 20 2261 12
7f3bac3bc000 76 8 2346 12
7f3bac2c4000 77 10 2434 13
7f3bac2c3000 38 4 2477 14
2479 14
0x558aefda3000
558aefda3000 22 18 40 1
558aefda2000 18 18 77 3
78 3
0x558aefdaa000
558aefdaa000 61 34 95 5
7f3bac32b000 70 38 204 10
558aefda2000 18 7 230 10
558aeff95000 1097 98 1426 10
558aeff97000 1100 95 2622 10
558aeff61000 60 13 2696 11
558aeff98000 1083 77 3857 11
7f3bac369000 45 8 3911 11
7f3bac368000 40 8 3960 11
7f3bac365000 55 11 4027 11
7f3bac362000 54 11 4092 11
7f3bac3f1000 102 17 4212 12
7f3bac3f0000 104 11 4328 12
7f3bac2b3000 127 6 4462 12
7f3bac3c0000 94 10 4566 13
7f3bac3bf000 112 6 4684 13
7f3bac3be000 68 12 4765 13
7f3bac3bc000 77 4 4847 13
7f3bac2c4000 78 6 4932 13
7f3bac2c3000 37 5 4975 14
4978 14
0x558aefedf000
558aefedf000 44 29 74 6
558aeff2d000 69 21 166 8
558aefda2000 18 9 194 8
558aeff93000 1026 119 1340 8
558aeff98000 1083 122 2546 8
558aefddd000 74 18 2640 8
558aefddc000 50 10 2701 8
558aeff95000 1088 131 3921 8
558aefddb000 38 11 3971 8
558aefdda000 28 12 4012 8
7f3bac33b000 78 16 4107 9
558aeff97000 1098 111 5316 9
558aeff61000 61 13 5391 10
7f3bac369000 45 8 5446 10
7f3bac368000 40 9 5496 10
7f3bac365000 54 12 5564 11
7f3bac362000 53 11 5629 11
7f3bac3f1000 101 18 5749 11
7f3bac3f0000 104 15 5868 11
7f3bac2b3000 126 9 6004 11
7f3bac3c0000 93 15 6112 12
7f3bac3bf000 112 10 6234 12
7f3bac3be000 69 20 6323 12
7f3bac3bc000 76 8 6408 12
7f3bac2c4000 77 10 6496 13
7f3bac2c3000 38 4 6539 14
6547 14
0x558aeff2d000
558aeff2d000 70 32 102 8
558aefda2000 18 9 130 8
558aeff93000 1023 118 1272 8
558aeff98000 1079 123 2475 8
558aefddd000 74 18 2568 8
558aefddc000 50 10 2629 8
558aeff95000 1081 130 3842 8
558aefddb000 38 10 3891 8
558aefdda000 28 12 3932 8
7f3bac33b000 78 15 4026 9
558aeff97000 1087 110 5224 9
558aeff61000 59 14 5299 10
7f3bac369000 46 8 5354 10
7f3bac368000 40 9 5403 10
7f3bac365000 54 12 5471 11
7f3bac362000 53 11 5536 11
7f3bac3f1000 101 18 5656 11
7f3bac3f0000 104 16 5776 11
7f3bac2b3000 127 8 5911 11
7f3bac3c0000 93 15 6020 12
7f3bac3bf000 112 9 6141 12
7f3bac3be000 69 20 6231 12
7f3bac3bc000 77 8 6316 12
7f3bac2c4000 78 10 6404 13
7f3bac2c3000 38 5 6447 14
6453 14
0x558aeff93000
558aeff93000 1027 230 1258 4
1258 4
0x558aefddd000
558aefddd000 74 37 112 7
558aefddc000 49 12 174 7
558aeff95000 1086 146 1407 7
558aeff98000 1084 138 2630 7
558aefddb000 37 12 2680 7
558aefdda000 28 12 2721 7
7f3bac33b000 77 17 2817 9
558aefda2000 18 7 2843 9
558aeff97000 1088 110 4042 9
558aeff61000 60 13 4117 10
7f3bac369000 45 8 4172 10
7f3bac368000 40 9 4222 10
7f3bac365000 55 12 4290 11
7f3bac362000 54 11 4355 11
7f3bac3f1000 102 18 4475 11
7f3bac3f0000 104 16 4595 11
7f3bac2b3000 127 8 4731 11
7f3bac3c0000 93 14 4839 12
7f3bac3bf000 111 10 4961 12
7f3bac3be000 69 20 5051 12
7f3bac3bc000 77 8 5136 12
7f3bac2c4000 77 10 5224 13
7f3bac2c3000 38 4 5267 14
5273 14
0x558aefddc000
558aefddc000 50 21 71 3
558aeff95000 1083 219 1374 5
558aeff98000 1082 173 2630 5
558aefddd000 74 26 2731 7
558aefda2000 18 10 2760 7
7f3bac34c000 62 73 2896 11
7f3bac34b000 101 20 3018 11
558aeff96000 1084 79 4182 11
7f3bac32b000 70 13 4266 12
7ffe40ffb000 34 7 4308 12
558aeff97000 1083 62 5453 12
558aeff61000 60 7 5521 13
7f3bac369000 46 3 5571 13
7f3bac368000 40 4 5616 13
7f3bac365000 55 5 5677 13
7f3bac362000 53 5 5736 13
7f3bac3f1000 102 8 5847 13
7f3bac3f0000 104 7 5958 13
7f3bac2b3000 127 4 6089 13
7f3bac3c0000 93 6 6189 13
7f3bac3bf000 112 6 6308 13
7f3bac3be000 69 12 6389 13
7f3bac3bc000 77 5 6472 13
7f3bac2c4000 78 6 6556 13
7f3bac2c3000 38 5 6600 14
6603 14
0x558aefddb000
558aefddb000 38 21 59 2
558aefdda000 28 23 111 2
7f3bac33b000 78 30 220 4
558aefda2000 17 16 254 6
558aeff97000 1095 162 1511 6
558aeff61000 60 21 1593 10
558aeff98000 1089 91 2775 10
7f3bac369000 46 8 2830 10
7f3bac368000 41 9 2880 10
7f3bac365000 55 12 2948 11
7f3bac362000 54 11 3014 11
7f3bac3f1000 103 18 3135 11
7f3bac3f0000 105 16 3256 11
7f3bac2b3000 128 8 3392 11
7f3bac3c0000 94 15 3502 12
7f3bac3bf000 112 10 3624 12
7f3bac3be000 69 20 3714 12
7f3bac3bc000 77 7 3799 12
7f3bac2c4000 78 10 3888 13
7f3bac2c3000 38 5 3931 14
3935 14
0x558aefdda000
558aefdda000 28 24 52 1
7f3bac33b000 77 32 162 3
558aefda2000 17 16 196 5
558aeff97000 1083 175 1455 5
558aeff61000 59 23 1539 10
558aeff98000 1084 90 2715 10
7f3bac369000 45 8 2770 10
7f3bac368000 40 9 2820 10
7f3bac365000 54 12 2887 11
7f3bac362000 54 11 2953 11
7f3bac3f1000 102 18 3073 11
7f3bac3f0000 104 15 3192 11
7f3bac2b3000 126 9 3328 11
7f3bac3c0000 94 14 3436 12
7f3bac3bf000 112 10 3559 12
7f3bac3be000 69 20 3648 12
7f3bac3bc000 77 8 3733 12
7f3bac2c4000 78 10 3821 13
7f3bac2c3000 37 5 3864 14
3867 14
0x558aeff96000
558aeff96000 1086 253 1340 2
1341 2
0x558aeff94000
558aeff94000 1091 249 1340 4
558aeff45000 54 23 1418 7
558aeff98000 1082 140 2641 7
558aeff95000 1084 148 3874 9
558aeff97000 1085 112 5072 9
558aeff61000 60 14 5147 9
7f3bac369000 45 11 5205 9
7f3bac368000 40 12 5257 9
7f3bac365000 54 16 5328 10
7f3bac362000 54 14 5396 10
7f3bac3f1000 103 22 5521 11
7f3bac3f0000 104 16 5642 11
7f3bac2b3000 128 9 5779 11
7f3bac3c0000 94 15 5888 12
7f3bac3bf000 113 10 6011 12
7f3bac3be000 70 20 6101 12
7f3bac3bc000 78 8 6187 12
7f3bac2c4000 78 10 6275 13
7f3bac2c3000 38 5 6319 14
6322 14
