0x7f62c755d000
7f62c755d000 78 28 107 5
7f62c755c000 83 33 225 8
7f62c5dbc000 46 16 288 9
7f62c5dbb000 70 11 370 9
7f62c5dc3000 73 17 461 11
7f62c5dc2000 52 5 519 12
7f62c590d000 24 2 546 12
7f62c5901000 20 2 568 12
7f62c5dc1000 79 4 651 12
7f62c5d8d000 40 3 694 12
7f62c5d8c000 36 3 734 12
7f62c5913000 23 1 758 12
7f62c5906000 27 2 788 13
7f62c5907000 26 1 816 13
7f62c590b000 21 2 840 13
7f62c590f000 23 1 864 13
7f62c5d8a000 46 3 914 13
7f62c5d89000 36 2 953 13
7f62c5d88000 68 3 1025 13
7f62c5da1000 83 4 1113 13
7f62c5da2000 79 4 1197 13
7f62c6fb5000 152 6 1356 14
1364 14
0x7f62c755c000
7f62c755c000 82 47 130 8
130 8
0x7f62c7550000
7f62c7550000 20 18 39 3
39 3
0x7f62c755f000
7f62c755f000 55 25 81 3
7f62c5d8c000 37 22 141 4
7f62c7554000 35 19 196 4
7f62c7550000 21 14 231 6
7f62c8a40000 44 26 301 7
7f62c8a70000 36 17 355 7
7f62c7559000 22 10 388 7
7f62c7556000 21 10 420 7
7f62c7557000 21 10 452 7
7f62c7555000 21 11 485 8
7f62c755a000 22 10 517 8
7f62c7551000 21 10 549 8
7f62c89a5000 48 23 621 8
7f62c7553000 22 10 654 8
7f62c5d8b000 52 18 725 8
7f62c5d8a000 46 16 788 9
7f62c590f000 23 9 821 9
7f62c5901000 20 8 850 9
7f62c5d89000 36 12 899 9
7f62c5d88000 68 15 983 11
7f62c5913000 22 6 1012 11
7f62c5906000 27 8 1048 11
7f62c5907000 26 6 1080 11
7f62c5da1000 83 14 1178 12
7f62c5da2000 79 6 1264 12
7f62c6fb5000 151 11 1428 13
7f62c5910000 23 1 1452 13
7f62c5905000 38 2 1493 13
7f62c590c000 21 1 1516 13
7f62c590d000 24 2 1543 13
7f62c5daa000 70 4 1618 13
7f62c5902000 21 2 1642 13
7f62c5911000 21 2 1666 13
7f62c590b000 21 1 1689 13
7f62c5909000 24 2 1716 13
7f62c590a000 22 1 1739 13
7f62c5dbc000 47 3 1790 13
7f62c5dbb000 71 3 1864 13
7f62c5dc3000 73 4 1942 14
1953 14
0x7f62c7554000
7f62c7554000 36 23 60 1
7f62c7550000 20 19 99 3
99 3
0x7f62c8a40000
7f62c8a40000 44 41 85 4
7f62c8a70000 36 25 147 4
7f62c7559000 22 15 185 4
7f62c7550000 20 15 221 6
7f62c7556000 21 11 254 6
7f62c7557000 21 12 288 6
7f62c7555000 21 12 322 7
7f62c755a000 21 12 356 7
7f62c7551000 22 12 390 7
7f62c89a5000 48 27 465 7
7f62c7553000 21 12 500 7
7f62c5d8b000 52 21 574 7
7f62c5d8a000 46 18 639 8
7f62c590f000 23 11 674 9
7f62c5901000 20 9 703 9
7f62c5d89000 36 12 752 9
7f62c5d88000 68 15 836 11
7f62c5913000 22 6 865 11
7f62c5906000 28 7 901 11
7f62c5907000 25 7 934 11
7f62c5da1000 83 14 1032 12
7f62c5da2000 80 6 1119 12
7f62c6fb5000 153 11 1284 13
7f62c5910000 22 2 1309 13
7f62c5905000 38 2 1349 13
7f62c590c000 21 2 1373 13
7f62c590d000 24 2 1400 13
7f62c5daa000 71 4 1475 13
7f62c5902000 21 2 1499 13
7f62c5911000 22 1 1523 13
7f62c590b000 21 2 1547 13
7f62c5909000 23 2 1573 13
7f62c590a000 21 2 1597 13
7f62c5dbc000 47 2 1647 13
7f62c5dbb000 72 2 1722 13
7f62c5dc3000 74 4 1801 14
1812 14
0x7f62c8a70000
7f62c8a70000 36 30 66 3
7f62c7559000 22 16 105 3
7f62c7550000 21 15 141 5
7f62c7556000 21 12 175 5
7f62c7557000 21 12 209 5
7f62c7555000 22 12 244 6
7f62c755a000 22 12 278 6
7f62c7551000 21 12 312 6
7f62c89a5000 48 29 390 7
7f62c7553000 21 11 423 7
7f62c5d8b000 53 20 497 7
7f62c5d8a000 46 18 562 8
7f62c590f000 23 10 596 9
7f62c5901000 20 9 626 9
7f62c5d89000 37 12 675 9
7f62c5d88000 68 15 759 11
7f62c5913000 22 6 788 11
7f62c5906000 27 7 823 11
7f62c5907000 25 7 856 11
7f62c5da1000 84 14 955 12
7f62c5da2000 80 6 1042 12
7f62c6fb5000 152 11 1206 13
7f62c5910000 22 2 1230 13
7f62c5905000 37 3 1271 13
7f62c590c000 22 1 1294 13
7f62c590d000 24 1 1320 13
7f62c5daa000 71 4 1396 13
7f62c5902000 21 1 1419 13
7f62c5911000 22 1 1443 13
7f62c590b000 21 2 1467 13
7f62c5909000 23 2 1493 13
7f62c590a000 21 2 1517 13
7f62c5dbc000 46 3 1567 13
7f62c5dbb000 70 3 1641 13
7f62c5dc3000 73 5 1720 14
1729 14
0x7f62c7559000
7f62c7559000 22 18 40 1
7f62c7550000 20 18 79 3
79 3
0x7f62c7556000
7f62c7556000 21 18 39 1
7f62c7550000 21 18 78 3
78 3
0x7f62c7557000
7f62c7557000 21 18 39 1
7f62c7550000 21 18 78 3
78 3
0x7f62c7555000
7f62c7555000 21 18 40 2
7f62c7550000 20 18 79 4
79 4
0x7f62c755a000
7f62c755a000 21 18 39 1
7f62c7550000 20 18 78 3
78 3
0x7f62c7551000
7f62c7551000 22 18 40 1
7f62c7550000 21 18 79 3
79 3
0x7f62c89a5000
7f62c89a5000 48 45 93 4
7f62c7556000 21 15 130 4
7f62c7550000 20 16 166 6
7f62c7551000 22 12 200 6
7f62c7553000 22 11 233 6
7f62c5d8b000 52 22 308 6
7f62c5d8a000 46 19 374 7
7f62c590f000 23 10 408 8
7f62c5901000 20 9 438 8
7f62c5d89000 36 13 487 8
7f62c5d88000 67 17 572 10
7f62c5913000 22 6 601 10
7f62c5906000 27 8 637 11
7f62c5907000 26 6 669 11
7f62c5da1000 83 14 767 12
7f62c5da2000 80 6 854 12
7f62c6fb5000 152 11 1018 13
7f62c5910000 22 2 1043 13
7f62c5905000 38 3 1084 13
7f62c590c000 22 1 1107 13
7f62c590d000 24 2 1134 13
7f62c5daa000 71 4 1209 13
7f62c5902000 21 2 1233 13
7f62c5911000 22 2 1257 13
7f62c590b000 21 1 1280 13
7f62c5909000 24 1 1306 13
7f62c590a000 21 2 1330 13
7f62c5dbc000 47 3 1381 13
7f62c5dbb000 70 3 1455 13
7f62c5dc3000 73 4 1533 14
1541 14
0x7f62c7553000
7f62c7553000 21 17 39 1
7f62c7550000 20 19 79 3
79 3
0x7f62c755b000
7f62c755b000 21 19 40 3
7f62c7550000 20 16 77 5
7f62c755c000 83 32 192 9
192 9
0x7f62c7552000
7f62c7552000 21 18 39 1
7f62c7550000 21 18 78 3
78 3
0x7f62c7558000
7f62c7558000 21 18 40 1
7f62c7550000 21 18 79 3
79 3
0x7f62c8a38000
7f62c8a38000 55 32 88 3
7f62c755b000 23 16 128 3
7f62c7550000 20 16 165 5
7f62c755c000 83 31 280 9
7f62c8a37000 66 12 359 9
7f62c6fb5000 153 25 538 12
7f62c7557000 22 4 564 12
7f62c8a36000 67 8 640 12
7f62c5db4000 53 8 702 12
7f62c590e000 40 6 750 12
7f62c5901000 20 5 775 12
7f62c590b000 21 4 801 12
7f62c5909000 24 5 831 12
7f62c590c000 21 4 857 12
7f62c5d8d000 40 6 904 12
7f62c5d8c000 36 6 947 12
7f62c5913000 22 5 975 12
7f62c5906000 27 5 1008 12
7f62c5907000 26 5 1040 12
7f62c590f000 22 5 1068 12
7f62c5d8a000 46 7 1122 12
7f62c5d89000 36 7 1166 12
7f62c5d88000 67 7 1241 12
7f62c5da1000 82 10 1335 13
7f62c5da2000 80 4 1420 13
7f62c5910000 22 2 1445 13
7f62c5905000 37 3 1486 13
7f62c5d8b000 52 3 1542 13
7f62c5903000 21 2 1566 13
7f62c5d87000 48 4 1619 13
7f62c590d000 24 1 1645 13
7f62c5d85000 77 5 1728 13
7f62c5d84000 55 4 1788 14
1799 14
0x7f62c8a37000
7f62c8a37000 67 29 96 3
7f62c6fb5000 153 53 303 10
7f62c7557000 21 8 333 10
7f62c7550000 20 8 362 12
7f62c8a36000 66 8 437 12
7f62c755b000 22 5 465 12
7f62c755c000 83 10 558 12
7f62c5db4000 53 8 620 12
7f62c590e000 41 5 667 12
7f62c5901000 20 4 692 12
7f62c590b000 21 5 719 12
7f62c5909000 24 5 748 12
7f62c590c000 21 5 775 12
7f62c5d8d000 40 6 821 12
7f62c5d8c000 36 6 864 12
7f62c5913000 22 5 892 12
7f62c5906000 27 6 926 12
7f62c5907000 26 5 957 12
7f62c590f000 23 5 986 12
7f62c5d8a000 46 7 1040 12
7f62c5d89000 36 6 1083 12
7f62c5d88000 68 7 1159 12
7f62c5da1000 83 10 1253 13
7f62c5da2000 80 4 1338 13
7f62c5910000 22 2 1363 13
7f62c5905000 38 2 1403 13
7f62c5d8b000 52 4 1460 13
7f62c5903000 21 1 1483 13
7f62c5d87000 49 3 1536 13
7f62c590d000 24 2 1563 13
7f62c5d85000 77 5 1646 13
7f62c5d84000 54 5 1706 14
1715 14
0x7f62c8a36000
7f62c8a36000 66 35 102 7
7f62c755b000 22 10 135 7
7f62c7550000 20 10 166 8
7f62c755c000 83 21 270 9
7f62c5db4000 53 15 338 10
7f62c590e000 41 7 387 10
7f62c5901000 20 6 414 10
7f62c590b000 21 6 442 10
7f62c5909000 23 7 473 10
7f62c590c000 21 6 501 10
7f62c5d8d000 39 8 549 10
7f62c5d8c000 37 8 595 10
7f62c5913000 22 6 624 10
7f62c5906000 27 8 660 11
7f62c5907000 25 7 693 11
7f62c590f000 23 6 722 11
7f62c5d8a000 46 10 779 11
7f62c5d89000 36 8 824 11
7f62c5d88000 67 11 903 11
7f62c5da1000 83 13 1000 12
7f62c5da2000 80 6 1087 12
7f62c6fb5000 151 11 1251 13
7f62c5910000 22 2 1276 13
7f62c5905000 38 2 1316 13
7f62c5d8b000 52 4 1373 13
7f62c5903000 21 1 1396 13
7f62c5d87000 49 3 1449 13
7f62c590d000 24 2 1476 13
7f62c5d85000 77 5 1559 13
7f62c5d84000 55 4 1619 14
1628 14
0x7f62c780c000
7f62c780c000 66 41 107 7
7f62c7552000 21 11 140 7
7f62c7550000 20 10 171 8
7f62c755b000 21 9 202 8
7f62c755c000 83 22 308 11
7f62c7551000 22 4 334 11
7f62c7559000 22 4 361 11
7f62c7553000 21 5 388 11
7f62c7556000 22 4 414 11
7f62c77a8000 79 10 504 11
7f62c8400000 55 7 566 11
7f62c7554000 36 6 609 11
7f62c83ff000 46 6 661 11
7f62c7555000 22 4 687 12
7f62c8401000 47 8 744 12
7f62c77ba000 60 7 812 12
7f62c77b9000 65 6 884 12
7f62c5d8b000 53 7 944 12
7f62c5d8a000 46 7 998 12
7f62c590f000 22 5 1026 13
7f62c5901000 20 3 1050 13
7f62c5d89000 36 4 1090 13
7f62c5d88000 68 4 1163 13
7f62c5913000 23 3 1190 13
7f62c5906000 27 4 1222 13
7f62c5907000 26 3 1251 13
7f62c5da1000 83 6 1341 14
1348 14
0x7f62c77a8000
7f62c77a8000 79 40 119 5
7f62c8400000 55 19 194 6
7f62c7553000 21 12 228 6
7f62c7550000 20 13 262 8
7f62c7554000 36 12 310 8
7f62c83ff000 44 13 368 8
7f62c7552000 21 9 398 8
7f62c7551000 22 9 430 8
7f62c755b000 21 10 462 8
7f62c755c000 83 23 568 9
7f62c7556000 21 8 597 9
7f62c7555000 22 7 626 10
7f62c8401000 48 13 688 10
7f62c77ba000 59 12 760 11
7f62c77b9000 66 8 835 11
7f62c5d8b000 52 10 898 11
7f62c5d8a000 46 9 954 11
7f62c590f000 23 6 984 12
7f62c5901000 20 4 1009 12
7f62c5d89000 36 6 1052 12
7f62c5d88000 68 7 1128 12
7f62c5913000 22 5 1156 12
7f62c5906000 27 6 1190 12
7f62c5907000 25 5 1221 12
7f62c5da1000 83 10 1315 13
7f62c5da2000 80 3 1399 13
7f62c6fb5000 153 7 1560 13
7f62c5910000 22 2 1584 13
7f62c5905000 37 3 1625 13
7f62c590c000 22 1 1648 13
7f62c590d000 24 2 1675 13
7f62c5daa000 71 4 1750 13
7f62c5902000 21 2 1774 13
7f62c5911000 21 2 1798 13
7f62c590b000 21 1 1821 13
7f62c5909000 24 2 1848 13
7f62c590a000 22 1 1871 13
7f62c5dbc000 47 3 1922 13
7f62c5dbb000 70 3 1996 13
7f62c5dc3000 73 4 2074 14
2084 14
0x7f62c8400000
7f62c8400000 55 26 81 4
7f62c7553000 21 15 118 4
7f62c7550000 20 15 154 6
7f62c7554000 35 15 205 6
7f62c83ff000 45 16 267 6
7f62c7552000 21 12 301 6
7f62c7551000 22 12 335 6
7f62c755b000 22 12 369 6
7f62c755c000 84 29 483 9
7f62c7556000 22 7 512 9
7f62c7555000 21 8 542 10
7f62c77a8000 79 15 637 10
7f62c7bea000 146 30 814 11
7f62c5d8b000 52 10 877 11
7f62c5d8a000 46 9 933 11
7f62c590f000 23 6 963 12
7f62c5901000 20 5 989 12
7f62c5d89000 36 7 1032 12
7f62c5d88000 67 7 1107 12
7f62c5913000 23 4 1135 12
7f62c5906000 27 6 1169 12
7f62c5907000 25 5 1200 12
7f62c5da1000 83 10 1294 13
7f62c5da2000 80 3 1378 13
7f62c6fb5000 152 6 1538 13
7f62c5910000 22 2 1563 13
7f62c5905000 38 2 1603 13
7f62c590c000 21 2 1627 13
7f62c590d000 23 2 1653 13
7f62c5daa000 71 3 1728 13
7f62c5902000 21 1 1752 13
7f62c5911000 22 1 1776 13
7f62c590b000 21 2 1800 13
7f62c5909000 23 2 1826 13
7f62c590a000 21 2 1850 13
7f62c5dbc000 46 3 1900 13
7f62c5dbb000 71 2 1974 13
7f62c5dc3000 74 4 2053 14
2062 14
0x7f62c83ff000
7f62c83ff000 45 24 70 3
70 3
0x7f62c8401000
7f62c8401000 47 36 83 3
7f62c8400000 55 22 161 4
7f62c7553000 21 15 198 4
7f62c7550000 20 15 234 6
7f62c7554000 36 15 286 6
7f62c83ff000 45 16 348 6
7f62c7552000 22 12 382 6
7f62c7551000 22 12 416 6
7f62c755b000 22 12 450 6
7f62c755c000 82 30 563 9
7f62c7556000 21 8 592 9
7f62c7555000 21 7 621 10
7f62c77a8000 80 14 716 10
7f62c7bea000 144 29 890 11
7f62c5d8b000 52 10 954 11
7f62c5d8a000 46 9 1010 11
7f62c590f000 23 6 1040 12
7f62c5901000 20 5 1066 12
7f62c5d89000 37 6 1109 12
7f62c5d88000 67 8 1185 12
7f62c5913000 22 5 1213 12
7f62c5906000 27 6 1247 12
7f62c5907000 26 5 1278 12
7f62c5da1000 82 10 1371 13
7f62c5da2000 80 4 1456 13
7f62c6fb5000 152 7 1616 13
7f62c5910000 23 1 1640 13
7f62c5905000 38 2 1681 13
7f62c590c000 21 1 1704 13
7f62c590d000 24 2 1731 13
7f62c5daa000 70 4 1806 13
7f62c5902000 21 2 1830 13
7f62c5911000 21 2 1854 13
7f62c590b000 21 2 1878 13
7f62c5909000 23 2 1904 13
7f62c590a000 21 2 1928 13
7f62c5dbc000 46 3 1978 13
7f62c5dbb000 71 3 2053 13
7f62c5dc3000 73 4 2131 14
2141 14
0x7f62c77ba000
7f62c77ba000 59 32 92 5
7f62c7553000 21 13 127 5
7f62c7550000 20 13 161 6
7f62c77b9000 67 16 244 6
7f62c7556000 21 11 276 6
7f62c77a8000 80 24 381 8
7f62c8400000 55 13 450 9
7f62c7554000 35 10 496 9
7f62c83ff000 45 11 553 9
7f62c7552000 21 8 582 9
7f62c7551000 21 8 612 9
7f62c755b000 21 8 642 9
7f62c755c000 83 19 745 10
7f62c7555000 22 6 773 11
7f62c8401000 47 11 832 11
7f62c7791000 75 11 919 11
7f62c77ac000 86 12 1018 12
7f62c7559000 22 4 1045 12
7f62c7557000 21 5 1072 12
7f62c80a8000 45 7 1125 12
7f62c7998000 73 9 1208 12
7f62c7997000 96 11 1316 13
7f62c78b1000 68 3 1388 13
7f62c78b0000 62 2 1453 13
7f62c78af000 68 2 1524 13
7f62c78ae000 47 3 1575 13
7f62c78a0000 62 3 1640 13
7f62c5d8b000 53 3 1697 13
7f62c5d8a000 46 3 1747 13
7f62c590f000 22 2 1772 13
7f62c5901000 20 1 1794 13
7f62c5d89000 36 2 1833 13
7f62c5d88000 68 3 1905 13
7f62c5913000 22 2 1930 13
7f62c5906000 28 2 1960 13
7f62c5907000 26 2 1988 13
7f62c5da1000 83 5 2076 13
7f62c5da2000 80 3 2160 13
7f62c6fb5000 152 7 2320 13
7f62c5910000 22 2 2344 13
7f62c5905000 37 3 2385 13
7f62c590c000 22 1 2408 13
7f62c590d000 24 2 2435 13
7f62c5daa000 71 3 2509 13
7f62c5902000 22 1 2533 13
7f62c5911000 22 1 2557 13
7f62c590b000 21 2 2581 13
7f62c5909000 23 2 2607 13
7f62c590a000 21 2 2631 13
7f62c5dbc000 46 3 2681 13
7f62c5dbb000 71 2 2755 13
7f62c5dc3000 74 4 2834 14
2853 14
0x7f62c77b9000
7f62c77b9000 66 26 92 3
92 3
0x7f62c7790000
7f62c7790000 72 45 117 7
7f62c778f000 56 21 195 8
7f62c778e000 91 19 306 9
7f62c7956000 91 24 422 9
7f62c7955000 76 14 513 9
7f62c766f000 89 17 620 10
7f62c765c000 111 25 757 10
7f62c7634000 80 12 850 10
7f62c5dae000 81 11 943 10
7f62c6244000 45 13 1002 12
7f62c624e000 43 2 1048 13
7f62c5906000 28 0 1076 14
1084 14
0x7f62c778f000
7f62c778f000 57 42 99 5
7f62c778e000 91 30 221 8
7f62c7956000 92 31 345 9
7f62c7955000 75 15 436 9
7f62c766f000 88 18 542 10
7f62c765c000 111 24 678 10
7f62c7634000 81 12 772 10
7f62c5dae000 80 11 865 10
7f62c6244000 45 14 925 12
7f62c624e000 43 2 970 13
7f62c5906000 27 0 998 14
1005 14
0x7f62c778e000
7f62c778e000 91 41 133 7
7f62c7956000 91 37 262 8
7f62c7955000 75 18 356 8
7f62c766f000 88 22 467 9
7f62c765c000 111 31 610 10
7f62c7634000 81 12 704 10
7f62c5dae000 81 11 797 10
7f62c6244000 45 14 857 12
7f62c624e000 43 2 902 13
7f62c5906000 27 0 930 14
937 14
0x7f62c7956000
7f62c7956000 91 65 156 5
7f62c7955000 76 25 258 7
7f62c766f000 89 24 372 8
7f62c765c000 111 36 520 10
7f62c7634000 80 13 614 10
7f62c5dae000 80 11 706 10
7f62c6244000 46 13 766 12
7f62c624e000 43 3 812 13
7f62c5906000 27 1 840 14
846 14
0x7f62c7955000
7f62c7955000 75 40 115 6
7f62c766f000 88 30 234 7
7f62c765c000 111 45 391 9
7f62c7634000 80 18 490 9
7f62c5dae000 81 16 588 9
7f62c6244000 45 19 653 12
7f62c624e000 43 2 698 13
7f62c5906000 27 0 726 14
732 14
0x7f62c766f000
7f62c766f000 88 47 135 6
7f62c765c000 111 52 299 9
7f62c7634000 81 18 399 9
7f62c5dae000 81 16 497 9
7f62c6244000 45 19 562 12
7f62c624e000 43 3 608 13
7f62c5906000 27 1 636 14
640 14
0x7f62c765c000
7f62c765c000 112 82 194 6
7f62c7634000 81 27 303 6
7f62c5dae000 81 25 410 9
7f62c6244000 45 19 475 12
7f62c624e000 44 2 521 13
7f62c5906000 27 1 549 14
552 14
0x7f62c7634000
7f62c7634000 81 43 124 4
7f62c5dae000 81 31 237 7
7f62c6244000 45 27 310 11
7f62c624e000 42 5 358 12
7f62c5906000 27 3 388 13
7f62c5901000 20 1 410 13
7f62c5910000 22 2 435 13
7f62c590a000 21 2 459 13
7f62c6247000 52 3 515 13
7f62c5911000 22 2 539 13
7f62c5907000 26 2 567 13
7f62c590f000 22 2 592 13
7f62c5914000 22 2 617 13
7f62c590d000 24 2 644 13
7f62c5912000 23 1 668 13
7f62c5dad000 95 4 768 13
7f62c5dac000 57 4 830 13
7f62c5dab000 54 4 889 13
7f62c5913000 22 2 914 13
7f62c6fd2000 57 3 975 14
979 14
0x7f62c8b8a000
7f62c8b8a000 65 37 103 3
7f62c8b89000 61 30 195 3
7f62c7556000 21 15 232 3
7f62c7550000 20 16 269 5
7f62c5d8b000 53 23 345 5
7f62c5d8a000 46 21 413 6
7f62c590f000 22 12 448 7
7f62c5901000 20 10 478 7
7f62c5d89000 36 14 528 7
7f62c5d88000 68 17 614 9
7f62c5913000 23 6 644 9
7f62c5906000 27 9 681 10
7f62c5907000 25 8 715 10
7f62c5da1000 83 16 814 12
7f62c5da2000 80 6 901 12
7f62c6fb5000 153 11 1066 13
7f62c5910000 22 2 1091 13
7f62c5905000 38 2 1131 13
7f62c590c000 21 2 1155 13
7f62c590d000 23 2 1181 13
7f62c5daa000 73 4 1259 13
7f62c5902000 22 1 1283 13
7f62c5911000 24 1 1309 13
7f62c590b000 22 2 1334 13
7f62c5909000 23 2 1360 13
7f62c590a000 22 1 1384 13
7f62c5dbc000 47 3 1435 13
7f62c5dbb000 71 2 1509 13
7f62c5dc3000 74 4 1588 14
1597 14
0x7f62c8b89000
7f62c8b89000 62 34 96 3
7f62c7556000 21 17 135 3
7f62c7550000 22 19 176 5
7f62c5d8b000 53 23 252 5
7f62c5d8a000 46 21 321 6
7f62c590f000 22 12 356 7
7f62c5901000 20 9 386 7
7f62c5d89000 36 14 437 7
7f62c5d88000 67 18 523 9
7f62c5913000 22 7 553 9
7f62c5906000 27 9 590 10
7f62c5907000 25 7 623 10
7f62c5da1000 83 16 723 12
7f62c5da2000 81 6 811 12
7f62c6fb5000 155 11 978 13
7f62c5910000 22 2 1002 13
7f62c5905000 37 3 1043 13
7f62c590c000 21 1 1066 13
7f62c590d000 24 2 1093 13
7f62c5daa000 71 4 1169 13
7f62c5902000 21 2 1193 13
7f62c5911000 22 1 1217 13
7f62c590b000 21 2 1241 13
7f62c5909000 23 2 1267 13
7f62c590a000 21 2 1291 13
7f62c5dbc000 47 2 1341 13
7f62c5dbb000 72 2 1416 13
7f62c5dc3000 74 5 1496 14
1504 14
0x7f62c8b88000
7f62c8b88000 114 46 160 8
7f62c7559000 22 9 192 8
7f62c7550000 20 10 223 9
7f62c755a000 22 7 252 9
7f62c8b8d000 62 16 331 9
7f62c8b8c000 54 13 399 9
7f62c755b000 21 9 430 9
7f62c755c000 84 20 534 10
7f62c7555000 22 6 562 11
7f62c8b8b000 69 10 641 12
7f62c7551000 21 5 669 12
7f62c5d8b000 52 8 730 12
7f62c5d8a000 46 7 784 12
7f62c590f000 22 5 812 12
7f62c5901000 20 5 838 12
7f62c5d89000 37 6 881 12
7f62c5d88000 68 8 958 12
7f62c5913000 22 5 986 12
7f62c5906000 27 5 1019 12
7f62c5907000 25 6 1051 12
7f62c5da1000 84 10 1145 13
7f62c5da2000 81 3 1230 13
7f62c6fb5000 152 7 1390 13
7f62c5910000 22 2 1414 13
7f62c5905000 38 2 1455 13
7f62c590c000 21 2 1479 13
7f62c590d000 26 2 1508 13
7f62c5daa000 71 3 1583 13
7f62c5902000 22 1 1607 13
7f62c5911000 22 2 1632 13
7f62c590b000 21 2 1656 13
7f62c5909000 24 2 1682 13
7f62c590a000 23 1 1707 13
7f62c5dbc000 50 3 1761 13
7f62c5dbb000 71 3 1836 13
7f62c5dc3000 74 4 1915 14
1925 14
0x7f62c8b8d000
7f62c8b8d000 62 39 101 5
7f62c8b8c000 54 24 180 5
7f62c755b000 22 14 217 5
7f62c7550000 20 14 252 7
7f62c755c000 83 26 361 9
7f62c7555000 22 7 390 10
7f62c8b8b000 69 13 473 11
7f62c7551000 21 6 502 11
7f62c5d8b000 52 10 565 11
7f62c5d8a000 46 10 622 11
7f62c590f000 22 6 651 11
7f62c5901000 20 6 678 11
7f62c5d89000 36 8 723 11
7f62c5d88000 68 10 802 11
7f62c5913000 22 6 831 11
7f62c5906000 27 8 867 11
7f62c5907000 26 6 899 11
7f62c5da1000 82 14 996 12
7f62c5da2000 81 6 1084 12
7f62c6fb5000 153 12 1250 13
7f62c5910000 22 2 1274 13
7f62c5905000 38 2 1315 13
7f62c590c000 21 2 1339 13
7f62c590d000 23 2 1365 13
7f62c5daa000 74 3 1443 13
7f62c5902000 21 2 1468 13
7f62c5911000 22 2 1492 13
7f62c590b000 21 2 1516 13
7f62c5909000 23 2 1542 13
7f62c590a000 21 2 1566 13
7f62c5dbc000 47 3 1617 13
7f62c5dbb000 71 3 1692 13
7f62c5dc3000 74 4 1771 14
1781 14
0x7f62c8b8c000
7f62c8b8c000 54 31 86 3
7f62c755b000 22 16 125 3
7f62c7550000 20 16 162 5
7f62c755c000 83 32 278 9
7f62c7555000 21 8 308 10
7f62c8b8b000 69 13 391 11
7f62c8b8d000 62 11 465 11
7f62c6fdc000 63 36 565 13
7f62c6fdb000 100 10 676 13
7f62c7556000 22 3 701 13
7f62c6f45000 71 7 780 13
7f62c7081000 101 8 889 13
7f62c7080000 103 7 1000 13
7f62c6f43000 125 4 1129 13
7f62c7050000 92 6 1228 13
7f62c704f000 110 6 1345 13
7f62c704e000 70 11 1426 13
7f62c704c000 75 5 1507 13
7f62c7040000 86 19 1613 13
7f62c703e000 48 4 1666 14
1669 14
0x7f62c8b8b000
7f62c8b8b000 69 35 104 7
7f62c8b8d000 61 22 188 7
7f62c8b8c000 54 17 260 7
7f62c755b000 22 10 293 7
7f62c7550000 20 10 324 8
7f62c755c000 83 22 430 10
7f62c7555000 22 6 458 11
7f62c7557000 21 6 486 11
7f62c8b84000 115 14 615 11
7f62c7551000 22 6 644 11
7f62c5da2000 80 11 736 12
7f62c590f000 23 3 763 12
7f62c5901000 20 3 787 12
7f62c5913000 23 3 814 12
7f62c6fb5000 153 12 979 13
7f62c5910000 22 2 1003 13
7f62c5905000 38 2 1044 13
7f62c590c000 21 2 1068 13
7f62c5d8b000 53 3 1124 13
7f62c5d8a000 47 3 1175 13
7f62c5d89000 36 3 1215 13
7f62c5d88000 67 3 1286 13
7f62c5906000 28 2 1317 13
7f62c5907000 25 2 1345 13
7f62c5da1000 83 4 1433 13
7f62c5dad000 95 3 1533 13
7f62c5dac000 58 4 1596 14
1606 14
0x7f62c8b84000
7f62c8b84000 116 48 164 5
7f62c7551000 22 13 200 5
7f62c7550000 20 13 234 7
7f62c8b8c000 54 17 306 7
7f62c755b000 21 10 338 7
7f62c755c000 84 25 448 9
7f62c7555000 21 7 477 10
7f62c8b8b000 69 13 560 11
7f62c8b8d000 62 12 635 11
7f62c6fdc000 63 36 735 13
7f62c6fdb000 101 9 845 13
7f62c7556000 21 3 870 13
7f62c6f45000 71 7 949 13
7f62c7081000 101 7 1057 13
7f62c7080000 101 7 1166 13
7f62c6f43000 133 4 1303 13
7f62c7050000 98 6 1407 13
7f62c704f000 110 7 1525 13
7f62c704e000 69 12 1606 13
7f62c704c000 80 5 1692 13
7f62c7040000 87 20 1799 13
7f62c703e000 53 4 1856 14
1860 14
0x7f62c8b8e000
7f62c8b8e000 83 53 136 6
7f62c5d83000 56 21 214 10
7f62c7552000 22 6 242 10
7f62c7550000 20 6 269 10
7f62c755b000 21 6 297 10
7f62c755c000 82 16 397 10
7f62c8b8d000 62 13 472 10
7f62c8b8c000 53 11 537 10
7f62c7555000 21 6 565 11
7f62c8b8b000 68 11 646 11
7f62c7551000 22 6 675 11
7f62c5d8b000 53 10 739 11
7f62c5d8a000 46 10 796 11
7f62c590f000 23 6 826 11
7f62c5901000 20 6 853 11
7f62c5d89000 36 9 899 11
7f62c5d88000 67 10 977 11
7f62c5913000 22 6 1007 11
7f62c5906000 28 7 1043 11
7f62c5907000 25 7 1076 11
7f62c5da1000 83 13 1173 12
7f62c5da2000 80 6 1261 12
7f62c6fb5000 152 11 1426 13
7f62c5910000 22 2 1451 13
7f62c5905000 38 2 1492 13
7f62c590c000 21 2 1516 13
7f62c590d000 24 2 1543 13
7f62c5daa000 70 4 1618 13
7f62c5902000 21 1 1642 13
7f62c5911000 21 2 1667 13
7f62c590b000 21 2 1691 13
7f62c5909000 24 1 1717 13
7f62c590a000 22 1 1741 13
7f62c5dbc000 46 3 1792 13
7f62c5dbb000 71 2 1867 13
7f62c5dc3000 73 4 1946 14
1957 14
0x7f62c8b8f000
7f62c8b8f000 52 34 86 4
87 4
0x7f62c8b90000
7f62c8b90000 19 22 42 6
42 6
0x7f62c8b82000
7f62c8b82000 40 33 73 5
7f62c8a80000 42 25 141 6
7f62c7551000 22 11 176 6
7f62c7550000 20 12 209 7
7f62c8a7f000 53 22 285 10
7f62c8a7e000 79 15 380 10
7f62c755b000 22 5 408 10
7f62c755c000 83 14 506 11
7f62c8a5a000 51 7 564 11
7f62c8a59000 79 10 655 11
7f62c7556000 21 3 680 11
7f62c5d8b000 53 7 741 11
7f62c5d8a000 46 6 794 11
7f62c590f000 23 3 821 12
7f62c5901000 20 2 844 12
7f62c5d89000 36 3 884 12
7f62c5d88000 68 4 957 12
7f62c5913000 22 2 983 12
7f62c5906000 27 3 1014 13
7f62c5907000 25 2 1042 13
7f62c5da1000 83 4 1130 13
7f62c5da2000 80 4 1216 13
7f62c6fb5000 152 6 1375 13
7f62c5910000 22 2 1400 13
7f62c5905000 38 2 1441 13
7f62c590c000 22 1 1465 13
7f62c590d000 24 2 1492 13
7f62c5daa000 71 4 1568 13
7f62c5902000 21 2 1592 13
7f62c5911000 22 1 1616 13
7f62c590b000 22 1 1640 13
7f62c5909000 24 2 1667 13
7f62c590a000 21 1 1690 13
7f62c5dbc000 46 3 1741 13
7f62c5dbb000 70 3 1816 13
7f62c5dc3000 74 5 1896 14
1910 14
0x7f62c8a80000
7f62c8a80000 42 35 78 4
7f62c8b82000 40 25 145 6
7f62c8b81000 62 29 237 6
7f62c7552000 21 12 271 6
7f62c7550000 20 11 303 7
7f62c7553000 21 10 335 7
7f62c7551000 22 9 367 7
7f62c7556000 21 9 399 7
7f62c7555000 21 10 432 8
7f62c3cd1000 101 26 560 13
7f62c3cc1000 17 1 578 13
7f62c3cc2000 16 1 596 13
7f62c7559000 22 1 620 13
7f62c7557000 22 1 644 13
7f62c8a7f000 53 4 702 14
706 14
0x7f62c8a7f000
7f62c8a7f000 53 41 95 7
7f62c8a7e000 80 25 201 9
7f62c755b000 21 7 231 9
7f62c7550000 20 7 259 10
7f62c755c000 83 14 356 11
7f62c7551000 21 3 381 11
7f62c8a5a000 49 8 440 11
7f62c8a59000 80 9 530 11
7f62c7556000 21 3 555 11
7f62c5d8b000 52 7 616 11
7f62c5d8a000 46 6 669 11
7f62c590f000 22 4 697 12
7f62c5901000 20 1 719 12
7f62c5d89000 37 3 760 12
7f62c5d88000 68 4 833 12
7f62c5913000 23 1 858 12
7f62c5906000 28 2 889 13
7f62c5907000 25 2 917 13
7f62c5da1000 83 5 1006 13
7f62c5da2000 80 4 1091 13
7f62c6fb5000 152 7 1251 13
7f62c5910000 23 1 1275 13
7f62c5905000 37 3 1317 13
7f62c590c000 21 1 1340 13
7f62c590d000 24 1 1367 13
7f62c5daa000 70 4 1443 13
7f62c5902000 22 1 1467 13
7f62c5911000 22 2 1492 13
7f62c590b000 21 2 1516 13
7f62c5909000 23 2 1542 13
7f62c590a000 22 1 1566 13
7f62c5dbc000 46 3 1617 13
7f62c5dbb000 70 3 1692 13
7f62c5dc3000 74 4 1771 14
1783 14
0x7f62c8a7e000
7f62c8a7e000 79 49 129 8
7f62c755b000 22 8 160 8
7f62c7550000 20 8 189 9
7f62c755c000 83 17 290 10
7f62c7551000 21 5 317 10
7f62c8a5a000 49 11 378 10
7f62c8a59000 80 14 473 10
7f62c7556000 22 4 499 10
7f62c5d8b000 53 9 562 10
7f62c5d8a000 46 8 617 10
7f62c590f000 23 4 646 11
7f62c5901000 20 4 671 11
7f62c5d89000 36 6 713 11
7f62c5d88000 67 7 788 11
7f62c5913000 22 3 815 11
7f62c5906000 27 4 847 12
7f62c5907000 25 3 877 12
7f62c5da1000 83 8 969 12
7f62c5da2000 81 6 1057 12
7f62c6fb5000 152 11 1221 13
7f62c5910000 22 2 1246 13
7f62c5905000 38 2 1287 13
7f62c590c000 21 2 1311 13
7f62c590d000 24 2 1338 13
7f62c5daa000 70 4 1413 13
7f62c5902000 21 2 1438 13
7f62c5911000 22 1 1462 13
7f62c590b000 21 1 1486 13
7f62c5909000 23 2 1513 13
7f62c590a000 22 1 1537 13
7f62c5dbc000 46 3 1588 13
7f62c5dbb000 71 3 1663 13
7f62c5dc3000 74 4 1742 14
1753 14
0x7f62c8a5a000
7f62c8a5a000 50 38 88 6
7f62c8a59000 79 31 200 7
7f62c7556000 21 10 232 7
7f62c7550000 21 11 265 9
7f62c5d8b000 52 14 332 9
7f62c5d8a000 47 12 392 9
7f62c590f000 23 8 424 10
7f62c5901000 20 6 451 10
7f62c5d89000 36 9 497 10
7f62c5d88000 67 11 577 10
7f62c5913000 22 6 607 10
7f62c5906000 27 8 643 11
7f62c5907000 26 6 676 11
7f62c5da1000 82 14 774 12
7f62c5da2000 81 6 862 12
7f62c6fb5000 153 11 1027 13
7f62c5910000 23 1 1051 13
7f62c5905000 37 3 1093 13
7f62c590c000 21 2 1117 13
7f62c590d000 24 1 1143 13
7f62c5daa000 71 4 1219 13
7f62c5902000 21 2 1243 13
7f62c5911000 22 1 1267 13
7f62c590b000 22 1 1292 13
7f62c5909000 24 1 1318 13
7f62c590a000 21 2 1342 13
7f62c5dbc000 47 2 1392 13
7f62c5dbb000 71 3 1467 13
7f62c5dc3000 74 4 1546 14
1555 14
0x7f62c8a59000
7f62c8a59000 79 48 127 7
127 7
0x7f62c786a000
7f62c786a000 74 27 102 3
102 3
0x7f62c8a1f000
7f62c8a1f000 38 45 84 5
7f62c755b000 21 12 118 5
7f62c7550000 21 11 150 6
7f62c755c000 83 26 259 10
7f62c8a1e000 54 8 322 10
7f62c5dbb000 71 8 401 10
7f62c5dc3000 74 14 490 11
7f62c5dc2000 55 5 551 12
7f62c590d000 24 1 577 12
7f62c5901000 20 2 600 12
7f62c5dc1000 80 3 683 12
7f62c5d8d000 42 3 729 12
7f62c5d8c000 36 3 769 12
7f62c5913000 23 1 793 12
7f62c5906000 27 3 824 13
7f62c5907000 26 1 851 13
7f62c590b000 21 2 875 13
7f62c590f000 22 2 900 13
7f62c5d8a000 48 3 952 13
7f62c5d89000 36 2 991 13
7f62c5d88000 68 3 1063 13
7f62c5da1000 85 4 1153 13
7f62c5da2000 81 3 1238 13
7f62c6fb5000 156 6 1401 14
1409 14
0x7f62c8a1e000
7f62c8a1e000 54 30 84 6
84 6
0x7f62c8a28000
7f62c8a28000 64 50 114 7
7f62c8a27000 48 18 181 7
7f62c7551000 22 11 214 7
7f62c7550000 21 13 248 9
7f62c5dbd000 93 14 355 9
7f62c5dbc000 47 13 416 10
7f62c5dbb000 74 8 499 10
7f62c5dc3000 74 13 587 11
7f62c5dc2000 54 5 647 12
7f62c590d000 24 2 674 12
7f62c5901000 20 2 696 12
7f62c5dc1000 80 4 780 12
7f62c5d8d000 40 2 822 12
7f62c5d8c000 40 2 865 12
7f62c5913000 22 1 889 12
7f62c5906000 27 3 920 13
7f62c5907000 25 1 947 13
7f62c590b000 21 2 971 13
7f62c590f000 22 2 996 13
7f62c5d8a000 48 3 1048 13
7f62c5d89000 37 2 1088 13
7f62c5d88000 68 2 1159 13
7f62c5da1000 86 4 1250 13
7f62c5da2000 81 3 1335 13
7f62c6fb5000 156 6 1498 14
1507 14
0x7f62c8a27000
7f62c8a27000 48 29 78 4
78 4
0x7f62c8a29000
7f62c8a29000 58 51 109 5
7f62c8a28000 61 36 207 7
7f62c8a27000 50 18 276 7
7f62c7551000 22 11 309 7
7f62c7550000 20 11 340 9
7f62c5dbd000 92 14 447 9
7f62c5dbc000 47 12 507 10
7f62c5dbb000 71 8 587 10
7f62c5dc3000 73 13 674 11
7f62c5dc2000 51 5 732 12
7f62c590d000 24 2 759 12
7f62c5901000 21 1 781 12
7f62c5dc1000 80 3 865 12
7f62c5d8d000 40 2 908 12
7f62c5d8c000 37 2 948 12
7f62c5913000 22 1 972 12
7f62c5906000 27 3 1003 13
7f62c5907000 26 1 1030 13
7f62c590b000 21 1 1053 13
7f62c590f000 23 2 1079 13
7f62c5d8a000 47 2 1128 13
7f62c5d89000 36 3 1168 13
7f62c5d88000 68 2 1238 13
7f62c5da1000 83 4 1326 13
7f62c5da2000 81 3 1411 13
7f62c6fb5000 152 5 1569 14
1580 14
0x7f62c8a58000
7f62c8a58000 40 27 67 3
7f62c755b000 21 16 105 3
7f62c7550000 21 16 143 5
7f62c755c000 83 32 258 9
7f62c7556000 22 7 287 9
7f62c8a29000 57 20 365 9
7f62c8a28000 61 20 447 9
7f62c8a27000 48 12 508 9
7f62c7551000 22 7 537 9
7f62c5dbd000 92 13 643 9
7f62c5dbc000 47 12 703 10
7f62c5dbb000 71 8 783 10
7f62c5dc3000 73 14 871 11
7f62c5dc2000 52 4 928 12
7f62c590d000 24 2 955 12
7f62c5901000 19 2 977 12
7f62c5dc1000 80 3 1060 12
7f62c5d8d000 39 3 1103 12
7f62c5d8c000 36 3 1143 12
7f62c5913000 23 1 1167 12
7f62c5906000 27 2 1197 13
7f62c5907000 25 2 1225 13
7f62c590b000 21 1 1248 13
7f62c590f000 22 2 1273 13
7f62c5d8a000 46 2 1322 13
7f62c5d89000 37 2 1362 13
7f62c5d88000 67 3 1433 13
7f62c5da1000 82 4 1520 13
7f62c5da2000 80 3 1604 13
7f62c6fb5000 153 6 1765 14
1776 14
0x7f62c8a57000
7f62c8a57000 172 93 266 7
266 7
0x7f62c76fb000
7f62c76fb000 65 25 90 3
90 3
0x7f62c7691000
7f62c7691000 79 31 110 6
7f62c5dbd000 91 24 226 7
7f62c5dbc000 48 18 293 9
7f62c5dbb000 71 11 376 9
7f62c5dc3000 73 18 468 11
7f62c5dc2000 52 5 526 12
7f62c590d000 24 2 553 12
7f62c5901000 20 2 576 12
7f62c5dc1000 80 4 660 12
7f62c5d8d000 40 3 703 12
7f62c5d8c000 37 3 744 12
7f62c5913000 23 2 769 12
7f62c5906000 28 2 799 12
7f62c5907000 25 3 828 12
7f62c590b000 21 2 852 12
7f62c590f000 23 2 878 12
7f62c5d8a000 46 4 929 12
7f62c5d89000 36 3 969 12
7f62c5d88000 68 4 1042 12
7f62c5da1000 83 7 1133 13
7f62c5da2000 80 3 1217 13
7f62c6fb5000 152 6 1376 14
1386 14
0x7f62c7690000
7f62c7690000 77 32 109 5
7f62c768f000 81 30 221 7
7f62c768e000 60 15 297 7
7f62c768d000 64 13 376 7
7f62889a1000 16 10 403 7
7f62c7557000 22 10 436 7
7f62c7550000 20 11 468 9
7f62c7691000 78 13 560 10
7f62c5dbd000 92 12 665 10
7f62c5dbc000 46 12 725 11
7f62c5dbb000 71 7 804 11
7f62c5dc3000 73 11 889 12
7f62c5dc2000 52 4 946 13
7f62c590d000 24 2 973 13
7f62c5901000 20 2 995 13
7f62c5dc1000 80 2 1077 13
7f62c5d8d000 40 1 1119 13
7f62c5d8c000 37 2 1159 13
7f62c5913000 23 1 1183 13
7f62c5906000 27 2 1213 13
7f62c5907000 25 1 1240 13
7f62c590b000 21 2 1264 13
7f62c590f000 22 2 1289 13
7f62c5d8a000 47 2 1338 13
7f62c5d89000 36 2 1377 13
7f62c5d88000 68 3 1449 13
7f62c5da1000 83 4 1537 13
7f62c5da2000 80 3 1621 13
7f62c6fb5000 153 6 1781 14
1794 14
0x7f62c768f000
7f62c768f000 81 42 123 7
7f62c768e000 60 16 200 7
7f62c768d000 64 13 278 7
7f62889a1000 16 11 306 7
7f62c7557000 21 11 339 7
7f62c7550000 20 11 371 9
7f62c7691000 79 12 462 10
7f62c5dbd000 92 13 568 10
7f62c5dbc000 47 11 627 11
7f62c5dbb000 71 7 706 11
7f62c5dc3000 73 11 791 12
7f62c5dc2000 52 5 849 13
7f62c590d000 24 1 875 13
7f62c5901000 20 1 897 13
7f62c5dc1000 79 3 980 13
7f62c5d8d000 40 2 1022 13
7f62c5d8c000 36 2 1061 13
7f62c5913000 22 1 1085 13
7f62c5906000 27 2 1115 13
7f62c5907000 25 1 1142 13
7f62c590b000 21 2 1166 13
7f62c590f000 23 1 1190 13
7f62c5d8a000 46 3 1240 13
7f62c5d89000 36 2 1279 13
7f62c5d88000 68 2 1350 13
7f62c5da1000 83 4 1438 13
7f62c5da2000 80 3 1522 13
7f62c6fb5000 152 6 1681 14
1693 14
0x7f62c768e000
7f62c768e000 61 26 87 3
7f62c768d000 65 19 172 3
7f62889a1000 16 20 209 3
7f62c768f000 83 36 329 7
7f62c7569000 72 24 426 8
7f62c756a000 71 15 513 8
7f62c9382000 23 9 546 8
7f62c5dbb000 76 15 637 8
7f62c5dc3000 74 23 735 10
7f62c5dc2000 52 9 797 11
7f62c590d000 24 5 827 11
7f62c5901000 20 4 852 11
7f62c5dc1000 79 8 940 11
7f62c5d8d000 40 6 986 11
7f62c5d8c000 37 6 1030 11
7f62c5913000 22 5 1058 11
7f62c5906000 27 6 1091 12
7f62c5907000 25 5 1122 12
7f62c590b000 21 4 1148 12
7f62c590f000 23 4 1176 12
7f62c5d8a000 46 7 1230 12
7f62c5d89000 36 6 1273 12
7f62c5d88000 67 8 1349 12
7f62c5da1000 82 10 1442 13
7f62c5da2000 81 3 1527 13
7f62c6fb5000 152 6 1686 14
1697 14
0x7f62c768d000
7f62c768d000 64 22 87 3
7f62889a1000 16 15 119 3
7f62c768f000 81 36 237 7
7f62c768e000 60 15 313 7
7f62c7552000 22 10 346 7
7f62c7550000 20 11 378 9
7f62c5d8c000 36 11 426 10
7f62c7554000 36 8 470 10
7f62c755b000 21 6 498 10
7f62c755c000 83 15 597 10
7f62c5dba000 64 13 675 10
7f62c590e000 41 7 724 10
7f62c5901000 20 6 751 10
7f62c5913000 22 6 780 10
7f62c5910000 22 7 810 10
7f62c590c000 22 5 837 10
7f62c5906000 27 8 873 11
7f62c5d8b000 52 10 936 11
7f62c5d8a000 47 9 993 11
7f62c590f000 22 7 1023 11
7f62c5d89000 36 8 1068 11
7f62c5d88000 67 10 1146 11
7f62c5907000 25 7 1180 11
7f62c5da1000 83 14 1277 12
7f62c5da2000 80 6 1364 12
7f62c6fb5000 153 11 1529 13
7f62c5905000 38 2 1569 13
7f62c590d000 24 1 1595 13
7f62c5daa000 71 4 1671 13
7f62c5902000 21 1 1694 13
7f62c5911000 22 2 1719 13
7f62c590b000 22 1 1742 13
7f62c5909000 24 1 1768 13
7f62c590a000 21 2 1792 13
7f62c5dbc000 47 2 1842 13
7f62c5dbb000 71 3 1917 13
7f62c5dc3000 74 4 1995 14
2005 14
0x7f62889a1000
7f62889a1000 16 18 34 0
34 0
0x7f62c8a24000
7f62c8a24000 55 27 83 6
7f62c8a59000 80 30 194 8
7f62c755b000 22 10 226 8
7f62c7550000 20 10 256 10
7f62c755c000 83 16 355 10
7f62c5d8b000 53 11 419 10
7f62c5d8a000 46 10 476 10
7f62c590f000 23 6 506 10
7f62c5901000 20 6 533 10
7f62c5d89000 36 9 579 10
7f62c5d88000 67 11 658 10
7f62c5913000 23 6 688 10
7f62c5906000 28 7 723 11
7f62c5907000 26 6 756 11
7f62c5da1000 83 14 854 12
7f62c5da2000 80 6 940 12
7f62c6fb5000 153 11 1105 13
7f62c5910000 22 2 1129 13
7f62c5905000 37 3 1170 13
7f62c590c000 21 1 1193 13
7f62c590d000 24 2 1220 13
7f62c5daa000 71 4 1295 13
7f62c5902000 21 2 1319 13
7f62c5911000 22 2 1343 13
7f62c590b000 22 1 1366 13
7f62c5909000 24 1 1392 13
7f62c590a000 21 2 1416 13
7f62c5dbc000 46 3 1466 13
7f62c5dbb000 71 3 1541 13
7f62c5dc3000 73 5 1620 14
1628 14
0x7f62c7569000
7f62c7569000 72 37 109 5
7f62c756a000 69 22 201 5
7f62c9382000 23 13 238 5
7f62c5dbb000 71 21 331 5
7f62c5dc3000 73 34 439 8
7f62c5dc2000 52 12 504 9
7f62c590d000 24 8 537 9
7f62c5901000 20 7 564 9
7f62c5dc1000 79 13 657 9
7f62c5d8d000 40 9 706 9
7f62c5d8c000 37 10 754 9
7f62c5913000 23 7 784 9
7f62c5906000 27 9 820 10
7f62c5907000 25 8 854 10
7f62c590b000 21 7 883 10
7f62c590f000 22 8 914 10
7f62c5d8a000 46 11 972 10
7f62c5d89000 36 10 1019 10
7f62c5d88000 67 12 1099 12
7f62c5da1000 83 10 1193 13
7f62c5da2000 80 3 1277 13
7f62c6fb5000 153 6 1437 14
1445 14
0x7f62c756a000
7f62c756a000 69 30 99 3
7f62c9382000 23 16 139 3
7f62c7569000 72 31 242 5
7f62c5dbb000 71 22 336 5
7f62c5dc3000 74 34 445 8
7f62c5dc2000 52 12 510 9
7f62c590d000 24 8 543 9
7f62c5901000 20 7 571 9
7f62c5dc1000 80 12 663 9
7f62c5d8d000 40 9 713 9
7f62c5d8c000 37 10 761 9
7f62c5913000 22 7 791 9
7f62c5906000 27 9 828 10
7f62c5907000 25 8 862 10
7f62c590b000 21 7 891 10
7f62c590f000 23 7 922 10
7f62c5d8a000 46 11 980 10
7f62c5d89000 36 10 1028 10
7f62c5d88000 67 13 1109 12
7f62c5da1000 83 10 1203 13
7f62c5da2000 80 3 1287 13
7f62c6fb5000 155 6 1449 14
1457 14
0x7f62c9382000
7f62c9382000 22 18 41 1
41 1
0x7f62c7560000
7f62c7560000 155 63 218 6
7f62c7692000 63 26 308 9
7f62c7691000 79 11 399 10
7f62c5dbd000 93 12 505 11
7f62c5dbc000 47 8 560 11
7f62c5dbb000 71 8 640 11
7f62c5dc3000 74 12 727 13
7f62c5dc2000 52 2 782 13
7f62c590d000 24 1 808 13
7f62c5901000 20 2 831 13
7f62c5dc1000 80 2 913 13
7f62c5d8d000 40 2 956 13
7f62c5d8c000 36 2 995 13
7f62c5913000 22 2 1020 13
7f62c5906000 28 1 1049 13
7f62c5907000 26 1 1077 13
7f62c590b000 22 1 1101 13
7f62c590f000 22 2 1126 13
7f62c5d8a000 46 3 1176 13
7f62c5d89000 36 2 1215 13
7f62c5d88000 68 3 1287 13
7f62c5da1000 83 4 1375 13
7f62c5da2000 81 3 1460 13
7f62c6fb5000 152 6 1619 14
1632 14
0x7f62c7692000
7f62c7692000 63 40 103 8
7f62c7691000 79 14 197 9
7f62c5dbd000 92 14 303 10
7f62c5dbc000 47 10 361 10
7f62c5dbb000 71 9 442 10
7f62c5dc3000 74 15 532 12
7f62c5dc2000 52 4 589 13
7f62c590d000 24 1 615 13
7f62c5901000 20 1 637 13
7f62c5dc1000 79 3 720 13
7f62c5d8d000 40 1 761 13
7f62c5d8c000 37 2 801 13
7f62c5913000 23 1 825 13
7f62c5906000 27 2 855 13
7f62c5907000 25 2 883 13
7f62c590b000 22 1 906 13
7f62c590f000 22 2 931 13
7f62c5d8a000 46 2 980 13
7f62c5d89000 36 2 1019 13
7f62c5d88000 68 3 1091 13
7f62c5da1000 83 4 1179 13
7f62c5da2000 80 3 1263 13
7f62c6fb5000 152 6 1422 14
1434 14
0x7f62c7dcd000
7f62c7dcd000 52 31 83 5
83 5
0x7f62c7c8d000
7f62c7c8d000 48 23 71 6
71 6
0x7f62c7ca2000
7f62c7ca2000 64 28 93 5
7f62c7ca1000 77 16 187 5
7f62c5dbd000 91 23 302 6
7f62c5dbc000 46 17 366 6
7f62c5dbb000 70 16 453 6
7f62c5dc3000 73 27 555 8
7f62c5dc2000 52 10 618 9
7f62c590d000 24 5 648 9
7f62c5901000 20 5 674 9
7f62c5dc1000 79 10 763 9
7f62c5d8d000 39 7 810 9
7f62c5d8c000 37 7 855 9
7f62c5913000 22 5 883 9
7f62c5906000 27 6 917 10
7f62c5907000 25 6 949 10
7f62c590b000 22 4 975 10
7f62c590f000 22 5 1003 10
7f62c5d8a000 46 9 1059 10
7f62c5d89000 36 7 1103 10
7f62c5d88000 68 9 1181 12
7f62c5da1000 83 6 1271 13
7f62c5da2000 81 3 1356 13
7f62c6fb5000 152 6 1515 14
1527 14
0x7f62c7ca1000
7f62c7ca1000 78 24 103 3
7f62c5dbd000 92 30 226 4
7f62c5dbc000 46 24 297 6
7f62c5dbb000 71 16 385 6
7f62c5dc3000 73 27 486 8
7f62c5dc2000 52 10 549 9
7f62c590d000 24 5 579 9
7f62c5901000 20 5 605 9
7f62c5dc1000 80 9 694 9
7f62c5d8d000 39 8 742 9
7f62c5d8c000 37 8 787 9
7f62c5913000 23 4 814 9
7f62c5906000 27 7 849 10
7f62c5907000 25 5 880 10
7f62c590b000 21 5 907 10
7f62c590f000 23 5 935 10
7f62c5d8a000 46 9 991 10
7f62c5d89000 36 7 1035 10
7f62c5d88000 67 10 1113 12
7f62c5da1000 83 7 1204 13
7f62c5da2000 80 3 1288 13
7f62c6fb5000 152 6 1447 14
1458 14
0x7f62c854e000
7f62c854e000 77 44 121 7
7f62c5dbb000 70 17 210 7
7f62c5dc3000 73 35 319 9
7f62c5dc2000 52 11 383 9
7f62c590d000 24 7 415 9
7f62c5901000 20 7 443 9
7f62c5dc1000 79 12 535 9
7f62c5d8d000 40 9 585 9
7f62c5d8c000 37 10 633 9
7f62c5913000 23 7 663 9
7f62c5906000 27 9 700 10
7f62c5907000 26 8 734 10
7f62c590b000 21 7 763 10
7f62c590f000 23 7 793 10
7f62c5d8a000 46 11 851 10
7f62c5d89000 36 10 898 10
7f62c5d88000 68 12 979 12
7f62c5da1000 83 9 1072 13
7f62c5da2000 80 3 1156 13
7f62c6fb5000 151 6 1315 14
1324 14
0x7f62c854d000
7f62c854d000 73 37 110 7
7f62c854c000 61 19 191 8
7f62c5da2000 85 19 296 10
7f62c590f000 23 5 325 11
7f62c5901000 20 3 348 11
7f62c5913000 22 3 374 11
7f62c6fb5000 158 14 547 13
7f62c5910000 23 1 571 13
7f62c5905000 38 2 612 13
7f62c590c000 26 1 640 13
7f62c5d8b000 53 3 697 13
7f62c5d8a000 47 2 747 13
7f62c5d89000 36 3 788 13
7f62c5d88000 72 4 864 13
7f62c5906000 27 2 894 13
7f62c5907000 26 2 923 13
7f62c5da1000 84 4 1011 13
7f62c5dad000 100 3 1115 13
7f62c5dac000 57 5 1178 14
1187 14
0x7f62c854c000
7f62c854c000 61 33 94 4
7f62c5da2000 80 29 204 9
7f62c590f000 22 6 233 10
7f62c5901000 20 3 257 10
7f62c5913000 22 4 284 10
7f62c6fb5000 152 18 455 13
7f62c5910000 22 2 480 13
7f62c5905000 37 3 521 13
7f62c590c000 22 1 544 13
7f62c5d8b000 52 4 601 13
7f62c5d8a000 47 3 651 13
7f62c5d89000 36 2 690 13
7f62c5d88000 68 3 762 13
7f62c5906000 27 2 792 13
7f62c5907000 25 2 820 13
7f62c5da1000 83 4 908 13
7f62c5dad000 95 4 1008 13
7f62c5dac000 57 4 1070 14
1078 14
0x7f62c854b000
7f62c854b000 108 49 157 6
7f62c8a7e000 79 33 270 8
7f62c755b000 21 8 300 8
7f62c7550000 20 8 329 9
7f62c755c000 83 17 429 10
7f62c7551000 21 4 455 10
7f62c8a5a000 50 10 516 10
7f62c8a59000 80 14 611 10
7f62c7556000 21 4 636 10
7f62c5d8b000 53 9 699 10
7f62c5d8a000 46 8 754 10
7f62c590f000 23 5 783 11
7f62c5901000 20 3 806 11
7f62c5d89000 36 5 848 11
7f62c5d88000 68 7 924 11
7f62c5913000 22 3 950 11
7f62c5906000 27 4 982 12
7f62c5907000 27 4 1014 12
7f62c5da1000 83 8 1106 12
7f62c5da2000 81 8 1196 12
7f62c6fb5000 154 11 1362 13
7f62c5910000 23 1 1386 13
7f62c5905000 40 2 1429 13
7f62c590c000 22 1 1453 13
7f62c590d000 24 2 1480 13
7f62c5daa000 71 4 1556 13
7f62c5902000 21 2 1580 13
7f62c5911000 23 3 1606 13
7f62c590b000 22 1 1630 13
7f62c5909000 24 1 1656 13
7f62c590a000 22 1 1680 13
7f62c5dbc000 47 3 1731 13
7f62c5dbb000 71 3 1806 13
7f62c5dc3000 76 4 1888 14
1900 14
0x7f62c89fa000
7f62c89fa000 74 93 167 8
7f62c8a57000 172 43 383 9
7f62c755b000 21 7 412 9
7f62c7550000 21 6 439 11
7f62c755c000 83 10 532 11
7f62c7556000 22 3 557 11
7f62c7551000 22 3 582 11
583 11
0x7f62c854a000
7f62c854a000 159 73 232 5
7f62c8549000 201 68 502 6
7f62c8547000 160 40 703 7
7f62c8546000 247 56 1007 9
7f62c8a7e000 79 18 1106 10
7f62c755b000 22 4 1133 10
7f62c7550000 20 4 1158 11
7f62c755c000 83 9 1251 11
7f62c7551000 21 3 1276 11
7f62c8a5a000 49 7 1333 11
7f62c8a59000 81 9 1424 11
7f62c7556000 21 2 1448 11
7f62c5d8b000 53 6 1508 11
7f62c5d8a000 46 5 1560 11
7f62c590f000 23 3 1587 12
7f62c5901000 20 1 1609 12
7f62c5d89000 36 3 1649 12
7f62c5d88000 67 4 1721 12
7f62c5913000 22 1 1745 12
7f62c5906000 27 3 1776 13
7f62c5907000 25 1 1803 13
7f62c5da1000 83 4 1891 13
7f62c5da2000 80 3 1975 13
7f62c6fb5000 152 6 2134 14
2144 14
0x7f62c8549000
7f62c8549000 201 95 297 6
7f62c8547000 161 40 499 7
7f62c8546000 247 56 803 9
7f62c8a7e000 80 19 903 10
7f62c755b000 21 5 930 10
7f62c7550000 21 4 955 11
7f62c755c000 84 9 1048 11
7f62c7551000 21 3 1073 11
7f62c8a5a000 49 7 1130 11
7f62c8a59000 80 10 1221 11
7f62c7556000 21 3 1245 11
7f62c5d8b000 53 6 1305 11
7f62c5d8a000 46 5 1357 11
7f62c590f000 23 3 1384 12
7f62c5901000 20 1 1406 12
7f62c5d89000 36 3 1446 12
7f62c5d88000 67 4 1518 12
7f62c5913000 23 1 1543 12
7f62c5906000 27 2 1573 13
7f62c5907000 25 2 1601 13
7f62c5da1000 83 4 1688 13
7f62c5da2000 80 3 1772 13
7f62c6fb5000 153 6 1932 14
1941 14
0x7f62c8547000
7f62c8547000 162 63 226 6
7f62c8546000 247 65 539 8
7f62c8a7e000 79 23 642 9
7f62c755b000 21 6 670 9
7f62c7550000 20 6 697 10
7f62c755c000 83 13 794 10
7f62c7551000 22 4 820 10
7f62c8a5a000 50 10 881 10
7f62c8a59000 80 13 975 10
7f62c7556000 21 4 1001 10
7f62c5d8b000 52 10 1064 10
7f62c5d8a000 46 8 1119 10
7f62c590f000 23 5 1148 11
7f62c5901000 20 3 1171 11
7f62c5d89000 36 5 1213 11
7f62c5d88000 67 7 1288 11
7f62c5913000 22 3 1314 11
7f62c5906000 27 5 1347 12
7f62c5907000 25 3 1376 12
7f62c5da1000 83 7 1467 12
7f62c5da2000 80 7 1555 12
7f62c6fb5000 153 11 1720 13
7f62c5910000 23 1 1744 13
7f62c5905000 38 2 1785 13
7f62c590c000 21 2 1809 13
7f62c590d000 24 1 1835 13
7f62c5daa000 71 4 1911 13
7f62c5902000 21 1 1934 13
7f62c5911000 22 2 1959 13
7f62c590b000 21 2 1983 13
7f62c5909000 23 2 2009 13
7f62c590a000 21 1 2032 13
7f62c5dbc000 47 3 2083 13
7f62c5dbb000 71 2 2157 13
7f62c5dc3000 73 5 2236 14
2247 14
0x7f62c8546000
7f62c8546000 248 102 350 7
7f62c8a7e000 79 27 457 8
7f62c755b000 22 8 487 8
7f62c7550000 20 8 516 9
7f62c755c000 83 17 616 10
7f62c7551000 22 4 642 10
7f62c8a5a000 49 11 703 10
7f62c8a59000 80 13 797 10
7f62c7556000 21 4 823 10
7f62c5d8b000 52 9 885 10
7f62c5d8a000 46 9 941 10
7f62c590f000 22 5 969 11
7f62c5901000 20 3 993 11
7f62c5d89000 36 6 1035 11
7f62c5d88000 68 7 1110 11
7f62c5913000 22 3 1136 11
7f62c5906000 27 4 1168 12
7f62c5907000 25 4 1198 12
7f62c5da1000 83 8 1289 12
7f62c5da2000 80 6 1376 12
7f62c6fb5000 152 11 1540 13
7f62c5910000 22 2 1565 13
7f62c5905000 38 2 1605 13
7f62c590c000 21 2 1629 13
7f62c590d000 23 2 1655 13
7f62c5daa000 71 4 1731 13
7f62c5902000 21 2 1755 13
7f62c5911000 21 2 1779 13
7f62c590b000 21 2 1803 13
7f62c5909000 23 2 1829 13
7f62c590a000 21 2 1853 13
7f62c5dbc000 47 3 1904 13
7f62c5dbb000 71 3 1978 13
7f62c5dc3000 73 5 2057 14
2067 14
0x7f62c8545000
7f62c8545000 222 90 312 7
7f62c8544000 259 86 658 8
7f62c7551000 22 10 691 8
7f62c7550000 21 10 722 10
7f62c89fa000 74 30 826 12
7f62c8a57000 172 14 1014 12
7f62c755b000 22 2 1038 12
7f62c755c000 83 7 1128 12
7f62c7556000 21 2 1151 12
7f62c7dcf000 55 7 1214 12
7f62c7db3000 68 4 1287 12
7f62c7db2000 76 4 1368 12
7f62c7558000 22 1 1392 12
7f62c7db1000 77 5 1475 12
7f62c5dbb000 71 4 1551 12
7f62c5dc3000 73 7 1632 13
7f62c5dc2000 52 1 1685 13
7f62c590d000 24 0 1710 13
7f62c5901000 20 0 1731 13
7f62c5dc1000 79 1 1812 13
7f62c5d8d000 40 1 1853 13
7f62c5d8c000 37 1 1891 13
7f62c5913000 22 0 1914 13
7f62c5906000 27 1 1943 14
1950 14
0x7f62c8544000
7f62c8544000 258 151 409 7
7f62c7551000 22 11 443 7
7f62c7550000 20 11 475 9
7f62c89fa000 73 38 587 11
7f62c8a57000 172 21 781 12
7f62c755b000 22 2 805 12
7f62c755c000 83 6 894 12
7f62c7556000 21 2 918 12
918 12
0x7f62c7dcf000
7f62c7dcf000 55 48 104 5
7f62c7db3000 67 25 197 5
7f62c7db2000 75 25 298 6
7f62c7558000 22 11 332 6
7f62c7550000 20 12 365 8
7f62c7db1000 78 17 460 8
7f62c5dbb000 71 14 546 8
7f62c5dc3000 73 22 642 10
7f62c5dc2000 52 8 703 11
7f62c590d000 24 4 732 11
7f62c5901000 20 3 756 11
7f62c5dc1000 80 7 844 11
7f62c5d8d000 40 5 889 11
7f62c5d8c000 37 6 933 11
7f62c5913000 23 3 959 11
7f62c5906000 27 5 992 12
7f62c5907000 25 4 1022 12
7f62c590b000 21 4 1048 12
7f62c590f000 23 4 1076 12
7f62c5d8a000 46 6 1129 12
7f62c5d89000 36 5 1171 12
7f62c5d88000 68 6 1246 12
7f62c5da1000 83 9 1340 14
1349 14
0x7f62c7db3000
7f62c7db3000 69 34 103 3
7f62c7db2000 76 31 211 6
7f62c7558000 21 12 245 6
7f62c7550000 21 12 278 8
7f62c7db1000 78 18 374 8
7f62c5dbb000 71 14 460 8
7f62c5dc3000 74 22 557 10
7f62c5dc2000 52 8 618 11
7f62c590d000 24 4 647 11
7f62c5901000 20 4 672 11
7f62c5dc1000 80 7 759 11
7f62c5d8d000 40 5 805 11
7f62c5d8c000 37 6 849 11
7f62c5913000 22 4 875 11
7f62c5906000 27 5 908 12
7f62c5907000 27 7 943 12
7f62c590b000 22 3 969 12
7f62c590f000 23 4 997 12
7f62c5d8a000 47 6 1051 12
7f62c5d89000 37 5 1094 12
7f62c5d88000 72 7 1174 12
7f62c5da1000 83 9 1267 14
1276 14
0x7f62c7db2000
7f62c7db2000 81 35 116 6
7f62c7558000 22 12 151 6
7f62c7550000 20 12 184 8
7f62c7db1000 79 22 285 8
7f62c5dbb000 72 14 372 8
7f62c5dc3000 74 23 470 10
7f62c5dc2000 56 8 535 11
7f62c590d000 24 4 564 11
7f62c5901000 20 4 589 11
7f62c5dc1000 85 7 681 11
7f62c5d8d000 41 5 727 11
7f62c5d8c000 37 6 771 11
7f62c5913000 22 4 797 11
7f62c5906000 27 6 831 12
7f62c5907000 26 4 861 12
7f62c590b000 25 4 891 12
7f62c590f000 23 4 919 12
7f62c5d8a000 46 6 972 12
7f62c5d89000 37 6 1016 12
7f62c5d88000 71 8 1095 12
7f62c5da1000 83 9 1189 14
1197 14
0x7f62c7db1000
7f62c7db1000 82 40 122 5
7f62c5dbb000 72 21 216 5
7f62c5dc3000 74 33 324 9
7f62c5dc2000 52 10 387 10
7f62c590d000 24 5 417 10
7f62c5901000 20 5 443 10
7f62c5dc1000 79 9 532 10
7f62c5d8d000 40 6 579 10
7f62c5d8c000 37 8 625 10
7f62c5913000 22 6 653 10
7f62c5906000 27 7 687 11
7f62c5907000 25 6 719 11
7f62c590b000 21 5 746 11
7f62c590f000 23 5 774 11
7f62c5d8a000 46 8 829 11
7f62c5d89000 37 7 874 11
7f62c5d88000 67 9 951 11
7f62c5da1000 83 12 1047 13
7f62c5da2000 80 3 1131 13
7f62c6fb5000 152 6 1290 14
1298 14
0x7f62c7db0000
7f62c7db0000 45 23 68 3
7f62c8a43000 50 22 141 3
7f62c8a42000 59 32 233 4
7f62c7558000 21 14 269 4
7f62c7550000 21 14 304 5
7f62c7552000 22 12 338 5
7f62c5dbd000 91 24 454 6
7f62c5dbc000 46 18 519 7
7f62c5dbb000 71 13 604 7
7f62c5dc3000 74 23 702 8
7f62c5dc2000 52 10 765 9
7f62c590d000 24 5 795 9
7f62c5901000 20 5 821 9
7f62c5dc1000 79 11 911 9
7f62c5d8d000 41 7 959 9
7f62c5d8c000 36 8 1004 9
7f62c5913000 23 4 1031 9
7f62c5906000 27 7 1066 10
7f62c5907000 26 5 1097 10
7f62c590b000 21 4 1123 10
7f62c590f000 23 5 1152 10
7f62c5d8a000 46 8 1207 10
7f62c5d89000 36 7 1251 10
7f62c5d88000 68 9 1329 12
7f62c5da1000 83 6 1419 13
7f62c5da2000 80 3 1503 13
7f62c6fb5000 152 6 1663 14
1674 14
0x7f62c8a43000
7f62c8a43000 50 25 75 3
7f62c8a42000 59 32 167 4
7f62c7558000 22 14 203 4
7f62c7550000 20 15 238 5
7f62c7552000 21 12 271 5
7f62c5dbd000 92 23 387 6
7f62c5dbc000 47 18 453 7
7f62c5dbb000 71 13 538 7
7f62c5dc3000 73 23 635 8
7f62c5dc2000 51 10 697 9
7f62c590d000 24 5 727 9
7f62c5901000 20 4 752 9
7f62c5dc1000 79 10 842 9
7f62c5d8d000 40 7 889 9
7f62c5d8c000 37 8 934 9
7f62c5913000 22 5 961 9
7f62c5906000 27 6 995 10
7f62c5907000 25 6 1027 10
7f62c590b000 22 4 1053 10
7f62c590f000 22 5 1081 10
7f62c5d8a000 46 8 1136 10
7f62c5d89000 36 7 1181 10
7f62c5d88000 67 9 1258 12
7f62c5da1000 83 7 1349 13
7f62c5da2000 80 3 1433 13
7f62c6fb5000 153 6 1593 14
1603 14
0x7f62c8a42000
7f62c8a42000 59 38 97 4
97 4
0x7f62c8a49000
7f62c8a49000 57 23 81 3
7f62c7550000 20 16 118 5
7f62c5dba000 64 29 211 7
7f62c590e000 40 11 263 7
7f62c5901000 20 9 293 7
7f62c5913000 22 10 326 7
7f62c5910000 23 9 358 7
7f62c590c000 21 9 389 7
7f62c5906000 27 12 429 8
7f62c5d8b000 52 17 499 8
7f62c5d8a000 46 15 561 8
7f62c590f000 22 10 594 8
7f62c5d89000 36 14 645 8
7f62c5d88000 67 17 730 10
7f62c5907000 25 8 764 10
7f62c5da1000 83 16 863 12
7f62c5da2000 80 7 951 12
7f62c6fb5000 152 11 1115 13
7f62c5905000 37 3 1156 13
7f62c590d000 24 2 1182 13
7f62c5daa000 71 3 1257 13
7f62c5902000 21 2 1281 13
7f62c5911000 21 2 1305 13
7f62c590b000 21 2 1329 13
7f62c5909000 23 2 1355 13
7f62c590a000 22 1 1378 13
7f62c5dbc000 47 3 1429 13
7f62c5dbb000 70 3 1503 13
7f62c5dc3000 73 5 1582 14
1590 14
0x7f62c8a48000
7f62c8a48000 48 23 72 3
72 3
0x7f62c8a4a000
7f62c8a4a000 56 33 90 5
7f62c7550000 20 11 122 6
7f62c5dba000 64 23 210 8
7f62c590e000 41 7 259 8
7f62c5901000 20 7 287 8
7f62c5913000 22 7 316 8
7f62c5910000 22 7 345 8
7f62c590c000 21 6 373 8
7f62c5906000 27 9 410 9
7f62c5d8b000 53 12 475 9
7f62c5d8a000 46 11 533 9
7f62c590f000 22 7 563 9
7f62c5d89000 36 10 610 9
7f62c5d88000 67 12 690 11
7f62c5907000 25 5 721 11
7f62c5da1000 82 11 815 12
7f62c5da2000 80 6 902 12
7f62c6fb5000 152 11 1066 13
7f62c5905000 37 3 1107 13
7f62c590d000 24 2 1133 13
7f62c5daa000 70 4 1208 13
7f62c5902000 21 2 1232 13
7f62c5911000 21 2 1256 13
7f62c590b000 21 2 1280 13
7f62c5909000 23 2 1306 13
7f62c590a000 21 1 1329 13
7f62c5dbc000 47 3 1380 13
7f62c5dbb000 70 3 1454 13
7f62c5dc3000 73 5 1533 14
1541 14
0x7f62c8a4b000
7f62c8a4b000 50 24 75 3
7f62c8a4a000 55 29 160 5
7f62c7550000 20 11 192 6
7f62c5dba000 64 23 280 8
7f62c590e000 41 7 329 8
7f62c5901000 20 7 357 8
7f62c5913000 22 7 386 8
7f62c5910000 23 6 415 8
7f62c590c000 21 6 443 8
7f62c5906000 27 8 479 9
7f62c5d8b000 53 12 545 9
7f62c5d8a000 46 11 603 9
7f62c590f000 23 6 633 9
7f62c5d89000 36 10 680 9
7f62c5d88000 67 12 760 11
7f62c5907000 25 4 790 11
7f62c5da1000 83 10 884 12
7f62c5da2000 80 6 971 12
7f62c6fb5000 153 11 1136 13
7f62c5905000 37 3 1177 13
7f62c590d000 24 2 1203 13
7f62c5daa000 71 4 1279 13
7f62c5902000 21 2 1303 13
7f62c5911000 21 2 1327 13
7f62c590b000 21 1 1350 13
7f62c5909000 24 1 1376 13
7f62c590a000 21 2 1400 13
7f62c5dbc000 47 3 1451 13
7f62c5dbb000 71 2 1525 13
7f62c5dc3000 74 5 1605 14
1614 14
0x7f62c75a8000
7f62c75a8000 58 34 92 5
7f62c75a7000 44 14 151 5
7f62c5dbb000 71 22 244 5
7f62c5dc3000 74 34 352 9
7f62c5dc2000 52 10 415 10
7f62c590d000 24 6 446 10
7f62c5901000 20 6 472 10
7f62c5dc1000 80 10 562 10
7f62c5d8d000 40 7 609 10
7f62c5d8c000 37 7 654 10
7f62c5913000 22 5 682 10
7f62c5906000 27 7 717 11
7f62c5907000 25 6 749 11
7f62c590b000 21 5 776 11
7f62c590f000 23 5 805 11
7f62c5d8a000 46 9 861 11
7f62c5d89000 36 7 905 11
7f62c5d88000 68 9 983 11
7f62c5da1000 83 12 1079 13
7f62c5da2000 82 3 1165 13
7f62c6fb5000 153 6 1325 14
1333 14
0x7f62c75a7000
7f62c75a7000 44 19 63 3
63 3
