0x465000
465000 58 39 98 6
464000 47 19 165 7
5a0000 1082 175 1423 7
4fa000 94 27 1545 12
499000 76 8 1629 12
5a4000 1075 73 2778 12
498000 75 8 2862 12
497000 64 6 2933 12
496000 52 4 2990 12
5a3000 1084 70 4145 12
4e5000 75 7 4228 12
4e4000 54 4 4287 12
462000 21 1 4310 12
55a000 94 7 4412 12
7f127f3c8000 116 6 4535 12
7f127f3b2000 55 4 4595 12
7f127f19a000 24 2 4621 12
7f127f3b1000 39 2 4662 12
7f127f3b0000 38 3 4704 12
7f127f3af000 63 3 4771 12
7f127f1d7000 60 4 4836 12
7f127f1d6000 59 5 4900 12
7f127ece8000 61 10 4972 13
7f127ece4000 80 8 5061 13
7f127ece3000 57 9 5128 13
7f127ecde000 55 6 5190 13
7f127ecdd000 78 11 5280 14
5288 14
0x464000
464000 46 32 79 5
5a0000 1079 221 1380 5
4fa000 94 37 1511 11
499000 76 13 1600 11
5a4000 1077 98 2776 11
498000 75 14 2865 11
497000 64 11 2940 11
496000 52 8 3000 11
5a3000 1083 94 4178 11
4e5000 75 12 4265 12
4e4000 54 4 4324 12
462000 21 1 4347 12
55a000 94 8 4450 12
7f127f3c8000 115 7 4573 12
7f127f3b2000 55 4 4632 12
7f127f19a000 23 2 4658 12
7f127f3b1000 39 3 4700 12
7f127f3b0000 39 3 4742 12
7f127f3af000 64 3 4809 12
7f127f1d7000 62 3 4874 12
7f127f1d6000 59 6 4939 12
7f127ece8000 61 10 5010 13
7f127ece4000 80 9 5100 13
7f127ece3000 57 10 5167 13
7f127ecde000 55 7 5229 13
7f127ecdd000 78 11 5318 14
5325 14
0x5a0000
5a0000 1078 308 1387 1
4fa000 94 55 1537 11
499000 75 14 1627 11
5a4000 1082 97 2806 11
498000 75 13 2895 11
497000 64 10 2970 11
496000 52 8 3031 11
5a3000 1083 93 4208 11
4e5000 75 11 4295 12
4e4000 55 4 4355 12
462000 20 2 4378 12
55a000 95 7 4480 12
7f127f3c8000 115 7 4603 12
7f127f3b2000 55 4 4663 12
7f127f19a000 24 1 4688 12
7f127f3b1000 38 3 4730 12
7f127f3b0000 38 3 4772 12
7f127f3af000 64 3 4839 12
7f127f1d7000 61 3 4904 12
7f127f1d6000 59 6 4969 12
7f127ece8000 61 10 5040 13
7f127ece4000 81 8 5130 13
7f127ece3000 57 10 5197 13
7f127ecde000 54 7 5259 13
7f127ecdd000 78 11 5348 14
5355 14
0x4fa000
4fa000 93 57 151 11
151 11
0x499000
499000 76 60 136 6
5a4000 1071 198 1406 6
498000 75 37 1519 8
497000 63 21 1604 8
496000 51 18 1674 9
5a0000 1069 137 2881 9
4fa000 93 20 2995 11
508000 62 10 3067 11
575000 75 12 3154 11
5a3000 1073 93 4321 11
4e5000 74 11 4407 12
4e4000 55 4 4467 12
462000 20 2 4490 12
55a000 94 7 4591 12
7f127f3c8000 114 7 4713 12
7f127f3b2000 54 4 4772 12
7f127f19a000 24 1 4797 12
7f127f3b1000 38 3 4839 12
7f127f3b0000 38 3 4880 12
7f127f3af000 63 3 4947 12
7f127f1d7000 61 3 5011 12
7f127f1d6000 58 5 5075 12
7f127ece8000 60 11 5147 13
7f127ece4000 80 8 5235 13
7f127ece3000 56 10 5302 13
7f127ecde000 54 6 5363 13
7f127ecdd000 77 11 5452 14
5460 14
0x5a4000
5a4000 1066 306 1373 1
1373 1
0x498000
498000 74 63 137 6
497000 63 28 229 8
496000 51 18 299 9
5a0000 1069 138 1507 9
4fa000 93 19 1620 11
499000 74 14 1709 11
5a4000 1067 97 2873 11
463000 22 3 2899 11
462000 20 3 2923 12
7f127efd4000 102 7 3033 12
7f127efc4000 16 1 3050 12
7f127efc5000 16 1 3068 12
59f000 1071 70 4210 12
5a5000 796 50 5057 12
59e000 50 2 5110 12
7f127e9be000 44 4 5160 12
7f127e9bd000 59 3 5223 12
7f127e9bc000 70 4 5298 12
7f127e9c5000 57 8 5364 12
7f127e9c4000 54 3 5422 12
7f127e9c3000 59 5 5487 12
7f127e9c1000 60 4 5552 12
7f127e9c8000 243 14 5810 13
7f127e9c0000 95 3 5908 13
7f127e9bf000 36 2 5947 13
7f127e9c6000 36 3 5987 13
7f127e9c7000 121 5 6114 13
7f127e9bb000 52 2 6169 13
7f127e9c2000 35 2 6208 13
5a3000 1070 52 7333 13
4e5000 74 5 7413 13
4e4000 55 3 7471 13
55a000 94 5 7571 13
7f127f3c8000 115 4 7690 13
7f127f3b2000 54 3 7748 13
7f127f19a000 24 1 7773 13
7f127f3b1000 39 2 7814 13
7f127f3b0000 38 2 7855 13
7f127f3af000 64 2 7921 13
7f127f1d7000 61 2 7984 13
7f127f1d6000 58 4 8047 13
7f127ece8000 61 6 8114 13
7f127ece4000 82 8 8204 13
7f127ece3000 57 10 8271 13
7f127ecde000 54 7 8332 13
7f127ecdd000 77 11 8421 14
8427 14
0x497000
497000 64 49 113 7
496000 51 22 187 9
5a0000 1071 138 1397 9
4fa000 92 20 1510 11
499000 74 13 1598 11
5a4000 1065 97 2761 11
498000 74 14 2849 11
5a2000 1069 98 4017 11
571000 79 18 4114 11
5a3000 1069 92 5276 11
4e5000 75 11 5363 12
4e4000 54 4 5422 12
462000 20 2 5445 12
55a000 94 7 5546 12
7f127f3c8000 114 7 5668 12
7f127f3b2000 54 4 5727 12
7f127f19a000 24 1 5752 12
7f127f3b1000 38 3 5794 12
7f127f3b0000 39 3 5836 12
7f127f3af000 63 3 5902 12
7f127f1d7000 60 4 5967 12
7f127f1d6000 58 6 6031 12
7f127ece8000 61 10 6102 13
7f127ece4000 81 8 6191 13
7f127ece3000 57 10 6258 13
7f127ecde000 54 7 6319 13
7f127ecdd000 78 11 6408 14
6415 14
0x496000
496000 52 40 92 9
5a0000 1068 138 1299 9
4fa000 93 20 1412 11
499000 74 14 1501 11
5a4000 1067 96 2664 11
498000 74 14 2753 11
497000 64 10 2827 11
5a3000 1074 92 3994 11
4e5000 75 11 4081 12
4e4000 54 4 4140 12
462000 21 1 4163 12
55a000 94 8 4265 12
7f127f3c8000 114 7 4387 12
7f127f3b2000 55 4 4446 12
7f127f19a000 24 1 4471 12
7f127f3b1000 38 3 4513 12
7f127f3b0000 38 3 4554 12
7f127f3af000 63 3 4621 12
7f127f1d7000 61 3 4685 12
7f127f1d6000 58 5 4749 12
7f127ece8000 61 10 4821 13
7f127ece4000 80 8 4909 13
7f127ece3000 56 10 4976 13
7f127ecde000 55 6 5037 13
7f127ecdd000 77 11 5126 14
5132 14
0x5a3000
5a3000 1074 294 1369 2
4e5000 75 48 1493 8
4e4000 54 16 1564 10
5a0000 1067 122 2754 10
4fa000 93 18 2866 12
499000 75 8 2950 12
5a4000 1067 73 4091 12
498000 74 8 4174 12
497000 63 6 4244 12
496000 51 5 4301 12
462000 21 1 4324 12
463000 22 1 4348 12
7f127efd4000 102 7 4458 12
7f127efc4000 16 1 4475 12
7f127efc5000 16 1 4493 12
59f000 1068 71 5633 12
5a2000 1068 73 6774 12
571000 78 12 6865 12
570000 127 8 7001 12
56f000 33 2 7037 12
56e000 68 4 7110 12
5a1000 1072 68 8251 12
7f127ec8b000 63 20 8335 13
7f127ec8a000 102 5 8442 13
5a5000 805 32 9281 13
59e000 50 1 9333 13
7f127e9be000 44 2 9380 13
7f127e9bd000 60 1 9442 13
7f127e9bc000 71 1 9515 13
7f127e9c5000 57 4 9577 13
7f127e9c4000 54 1 9633 13
7f127e9c3000 60 2 9696 13
7f127e9c1000 61 1 9759 13
7f127e9c8000 246 8 10014 14
10022 14
0x4e5000
4e5000 75 52 127 7
4e4000 55 17 200 9
5a0000 1069 140 1410 9
4fa000 93 21 1525 12
499000 75 8 1609 12
5a4000 1071 73 2753 12
498000 74 9 2837 12
497000 64 6 2907 12
496000 51 5 2964 12
5a3000 1073 71 4109 12
572000 45 4 4159 12
5a1000 1073 69 5302 12
462000 21 1 5324 12
463000 22 1 5348 12
7f127efd4000 102 7 5458 12
7f127efc4000 16 2 5476 12
7f127efc5000 16 1 5493 12
59f000 1066 70 6630 12
573000 82 6 6719 12
55a000 94 7 6821 12
7f127f3c8000 115 6 6943 12
7f127f3b2000 54 4 7002 12
7f127f19a000 23 1 7027 12
7f127f3b1000 38 3 7069 12
7f127f3b0000 38 3 7110 12
7f127f3af000 63 3 7177 12
7f127f1d7000 60 3 7241 12
7f127f1d6000 58 5 7305 12
7f127ece8000 61 10 7377 13
7f127ece4000 80 8 7465 13
7f127ece3000 56 10 7532 13
7f127ecde000 54 7 7594 13
7f127ecdd000 78 11 7683 14
7690 14
0x4e4000
4e4000 54 33 88 5
5a0000 1067 227 1383 5
4fa000 94 39 1517 11
499000 76 13 1607 11
5a4000 1077 97 2782 11
498000 74 14 2871 11
497000 64 10 2946 11
496000 52 8 3007 11
5a3000 1084 93 4185 11
4e5000 75 11 4272 12
55a000 94 8 4375 12
7f127f3c8000 115 7 4498 12
7f127f3b2000 55 3 4557 12
7f127f19a000 23 2 4583 12
7f127f3b1000 39 3 4625 12
7f127f3b0000 39 3 4667 12
7f127f3af000 64 3 4734 12
7f127f1d7000 61 3 4799 12
7f127f1d6000 59 6 4864 12
7f127ece8000 61 11 4936 13
7f127ece4000 81 8 5025 13
7f127ece3000 57 10 5093 13
7f127ecde000 55 6 5154 13
7f127ecdd000 78 11 5244 14
5250 14
0x462000
462000 21 19 40 3
40 3
0x55a000
55a000 95 58 153 8
7f127f3c8000 115 23 292 8
7f127f3b2000 55 14 361 9
7f127f19a000 23 6 391 9
7f127f3b1000 39 7 437 10
7f127f3b0000 38 8 484 10
7f127f3af000 64 8 556 10
7f127f1d7000 61 8 625 12
7f127f1d6000 59 5 690 12
7f127ece8000 61 10 762 13
7f127ece4000 81 8 851 13
7f127ece3000 57 10 919 13
7f127ecde000 55 7 981 13
7f127ecdd000 78 11 1070 14
1072 14
0x463000
463000 22 19 42 3
462000 20 17 80 5
7f127efd4000 103 36 219 12
7f127efc4000 16 2 237 12
7f127efc5000 16 2 255 12
59f000 1079 70 1404 12
1405 12
0x59f000
59f000 1079 298 1377 2
1378 2
0x5a2000
5a2000 1074 310 1385 1
571000 79 81 1546 6
5a3000 1078 191 2816 6
4e5000 75 31 2923 10
4e4000 55 9 2987 12
5a0000 1071 73 4131 12
4fa000 93 7 4232 12
499000 74 8 4315 12
5a4000 1065 72 5453 12
498000 74 8 5536 12
497000 64 6 5607 12
496000 51 5 5664 12
462000 20 2 5687 12
463000 22 2 5711 12
7f127efd4000 102 6 5820 12
7f127efc4000 16 1 5838 12
7f127efc5000 17 1 5856 12
59f000 1069 70 6995 12
7f127ec8b000 63 20 7079 13
7f127ec8a000 101 5 7185 13
5a5000 796 32 8014 13
59e000 50 1 8065 13
7f127e9be000 44 1 8112 13
7f127e9bd000 59 1 8173 13
7f127e9bc000 70 2 8246 13
7f127e9c5000 58 3 8307 13
7f127e9c4000 54 1 8363 13
7f127e9c3000 60 1 8425 13
7f127e9c1000 61 1 8488 13
7f127e9c8000 243 8 8740 14
8748 14
0x571000
571000 78 81 160 6
5a3000 1073 191 1425 6
4e5000 75 30 1531 10
4e4000 55 9 1596 12
5a0000 1074 73 2743 12
4fa000 93 7 2844 12
499000 75 8 2927 12
5a4000 1071 72 4071 12
498000 74 8 4154 12
497000 64 6 4225 12
496000 51 5 4282 12
462000 20 2 4305 12
463000 22 2 4329 12
7f127efd4000 103 6 4438 12
7f127efc4000 16 1 4456 12
7f127efc5000 16 1 4474 12
59f000 1070 70 5614 12
5a2000 1063 74 6752 12
4d4000 132 8 6893 13
4d3000 73 2 6969 13
4d2000 38 1 7009 13
5a1000 1066 51 8127 13
5a5000 798 31 8957 13
59e000 50 1 9009 13
7f127e9be000 44 1 9055 13
7f127e9bd000 59 1 9116 13
7f127e9bc000 71 1 9189 13
7f127e9c5000 57 4 9251 13
7f127e9c4000 54 1 9307 13
7f127e9c3000 59 2 9369 13
7f127e9c1000 60 2 9432 13
7f127e9c8000 243 8 9684 14
9693 14
0x570000
570000 127 58 185 9
56f000 33 8 227 9
59f000 1070 135 1433 10
56e000 69 9 1512 11
462000 20 4 1537 11
5a4000 1069 95 2701 11
5a0000 1083 95 3880 11
4fa000 93 12 3986 12
499000 75 8 4070 12
498000 75 8 4154 12
497000 64 6 4225 12
496000 51 5 4282 12
5a3000 1083 70 5436 12
4e5000 76 6 5518 12
4e4000 55 4 5578 12
55a000 94 8 5681 12
7f127f3c8000 115 7 5804 12
7f127f3b2000 55 4 5863 12
7f127f19a000 24 2 5889 12
7f127f3b1000 39 3 5931 12
7f127f3b0000 38 3 5972 12
7f127f3af000 64 3 6040 12
7f127f1d7000 61 4 6105 12
7f127f1d6000 59 5 6169 12
7f127ece8000 61 10 6241 13
7f127ece4000 81 8 6330 13
7f127ece3000 57 10 6398 13
7f127ecde000 55 7 6460 13
7f127ecdd000 78 11 6549 14
6557 14
0x56f000
56f000 33 23 57 4
59f000 1083 239 1380 5
570000 129 41 1551 10
56e000 69 9 1630 11
462000 21 3 1655 11
5a4000 1086 94 2835 11
5a0000 1085 96 4017 11
4fa000 94 12 4123 12
499000 76 8 4207 12
498000 75 8 4291 12
497000 64 7 4363 12
496000 52 5 4420 12
5a3000 1081 69 5571 12
4e5000 76 6 5654 12
4e4000 55 4 5714 12
55a000 95 7 5817 12
7f127f3c8000 115 7 5940 12
7f127f3b2000 54 4 5999 12
7f127f19a000 23 2 6025 12
7f127f3b1000 39 2 6066 12
7f127f3b0000 38 3 6108 12
7f127f3af000 64 3 6176 12
7f127f1d7000 61 3 6240 12
7f127f1d6000 59 5 6305 12
7f127ece8000 61 10 6377 13
7f127ece4000 82 8 6467 13
7f127ece3000 57 10 6534 13
7f127ecde000 54 7 6596 13
7f127ecdd000 79 10 6685 14
6693 14
0x56e000
56e000 69 33 102 7
462000 21 10 134 7
5a4000 1085 181 1400 7
59f000 1084 176 2661 7
5a0000 1086 182 3929 7
4fa000 94 30 4054 12
499000 76 8 4138 12
498000 75 8 4222 12
497000 64 6 4293 12
496000 52 5 4351 12
5a3000 1081 70 5503 12
4e5000 75 7 5586 12
4e4000 55 3 5645 12
55a000 94 8 5748 12
7f127f3c8000 115 7 5871 12
7f127f3b2000 55 4 5931 12
7f127f19a000 24 1 5956 12
7f127f3b1000 39 3 5998 12
7f127f3b0000 39 3 6040 12
7f127f3af000 64 3 6107 12
7f127f1d7000 61 4 6172 12
7f127f1d6000 59 5 6236 12
7f127ece8000 61 10 6308 13
7f127ece4000 80 9 6398 13
7f127ece3000 57 10 6465 13
7f127ecde000 55 6 6526 13
7f127ecdd000 78 11 6616 14
6622 14
