0x402000
402000 40 23 64 5
7fa1d78cb000 68 22 155 5
401000 33 9 198 5
7fa1d7c81000 63 50 312 5
403000 43 10 367 5
7fa1d78b5000 81 17 466 5
7fa1d793f000 54 31 552 5
7fa1d793e000 79 50 681 5
7fa1d793d000 63 31 775 6
7fa1d7853000 124 9 908 6
7fa1d793c000 47 8 964 6
7fa1d793b000 44 8 1017 6
7fa1d78d0000 84 32 1134 7
7fa1d78cf000 86 15 1235 7
7fa1d7990000 100 13 1349 8
7fa1d78ce000 62 9 1421 8
7fa1d78cd000 83 10 1514 8
7fa1d78c5000 149 13 1676 8
7fa1d78cc000 94 8 1778 8
7fa1d78c6000 64 13 1855 8
7fa1d7892000 55 7 1918 8
7fa1d7960000 90 10 2019 8
7fa1d795f000 107 9 2135 8
7fa1d795e000 68 19 2222 8
7fa1d795c000 74 7 2303 8
7fa1d793a000 52 6 2362 8
7fa1d7939000 48 6 2417 8
7fa1d7938000 36 5 2459 8
7fa1d7937000 46 6 2511 8
7fa1d7936000 39 5 2556 8
7fa1d7935000 42 7 2606 8
7fa1d796f000 52 8 2667 8
7fa1d7951000 69 24 2760 8
7fa1d78be000 62 9 2831 8
7fa1d7949000 60 14 2905 8
7fa1d7945000 78 18 3001 8
7fa1d7944000 57 21 3079 8
7fa1d7947000 94 11 3184 8
7fa1d7946000 61 16 3262 8
7fa1d7948000 49 10 3321 8
7fa1d78bf000 76 13 3411 8
7fa1d78c2000 106 12 3529 9
7fa1d7893000 32 3 3564 9
7fa1d78bc000 47 3 3615 9
7fa1d7914000 49 3 3667 9
7fa1d7913000 57 7 3731 9
7fa1d7975000 45 3 3779 9
7fa1d7974000 57 4 3841 9
7fa1d7973000 48 4 3894 9
7fa1d7972000 64 4 3963 10
3966 10
0x401000
401000 33 20 54 3
54 3
0x403000
403000 43 21 64 2
7fa1d78b5000 79 29 173 4
7fa1d793f000 54 39 266 4
7fa1d793e000 77 59 403 5
7fa1d793d000 62 32 497 6
7fa1d7853000 122 9 628 6
7fa1d793c000 46 8 683 6
7fa1d793b000 43 8 735 6
7fa1d78d0000 84 33 853 7
7fa1d78cf000 85 15 953 7
7fa1d7990000 98 13 1065 8
7fa1d78ce000 60 9 1134 8
7fa1d78cd000 81 9 1224 8
7fa1d78c5000 146 13 1384 8
7fa1d78cc000 93 7 1484 8
7fa1d78cb000 67 10 1562 8
7fa1d78c6000 60 13 1636 8
7fa1d7892000 56 7 1699 8
7fa1d7960000 89 10 1798 8
7fa1d795f000 110 9 1917 8
7fa1d795e000 68 19 2005 8
7fa1d795c000 74 7 2086 8
7fa1d793a000 53 5 2145 8
7fa1d7939000 49 6 2201 8
7fa1d7938000 35 5 2242 8
7fa1d7937000 46 6 2294 8
7fa1d7936000 39 5 2339 8
7fa1d7935000 42 7 2389 8
7fa1d796f000 52 6 2448 8
7fa1d7951000 70 24 2543 8
7fa1d78be000 63 9 2615 8
7fa1d7949000 61 14 2690 8
7fa1d7945000 78 18 2786 8
7fa1d7944000 57 22 2865 8
7fa1d7947000 97 12 2975 8
7fa1d7946000 61 16 3052 8
7fa1d7948000 48 10 3111 8
7fa1d78bf000 77 12 3201 8
7fa1d78c2000 102 12 3315 9
7fa1d7893000 32 3 3350 9
7fa1d78bc000 48 3 3402 9
7fa1d7914000 48 4 3455 9
7fa1d7913000 56 7 3518 9
7fa1d7975000 44 3 3566 9
7fa1d7974000 58 4 3629 9
7fa1d7973000 48 4 3682 9
7fa1d7972000 63 4 3749 10
3752 10
