0x405000
405000 51 30 82 3
404000 16 10 109 3
420000 212 29 350 4
7fe680bc6000 120 20 492 5
7fe680bc5000 68 37 598 5
7fe680bc3000 73 11 682 5
410000 52 9 744 6
40f000 53 10 808 6
40e000 137 31 977 6
40d000 61 7 1046 6
40c000 66 12 1125 6
40b000 55 7 1188 6
7fe680b53000 62 40 1291 7
7fe680b52000 91 19 1402 7
40a000 42 8 1453 7
7fe680b54000 61 21 1536 7
409000 60 12 1609 7
408000 76 13 1699 7
407000 47 6 1753 7
406000 57 15 1826 7
7fe680b49000 54 9 1891 7
7fe680b48000 47 5 1943 7
7fe680b47000 43 5 1992 7
7fe680b4f000 79 25 2098 8
7fe680c1d000 54 9 2161 8
7fe680ade000 59 10 2230 8
7fe680aba000 112 5 2348 8
7fe680add000 55 6 2410 8
7fe680adc000 44 10 2465 8
7fe680bc7000 83 9 2558 8
7fe680b7d000 38 6 2603 8
7fe680ff6000 61 13 2679 8
7fe680ff4000 71 12 2762 8
7fe680ff5000 56 7 2826 8
7fe680ff2000 58 8 2892 8
7fe680fec000 189 8 3090 8
41f000 60 8 3159 8
7fe680ff1000 42 6 3208 8
41c000 42 6 3256 8
41a000 44 6 3307 8
419000 55 7 3370 8
417000 54 8 3433 8
416000 42 5 3481 8
415000 45 6 3533 8
412000 50 7 3590 9
414000 53 3 3648 9
413000 57 4 3710 9
7fe680d24000 81 5 3797 9
7fe680d55000 57 3 3857 9
7fe680d54000 63 3 3924 9
7fe680d53000 69 2 3995 9
7fe680d52000 64 3 4062 9
7fe680d51000 57 3 4122 9
7fe680d50000 55 2 4179 9
7fe680cb1000 122 3 4305 9
7fe680d1c000 78 3 4386 9
7fe680d1b000 34 2 4423 9
7fe680d1a000 37 1 4462 9
7fe680d19000 87 4 4554 9
7fe680d0b000 67 3 4624 9
7fe680d57000 80 2 4706 9
7fe680d56000 78 3 4788 9
7fe680d23000 60 3 4851 9
7fe680d22000 67 3 4921 9
7fe680d21000 65 3 4989 9
7fe680d20000 57 4 5050 9
7fe680d1f000 39 2 5091 9
7fe680d1d000 37 2 5131 9
7fe680d1e000 33 2 5166 9
7fe680cde000 66 7 5240 9
7fe680cdd000 54 2 5297 9
7fe680cdc000 66 4 5367 9
7fe680cd8000 51 2 5420 9
7fe680cd9000 26 1 5448 9
7fe680cdb000 48 2 5499 9
7fe680cd7000 36 3 5539 9
7fe680cd6000 57 2 5598 9
7fe680cd5000 56 9 5663 9
7fe680cda000 40 2 5705 9
418000 67 3 5776 9
7fe680ff3000 60 5 5843 9
41b000 33 2 5880 9
41d000 54 2 5939 9
41e000 80 3 6024 9
7fe680ff9000 60 11 6099 9
7fe680c25000 76 4 6180 9
7fe680bb7000 83 15 6278 9
7fe680bb5000 45 2 6326 9
7fe680abc000 65 4 6396 9
7fe680bf8000 91 5 6493 9
7fe680bf7000 91 5 6590 9
7fe680acc000 53 6 6650 9
7fe680acb000 68 4 6723 9
7fe680aca000 34 3 6761 9
7fe680ac9000 50 2 6813 9
7fe680ac8000 77 4 6895 9
7fe680ac7000 32 2 6929 9
7fe680abf000 43 3 6975 9
7fe680abe000 39 3 7018 9
7fe680abd000 58 2 7078 9
7fe680b1a000 68 4 7151 9
7fe680b27000 79 4 7235 9
7fe680b26000 72 5 7312 9
7fe680bab000 54 10 7377 9
7fe680ba6000 51 7 7436 9
7fe680ba5000 73 12 7521 9
7fe680ba4000 58 7 7586 9
7fe680ba3000 43 1 7630 9
7fe680ba2000 40 2 7673 9
7fe680b37000 78 8 7760 9
7fe680b36000 78 6 7845 9
7fe680b35000 56 4 7905 9
7fe680b34000 75 4 7985 9
7fe680b2c000 139 6 8130 9
7fe680b33000 87 3 8220 9
7fe680b32000 63 5 8288 9
7fe680b2d000 57 6 8351 9
7fe680af9000 52 3 8406 9
7fe680ba1000 50 2 8458 9
7fe680ba0000 45 3 8507 9
7fe680b9f000 32 2 8542 9
7fe680b9e000 43 2 8588 9
7fe680b9d000 37 2 8627 9
7fe680b9c000 40 2 8670 9
7fe680bd6000 49 3 8723 9
7fe680bb8000 67 12 8802 9
7fe680b25000 57 3 8862 9
7fe680bb0000 56 6 8925 9
7fe680bac000 74 8 9008 9
7fe680baf000 46 4 9059 9
7fe680b29000 95 6 9161 9
7fe680bae000 90 5 9256 9
7fe680bad000 57 9 9323 9
7fe680afa000 31 3 9357 9
7fe680b23000 44 3 9404 9
7fe680b7b000 46 3 9454 9
7fe680b7a000 53 7 9515 9
7fe680bdc000 42 3 9560 9
7fe680bdb000 54 4 9618 9
7fe680bda000 45 4 9668 9
7fe680bd9000 59 4 9731 10
9734 10
0x404000
404000 16 13 29 0
29 0
0x420000
420000 203 40 244 4
405000 43 16 304 4
404000 16 7 328 4
7fe680b4f000 79 47 454 6
7fe680b49000 54 12 520 7
7fe680b48000 47 5 573 7
7fe680b47000 42 5 621 7
7fe680bc6000 100 11 733 7
7fe680bc5000 65 24 823 7
7fe680bc3000 69 8 900 7
7fe680ba5000 73 29 1003 7
7fe680ba6000 52 18 1074 7
7fe680b2c000 138 15 1227 7
7fe680bc7000 84 11 1323 7
7fe680ba4000 58 19 1401 7
7fe680aba000 113 6 1520 7
7fe680ba3000 44 5 1569 7
7fe680ba2000 41 4 1614 7
7fe680b37000 79 23 1717 7
7fe680b36000 79 15 1811 7
7fe680bf7000 92 13 1916 8
7fe680b35000 57 9 1982 8
7fe680b34000 76 9 2067 8
7fe680b33000 86 7 2160 8
7fe680b32000 63 10 2234 8
7fe680b2d000 57 12 2304 8
7fe680af9000 52 6 2363 8
7fe680ba1000 50 5 2419 8
7fe680ba0000 46 5 2470 8
7fe680b9f000 33 5 2509 8
7fe680b9e000 43 6 2558 8
7fe680b9d000 37 5 2600 8
7fe680b9c000 40 6 2647 8
7fe680bd6000 49 6 2703 8
7fe680bb8000 66 23 2792 8
7fe680b25000 57 7 2856 8
7fe680bb0000 57 13 2927 8
7fe680bac000 74 16 3018 8
7fe680bab000 55 19 3092 8
7fe680bae000 89 11 3193 8
7fe680bad000 58 15 3266 8
7fe680baf000 46 10 3323 8
7fe680b26000 72 12 3407 8
7fe680b29000 95 12 3514 9
7fe680afa000 31 3 3548 9
7fe680b23000 45 3 3596 9
7fe680b7b000 46 4 3646 9
7fe680b7a000 54 6 3706 9
7fe680bdc000 43 3 3753 9
7fe680bdb000 54 4 3811 9
7fe680bda000 46 4 3862 9
7fe680bd9000 60 3 3926 10
3929 10
0x410000
410000 50 20 71 3
40f000 51 20 143 5
40e000 132 38 314 5
40d000 58 10 383 5
40c000 63 16 463 5
40b000 53 9 526 5
7fe680b53000 59 52 638 7
7fe680b52000 91 19 748 7
404000 17 4 770 7
405000 43 9 823 7
420000 203 13 1040 7
7fe680bc6000 100 11 1152 7
7fe680bc5000 65 23 1240 7
7fe680bc3000 72 8 1321 7
41f000 63 11 1395 7
7fe680ff1000 42 8 1446 7
41c000 43 7 1496 7
41a000 44 8 1549 7
419000 54 8 1612 7
417000 55 10 1678 7
416000 43 6 1728 7
415000 45 8 1782 7
412000 49 10 1842 8
7fe680b7d000 39 4 1886 8
414000 53 5 1945 8
413000 57 7 2010 8
7fe680d24000 80 9 2101 8
7fe680d55000 58 4 2163 9
7fe680d54000 63 3 2230 9
7fe680d53000 69 2 2301 9
7fe680d52000 64 2 2368 9
7fe680d51000 56 3 2428 9
7fe680d50000 55 3 2486 9
7fe680cb1000 122 2 2610 9
7fe680d1c000 78 3 2692 9
7fe680d1b000 34 2 2729 9
7fe680d1a000 37 2 2769 9
7fe680d19000 88 3 2860 9
7fe680d0b000 68 3 2931 9
7fe680d57000 80 2 3013 9
7fe680d56000 79 2 3095 9
7fe680d23000 60 2 3158 9
7fe680d22000 67 3 3229 9
7fe680d21000 65 3 3297 9
7fe680d20000 58 3 3358 9
7fe680d1f000 40 2 3400 9
7fe680d1d000 37 2 3439 9
7fe680d1e000 33 2 3474 9
7fe680cde000 66 7 3548 9
7fe680cdd000 54 2 3605 9
7fe680cdc000 66 4 3675 9
7fe680cd8000 51 2 3728 9
7fe680cd9000 26 1 3756 9
7fe680cdb000 48 2 3807 9
7fe680cd7000 37 2 3846 9
7fe680cd6000 57 2 3905 9
7fe680cd5000 56 8 3970 9
7fe680cda000 40 1 4012 9
418000 66 4 4084 9
7fe680ff3000 60 5 4150 9
7fe680ff2000 57 4 4212 9
7fe680b49000 54 4 4270 9
7fe680b48000 47 2 4319 9
7fe680b47000 43 1 4364 9
41b000 34 3 4403 9
7fe680b54000 62 8 4474 9
7fe680ade000 59 5 4539 9
7fe680aba000 113 3 4655 9
7fe680add000 55 3 4713 9
7fe680adc000 44 5 4763 9
7fe680bc7000 84 4 4851 9
41d000 55 2 4909 9
41e000 81 3 4994 9
408000 76 5 5078 9
407000 47 2 5128 9
406000 57 6 5192 9
409000 60 5 5260 9
7fe680c1d000 53 5 5319 9
7fe680b4f000 78 10 5408 9
7fe680886000 41 3 5452 9
7fe680885000 54 2 5509 9
7fe680884000 65 3 5578 9
7fe68088d000 53 5 5637 10
5643 10
0x40f000
40f000 51 25 76 5
40e000 132 38 247 5
40d000 58 9 315 5
40c000 63 16 395 5
40b000 53 8 457 5
7fe680b53000 60 51 569 7
7fe680b52000 91 19 679 7
404000 16 4 700 7
405000 43 9 753 7
420000 203 13 970 7
7fe680bc6000 99 11 1081 7
7fe680bc5000 65 24 1170 7
7fe680bc3000 69 8 1247 7
410000 50 6 1304 7
7fe680b49000 54 9 1368 7
7fe680b48000 47 5 1421 7
7fe680b47000 43 4 1469 7
7fe680abc000 64 12 1547 7
7fe680bf8000 91 15 1654 8
7fe680bf7000 92 10 1756 8
7fe680aba000 114 5 1875 8
7fe680bc7000 84 10 1969 8
7fe680bb7000 83 27 2079 9
7fe680bb5000 45 3 2127 9
7fe680acc000 53 6 2187 9
7fe680acb000 69 4 2261 9
7fe680aca000 35 3 2299 9
7fe680ac9000 49 2 2350 9
7fe680ac8000 78 3 2432 9
7fe680ac7000 31 2 2466 9
7fe680abf000 42 3 2512 9
7fe680abe000 39 3 2555 9
7fe680abd000 57 3 2616 9
7fe680b1a000 68 4 2688 9
7fe680b27000 79 4 2772 9
7fe680b26000 73 5 2850 9
7fe680bab000 55 10 2915 9
7fe680ba6000 52 7 2974 9
7fe680ba5000 73 11 3058 9
7fe680ba4000 58 7 3123 9
7fe680ba3000 42 2 3168 9
7fe680ba2000 40 2 3210 9
7fe680b37000 78 8 3297 9
7fe680b36000 78 6 3382 9
7fe680b35000 57 4 3443 9
7fe680b34000 76 4 3523 9
7fe680b2c000 138 6 3667 9
7fe680b33000 86 3 3757 9
7fe680b32000 64 4 3825 9
7fe680b2d000 57 5 3888 9
7fe680af9000 52 3 3944 9
7fe680ba1000 50 2 3996 9
7fe680ba0000 45 2 4044 9
7fe680b9f000 33 1 4079 9
7fe680b9e000 43 2 4125 9
7fe680b9d000 36 2 4164 9
7fe680b9c000 41 2 4208 9
7fe680bd6000 50 2 4261 9
7fe680bb8000 66 12 4339 9
7fe680b25000 56 4 4400 9
7fe680bb0000 57 6 4463 9
7fe680bac000 73 9 4546 9
7fe680baf000 46 5 4597 9
7fe680b29000 95 6 4698 9
7fe680bae000 88 6 4792 9
7fe680bad000 58 8 4858 9
7fe680afa000 30 3 4892 9
7fe680b23000 44 2 4939 9
7fe680b7b000 46 3 4989 9
7fe680b7a000 53 6 5049 9
7fe680bdc000 42 3 5095 9
7fe680bdb000 54 4 5153 9
7fe680bda000 45 3 5202 9
7fe680bd9000 59 4 5266 10
5271 10
0x40e000
40e000 132 73 205 5
40d000 57 10 273 5
40c000 62 16 352 5
40b000 53 9 415 5
7fe680b53000 59 51 526 7
7fe680b52000 91 19 637 7
404000 16 4 658 7
405000 43 9 710 7
420000 203 13 927 7
7fe680bc6000 100 10 1038 7
7fe680bc5000 65 23 1127 7
7fe680bc3000 69 8 1205 7
410000 51 6 1262 7
40f000 50 8 1321 7
7fe680b49000 54 9 1385 7
7fe680b48000 47 5 1438 7
7fe680b47000 43 5 1487 7
7fe680ff9000 59 29 1576 7
7fe680c25000 76 10 1663 7
7fe680bb7000 83 37 1783 8
7fe680bb5000 44 4 1832 8
7fe680abc000 65 7 1905 8
7fe680bf8000 91 9 2005 9
7fe680bf7000 91 5 2102 9
7fe680aba000 113 2 2217 9
7fe680bc7000 83 4 2305 9
7fe680acc000 53 7 2366 9
7fe680acb000 69 4 2439 9
7fe680aca000 35 3 2477 9
7fe680ac9000 49 3 2529 9
7fe680ac8000 78 4 2611 9
7fe680ac7000 32 2 2645 9
7fe680abf000 42 3 2690 9
7fe680abe000 39 4 2734 9
7fe680abd000 57 3 2794 9
7fe680b1a000 68 5 2867 9
7fe680b27000 79 4 2950 9
7fe680b26000 72 5 3027 9
7fe680bab000 54 10 3092 9
7fe680ba6000 51 7 3151 9
7fe680ba5000 73 11 3236 9
7fe680ba4000 57 7 3301 9
7fe680ba3000 42 2 3346 9
7fe680ba2000 41 2 3389 9
7fe680b37000 79 8 3476 9
7fe680b36000 79 6 3562 9
7fe680b35000 57 3 3622 9
7fe680b34000 75 4 3702 9
7fe680b2c000 137 6 3846 9
7fe680b33000 87 3 3937 9
7fe680b32000 63 4 4005 9
7fe680b2d000 57 5 4068 9
7fe680af9000 52 3 4124 9
7fe680ba1000 50 2 4176 9
7fe680ba0000 45 2 4224 9
7fe680b9f000 33 2 4260 9
7fe680b9e000 43 2 4305 9
7fe680b9d000 37 2 4345 9
7fe680b9c000 40 3 4388 9
7fe680bd6000 49 2 4440 9
7fe680bb8000 66 12 4519 9
7fe680b25000 57 3 4579 9
7fe680bb0000 57 7 4644 9
7fe680bac000 74 9 4727 9
7fe680baf000 46 4 4777 9
7fe680b29000 95 6 4879 9
7fe680bae000 88 6 4973 9
7fe680bad000 58 7 5038 9
7fe680afa000 30 3 5072 9
7fe680b23000 44 3 5120 9
7fe680b7b000 46 4 5170 9
7fe680b7a000 53 7 5230 9
7fe680bdc000 42 3 5275 9
7fe680bdb000 53 4 5333 9
7fe680bda000 45 4 5383 9
7fe680bd9000 59 4 5446 10
5451 10
0x40d000
40d000 58 19 77 2
40c000 63 26 167 4
40b000 52 12 232 4
7fe680b53000 60 61 353 7
7fe680b52000 91 19 464 7
404000 16 4 485 7
405000 43 9 538 7
420000 202 14 755 7
7fe680bc6000 99 11 866 7
7fe680bc5000 65 24 955 7
7fe680bc3000 70 8 1033 7
410000 51 6 1090 7
40f000 51 8 1150 7
40e000 132 24 1307 7
412000 49 9 1366 8
7fe680b7d000 40 4 1412 8
7fe680b49000 54 5 1472 8
7fe680b48000 48 2 1522 8
7fe680b47000 43 3 1569 8
7fe680ff9000 60 19 1649 8
7fe680c25000 76 6 1732 8
7fe680bb7000 82 25 1840 8
7fe680bb5000 45 4 1889 8
7fe680abc000 65 7 1962 8
7fe680bf8000 92 8 2063 9
7fe680bf7000 92 5 2161 9
7fe680aba000 113 2 2277 9
7fe680bc7000 85 4 2366 9
7fe680acc000 54 6 2427 9
7fe680acb000 68 4 2500 9
7fe680aca000 35 3 2539 9
7fe680ac9000 49 3 2591 9
7fe680ac8000 78 4 2673 9
7fe680ac7000 31 2 2707 9
7fe680abf000 42 3 2753 9
7fe680abe000 40 3 2797 9
7fe680abd000 58 2 2857 9
7fe680b1a000 69 5 2931 9
7fe680b27000 79 4 3014 9
7fe680b26000 72 5 3092 9
7fe680bab000 55 10 3158 9
7fe680ba6000 52 7 3217 9
7fe680ba5000 74 11 3302 9
7fe680ba4000 58 7 3368 9
7fe680ba3000 43 2 3413 9
7fe680ba2000 42 1 3456 9
7fe680b37000 79 8 3544 9
7fe680b36000 80 5 3629 9
7fe680b35000 58 4 3691 9
7fe680b34000 76 4 3771 9
7fe680b2c000 138 7 3917 9
7fe680b33000 86 4 4007 9
7fe680b32000 64 4 4075 9
7fe680b2d000 57 6 4139 9
7fe680af9000 53 2 4195 9
7fe680ba1000 49 2 4247 9
7fe680ba0000 46 2 4296 9
7fe680b9f000 33 2 4332 9
7fe680b9e000 43 2 4377 9
7fe680b9d000 37 2 4417 9
7fe680b9c000 41 2 4460 9
7fe680bd6000 50 2 4513 9
7fe680bb8000 67 12 4592 9
7fe680b25000 56 4 4653 9
7fe680bb0000 58 6 4717 9
7fe680bac000 74 8 4800 9
7fe680baf000 46 5 4852 9
7fe680b29000 96 5 4953 9
7fe680bae000 89 6 5048 9
7fe680bad000 59 8 5115 9
7fe680afa000 31 3 5149 9
7fe680b23000 44 3 5196 9
7fe680b7b000 46 3 5246 9
7fe680b7a000 53 7 5307 9
7fe680bdc000 43 3 5353 9
7fe680bdb000 54 4 5411 9
7fe680bda000 45 4 5461 9
7fe680bd9000 60 3 5524 10
5529 10
0x40c000
40c000 63 31 94 4
40b000 53 11 159 4
7fe680b53000 60 62 282 7
7fe680b52000 91 19 393 7
404000 16 4 413 7
405000 43 9 466 7
420000 203 14 684 7
7fe680bc6000 99 11 795 7
7fe680bc5000 65 24 884 7
7fe680bc3000 70 8 962 7
410000 50 6 1019 7
40f000 51 8 1079 7
40e000 132 24 1236 7
40d000 57 7 1301 7
412000 49 9 1360 8
7fe680b7d000 38 5 1405 8
7fe680b49000 53 6 1465 8
7fe680b48000 48 2 1515 8
7fe680b47000 43 2 1561 8
7fe680ff9000 60 19 1641 8
7fe680c25000 77 6 1724 8
7fe680bb7000 83 24 1831 8
7fe680bb5000 45 4 1881 8
7fe680abc000 64 8 1954 8
7fe680bf8000 91 9 2054 9
7fe680bf7000 91 5 2151 9
7fe680aba000 113 3 2267 9
7fe680bc7000 83 5 2355 9
7fe680acc000 54 6 2415 9
7fe680acb000 68 4 2488 9
7fe680aca000 35 2 2526 9
7fe680ac9000 49 2 2578 9
7fe680ac8000 77 4 2660 9
7fe680ac7000 31 2 2694 9
7fe680abf000 42 3 2740 9
7fe680abe000 40 3 2783 9
7fe680abd000 57 3 2844 9
7fe680b1a000 68 5 2917 9
7fe680b27000 80 3 3000 9
7fe680b26000 71 6 3078 9
7fe680bab000 54 10 3142 9
7fe680ba6000 51 7 3201 9
7fe680ba5000 73 11 3286 9
7fe680ba4000 58 6 3350 9
7fe680ba3000 43 2 3396 9
7fe680ba2000 41 1 3438 9
7fe680b37000 78 8 3525 9
7fe680b36000 79 6 3611 9
7fe680b35000 57 4 3672 9
7fe680b34000 75 5 3753 9
7fe680b2c000 138 6 3897 9
7fe680b33000 86 3 3987 9
7fe680b32000 63 5 4055 9
7fe680b2d000 57 6 4118 9
7fe680af9000 53 2 4173 9
7fe680ba1000 50 2 4226 9
7fe680ba0000 45 2 4274 9
7fe680b9f000 33 2 4310 9
7fe680b9e000 43 2 4355 9
7fe680b9d000 37 2 4395 9
7fe680b9c000 40 2 4437 9
7fe680bd6000 50 2 4490 9
7fe680bb8000 66 12 4569 9
7fe680b25000 57 3 4629 9
7fe680bb0000 56 6 4692 9
7fe680bac000 74 8 4775 9
7fe680baf000 46 5 4826 9
7fe680b29000 97 5 4928 9
7fe680bae000 88 6 5023 9
7fe680bad000 58 7 5088 9
7fe680afa000 30 3 5122 9
7fe680b23000 44 3 5170 9
7fe680b7b000 47 3 5220 9
7fe680b7a000 53 7 5280 9
7fe680bdc000 42 3 5325 9
7fe680bdb000 53 5 5384 9
7fe680bda000 45 4 5433 9
7fe680bd9000 59 4 5496 10
5500 10
0x40b000
40b000 52 18 71 2
7fe680b53000 60 80 212 6
7fe680b52000 92 25 329 6
404000 16 7 353 6
405000 43 13 409 7
420000 203 13 626 7
7fe680bc6000 100 10 737 7
7fe680bc5000 64 24 826 7
7fe680bc3000 69 9 904 7
410000 50 6 960 7
40f000 51 8 1020 7
40e000 132 23 1176 7
40d000 57 6 1241 7
40c000 63 10 1315 7
40a000 42 8 1366 7
7fe680b54000 62 21 1450 7
409000 61 12 1523 7
408000 76 13 1613 7
407000 46 7 1667 7
406000 58 14 1740 7
7fe680b49000 54 9 1805 7
7fe680b48000 47 5 1858 7
7fe680b47000 43 5 1906 7
7fe680b4f000 78 25 2012 8
7fe680c1d000 53 9 2075 8
7fe680ade000 58 11 2145 8
7fe680aba000 113 5 2263 8
7fe680add000 55 6 2324 8
7fe680adc000 45 10 2380 8
7fe680bc7000 84 9 2473 8
7fe680b7d000 39 6 2519 8
7fe680ff6000 62 13 2595 8
7fe680ff4000 71 12 2678 8
7fe680ff5000 56 7 2742 8
7fe680ff2000 58 8 2808 8
7fe680fec000 190 8 3006 8
41f000 59 9 3075 8
7fe680ff1000 41 7 3124 8
41c000 42 6 3172 8
41a000 44 6 3223 8
419000 54 6 3284 8
417000 55 7 3347 8
416000 42 5 3395 8
415000 45 6 3447 8
412000 49 7 3504 9
414000 52 3 3561 9
413000 58 4 3624 9
7fe680d24000 81 5 3712 9
7fe680d55000 57 4 3773 9
7fe680d54000 63 3 3839 9
7fe680d53000 69 2 3910 9
7fe680d52000 64 2 3977 9
7fe680d51000 55 3 4036 9
7fe680d50000 55 2 4094 9
7fe680cb1000 121 3 4219 9
7fe680d1c000 78 3 4301 9
7fe680d1b000 35 2 4338 9
7fe680d1a000 38 1 4377 9
7fe680d19000 88 3 4469 9
7fe680d0b000 67 3 4540 9
7fe680d57000 79 3 4622 9
7fe680d56000 79 3 4704 9
7fe680d23000 60 2 4766 9
7fe680d22000 66 3 4836 9
7fe680d21000 64 3 4904 9
7fe680d20000 57 3 4965 9
7fe680d1f000 40 2 5007 9
7fe680d1d000 37 2 5046 9
7fe680d1e000 33 2 5081 9
7fe680cde000 67 6 5155 9
7fe680cdd000 54 2 5212 9
7fe680cdc000 65 4 5282 9
7fe680cd8000 51 2 5335 9
7fe680cd9000 25 2 5363 9
7fe680cdb000 48 1 5413 9
7fe680cd7000 37 2 5453 9
7fe680cd6000 57 2 5512 9
7fe680cd5000 56 8 5577 9
7fe680cda000 39 2 5619 9
418000 66 3 5690 9
7fe680ff3000 60 5 5757 9
41b000 34 2 5795 9
41d000 54 2 5854 9
41e000 81 3 5939 9
7fe680ff9000 60 11 6014 9
7fe680c25000 76 4 6095 9
7fe680bb7000 83 15 6193 9
7fe680bb5000 45 3 6241 9
7fe680abc000 64 5 6311 9
7fe680bf8000 91 6 6408 9
7fe680bf7000 92 4 6504 9
7fe680acc000 53 6 6564 9
7fe680acb000 69 3 6637 9
7fe680aca000 35 2 6675 9
7fe680ac9000 49 2 6727 9
7fe680ac8000 78 3 6809 9
7fe680ac7000 31 2 6843 9
7fe680abf000 42 3 6889 9
7fe680abe000 39 3 6932 9
7fe680abd000 58 3 6993 9
7fe680b1a000 68 5 7066 9
7fe680b27000 79 4 7149 9
7fe680b26000 72 5 7226 9
7fe680bab000 54 10 7291 9
7fe680ba6000 51 7 7350 9
7fe680ba5000 73 12 7435 9
7fe680ba4000 58 7 7500 9
7fe680ba3000 42 2 7545 9
7fe680ba2000 40 2 7587 9
7fe680b37000 78 8 7674 9
7fe680b36000 79 5 7759 9
7fe680b35000 56 4 7820 9
7fe680b34000 75 5 7900 9
7fe680b2c000 138 6 8044 9
7fe680b33000 86 3 8134 9
7fe680b32000 63 5 8202 9
7fe680b2d000 58 6 8266 9
7fe680af9000 53 2 8321 9
7fe680ba1000 49 2 8373 9
7fe680ba0000 45 3 8422 9
7fe680b9f000 32 2 8457 9
7fe680b9e000 42 3 8503 9
7fe680b9d000 37 2 8542 9
7fe680b9c000 40 2 8585 9
7fe680bd6000 50 2 8638 9
7fe680bb8000 66 12 8716 9
7fe680b25000 56 4 8777 9
7fe680bb0000 57 6 8840 9
7fe680bac000 73 9 8923 9
7fe680baf000 46 4 8973 9
7fe680b29000 95 6 9075 9
7fe680bae000 89 5 9169 9
7fe680bad000 57 8 9235 9
7fe680afa000 30 3 9269 9
7fe680b23000 46 3 9318 9
7fe680b7b000 47 3 9368 9
7fe680b7a000 55 7 9430 9
7fe680bdc000 42 4 9476 9
7fe680bdb000 54 4 9534 9
7fe680bda000 45 4 9584 9
7fe680bd9000 59 4 9647 10
9651 10
0x40a000
40a000 42 24 66 2
7fe680b54000 62 53 182 5
7fe680b53000 60 51 293 7
7fe680b52000 91 19 404 7
404000 16 4 425 7
409000 60 13 499 7
408000 76 13 589 7
407000 46 7 643 7
420000 202 13 859 7
405000 43 9 912 7
7fe680b4f000 79 25 1017 8
7fe680b49000 55 7 1080 8
7fe680b48000 48 4 1132 8
7fe680b47000 43 4 1180 8
7fe680bc6000 99 9 1289 8
7fe680bc5000 66 17 1372 8
7fe680bc3000 70 6 1449 8
7fe680ba5000 73 21 1544 8
7fe680ba6000 51 14 1610 8
7fe680b2c000 139 12 1761 8
7fe680bc7000 84 10 1855 8
7fe680ba4000 58 14 1927 8
7fe680aba000 114 5 2046 8
7fe680ba3000 43 5 2094 8
7fe680ba2000 41 4 2139 8
7fe680b37000 78 17 2235 8
7fe680b36000 79 12 2326 8
7fe680bf7000 93 9 2428 8
7fe680b35000 57 8 2494 8
7fe680b34000 76 9 2580 8
7fe680b33000 87 7 2674 8
7fe680b32000 64 10 2748 8
7fe680b2d000 58 12 2818 8
7fe680af9000 53 6 2877 8
7fe680ba1000 49 5 2932 8
7fe680ba0000 45 6 2984 8
7fe680b9f000 32 5 3022 8
7fe680b9e000 44 5 3071 8
7fe680b9d000 37 4 3113 8
7fe680b9c000 40 6 3160 8
7fe680bd6000 49 6 3216 8
7fe680bb8000 67 22 3305 8
7fe680b25000 57 8 3371 8
7fe680bb0000 57 13 3441 8
7fe680bac000 75 17 3534 8
7fe680bab000 55 20 3609 8
7fe680bae000 89 11 3709 8
7fe680bad000 59 15 3783 8
7fe680baf000 46 10 3839 8
7fe680b26000 72 12 3923 8
7fe680b29000 95 12 4030 9
7fe680afa000 31 3 4064 9
7fe680b23000 45 3 4112 9
7fe680b7b000 46 3 4161 9
7fe680b7a000 53 7 4222 9
7fe680bdc000 43 3 4268 9
7fe680bdb000 54 5 4327 9
7fe680bda000 45 4 4376 9
7fe680bd9000 60 4 4440 10
4445 10
0x409000
409000 61 39 100 3
408000 76 29 206 4
407000 46 11 264 4
420000 204 24 493 5
405000 43 13 550 5
404000 16 5 572 5
7fe680b4f000 79 38 689 7
7fe680b49000 54 8 752 7
7fe680b48000 47 5 805 7
7fe680b47000 42 5 853 7
7fe680bc6000 100 11 965 7
7fe680bc5000 66 23 1054 7
7fe680bc3000 69 8 1132 7
7fe680ba5000 73 29 1235 7
7fe680ba6000 51 18 1305 7
7fe680b2c000 139 15 1460 7
7fe680bc7000 84 11 1556 7
7fe680ba4000 58 18 1633 7
7fe680aba000 113 6 1753 7
7fe680ba3000 42 5 1801 7
7fe680ba2000 41 4 1847 7
7fe680b37000 79 23 1950 7
7fe680b36000 80 14 2044 7
7fe680bf7000 92 13 2150 8
7fe680b35000 57 8 2215 8
7fe680b34000 76 9 2300 8
7fe680b33000 87 7 2394 8
7fe680b32000 63 10 2467 8
7fe680b2d000 57 12 2536 8
7fe680af9000 52 7 2596 8
7fe680ba1000 49 5 2650 8
7fe680ba0000 46 5 2702 8
7fe680b9f000 33 4 2740 8
7fe680b9e000 43 5 2789 8
7fe680b9d000 37 4 2831 8
7fe680b9c000 40 6 2878 8
7fe680bd6000 49 6 2934 8
7fe680bb8000 67 23 3024 8
7fe680b25000 57 7 3088 8
7fe680bb0000 56 13 3158 8
7fe680bac000 73 17 3249 8
7fe680bab000 55 19 3323 8
7fe680bae000 91 11 3425 8
7fe680bad000 57 16 3498 8
7fe680baf000 46 10 3554 8
7fe680b26000 72 11 3637 8
7fe680b29000 94 12 3744 9
7fe680afa000 31 3 3778 9
7fe680b23000 44 3 3825 9
7fe680b7b000 47 3 3875 9
7fe680b7a000 54 6 3935 9
7fe680bdc000 42 3 3981 9
7fe680bdb000 53 4 4039 9
7fe680bda000 46 3 4089 9
7fe680bd9000 59 3 4152 10
4158 10
0x408000
408000 75 40 115 4
407000 47 11 174 4
420000 203 24 402 5
405000 43 12 458 5
404000 16 5 480 5
7fe680b4f000 78 38 597 7
7fe680b49000 54 9 660 7
7fe680b48000 47 4 712 7
7fe680b47000 44 5 762 7
7fe680bc6000 99 10 872 7
7fe680bc5000 65 23 961 7
7fe680bc3000 70 8 1040 7
7fe680ba5000 73 29 1143 7
7fe680ba6000 51 19 1214 7
7fe680b2c000 138 15 1367 7
7fe680bc7000 84 12 1463 7
7fe680ba4000 58 19 1540 7
7fe680aba000 113 6 1659 7
7fe680ba3000 42 5 1707 7
7fe680ba2000 41 4 1753 7
7fe680b37000 78 22 1854 7
7fe680b36000 79 15 1949 7
7fe680bf7000 92 13 2054 8
7fe680b35000 56 9 2119 8
7fe680b34000 76 8 2203 8
7fe680b33000 86 7 2297 8
7fe680b32000 63 10 2370 8
7fe680b2d000 57 12 2439 8
7fe680af9000 52 6 2498 8
7fe680ba1000 49 5 2553 8
7fe680ba0000 45 5 2604 8
7fe680b9f000 33 5 2643 8
7fe680b9e000 43 5 2691 8
7fe680b9d000 37 5 2734 8
7fe680b9c000 41 5 2780 8
7fe680bd6000 49 6 2836 8
7fe680bb8000 67 22 2925 8
7fe680b25000 57 8 2990 8
7fe680bb0000 57 13 3060 8
7fe680bac000 74 16 3150 8
7fe680bab000 54 19 3224 8
7fe680bae000 88 11 3324 8
7fe680bad000 58 15 3397 8
7fe680baf000 45 10 3453 8
7fe680b26000 73 12 3538 8
7fe680b29000 95 11 3644 9
7fe680afa000 30 3 3678 9
7fe680b23000 44 3 3726 9
7fe680b7b000 46 3 3775 9
7fe680b7a000 53 7 3836 9
7fe680bdc000 42 3 3881 9
7fe680bdb000 54 4 3940 9
7fe680bda000 46 3 3989 9
7fe680bd9000 59 4 4053 10
4057 10
0x407000
407000 47 19 66 3
420000 203 28 298 4
405000 43 16 358 4
404000 16 7 382 4
7fe680b4f000 78 47 508 6
7fe680b49000 54 12 574 7
7fe680b48000 47 4 626 7
7fe680b47000 43 4 674 7
7fe680bc6000 99 10 785 7
7fe680bc5000 65 24 875 7
7fe680bc3000 69 8 952 7
7fe680ba5000 72 30 1055 7
7fe680ba6000 51 19 1125 7
7fe680b2c000 138 15 1278 7
7fe680bc7000 84 12 1374 7
7fe680ba4000 58 18 1450 7
7fe680aba000 112 6 1569 7
7fe680ba3000 42 5 1617 7
7fe680ba2000 41 5 1664 7
7fe680b37000 78 22 1765 7
7fe680b36000 79 15 1860 7
7fe680bf7000 92 13 1965 8
7fe680b35000 57 8 2030 8
7fe680b34000 77 9 2116 8
7fe680b33000 86 7 2209 8
7fe680b32000 63 9 2282 8
7fe680b2d000 57 12 2352 8
7fe680af9000 53 7 2412 8
7fe680ba1000 50 5 2467 8
7fe680ba0000 44 6 2518 8
7fe680b9f000 32 5 2556 8
7fe680b9e000 43 6 2605 8
7fe680b9d000 37 5 2647 8
7fe680b9c000 40 6 2693 8
7fe680bd6000 49 6 2749 8
7fe680bb8000 66 23 2838 8
7fe680b25000 56 8 2902 8
7fe680bb0000 57 13 2972 8
7fe680bac000 73 17 3063 8
7fe680bab000 54 20 3137 8
7fe680bae000 88 11 3236 8
7fe680bad000 57 16 3310 8
7fe680baf000 46 9 3365 8
7fe680b26000 72 11 3449 8
7fe680b29000 94 12 3556 9
7fe680afa000 31 3 3590 9
7fe680b23000 45 2 3637 9
7fe680b7b000 46 3 3687 9
7fe680b7a000 53 7 3748 9
7fe680bdc000 42 3 3793 9
7fe680bdb000 54 4 3852 9
7fe680bda000 45 4 3901 9
7fe680bd9000 59 4 3964 10
3968 10
0x406000
406000 58 45 103 5
405000 43 14 161 5
404000 16 6 184 5
420000 202 21 408 5
7fe680bc6000 100 16 525 6
7fe680bc5000 64 30 620 6
7fe680bc3000 70 9 699 6
410000 50 7 757 6
40f000 51 9 818 6
40e000 132 30 981 6
40d000 58 7 1047 6
40c000 62 12 1122 6
40b000 53 6 1182 6
7fe680b53000 60 40 1283 7
7fe680b52000 91 19 1393 7
40a000 42 8 1444 7
7fe680b54000 62 21 1528 7
409000 60 13 1601 7
408000 76 12 1690 7
407000 48 6 1745 7
7fe680b49000 54 9 1809 7
7fe680b48000 47 5 1862 7
7fe680b47000 43 5 1911 7
7fe680b4f000 79 25 2017 8
7fe680c1d000 53 9 2080 8
7fe680ade000 58 11 2149 8
7fe680aba000 113 5 2267 8
7fe680add000 55 6 2329 8
7fe680adc000 44 10 2384 8
7fe680bc7000 84 9 2477 8
7fe680b7d000 38 6 2522 8
7fe680ff6000 61 13 2598 8
7fe680ff4000 71 12 2681 8
7fe680ff5000 56 8 2745 8
7fe680ff2000 58 8 2811 8
7fe680fec000 188 9 3009 8
41f000 60 8 3077 8
7fe680ff1000 42 7 3127 8
41c000 42 6 3175 8
41a000 44 6 3226 8
419000 54 6 3287 8
417000 55 7 3350 8
416000 41 5 3398 8
415000 45 6 3450 8
412000 49 7 3507 9
414000 53 3 3565 9
413000 57 4 3627 9
7fe680d24000 81 5 3715 9
7fe680d55000 57 3 3776 9
7fe680d54000 63 2 3842 9
7fe680d53000 68 2 3913 9
7fe680d52000 65 2 3981 9
7fe680d51000 56 3 4041 9
7fe680d50000 55 3 4099 9
7fe680cb1000 122 3 4224 9
7fe680d1c000 78 3 4305 9
7fe680d1b000 35 2 4342 9
7fe680d1a000 37 1 4381 9
7fe680d19000 87 4 4473 9
7fe680d0b000 67 3 4543 9
7fe680d57000 80 2 4625 9
7fe680d56000 78 3 4707 9
7fe680d23000 60 2 4769 9
7fe680d22000 67 3 4840 9
7fe680d21000 65 3 4908 9
7fe680d20000 58 3 4969 9
7fe680d1f000 39 2 5011 9
7fe680d1d000 36 2 5050 9
7fe680d1e000 33 1 5085 9
7fe680cde000 67 7 5160 9
7fe680cdd000 55 2 5217 9
7fe680cdc000 65 4 5287 9
7fe680cd8000 51 2 5340 9
7fe680cd9000 26 1 5368 9
7fe680cdb000 49 1 5419 9
7fe680cd7000 37 2 5459 9
7fe680cd6000 57 2 5519 9
7fe680cd5000 57 8 5584 9
7fe680cda000 40 1 5626 9
418000 66 4 5698 9
7fe680ff3000 60 5 5764 9
41b000 35 2 5803 9
41d000 55 2 5862 9
41e000 80 3 5947 9
7fe680ff9000 60 12 6023 9
7fe680c25000 77 4 6104 9
7fe680bb7000 83 16 6203 9
7fe680bb5000 45 3 6251 9
7fe680abc000 65 5 6321 9
7fe680bf8000 92 5 6418 9
7fe680bf7000 93 4 6516 9
7fe680acc000 54 6 6577 9
7fe680acb000 69 4 6651 9
7fe680aca000 35 3 6689 9
7fe680ac9000 50 2 6741 9
7fe680ac8000 78 3 6823 9
7fe680ac7000 32 2 6858 9
7fe680abf000 43 3 6904 9
7fe680abe000 40 3 6947 9
7fe680abd000 58 2 7008 9
7fe680b1a000 68 4 7081 9
7fe680b27000 79 4 7165 9
7fe680b26000 72 6 7243 9
7fe680bab000 55 10 7308 9
7fe680ba6000 51 7 7367 9
7fe680ba5000 74 11 7453 9
7fe680ba4000 58 7 7519 9
7fe680ba3000 43 1 7563 9
7fe680ba2000 41 1 7606 9
7fe680b37000 79 8 7694 9
7fe680b36000 81 5 7780 9
7fe680b35000 56 4 7841 9
7fe680b34000 76 4 7922 9
7fe680b2c000 140 6 8068 9
7fe680b33000 88 3 8160 9
7fe680b32000 63 5 8229 9
7fe680b2d000 57 6 8292 9
7fe680af9000 53 2 8348 9
7fe680ba1000 49 3 8401 9
7fe680ba0000 47 2 8450 9
7fe680b9f000 33 2 8486 9
7fe680b9e000 43 3 8532 9
7fe680b9d000 37 2 8571 9
7fe680b9c000 40 2 8614 9
7fe680bd6000 50 2 8667 9
7fe680bb8000 67 13 8747 9
7fe680b25000 57 3 8807 9
7fe680bb0000 58 6 8872 9
7fe680bac000 74 9 8956 9
7fe680baf000 46 5 9007 9
7fe680b29000 95 6 9108 9
7fe680bae000 89 6 9203 9
7fe680bad000 58 8 9269 9
7fe680afa000 30 3 9303 9
7fe680b23000 45 3 9351 9
7fe680b7b000 47 3 9401 9
7fe680b7a000 53 7 9462 9
7fe680bdc000 43 3 9508 9
7fe680bdb000 54 4 9566 9
7fe680bda000 46 4 9616 9
7fe680bd9000 59 4 9679 10
9683 10
0x41f000
41f000 60 33 94 4
7fe680ff1000 42 13 150 5
405000 43 14 208 5
404000 16 7 232 5
420000 205 20 457 6
7fe680bc6000 100 13 571 6
7fe680bc5000 65 30 666 6
7fe680bc3000 69 9 745 6
410000 50 7 803 6
40f000 51 9 864 6
40e000 132 30 1027 6
40d000 58 7 1093 6
40c000 63 12 1169 6
40b000 53 6 1229 6
7fe680b53000 59 40 1329 7
7fe680b52000 91 19 1440 7
40a000 42 8 1491 7
7fe680b54000 62 21 1575 7
409000 60 12 1648 7
408000 76 13 1738 7
407000 47 6 1792 7
406000 57 15 1865 7
7fe680b49000 54 9 1930 7
7fe680b48000 47 5 1983 7
7fe680b47000 43 5 2032 7
7fe680b4f000 79 25 2138 8
7fe680c1d000 54 9 2201 8
7fe680ade000 58 11 2271 8
7fe680aba000 113 5 2389 8
7fe680add000 55 6 2451 8
7fe680adc000 44 10 2506 8
7fe680bc7000 83 9 2599 8
7fe680b7d000 39 6 2645 8
7fe680ff6000 62 13 2721 8
7fe680ff4000 72 11 2804 8
7fe680ff5000 56 7 2868 8
7fe680ff2000 57 9 2935 8
7fe680fec000 190 8 3133 8
413000 57 9 3200 8
412000 49 7 3257 9
414000 53 3 3315 9
415000 44 3 3364 9
7fe680d24000 82 5 3451 9
7fe680d55000 57 4 3512 9
7fe680d54000 63 3 3578 9
7fe680d53000 69 2 3649 9
7fe680d52000 65 2 3716 9
7fe680d51000 56 3 3776 9
7fe680d50000 55 3 3834 9
7fe680cb1000 122 2 3958 9
7fe680d1c000 79 3 4041 9
7fe680d1b000 35 2 4078 9
7fe680d1a000 37 2 4117 9
7fe680d19000 87 3 4208 9
7fe680d0b000 67 3 4279 9
7fe680d57000 79 3 4362 9
7fe680d56000 79 2 4443 9
7fe680d23000 59 3 4506 9
7fe680d22000 67 3 4576 9
7fe680d21000 65 3 4644 9
7fe680d20000 58 3 4705 9
7fe680d1f000 40 2 4747 9
7fe680d1d000 37 2 4786 9
7fe680d1e000 33 2 4821 9
7fe680cde000 67 6 4895 9
7fe680cdd000 54 3 4953 9
7fe680cdc000 65 4 5022 9
7fe680cd8000 51 2 5076 9
7fe680cd9000 26 1 5104 9
7fe680cdb000 48 1 5154 9
7fe680cd7000 37 2 5194 9
7fe680cd6000 57 2 5253 9
7fe680cd5000 57 8 5318 9
7fe680cda000 39 2 5360 9
7fe680ff9000 60 12 5434 9
7fe680c25000 76 4 5514 9
7fe680bb7000 83 15 5613 9
7fe680bb5000 45 2 5660 9
7fe680abc000 65 4 5730 9
7fe680bf8000 91 5 5827 9
7fe680bf7000 91 5 5924 9
7fe680acc000 53 7 5985 9
7fe680acb000 69 4 6058 9
7fe680aca000 35 3 6096 9
7fe680ac9000 50 2 6148 9
7fe680ac8000 77 4 6230 9
7fe680ac7000 31 2 6264 9
7fe680abf000 42 3 6310 9
7fe680abe000 39 3 6353 9
7fe680abd000 58 2 6414 9
7fe680b1a000 69 4 6487 9
7fe680b27000 80 4 6571 9
7fe680b26000 72 5 6648 9
7fe680bab000 55 10 6713 9
7fe680ba6000 52 7 6772 9
7fe680ba5000 73 11 6856 9
7fe680ba4000 58 7 6922 9
7fe680ba3000 43 2 6967 9
7fe680ba2000 41 1 7009 9
7fe680b37000 78 9 7097 9
7fe680b36000 80 5 7182 9
7fe680b35000 56 4 7243 9
7fe680b34000 76 4 7323 9
7fe680b2c000 138 6 7468 9
7fe680b33000 86 3 7557 9
7fe680b32000 62 5 7625 9
7fe680b2d000 58 5 7688 9
7fe680af9000 52 3 7744 9
7fe680ba1000 50 2 7796 9
7fe680ba0000 45 2 7844 9
7fe680b9f000 33 2 7880 9
7fe680b9e000 42 2 7925 9
7fe680b9d000 37 2 7965 9
7fe680b9c000 40 2 8007 9
7fe680bd6000 50 2 8060 9
7fe680bb8000 66 12 8139 9
7fe680b25000 56 4 8199 9
7fe680bb0000 57 7 8263 9
7fe680bac000 74 9 8346 9
7fe680baf000 46 4 8396 9
7fe680b29000 96 6 8499 9
7fe680bae000 88 6 8593 9
7fe680bad000 58 8 8659 9
7fe680afa000 31 3 8693 9
7fe680b23000 44 3 8740 9
7fe680b7b000 46 3 8790 9
7fe680b7a000 53 7 8851 9
7fe680bdc000 42 3 8896 9
7fe680bdb000 54 4 8954 9
7fe680bda000 45 3 9003 9
7fe680bd9000 59 4 9067 10
9071 10
0x41c000
41c000 42 24 66 3
41a000 44 18 129 4
405000 43 18 191 4
404000 16 8 216 4
420000 203 25 444 5
7fe680bc6000 99 16 561 6
7fe680bc5000 65 29 656 6
7fe680bc3000 69 9 735 6
410000 50 7 793 6
40f000 50 10 854 6
40e000 132 29 1016 6
40d000 58 7 1082 6
40c000 63 12 1158 6
40b000 53 6 1218 6
7fe680b53000 59 40 1318 7
7fe680b52000 91 19 1429 7
40a000 42 8 1480 7
7fe680b54000 62 21 1563 7
409000 61 12 1636 7
408000 77 12 1726 7
407000 47 6 1780 7
406000 57 15 1853 7
7fe680b49000 54 9 1918 7
7fe680b48000 48 4 1970 7
7fe680b47000 43 5 2019 7
7fe680b4f000 79 25 2125 8
7fe680c1d000 53 9 2188 8
7fe680ade000 59 10 2257 8
7fe680aba000 113 5 2376 8
7fe680add000 55 7 2438 8
7fe680adc000 44 10 2493 8
7fe680bc7000 84 9 2586 8
7fe680b7d000 39 6 2631 8
7fe680ff6000 61 13 2707 8
7fe680ff4000 70 12 2790 8
7fe680ff5000 56 7 2853 8
7fe680ff2000 58 8 2919 8
7fe680fec000 189 9 3117 8
41f000 60 8 3185 8
7fe680ff1000 42 6 3234 8
418000 67 7 3308 8
417000 55 8 3372 8
416000 41 6 3420 8
415000 44 7 3472 8
412000 49 7 3528 9
414000 53 3 3586 9
413000 57 4 3648 9
7fe680d24000 81 5 3736 9
7fe680d55000 57 4 3797 9
7fe680d54000 63 3 3863 9
7fe680d53000 69 2 3934 9
7fe680d52000 65 2 4001 9
7fe680d51000 56 3 4061 9
7fe680d50000 55 2 4118 9
7fe680cb1000 121 3 4243 9
7fe680d1c000 77 3 4324 9
7fe680d1b000 35 1 4361 9
7fe680d1a000 38 1 4401 9
7fe680d19000 87 3 4492 9
7fe680d0b000 67 3 4563 9
7fe680d57000 80 2 4645 9
7fe680d56000 79 2 4727 9
7fe680d23000 60 2 4790 9
7fe680d22000 66 3 4860 9
7fe680d21000 64 3 4928 9
7fe680d20000 58 3 4989 9
7fe680d1f000 39 2 5031 9
7fe680d1d000 37 2 5070 9
7fe680d1e000 32 2 5105 9
7fe680cde000 67 6 5179 9
7fe680cdd000 54 2 5236 9
7fe680cdc000 65 4 5306 9
7fe680cd8000 52 1 5359 9
7fe680cd9000 26 1 5387 9
7fe680cdb000 48 2 5438 9
7fe680cd7000 37 2 5477 9
7fe680cd6000 56 2 5536 9
7fe680cd5000 56 8 5601 9
7fe680cda000 40 1 5643 9
419000 54 3 5702 9
7fe680ff3000 61 5 5769 9
7fe680ff9000 59 11 5842 9
7fe680c25000 76 4 5923 9
7fe680bb7000 83 15 6021 9
7fe680bb5000 45 3 6070 9
7fe680abc000 65 4 6139 9
7fe680bf8000 91 5 6236 9
7fe680bf7000 93 4 6333 9
7fe680acc000 53 7 6394 9
7fe680acb000 69 4 6467 9
7fe680aca000 34 3 6505 9
7fe680ac9000 49 2 6556 9
7fe680ac8000 77 4 6638 9
7fe680ac7000 32 2 6672 9
7fe680abf000 43 3 6718 9
7fe680abe000 40 3 6761 9
7fe680abd000 58 2 6821 9
7fe680b1a000 68 5 6894 9
7fe680b27000 80 4 6978 9
7fe680b26000 72 6 7056 9
7fe680bab000 54 11 7121 9
7fe680ba6000 51 7 7179 9
7fe680ba5000 73 11 7264 9
7fe680ba4000 58 7 7330 9
7fe680ba3000 43 2 7375 9
7fe680ba2000 41 2 7418 9
7fe680b37000 78 8 7505 9
7fe680b36000 78 6 7590 9
7fe680b35000 57 3 7650 9
7fe680b34000 76 4 7731 9
7fe680b2c000 138 6 7875 9
7fe680b33000 86 4 7965 9
7fe680b32000 63 5 8033 9
7fe680b2d000 57 6 8096 9
7fe680af9000 53 3 8152 9
7fe680ba1000 49 2 8204 9
7fe680ba0000 45 2 8252 9
7fe680b9f000 33 2 8288 9
7fe680b9e000 43 3 8334 9
7fe680b9d000 37 2 8373 9
7fe680b9c000 41 2 8416 9
7fe680bd6000 49 2 8468 9
7fe680bb8000 66 12 8547 9
7fe680b25000 56 4 8608 9
7fe680bb0000 57 6 8671 9
7fe680bac000 74 8 8754 9
7fe680baf000 46 4 8805 9
7fe680b29000 95 5 8906 9
7fe680bae000 88 6 9001 9
7fe680bad000 58 8 9067 9
7fe680afa000 30 3 9101 9
7fe680b23000 44 3 9149 9
7fe680b7b000 47 3 9199 9
7fe680b7a000 54 7 9260 9
7fe680bdc000 42 3 9305 9
7fe680bdb000 54 4 9364 9
7fe680bda000 46 3 9414 9
7fe680bd9000 60 3 9478 10
9483 10
0x41a000
41a000 44 24 69 3
405000 43 20 133 3
404000 16 9 159 3
420000 204 29 392 4
7fe680bc6000 100 19 512 5
7fe680bc5000 66 35 613 5
7fe680bc3000 70 11 695 5
410000 51 8 754 6
40f000 51 9 815 6
40e000 133 30 979 6
40d000 58 7 1045 6
40c000 64 12 1122 6
40b000 53 6 1182 6
7fe680b53000 60 40 1283 7
7fe680b52000 91 19 1394 7
40a000 42 8 1445 7
7fe680b54000 62 21 1529 7
409000 61 13 1604 7
408000 77 13 1695 7
407000 47 6 1749 7
406000 58 14 1822 7
7fe680b49000 55 9 1888 7
7fe680b48000 48 5 1941 7
7fe680b47000 43 4 1989 7
7fe680b4f000 79 25 2096 8
7fe680c1d000 54 9 2159 8
7fe680ade000 59 10 2229 8
7fe680aba000 112 6 2348 8
7fe680add000 55 6 2409 8
7fe680adc000 45 9 2464 8
7fe680bc7000 84 9 2558 8
7fe680b7d000 39 6 2604 8
7fe680ff6000 62 13 2680 8
7fe680ff4000 72 12 2764 8
7fe680ff5000 56 7 2827 8
7fe680ff2000 59 8 2894 8
7fe680fec000 190 8 3092 8
41f000 60 8 3160 8
7fe680ff1000 42 6 3209 8
41c000 41 7 3258 8
41b000 34 5 3298 8
417000 55 7 3361 8
416000 42 5 3409 8
415000 45 6 3461 8
412000 50 7 3519 9
414000 53 3 3577 9
413000 58 4 3640 9
7fe680d24000 82 5 3729 9
7fe680d55000 57 3 3790 9
7fe680d54000 63 2 3856 9
7fe680d53000 69 2 3928 9
7fe680d52000 65 2 3995 9
7fe680d51000 56 3 4055 9
7fe680d50000 55 3 4113 9
7fe680cb1000 122 3 4238 9
7fe680d1c000 78 3 4319 9
7fe680d1b000 34 2 4356 9
7fe680d1a000 37 2 4396 9
7fe680d19000 88 4 4488 9
7fe680d0b000 68 3 4559 9
7fe680d57000 80 2 4641 9
7fe680d56000 78 3 4723 9
7fe680d23000 60 2 4786 9
7fe680d22000 67 3 4856 9
7fe680d21000 66 2 4925 9
7fe680d20000 58 3 4987 9
7fe680d1f000 40 2 5029 9
7fe680d1d000 37 2 5068 9
7fe680d1e000 33 2 5103 9
7fe680cde000 67 7 5178 9
7fe680cdd000 55 2 5235 9
7fe680cdc000 66 4 5305 9
7fe680cd8000 50 2 5358 9
7fe680cd9000 26 1 5386 9
7fe680cdb000 48 2 5437 9
7fe680cd7000 37 2 5477 9
7fe680cd6000 57 2 5536 9
7fe680cd5000 57 8 5601 9
7fe680cda000 40 1 5643 9
418000 66 4 5715 9
419000 54 3 5773 9
7fe680ff3000 60 5 5839 9
41d000 55 2 5898 9
41e000 80 3 5982 9
7fe680ff9000 60 11 6057 9
7fe680c25000 77 4 6138 9
7fe680bb7000 83 15 6236 9
7fe680bb5000 44 3 6284 9
7fe680abc000 65 4 6354 9
7fe680bf8000 92 5 6451 9
7fe680bf7000 93 5 6549 9
7fe680acc000 53 7 6610 9
7fe680acb000 69 4 6683 9
7fe680aca000 35 2 6721 9
7fe680ac9000 49 2 6773 9
7fe680ac8000 77 4 6855 9
7fe680ac7000 32 2 6889 9
7fe680abf000 42 3 6935 9
7fe680abe000 40 3 6978 9
7fe680abd000 58 2 7038 9
7fe680b1a000 68 5 7111 9
7fe680b27000 80 3 7194 9
7fe680b26000 72 5 7272 9
7fe680bab000 54 10 7337 9
7fe680ba6000 52 7 7396 9
7fe680ba5000 73 12 7481 9
7fe680ba4000 58 7 7546 9
7fe680ba3000 42 2 7591 9
7fe680ba2000 41 2 7634 9
7fe680b37000 78 9 7721 9
7fe680b36000 80 5 7806 9
7fe680b35000 57 4 7867 9
7fe680b34000 76 5 7948 9
7fe680b2c000 139 6 8093 9
7fe680b33000 86 3 8182 9
7fe680b32000 63 5 8251 9
7fe680b2d000 57 6 8314 9
7fe680af9000 53 2 8369 9
7fe680ba1000 49 2 8421 9
7fe680ba0000 45 3 8470 9
7fe680b9f000 33 1 8505 9
7fe680b9e000 43 2 8551 9
7fe680b9d000 37 2 8590 9
7fe680b9c000 40 3 8634 9
7fe680bd6000 51 2 8687 9
7fe680bb8000 66 12 8766 9
7fe680b25000 56 4 8827 9
7fe680bb0000 57 6 8890 9
7fe680bac000 74 8 8973 9
7fe680baf000 46 4 9024 9
7fe680b29000 94 6 9125 9
7fe680bae000 89 5 9219 9
7fe680bad000 58 7 9285 9
7fe680afa000 30 3 9319 9
7fe680b23000 43 3 9366 9
7fe680b7b000 46 3 9416 9
7fe680b7a000 53 7 9477 9
7fe680bdc000 42 4 9523 9
7fe680bdb000 54 4 9581 9
7fe680bda000 45 3 9630 9
7fe680bd9000 59 3 9693 10
9698 10
0x419000
419000 54 25 80 3
405000 43 19 143 3
404000 16 9 169 3
420000 204 29 403 4
7fe680bc6000 99 19 522 5
7fe680bc5000 66 35 623 5
7fe680bc3000 69 11 704 5
410000 50 9 763 6
40f000 51 10 824 6
40e000 132 30 987 6
40d000 58 7 1053 6
40c000 62 12 1128 6
40b000 53 6 1188 6
7fe680b53000 59 40 1288 7
7fe680b52000 91 19 1399 7
40a000 42 8 1450 7
7fe680b54000 63 21 1534 7
409000 61 12 1607 7
408000 76 13 1697 7
407000 47 6 1751 7
406000 58 14 1824 7
7fe680b49000 54 10 1890 7
7fe680b48000 47 5 1942 7
7fe680b47000 43 4 1990 7
7fe680b4f000 78 25 2096 8
7fe680c1d000 53 9 2159 8
7fe680ade000 59 10 2229 8
7fe680aba000 113 5 2347 8
7fe680add000 55 6 2409 8
7fe680adc000 44 10 2464 8
7fe680bc7000 84 9 2557 8
7fe680b7d000 38 7 2603 8
7fe680ff6000 61 13 2678 8
7fe680ff4000 70 12 2761 8
7fe680ff5000 56 7 2825 8
7fe680ff2000 57 9 2892 8
7fe680fec000 188 9 3089 8
41f000 60 8 3157 8
7fe680ff1000 42 6 3206 8
41c000 42 6 3254 8
41a000 44 6 3305 8
41b000 34 5 3346 8
417000 55 7 3409 8
416000 42 5 3457 8
415000 45 6 3509 8
412000 49 7 3566 9
414000 53 3 3624 9
413000 57 4 3686 9
7fe680d24000 80 5 3773 9
7fe680d55000 57 3 3834 9
7fe680d54000 64 2 3901 9
7fe680d53000 70 2 3974 9
7fe680d52000 65 2 4041 9
7fe680d51000 56 3 4101 9
7fe680d50000 55 2 4158 9
7fe680cb1000 122 3 4284 9
7fe680d1c000 79 3 4366 9
7fe680d1b000 35 2 4403 9
7fe680d1a000 37 2 4442 9
7fe680d19000 87 3 4533 9
7fe680d0b000 67 3 4604 9
7fe680d57000 80 2 4686 9
7fe680d56000 78 3 4768 9
7fe680d23000 60 2 4830 9
7fe680d22000 67 3 4901 9
7fe680d21000 65 3 4969 9
7fe680d20000 58 3 5030 9
7fe680d1f000 50 2 5082 9
7fe680d1d000 37 2 5121 9
7fe680d1e000 33 1 5155 9
7fe680cde000 68 7 5231 9
7fe680cdd000 54 3 5288 9
7fe680cdc000 67 3 5358 9
7fe680cd8000 51 2 5412 9
7fe680cd9000 26 2 5440 9
7fe680cdb000 48 2 5490 9
7fe680cd7000 37 2 5530 9
7fe680cd6000 57 2 5589 9
7fe680cd5000 56 8 5654 9
7fe680cda000 40 1 5696 9
418000 66 4 5768 9
41d000 55 2 5827 9
41e000 80 3 5912 9
7fe680ff3000 60 5 5980 9
7fe680ff9000 60 11 6053 9
7fe680c25000 76 4 6134 9
7fe680bb7000 83 15 6232 9
7fe680bb5000 45 3 6280 9
7fe680abc000 65 4 6350 9
7fe680bf8000 91 6 6447 9
7fe680bf7000 93 4 6544 9
7fe680acc000 53 6 6604 9
7fe680acb000 69 4 6678 9
7fe680aca000 35 2 6715 9
7fe680ac9000 49 2 6767 9
7fe680ac8000 79 3 6849 9
7fe680ac7000 32 2 6884 9
7fe680abf000 43 2 6929 9
7fe680abe000 39 3 6972 9
7fe680abd000 57 3 7033 9
7fe680b1a000 68 5 7106 9
7fe680b27000 79 4 7189 9
7fe680b26000 72 5 7266 9
7fe680bab000 54 10 7331 9
7fe680ba6000 51 7 7390 9
7fe680ba5000 73 11 7474 9
7fe680ba4000 58 7 7539 9
7fe680ba3000 42 2 7584 9
7fe680ba2000 40 2 7627 9
7fe680b37000 78 9 7714 9
7fe680b36000 79 6 7799 9
7fe680b35000 57 4 7860 9
7fe680b34000 76 4 7940 9
7fe680b2c000 138 6 8084 9
7fe680b33000 86 3 8173 9
7fe680b32000 64 5 8242 9
7fe680b2d000 57 6 8305 9
7fe680af9000 52 3 8360 9
7fe680ba1000 49 2 8412 9
7fe680ba0000 45 2 8460 9
7fe680b9f000 33 2 8496 9
7fe680b9e000 43 2 8541 9
7fe680b9d000 37 2 8581 9
7fe680b9c000 40 2 8623 9
7fe680bd6000 49 3 8676 9
7fe680bb8000 66 12 8754 9
7fe680b25000 56 4 8815 9
7fe680bb0000 57 7 8879 9
7fe680bac000 75 8 8962 9
7fe680baf000 45 5 9013 9
7fe680b29000 96 5 9114 9
7fe680bae000 88 5 9208 9
7fe680bad000 58 7 9274 9
7fe680afa000 30 3 9308 9
7fe680b23000 44 2 9355 9
7fe680b7b000 46 3 9405 9
7fe680b7a000 53 7 9466 9
7fe680bdc000 42 3 9511 9
7fe680bdb000 54 4 9570 9
7fe680bda000 46 3 9619 9
7fe680bd9000 59 4 9683 10
9686 10
0x417000
417000 54 30 85 3
420000 204 29 319 4
405000 43 16 379 4
404000 16 6 402 4
7fe680b4f000 78 48 529 6
7fe680b49000 54 13 596 7
7fe680b48000 47 4 648 7
7fe680b47000 43 4 696 7
7fe680bc6000 100 11 808 7
7fe680bc5000 65 24 897 7
7fe680bc3000 70 7 975 7
7fe680ba5000 73 29 1078 7
7fe680ba6000 51 19 1149 7
7fe680b2c000 139 15 1303 7
7fe680bc7000 84 12 1400 7
7fe680ba4000 58 19 1477 7
7fe680aba000 113 7 1597 7
7fe680ba3000 43 5 1645 7
7fe680ba2000 41 5 1691 7
7fe680b37000 78 22 1792 7
7fe680b36000 79 15 1887 7
7fe680bf7000 93 12 1992 8
7fe680b35000 56 9 2058 8
7fe680b34000 76 9 2143 8
7fe680b33000 86 8 2238 8
7fe680b32000 63 10 2311 8
7fe680b2d000 58 12 2381 8
7fe680af9000 52 7 2441 8
7fe680ba1000 50 5 2496 8
7fe680ba0000 45 5 2547 8
7fe680b9f000 33 5 2586 8
7fe680b9e000 43 6 2635 8
7fe680b9d000 37 5 2677 8
7fe680b9c000 40 6 2724 8
7fe680bd6000 50 6 2780 8
7fe680bb8000 67 23 2870 8
7fe680b25000 56 8 2935 8
7fe680bb0000 58 13 3006 8
7fe680bac000 74 17 3097 8
7fe680bab000 55 19 3171 8
7fe680bae000 89 11 3272 8
7fe680bad000 59 15 3346 8
7fe680baf000 46 9 3402 8
7fe680b26000 72 12 3487 8
7fe680b29000 96 11 3594 9
7fe680afa000 30 3 3628 9
7fe680b23000 44 3 3676 9
7fe680b7b000 46 3 3726 9
7fe680b7a000 53 7 3787 9
7fe680bdc000 42 4 3833 9
7fe680bdb000 54 4 3891 9
7fe680bda000 46 3 3941 9
7fe680bd9000 59 3 4004 10
4007 10
0x416000
416000 42 19 62 2
415000 45 21 129 4
412000 50 17 196 5
7fe680b7d000 38 11 246 6
404000 16 4 266 6
405000 42 11 320 6
420000 203 15 539 7
7fe680bc6000 100 8 648 7
7fe680bc5000 65 21 735 7
7fe680bc3000 69 6 811 7
410000 51 4 866 7
40f000 51 6 924 7
40e000 131 21 1077 7
40d000 58 4 1141 7
40c000 64 8 1213 7
40b000 52 4 1270 7
7fe680b53000 59 29 1359 8
7fe680b52000 93 11 1464 8
40a000 42 4 1512 8
7fe680b54000 62 13 1589 8
409000 60 8 1658 8
408000 76 7 1742 8
407000 47 3 1793 8
406000 58 9 1861 8
7fe680b49000 54 5 1922 8
7fe680b48000 47 2 1972 8
7fe680b47000 43 2 2018 8
7fe680b4f000 78 16 2115 9
7fe680c1d000 54 4 2174 9
7fe680ade000 59 5 2238 9
7fe680aba000 113 2 2354 9
7fe680add000 55 3 2412 9
7fe680adc000 44 5 2462 9
7fe680bc7000 84 4 2550 9
7fe680ff6000 61 7 2620 9
7fe680ff4000 71 6 2697 9
7fe680ff5000 56 4 2757 9
7fe680ff2000 58 3 2818 9
7fe680fec000 189 3 3011 9
41f000 59 4 3075 9
7fe680ff1000 42 3 3121 9
41c000 42 3 3166 9
41a000 44 3 3213 9
419000 54 3 3271 9
417000 54 4 3330 9
418000 67 3 3401 9
7fe680ff3000 60 5 3467 9
41b000 34 2 3505 9
41d000 54 2 3564 9
41e000 80 3 3649 9
413000 57 4 3713 9
414000 53 3 3771 9
7fe680d24000 81 5 3858 9
7fe680d55000 57 3 3918 9
7fe680d54000 63 2 3984 9
7fe680d53000 68 2 4055 9
7fe680d52000 65 2 4123 9
7fe680d51000 56 3 4183 9
7fe680d50000 55 2 4240 9
7fe680cb1000 121 3 4365 9
7fe680d1c000 78 3 4447 9
7fe680d1b000 34 2 4484 9
7fe680d1a000 37 1 4523 9
7fe680d19000 88 4 4616 9
7fe680d0b000 67 3 4686 9
7fe680d57000 80 2 4768 9
7fe680d56000 79 3 4851 9
7fe680d23000 60 2 4913 9
7fe680d22000 66 3 4983 9
7fe680d21000 65 2 5051 9
7fe680d20000 58 3 5113 9
7fe680d1f000 40 2 5155 9
7fe680d1d000 37 2 5194 9
7fe680d1e000 33 2 5229 9
7fe680cde000 68 6 5303 9
7fe680cdd000 54 3 5361 9
7fe680cdc000 66 3 5430 9
7fe680cd8000 51 2 5484 9
7fe680cd9000 25 2 5512 9
7fe680cdb000 48 1 5562 9
7fe680cd7000 37 2 5602 9
7fe680cd6000 56 2 5661 9
7fe680cd5000 56 8 5726 9
7fe680cda000 40 2 5769 9
7fe680ff9000 59 12 5842 9
7fe680c25000 77 4 5923 9
7fe680bb7000 83 15 6021 9
7fe680bb5000 45 3 6069 9
7fe680abc000 65 5 6139 9
7fe680bf8000 92 5 6236 9
7fe680bf7000 92 4 6333 9
7fe680acc000 53 7 6394 9
7fe680acb000 69 4 6467 9
7fe680aca000 35 3 6505 9
7fe680ac9000 51 2 6558 9
7fe680ac8000 78 3 6639 9
7fe680ac7000 32 2 6674 9
7fe680abf000 43 2 6719 9
7fe680abe000 40 3 6763 9
7fe680abd000 58 2 6823 9
7fe680b1a000 69 4 6896 9
7fe680b27000 78 4 6979 9
7fe680b26000 72 6 7057 9
7fe680bab000 54 11 7122 9
7fe680ba6000 52 7 7181 9
7fe680ba5000 73 11 7265 9
7fe680ba4000 57 7 7330 9
7fe680ba3000 42 2 7375 9
7fe680ba2000 41 2 7418 9
7fe680b37000 78 8 7505 9
7fe680b36000 79 5 7590 9
7fe680b35000 56 4 7651 9
7fe680b34000 76 4 7731 9
7fe680b2c000 138 6 7875 9
7fe680b33000 86 3 7965 9
7fe680b32000 63 5 8033 9
7fe680b2d000 57 6 8096 9
7fe680af9000 52 3 8152 9
7fe680ba1000 51 2 8205 9
7fe680ba0000 45 2 8253 9
7fe680b9f000 33 2 8289 9
7fe680b9e000 43 2 8334 9
7fe680b9d000 37 2 8374 9
7fe680b9c000 40 2 8416 9
7fe680bd6000 50 2 8469 9
7fe680bb8000 67 12 8548 9
7fe680b25000 57 3 8608 9
7fe680bb0000 56 7 8672 9
7fe680bac000 74 9 8755 9
7fe680baf000 46 4 8805 9
7fe680b29000 95 6 8907 9
7fe680bae000 88 5 9000 9
7fe680bad000 58 7 9066 9
7fe680afa000 31 3 9101 9
7fe680b23000 44 3 9148 9
7fe680b7b000 47 3 9198 9
7fe680b7a000 53 7 9258 9
7fe680bdc000 42 3 9303 9
7fe680bdb000 53 4 9361 9
7fe680bda000 45 4 9411 9
7fe680bd9000 59 4 9474 10
9477 10
0x415000
415000 44 26 71 4
71 4
0x412000
412000 49 29 78 4
7fe680b7d000 39 13 131 6
404000 16 4 151 6
151 6
0x414000
414000 53 26 80 2
413000 57 29 167 3
410000 50 14 232 4
40f000 50 17 300 6
40e000 132 30 463 6
40d000 57 7 528 6
40c000 64 11 604 6
40b000 53 7 665 6
7fe680b53000 59 40 765 7
7fe680b52000 91 19 875 7
404000 16 4 896 7
405000 42 9 948 7
420000 203 13 1165 7
7fe680bc6000 99 10 1276 7
7fe680bc5000 64 23 1364 7
7fe680bc3000 70 8 1443 7
41f000 60 10 1513 7
7fe680ff1000 42 8 1564 7
41c000 42 7 1613 7
41a000 44 8 1666 7
419000 54 8 1729 7
417000 54 10 1794 7
416000 43 6 1844 7
415000 45 8 1898 7
412000 49 9 1956 8
7fe680b7d000 38 5 2001 8
418000 66 6 2074 8
7fe680ff3000 60 8 2143 8
7fe680ff2000 58 6 2208 8
7fe680b49000 54 5 2267 8
7fe680b48000 47 2 2317 8
7fe680b47000 42 3 2363 8
41b000 34 3 2402 8
7fe680b54000 62 13 2479 8
7fe680ade000 59 8 2547 8
7fe680aba000 112 4 2664 8
7fe680add000 55 5 2724 8
7fe680adc000 44 8 2776 8
7fe680bc7000 84 7 2867 8
41d000 55 3 2926 8
41e000 80 5 3012 8
408000 76 7 3098 8
407000 47 4 3150 8
406000 57 9 3217 8
409000 60 8 3288 8
7fe680c1d000 53 7 3349 8
7fe680b4f000 78 16 3444 9
7fe680886000 41 3 3489 9
7fe680885000 54 2 3546 9
7fe680884000 64 2 3613 9
7fe68088d000 54 4 3672 10
3679 10
0x413000
413000 57 35 92 3
410000 50 14 157 4
40f000 51 16 225 6
40e000 131 30 387 6
40d000 58 7 453 6
40c000 63 12 529 6
40b000 52 7 589 6
7fe680b53000 59 41 690 7
7fe680b52000 92 19 801 7
404000 16 4 822 7
405000 43 9 874 7
420000 203 13 1091 7
7fe680bc6000 101 10 1203 7
7fe680bc5000 65 23 1292 7
7fe680bc3000 69 8 1370 7
41f000 60 10 1440 7
7fe680ff1000 42 8 1491 7
41c000 42 8 1541 7
41a000 43 8 1593 7
419000 54 8 1656 7
417000 55 9 1721 7
416000 42 6 1770 7
415000 45 8 1824 7
412000 49 10 1884 8
7fe680b7d000 39 4 1928 8
414000 53 5 1987 8
7fe680d24000 81 8 2077 8
7fe680d55000 58 5 2140 9
7fe680d54000 63 3 2206 9
7fe680d53000 69 2 2277 9
7fe680d52000 64 3 2344 9
7fe680d51000 56 3 2404 9
7fe680d50000 55 2 2461 9
7fe680cb1000 122 3 2587 9
7fe680d1c000 78 3 2668 9
7fe680d1b000 35 2 2706 9
7fe680d1a000 37 2 2745 9
7fe680d19000 87 4 2837 9
7fe680d0b000 67 3 2907 9
7fe680d57000 81 2 2990 9
7fe680d56000 79 3 3072 9
7fe680d23000 60 2 3134 9
7fe680d22000 68 3 3206 9
7fe680d21000 65 2 3273 9
7fe680d20000 57 4 3335 9
7fe680d1f000 39 2 3376 9
7fe680d1d000 36 2 3415 9
7fe680d1e000 32 2 3450 9
7fe680cde000 67 7 3525 9
7fe680cdd000 54 3 3582 9
7fe680cdc000 66 4 3652 9
7fe680cd8000 51 2 3705 9
7fe680cd9000 26 1 3733 9
7fe680cdb000 48 2 3784 9
7fe680cd7000 37 2 3824 9
7fe680cd6000 58 1 3883 9
7fe680cd5000 56 8 3948 9
7fe680cda000 40 2 3991 9
418000 67 3 4062 9
7fe680ff3000 60 5 4128 9
7fe680ff2000 58 4 4191 9
7fe680b49000 54 4 4249 9
7fe680b48000 47 2 4298 9
7fe680b47000 43 1 4343 9
41b000 34 2 4381 9
7fe680b54000 62 8 4453 9
7fe680ade000 59 5 4518 9
7fe680aba000 113 3 4634 9
7fe680add000 55 3 4692 9
7fe680adc000 45 4 4742 9
7fe680bc7000 84 4 4831 9
41d000 55 2 4889 9
41e000 81 3 4974 9
408000 76 4 5057 9
407000 47 2 5107 9
406000 57 6 5172 9
409000 61 4 5240 9
7fe680c1d000 53 4 5299 9
7fe680b4f000 79 10 5389 9
7fe680886000 41 2 5432 9
7fe680885000 55 2 5490 9
7fe680884000 64 3 5558 9
7fe68088d000 53 5 5617 10
5623 10
0x418000
418000 66 30 97 3
417000 55 21 174 3
420000 204 29 408 4
405000 44 16 468 4
404000 16 7 492 4
7fe680b4f000 80 47 619 6
7fe680b49000 54 13 687 7
7fe680b48000 47 5 739 7
7fe680b47000 43 4 787 7
7fe680bc6000 100 10 898 7
7fe680bc5000 65 24 988 7
7fe680bc3000 70 8 1066 7
7fe680ba5000 73 30 1170 7
7fe680ba6000 51 19 1241 7
7fe680b2c000 140 16 1397 7
7fe680bc7000 84 12 1493 7
7fe680ba4000 58 19 1570 7
7fe680aba000 114 6 1690 7
7fe680ba3000 42 6 1738 7
7fe680ba2000 41 5 1784 7
7fe680b37000 77 23 1885 7
7fe680b36000 79 14 1979 7
7fe680bf7000 92 13 2085 8
7fe680b35000 57 9 2151 8
7fe680b34000 76 9 2236 8
7fe680b33000 86 7 2330 8
7fe680b32000 63 10 2403 8
7fe680b2d000 57 12 2473 8
7fe680af9000 54 6 2533 8
7fe680ba1000 50 5 2588 8
7fe680ba0000 45 6 2640 8
7fe680b9f000 32 5 2678 8
7fe680b9e000 43 5 2726 8
7fe680b9d000 37 5 2769 8
7fe680b9c000 40 5 2815 8
7fe680bd6000 50 6 2872 8
7fe680bb8000 66 23 2961 8
7fe680b25000 57 8 3026 8
7fe680bb0000 57 13 3096 8
7fe680bac000 74 17 3188 8
7fe680bab000 54 20 3262 8
7fe680bae000 88 11 3362 8
7fe680bad000 58 15 3435 8
7fe680baf000 46 9 3491 8
7fe680b26000 71 12 3575 8
7fe680b29000 95 12 3682 9
7fe680afa000 31 3 3716 9
7fe680b23000 44 3 3763 9
7fe680b7b000 46 3 3813 9
7fe680b7a000 53 7 3874 9
7fe680bdc000 42 3 3919 9
7fe680bdb000 53 4 3977 9
7fe680bda000 45 4 4027 9
7fe680bd9000 60 3 4090 10
4094 10
0x41b000
41b000 34 19 53 2
405000 43 24 121 3
404000 16 9 147 3
420000 203 28 379 4
7fe680bc6000 100 19 499 5
7fe680bc5000 65 35 599 5
7fe680bc3000 70 11 681 5
410000 51 8 740 6
40f000 51 9 801 6
40e000 132 30 964 6
40d000 58 7 1030 6
40c000 63 12 1106 6
40b000 53 6 1166 6
7fe680b53000 60 40 1267 7
7fe680b52000 91 19 1378 7
40a000 42 8 1429 7
7fe680b54000 63 21 1514 7
409000 60 12 1587 7
408000 76 13 1677 7
407000 47 6 1731 7
406000 57 15 1804 7
7fe680b49000 54 9 1869 7
7fe680b48000 47 5 1922 7
7fe680b47000 42 5 1970 7
7fe680b4f000 78 25 2076 8
7fe680c1d000 53 9 2139 8
7fe680ade000 59 11 2210 8
7fe680aba000 113 5 2328 8
7fe680add000 55 6 2390 8
7fe680adc000 44 10 2445 8
7fe680bc7000 84 9 2538 8
7fe680b7d000 39 6 2584 8
7fe680ff6000 62 13 2660 8
7fe680ff4000 71 12 2743 8
7fe680ff5000 56 7 2806 8
7fe680ff2000 57 9 2873 8
7fe680fec000 189 8 3070 8
41f000 60 8 3139 8
7fe680ff1000 41 7 3188 8
41c000 42 6 3236 8
41a000 44 6 3287 8
419000 54 7 3349 8
417000 54 8 3412 8
416000 42 6 3461 8
415000 44 7 3513 8
412000 49 7 3569 9
414000 53 3 3627 9
413000 57 4 3689 9
7fe680d24000 81 5 3777 9
7fe680d55000 57 4 3838 9
7fe680d54000 63 3 3904 9
7fe680d53000 68 2 3974 9
7fe680d52000 64 3 4042 9
7fe680d51000 57 3 4102 9
7fe680d50000 55 3 4160 9
7fe680cb1000 121 3 4285 9
7fe680d1c000 78 3 4366 9
7fe680d1b000 34 2 4403 9
7fe680d1a000 37 1 4442 9
7fe680d19000 87 4 4534 9
7fe680d0b000 67 3 4604 9
7fe680d57000 79 3 4687 9
7fe680d56000 79 3 4769 9
7fe680d23000 59 3 4831 9
7fe680d22000 67 3 4901 9
7fe680d21000 64 3 4969 9
7fe680d20000 58 3 5030 9
7fe680d1f000 39 2 5072 9
7fe680d1d000 37 1 5111 9
7fe680d1e000 33 1 5146 9
7fe680cde000 66 7 5220 9
7fe680cdd000 55 2 5277 9
7fe680cdc000 65 4 5347 9
7fe680cd8000 51 2 5401 9
7fe680cd9000 26 1 5428 9
7fe680cdb000 48 2 5479 9
7fe680cd7000 37 2 5519 9
7fe680cd6000 57 2 5578 9
7fe680cd5000 57 8 5643 9
7fe680cda000 40 2 5685 9
418000 67 3 5756 9
7fe680ff3000 60 5 5822 9
41d000 54 2 5881 9
41e000 81 3 5966 9
7fe680ff9000 60 11 6041 9
7fe680c25000 76 4 6122 9
7fe680bb7000 83 15 6220 9
7fe680bb5000 45 3 6268 9
7fe680abc000 64 5 6338 9
7fe680bf8000 91 6 6435 9
7fe680bf7000 94 4 6533 9
7fe680acc000 53 6 6593 9
7fe680acb000 69 4 6667 9
7fe680aca000 35 3 6705 9
7fe680ac9000 49 3 6757 9
7fe680ac8000 78 4 6839 9
7fe680ac7000 32 2 6873 9
7fe680abf000 42 3 6919 9
7fe680abe000 40 3 6962 9
7fe680abd000 58 2 7022 9
7fe680b1a000 68 4 7095 9
7fe680b27000 80 4 7180 9
7fe680b26000 72 5 7257 9
7fe680bab000 54 10 7322 9
7fe680ba6000 52 7 7381 9
7fe680ba5000 73 11 7465 9
7fe680ba4000 58 7 7531 9
7fe680ba3000 42 2 7575 9
7fe680ba2000 40 2 7618 9
7fe680b37000 78 9 7705 9
7fe680b36000 79 5 7789 9
7fe680b35000 56 4 7850 9
7fe680b34000 76 4 7930 9
7fe680b2c000 138 6 8074 9
7fe680b33000 86 4 8164 9
7fe680b32000 63 4 8231 9
7fe680b2d000 57 6 8295 9
7fe680af9000 52 3 8350 9
7fe680ba1000 49 2 8401 9
7fe680ba0000 46 2 8450 9
7fe680b9f000 32 2 8485 9
7fe680b9e000 42 3 8531 9
7fe680b9d000 37 2 8570 9
7fe680b9c000 41 2 8613 9
7fe680bd6000 49 2 8665 9
7fe680bb8000 66 12 8744 9
7fe680b25000 56 3 8804 9
7fe680bb0000 57 6 8868 9
7fe680bac000 73 9 8951 9
7fe680baf000 46 5 9002 9
7fe680b29000 95 6 9103 9
7fe680bae000 88 6 9197 9
7fe680bad000 58 7 9262 9
7fe680afa000 30 4 9297 9
7fe680b23000 44 3 9344 9
7fe680b7b000 46 3 9393 9
7fe680b7a000 53 7 9454 9
7fe680bdc000 42 3 9499 9
7fe680bdb000 53 4 9557 9
7fe680bda000 45 3 9606 9
7fe680bd9000 60 3 9670 10
9674 10
0x41d000
41d000 54 18 73 2
41c000 41 20 135 3
41a000 44 18 198 4
405000 43 18 260 4
404000 16 8 285 4
420000 203 25 514 5
7fe680bc6000 100 16 631 6
7fe680bc5000 65 30 727 6
7fe680bc3000 70 9 806 6
410000 51 7 864 6
40f000 51 9 925 6
40e000 132 29 1087 6
40d000 57 7 1153 6
40c000 63 12 1229 6
40b000 52 6 1288 6
7fe680b53000 60 40 1389 7
7fe680b52000 91 19 1500 7
40a000 41 8 1550 7
7fe680b54000 62 21 1634 7
409000 60 13 1708 7
408000 76 13 1798 7
407000 47 6 1852 7
406000 58 14 1925 7
7fe680b49000 54 9 1990 7
7fe680b48000 47 4 2042 7
7fe680b47000 43 5 2091 7
7fe680b4f000 77 26 2197 8
7fe680c1d000 54 9 2260 8
7fe680ade000 59 10 2329 8
7fe680aba000 113 5 2448 8
7fe680add000 56 6 2510 8
7fe680adc000 44 10 2565 8
7fe680bc7000 84 9 2658 8
7fe680b7d000 39 6 2704 8
7fe680ff6000 62 12 2779 8
7fe680ff4000 71 11 2862 8
7fe680ff5000 55 8 2926 8
7fe680ff2000 58 8 2992 8
7fe680fec000 189 9 3190 8
41f000 60 8 3258 8
7fe680ff1000 42 6 3307 8
418000 67 7 3381 8
417000 55 8 3445 8
416000 42 5 3493 8
415000 44 7 3545 8
412000 50 7 3602 9
414000 53 3 3660 9
413000 57 4 3722 9
7fe680d24000 82 5 3810 9
7fe680d55000 58 3 3871 9
7fe680d54000 63 3 3937 9
7fe680d53000 69 2 4008 9
7fe680d52000 65 2 4075 9
7fe680d51000 56 3 4135 9
7fe680d50000 55 2 4192 9
7fe680cb1000 121 3 4317 9
7fe680d1c000 78 3 4399 9
7fe680d1b000 35 1 4436 9
7fe680d1a000 37 2 4476 9
7fe680d19000 88 3 4567 9
7fe680d0b000 67 3 4638 9
7fe680d57000 80 2 4721 9
7fe680d56000 78 3 4803 9
7fe680d23000 60 3 4866 9
7fe680d22000 67 3 4936 9
7fe680d21000 65 3 5004 9
7fe680d20000 58 3 5065 9
7fe680d1f000 39 2 5107 9
7fe680d1d000 37 2 5146 9
7fe680d1e000 32 2 5181 9
7fe680cde000 67 6 5255 9
7fe680cdd000 55 2 5313 9
7fe680cdc000 67 4 5384 9
7fe680cd8000 51 2 5437 9
7fe680cd9000 26 1 5465 9
7fe680cdb000 48 2 5516 9
7fe680cd7000 36 2 5555 9
7fe680cd6000 57 2 5615 9
7fe680cd5000 56 8 5680 9
7fe680cda000 40 1 5722 9
419000 54 3 5781 9
7fe680ff3000 60 5 5847 9
7fe680ff9000 60 11 5921 9
7fe680c25000 77 3 6002 9
7fe680bb7000 83 15 6101 9
7fe680bb5000 45 3 6149 9
7fe680abc000 65 4 6219 9
7fe680bf8000 91 6 6317 9
7fe680bf7000 93 4 6414 9
7fe680acc000 53 7 6475 9
7fe680acb000 69 4 6548 9
7fe680aca000 35 3 6587 9
7fe680ac9000 49 2 6638 9
7fe680ac8000 78 3 6720 9
7fe680ac7000 32 2 6755 9
7fe680abf000 44 2 6801 9
7fe680abe000 40 3 6845 9
7fe680abd000 58 2 6905 9
7fe680b1a000 68 5 6979 9
7fe680b27000 79 4 7062 9
7fe680b26000 72 5 7140 9
7fe680bab000 54 10 7205 9
7fe680ba6000 51 7 7264 9
7fe680ba5000 73 12 7350 9
7fe680ba4000 59 7 7416 9
7fe680ba3000 43 2 7461 9
7fe680ba2000 42 1 7504 9
7fe680b37000 79 8 7592 9
7fe680b36000 79 5 7677 9
7fe680b35000 57 3 7738 9
7fe680b34000 76 4 7819 9
7fe680b2c000 138 7 7964 9
7fe680b33000 86 4 8054 9
7fe680b32000 63 5 8122 9
7fe680b2d000 57 6 8185 9
7fe680af9000 52 3 8241 9
7fe680ba1000 50 2 8293 9
7fe680ba0000 45 3 8342 9
7fe680b9f000 33 2 8378 9
7fe680b9e000 43 2 8423 9
7fe680b9d000 37 2 8463 9
7fe680b9c000 40 2 8506 9
7fe680bd6000 49 3 8559 9
7fe680bb8000 67 12 8638 9
7fe680b25000 57 3 8698 9
7fe680bb0000 56 7 8762 9
7fe680bac000 74 9 8845 9
7fe680baf000 46 5 8896 9
7fe680b29000 95 6 8997 9
7fe680bae000 88 5 9091 9
7fe680bad000 58 8 9158 9
7fe680afa000 30 4 9192 9
7fe680b23000 44 3 9239 9
7fe680b7b000 46 3 9289 9
7fe680b7a000 54 6 9349 9
7fe680bdc000 42 3 9395 9
7fe680bdb000 54 4 9454 9
7fe680bda000 46 3 9503 9
7fe680bd9000 59 4 9567 10
9573 10
0x41e000
41e000 81 26 107 2
41d000 54 14 176 3
41c000 42 17 236 4
41a000 44 15 296 5
405000 43 14 354 5
404000 16 6 377 5
420000 203 20 601 5
7fe680bc6000 100 17 719 6
7fe680bc5000 66 29 814 6
7fe680bc3000 69 10 894 6
410000 51 7 952 6
40f000 50 10 1013 6
40e000 132 30 1176 6
40d000 59 7 1243 6
40c000 63 12 1319 6
40b000 52 7 1379 6
7fe680b53000 60 40 1480 7
7fe680b52000 91 19 1591 7
40a000 42 8 1642 7
7fe680b54000 62 21 1726 7
409000 61 12 1799 7
408000 76 13 1889 7
407000 47 6 1943 7
406000 58 14 2016 7
7fe680b49000 54 10 2082 7
7fe680b48000 47 5 2134 7
7fe680b47000 43 4 2182 7
7fe680b4f000 79 25 2289 8
7fe680c1d000 54 8 2352 8
7fe680ade000 58 11 2422 8
7fe680aba000 113 6 2541 8
7fe680add000 55 6 2602 8
7fe680adc000 44 10 2657 8
7fe680bc7000 84 10 2751 8
7fe680b7d000 39 7 2797 8
7fe680ff6000 62 13 2873 8
7fe680ff4000 72 12 2957 8
7fe680ff5000 56 7 3021 8
7fe680ff2000 58 8 3087 8
7fe680fec000 189 9 3286 8
41f000 60 8 3354 8
7fe680ff1000 42 6 3403 8
418000 67 7 3477 8
417000 55 8 3541 8
416000 41 6 3589 8
415000 44 6 3640 8
412000 49 8 3698 9
414000 53 3 3755 9
413000 58 4 3818 9
7fe680d24000 80 5 3905 9
7fe680d55000 57 3 3966 9
7fe680d54000 63 3 4033 9
7fe680d53000 69 2 4104 9
7fe680d52000 65 2 4171 9
7fe680d51000 56 3 4231 9
7fe680d50000 55 3 4289 9
7fe680cb1000 122 2 4413 9
7fe680d1c000 78 3 4495 9
7fe680d1b000 35 2 4532 9
7fe680d1a000 36 2 4571 9
7fe680d19000 87 4 4663 9
7fe680d0b000 67 3 4733 9
7fe680d57000 79 3 4816 9
7fe680d56000 79 2 4897 9
7fe680d23000 59 3 4960 9
7fe680d22000 67 3 5030 9
7fe680d21000 65 3 5098 9
7fe680d20000 58 3 5159 9
7fe680d1f000 39 3 5201 9
7fe680d1d000 36 2 5239 9
7fe680d1e000 32 2 5274 9
7fe680cde000 67 6 5348 9
7fe680cdd000 54 2 5405 9
7fe680cdc000 65 4 5475 9
7fe680cd8000 51 2 5529 9
7fe680cd9000 26 1 5556 9
7fe680cdb000 48 2 5607 9
7fe680cd7000 36 2 5646 9
7fe680cd6000 57 1 5705 9
7fe680cd5000 57 8 5771 9
7fe680cda000 41 1 5813 9
419000 54 3 5872 9
7fe680ff3000 60 5 5938 9
7fe680ff9000 60 11 6012 9
7fe680c25000 76 4 6093 9
7fe680bb7000 83 15 6191 9
7fe680bb5000 45 3 6239 9
7fe680abc000 64 5 6309 9
7fe680bf8000 91 6 6406 9
7fe680bf7000 92 4 6502 9
7fe680acc000 53 7 6563 9
7fe680acb000 69 4 6636 9
7fe680aca000 36 2 6674 9
7fe680ac9000 49 2 6726 9
7fe680ac8000 79 3 6808 9
7fe680ac7000 31 2 6842 9
7fe680abf000 42 3 6888 9
7fe680abe000 40 3 6931 9
7fe680abd000 57 2 6991 9
7fe680b1a000 68 4 7064 9
7fe680b27000 78 4 7147 9
7fe680b26000 73 6 7226 9
7fe680bab000 54 11 7291 9
7fe680ba6000 51 7 7349 9
7fe680ba5000 73 11 7434 9
7fe680ba4000 58 7 7499 9
7fe680ba3000 43 2 7544 9
7fe680ba2000 41 1 7586 9
7fe680b37000 78 8 7673 9
7fe680b36000 79 5 7758 9
7fe680b35000 56 4 7819 9
7fe680b34000 75 4 7899 9
7fe680b2c000 140 6 8046 9
7fe680b33000 86 3 8135 9
7fe680b32000 63 5 8203 9
7fe680b2d000 57 6 8266 9
7fe680af9000 53 2 8321 9
7fe680ba1000 49 2 8373 9
7fe680ba0000 45 2 8421 9
7fe680b9f000 33 2 8457 9
7fe680b9e000 43 2 8502 9
7fe680b9d000 36 2 8541 9
7fe680b9c000 40 2 8584 9
7fe680bd6000 49 3 8637 9
7fe680bb8000 66 13 8716 9
7fe680b25000 56 4 8776 9
7fe680bb0000 57 7 8840 9
7fe680bac000 74 9 8923 9
7fe680baf000 46 4 8973 9
7fe680b29000 96 6 9076 9
7fe680bae000 88 6 9170 9
7fe680bad000 61 8 9239 9
7fe680afa000 31 3 9273 9
7fe680b23000 44 3 9320 9
7fe680b7b000 46 3 9370 9
7fe680b7a000 54 6 9430 9
7fe680bdc000 41 4 9476 9
7fe680bdb000 54 4 9534 9
7fe680bda000 46 3 9583 9
7fe680bd9000 59 4 9647 10
9653 10
