0x408000
0 0
0x407000
407000 23 15 39 0
39 0
0x424000
424000 52 29 81 4
7f96a2486000 75 25 182 6
7f96a2493000 87 14 284 6
7f96a2492000 79 20 383 6
7f96a2517000 57 35 475 6
7f96a2512000 55 24 555 6
7f96a2511000 79 38 672 6
7f96a2510000 62 25 760 7
7f96a2426000 126 6 892 7
7f96a250f000 46 6 945 7
7f96a250e000 44 6 996 7
7f96a24a3000 84 24 1105 7
7f96a24a2000 87 16 1209 7
7f96a2563000 103 14 1326 8
7f96a24a1000 62 9 1397 8
7f96a24a0000 83 10 1491 8
7f96a2498000 154 13 1658 8
7f96a249f000 97 8 1763 8
7f96a249e000 69 11 1843 8
7f96a2499000 62 13 1919 8
7f96a2465000 57 7 1983 8
7f96a2533000 92 10 2086 8
7f96a2532000 111 9 2206 8
7f96a2531000 69 19 2295 8
7f96a252f000 76 7 2378 8
7f96a250d000 54 6 2439 8
7f96a250c000 49 6 2495 8
7f96a250b000 36 5 2537 8
7f96a250a000 47 6 2590 8
7f96a2509000 40 5 2636 8
7f96a2508000 44 6 2687 8
7f96a2542000 54 6 2748 8
7f96a2524000 69 24 2842 8
7f96a2491000 62 9 2913 8
7f96a251c000 62 14 2989 8
7f96a2518000 81 17 3087 8
7f96a251b000 49 10 3147 8
7f96a2495000 105 13 3266 9
7f96a251a000 95 6 3367 9
7f96a2519000 62 8 3438 9
7f96a2466000 32 4 3474 9
7f96a248f000 48 3 3525 9
7f96a24e7000 49 3 3578 9
7f96a24e6000 57 7 3643 9
7f96a2548000 45 4 3693 9
7f96a2547000 59 4 3756 9
7f96a2546000 49 4 3810 9
7f96a2545000 64 4 3879 10
3882 10
0x42d000
42d000 439 70 509 1
510 1
0x409000
409000 46 20 67 2
7f96a2ec7000 63 77 208 3
408000 37 16 261 3
407000 19 10 291 3
7f96a24e3000 53 35 380 5
7f96a2426000 125 8 514 5
7f96a24e2000 53 16 584 6
7f96a24e1000 70 15 669 7
7f96a24e0000 28 4 702 7
7f96a24df000 36 5 744 7
7f96a24de000 26 4 775 7
7f96a24dc000 46 4 826 7
7f96a24db000 40 5 872 7
7f96a24d8000 54 8 935 7
7f96a24d5000 54 8 997 7
7f96a2564000 101 14 1112 8
7f96a2563000 102 9 1223 9
7f96a2533000 92 6 1322 9
7f96a2532000 111 5 1438 9
7f96a2531000 69 11 1518 9
7f96a252f000 76 4 1598 9
7f96a2437000 76 5 1680 9
7f96a2436000 37 4 1722 9
7f96a2435000 54 4 1780 9
7f96a2434000 87 5 1872 9
7f96a2433000 34 3 1909 9
7f96a242b000 47 3 1959 9
7f96a242a000 43 4 2007 9
7f96a2429000 63 4 2075 9
7f96a2486000 76 5 2156 10
2159 10
0x425000
425000 57 21 78 3
78 3
0x42a000
42a000 48 23 71 2
71 2
0x417000
417000 39 24 63 3
407000 18 11 93 3
416000 49 19 161 3
42d000 437 51 650 3
408000 37 16 704 3
7f96a24e3000 54 35 794 5
7f96a2426000 125 9 928 5
7f96a24e2000 54 15 997 6
7f96a24e1000 71 15 1083 7
7f96a24e0000 28 4 1115 7
7f96a24df000 36 5 1157 7
7f96a24de000 27 4 1189 7
7f96a24dc000 46 4 1239 7
7f96a24db000 40 5 1285 7
7f96a24d8000 55 7 1348 7
7f96a24d5000 54 8 1410 7
7f96a2564000 101 14 1525 8
7f96a2563000 102 9 1636 9
7f96a2533000 92 5 1734 9
7f96a2532000 110 5 1850 9
7f96a2531000 69 10 1930 9
7f96a252f000 76 3 2010 9
7f96a2437000 76 5 2092 9
7f96a2436000 38 3 2134 9
7f96a2435000 54 3 2192 9
7f96a2434000 87 4 2283 9
7f96a2433000 34 3 2321 9
7f96a242b000 46 4 2371 9
7f96a242a000 42 4 2418 9
7f96a2429000 64 3 2486 9
7f96a2486000 75 6 2567 10
2571 10
0x416000
416000 49 28 77 3
407000 18 11 107 3
42d000 437 51 595 3
408000 36 17 649 3
7f96a24e3000 53 35 738 5
7f96a2426000 125 8 872 5
7f96a24e2000 54 15 942 6
7f96a24e1000 71 14 1027 7
7f96a24e0000 28 4 1060 7
7f96a24df000 36 5 1102 7
7f96a24de000 27 4 1134 7
7f96a24dc000 46 4 1184 7
7f96a24db000 40 5 1230 7
7f96a24d8000 55 7 1293 7
7f96a24d5000 53 8 1355 7
7f96a2564000 102 14 1471 8
7f96a2563000 103 8 1582 9
7f96a2533000 92 6 1681 9
7f96a2532000 111 5 1797 9
7f96a2531000 69 10 1877 9
7f96a252f000 76 4 1958 9
7f96a2437000 77 5 2040 9
7f96a2436000 38 3 2082 9
7f96a2435000 54 3 2140 9
7f96a2434000 86 4 2231 9
7f96a2433000 34 3 2269 9
7f96a242b000 46 4 2319 9
7f96a242a000 43 4 2367 9
7f96a2429000 64 3 2434 9
7f96a2486000 75 5 2515 10
2518 10
0x42b000
42b000 55 26 81 3
7f96a2503000 59 20 161 3
408000 37 16 214 3
407000 18 11 244 3
7f96a24e3000 54 36 334 5
7f96a2426000 126 9 469 5
7f96a24e2000 54 15 539 6
7f96a24e1000 71 15 625 7
7f96a24e0000 28 4 658 7
7f96a24df000 36 6 701 7
7f96a24de000 27 4 732 7
7f96a24dc000 46 4 783 7
7f96a24db000 40 6 830 7
7f96a24d8000 54 8 893 7
7f96a24d5000 54 8 955 7
7f96a2564000 102 14 1071 8
7f96a2563000 103 9 1183 9
7f96a2533000 93 5 1281 9
7f96a2532000 111 5 1398 9
7f96a2531000 70 11 1479 9
7f96a252f000 77 3 1559 9
7f96a2437000 77 5 1642 9
7f96a2436000 37 4 1684 9
7f96a2435000 55 3 1742 9
7f96a2434000 87 4 1834 9
7f96a2433000 34 3 1872 9
7f96a242b000 47 4 1923 9
7f96a242a000 44 4 1971 9
7f96a2429000 64 3 2038 9
7f96a2486000 75 6 2120 10
2123 10
0x40c000
40c000 60 31 91 5
42d000 441 38 570 5
40b000 45 16 632 5
40a000 32 11 676 5
42a000 49 11 737 5
7f96a2486000 75 21 834 6
7f96a2493000 88 14 936 6
7f96a2492000 79 20 1036 6
7f96a2517000 57 35 1129 6
7f96a2512000 55 25 1210 6
7f96a2511000 79 39 1328 6
7f96a2510000 63 24 1416 7
7f96a2426000 126 7 1550 7
7f96a250f000 47 6 1603 7
7f96a250e000 44 6 1654 7
7f96a24a3000 86 24 1764 7
7f96a24a2000 89 15 1868 7
7f96a2563000 103 14 1986 8
7f96a24a1000 63 9 2058 8
7f96a24a0000 84 9 2152 8
7f96a2498000 155 13 2321 8
7f96a249f000 97 8 2426 8
7f96a249e000 70 11 2508 8
7f96a2499000 62 13 2583 8
7f96a2465000 57 7 2648 8
7f96a2533000 94 10 2753 8
7f96a2532000 112 9 2874 8
7f96a2531000 70 19 2963 8
7f96a252f000 77 7 3047 8
7f96a250d000 54 6 3108 8
7f96a250c000 50 6 3165 8
7f96a250b000 36 5 3207 8
7f96a250a000 47 6 3261 8
7f96a2509000 40 6 3307 8
7f96a2508000 44 6 3358 8
7f96a2542000 54 7 3420 8
7f96a2524000 70 24 3514 8
7f96a2491000 62 8 3585 8
7f96a251c000 61 14 3661 8
7f96a2518000 81 18 3761 8
7f96a251b000 50 10 3821 8
7f96a2495000 106 12 3940 9
7f96a251a000 95 6 4042 9
7f96a2519000 62 8 4113 9
7f96a2466000 33 3 4150 9
7f96a248f000 48 3 4201 9
7f96a24e7000 49 4 4255 9
7f96a24e6000 58 7 4320 9
7f96a2548000 46 3 4369 9
7f96a2547000 58 5 4433 9
7f96a2546000 50 4 4487 9
7f96a2545000 65 4 4556 10
4561 10
0x40b000
40b000 45 32 77 3
42d000 439 50 566 3
40a000 32 16 615 5
42a000 49 11 675 5
7f96a2486000 75 21 772 6
7f96a2493000 88 13 873 6
7f96a2492000 79 20 973 6
7f96a2517000 58 35 1066 6
7f96a2512000 55 24 1145 6
7f96a2511000 79 38 1263 6
7f96a2510000 62 25 1351 7
7f96a2426000 125 7 1484 7
7f96a250f000 47 6 1537 7
7f96a250e000 45 5 1587 7
7f96a24a3000 85 24 1697 7
7f96a24a2000 88 16 1801 7
7f96a2563000 102 14 1918 8
7f96a24a1000 62 9 1989 8
7f96a24a0000 83 10 2083 8
7f96a2498000 154 13 2251 8
7f96a249f000 97 8 2356 8
7f96a249e000 69 11 2436 8
7f96a2499000 62 13 2512 8
7f96a2465000 57 8 2577 8
7f96a2533000 92 11 2680 8
7f96a2532000 111 9 2800 8
7f96a2531000 70 19 2889 8
7f96a252f000 76 8 2973 8
7f96a250d000 54 6 3033 8
7f96a250c000 50 6 3090 8
7f96a250b000 35 5 3131 8
7f96a250a000 47 6 3185 8
7f96a2509000 40 6 3231 8
7f96a2508000 44 7 3282 8
7f96a2542000 54 7 3343 8
7f96a2524000 70 24 3437 8
7f96a2491000 62 9 3508 8
7f96a251c000 61 14 3583 8
7f96a2518000 80 18 3682 8
7f96a251b000 50 10 3742 8
7f96a2495000 106 13 3862 9
7f96a251a000 95 6 3964 9
7f96a2519000 63 8 4035 9
7f96a2466000 33 3 4071 9
7f96a248f000 48 4 4123 9
7f96a24e7000 50 4 4177 9
7f96a24e6000 57 8 4242 9
7f96a2548000 46 3 4291 9
7f96a2547000 59 5 4355 9
7f96a2546000 49 4 4408 9
7f96a2545000 64 4 4477 10
4481 10
0x40a000
40a000 32 23 55 5
42d000 437 37 530 5
42a000 48 12 591 5
7f96a2486000 75 21 687 6
7f96a2493000 88 14 789 6
7f96a2492000 79 20 888 6
7f96a2517000 58 35 981 6
7f96a2512000 55 24 1060 6
7f96a2511000 78 39 1178 6
7f96a2510000 62 25 1265 7
7f96a2426000 124 7 1397 7
7f96a250f000 46 6 1450 7
7f96a250e000 45 5 1500 7
7f96a24a3000 85 24 1610 7
7f96a24a2000 88 15 1713 7
7f96a2563000 102 14 1830 8
7f96a24a1000 62 9 1902 8
7f96a24a0000 83 10 1996 8
7f96a2498000 154 13 2163 8
7f96a249f000 96 8 2267 8
7f96a249e000 69 11 2348 8
7f96a2499000 62 19 2429 8
7f96a2465000 57 7 2494 8
7f96a2533000 93 10 2598 8
7f96a2532000 110 9 2717 8
7f96a2531000 69 19 2806 8
7f96a252f000 76 8 2890 8
7f96a250d000 54 6 2950 8
7f96a250c000 49 6 3006 8
7f96a250b000 36 5 3048 8
7f96a250a000 47 6 3101 8
7f96a2509000 40 5 3147 8
7f96a2508000 44 6 3198 8
7f96a2542000 53 7 3259 8
7f96a2524000 70 24 3353 8
7f96a2491000 62 9 3424 8
7f96a251c000 62 14 3500 8
7f96a2518000 81 17 3599 8
7f96a251b000 49 11 3660 8
7f96a2495000 106 13 3779 9
7f96a251a000 96 6 3881 9
7f96a2519000 63 8 3952 9
7f96a2466000 32 3 3988 9
7f96a248f000 48 3 4040 9
7f96a24e7000 50 4 4095 9
7f96a24e6000 58 7 4160 9
7f96a2548000 46 3 4209 9
7f96a2547000 59 4 4273 9
7f96a2546000 49 4 4327 9
7f96a2545000 65 4 4396 10
4399 10
0x420000
420000 35 28 63 3
408000 37 16 117 3
407000 19 10 147 3
7f96a24e3000 53 35 236 5
7f96a2426000 126 8 371 5
7f96a24e2000 54 15 441 6
7f96a24e1000 71 14 526 7
7f96a24e0000 29 3 559 7
7f96a24df000 36 5 601 7
7f96a24de000 27 4 633 7
7f96a24dc000 45 5 684 7
7f96a24db000 41 5 730 7
7f96a24d8000 54 8 793 7
7f96a24d5000 54 7 854 7
7f96a2564000 101 13 969 8
7f96a2563000 102 9 1081 9
7f96a2533000 92 6 1180 9
7f96a2532000 111 5 1296 9
7f96a2531000 70 10 1376 9
7f96a252f000 76 4 1457 9
7f96a2437000 77 5 1539 9
7f96a2436000 38 3 1580 9
7f96a2435000 54 3 1638 9
7f96a2434000 86 5 1730 9
7f96a2433000 34 3 1767 9
7f96a242b000 47 3 1817 9
7f96a242a000 43 4 1865 9
7f96a2429000 64 3 1933 9
7f96a2486000 75 6 2014 10
2016 10
0x41f000
41f000 46 25 71 2
41e000 34 19 125 4
41d000 51 18 195 6
41c000 40 11 247 6
7f96a24b5000 58 14 319 6
7f96a24b4000 50 8 378 6
7f96a24b3000 46 8 433 6
407000 18 7 459 6
7f96a249e000 70 19 548 6
408000 36 11 596 6
7f96a24e3000 53 22 672 7
7f96a2426000 125 6 804 7
7f96a24e2000 54 10 868 8
7f96a24e1000 71 8 948 8
7f96a24e0000 28 3 980 8
7f96a24df000 36 4 1021 8
7f96a24de000 27 3 1052 8
7f96a24dc000 45 4 1102 8
7f96a24db000 41 4 1147 8
7f96a24d8000 54 6 1208 8
7f96a24d5000 54 5 1267 8
7f96a2564000 101 10 1379 8
7f96a2563000 103 9 1491 9
7f96a2533000 93 5 1589 9
7f96a2532000 110 5 1705 9
7f96a2531000 70 10 1785 9
7f96a252f000 77 3 1865 9
7f96a2437000 76 5 1947 9
7f96a2436000 38 3 1989 9
7f96a2435000 54 3 2047 9
7f96a2434000 87 4 2138 9
7f96a2433000 34 3 2176 9
7f96a242b000 47 3 2226 9
7f96a242a000 43 4 2274 9
7f96a2429000 64 3 2341 9
7f96a2486000 75 5 2422 10
2429 10
0x41e000
41e000 34 22 56 4
41d000 52 18 127 6
41c000 41 10 178 6
7f96a24b5000 57 14 250 6
7f96a24b4000 50 8 309 6
7f96a24b3000 46 8 364 6
407000 18 7 390 6
7f96a249e000 70 19 479 6
408000 36 11 527 6
7f96a24e3000 54 22 603 7
7f96a2426000 125 7 735 7
7f96a24e2000 54 10 799 8
7f96a24e1000 70 9 879 8
7f96a24e0000 29 3 911 8
7f96a24df000 36 4 952 8
7f96a24de000 26 3 982 8
7f96a24dc000 46 3 1032 8
7f96a24db000 40 4 1077 8
7f96a24d8000 54 6 1138 8
7f96a24d5000 53 6 1198 8
7f96a2564000 101 10 1309 8
7f96a2563000 102 9 1421 9
7f96a2533000 93 5 1519 9
7f96a2532000 110 5 1635 9
7f96a2531000 69 10 1715 9
7f96a252f000 76 4 1796 9
7f96a2437000 77 5 1878 9
7f96a2436000 38 3 1919 9
7f96a2435000 54 3 1977 9
7f96a2434000 86 4 2068 9
7f96a2433000 34 3 2106 9
7f96a242b000 47 3 2156 9
7f96a242a000 43 4 2204 9
7f96a2429000 64 3 2271 9
7f96a2486000 75 5 2352 10
2358 10
0x41d000
41d000 52 28 80 4
41c000 40 15 136 4
7f96a24b5000 58 20 215 4
7f96a24b4000 51 11 277 4
7f96a24b3000 46 11 335 4
407000 19 10 365 4
7f96a249e000 69 28 463 4
408000 37 15 515 4
7f96a24e3000 53 32 601 5
7f96a2426000 125 10 737 5
7f96a24e2000 54 17 809 7
7f96a24e1000 71 11 891 7
7f96a24e0000 28 4 924 7
7f96a24df000 36 5 966 7
7f96a24de000 27 4 998 7
7f96a24dc000 45 5 1049 7
7f96a24db000 41 5 1095 7
7f96a24d8000 54 7 1157 7
7f96a24d5000 53 8 1219 7
7f96a2564000 101 14 1334 8
7f96a2563000 103 8 1445 9
7f96a2533000 92 6 1544 9
7f96a2532000 111 5 1660 9
7f96a2531000 70 10 1740 9
7f96a252f000 76 4 1820 9
7f96a2437000 76 5 1902 9
7f96a2436000 37 4 1944 9
7f96a2435000 55 3 2002 9
7f96a2434000 87 5 2094 9
7f96a2433000 34 3 2131 9
7f96a242b000 46 4 2182 9
7f96a242a000 43 4 2230 9
7f96a2429000 64 4 2298 9
7f96a2486000 76 5 2379 10
2383 10
0x41c000
41c000 40 23 64 2
7f96a24b5000 58 26 149 2
7f96a24b4000 51 15 215 2
7f96a24b3000 47 14 276 2
407000 18 13 308 2
7f96a249e000 70 36 414 4
408000 37 15 466 4
7f96a24e3000 54 32 553 5
7f96a2426000 126 11 691 5
7f96a24e2000 55 17 763 7
7f96a24e1000 72 11 846 7
7f96a24e0000 29 3 879 7
7f96a24df000 36 6 922 7
7f96a24de000 26 4 953 7
7f96a24dc000 46 4 1004 7
7f96a24db000 41 5 1051 7
7f96a24d8000 54 8 1114 7
7f96a24d5000 54 8 1176 7
7f96a2564000 102 14 1292 8
7f96a2563000 103 9 1405 9
7f96a2533000 93 5 1503 9
7f96a2532000 111 6 1621 9
7f96a2531000 70 10 1701 9
7f96a252f000 77 3 1782 9
7f96a2437000 77 5 1865 9
7f96a2436000 38 3 1907 9
7f96a2435000 54 3 1965 9
7f96a2434000 87 5 2058 9
7f96a2433000 34 3 2095 9
7f96a242b000 46 4 2146 9
7f96a242a000 43 4 2194 9
7f96a2429000 64 3 2262 9
7f96a2486000 76 6 2344 10
2346 10
0x429000
429000 37 20 58 2
7f96a24b5000 59 26 143 3
7f96a24b4000 51 13 207 3
7f96a24b3000 47 12 266 4
407000 18 11 296 4
428000 42 15 353 5
408000 37 12 402 5
7f96a24e3000 54 26 483 6
7f96a2426000 127 7 617 6
7f96a24e2000 54 13 685 7
7f96a24e1000 71 12 768 7
7f96a24e0000 29 4 801 7
7f96a24df000 36 5 843 7
7f96a24de000 27 4 875 7
7f96a24dc000 46 4 926 7
7f96a24db000 40 5 972 7
7f96a24d8000 55 8 1036 7
7f96a24d5000 54 8 1098 7
7f96a2564000 102 14 1214 8
7f96a2563000 103 9 1326 9
7f96a2533000 94 5 1425 9
7f96a2532000 111 5 1542 9
7f96a2531000 70 10 1623 9
7f96a252f000 77 4 1704 9
7f96a2437000 77 5 1787 9
7f96a2436000 38 4 1829 9
7f96a2435000 55 3 1887 9
7f96a2434000 88 4 1979 9
7f96a2433000 34 3 2017 9
7f96a242b000 47 4 2068 9
7f96a242a000 43 5 2116 9
7f96a2429000 64 3 2183 9
7f96a2486000 75 6 2265 10
2268 10
0x428000
428000 42 23 66 3
66 3
0x412000
412000 38 22 60 3
7f96a24ae000 78 18 156 4
408000 37 15 209 4
407000 18 10 238 4
7f96a24e3000 53 32 324 6
7f96a2426000 126 8 458 6
7f96a24e2000 55 12 525 7
7f96a24e1000 71 12 609 7
7f96a24e0000 29 3 641 7
7f96a24df000 37 5 684 7
7f96a24de000 27 4 716 7
7f96a24dc000 46 5 767 7
7f96a24db000 41 5 813 7
7f96a24d8000 55 7 876 7
7f96a24d5000 54 7 938 7
7f96a2564000 101 14 1054 8
7f96a2563000 104 9 1167 9
7f96a2533000 94 5 1266 9
7f96a2532000 111 5 1383 9
7f96a2531000 70 11 1464 9
7f96a252f000 77 4 1545 9
7f96a2437000 77 5 1627 9
7f96a2436000 38 4 1670 9
7f96a2435000 54 4 1728 9
7f96a2434000 87 5 1820 9
7f96a2433000 34 3 1857 9
7f96a242b000 46 4 1908 9
7f96a242a000 43 4 1956 9
7f96a2429000 64 4 2024 9
7f96a2486000 76 5 2105 10
2108 10
0x411000
411000 28 18 47 2
407000 19 13 80 2
7f96a24b5000 58 26 165 3
7f96a24b4000 51 12 229 3
7f96a24b3000 46 12 288 4
7f96a249e000 70 28 387 4
408000 37 15 440 4
7f96a24e3000 54 32 527 5
7f96a2426000 126 11 664 5
7f96a24e2000 54 17 736 7
7f96a24e1000 72 11 819 7
7f96a24e0000 28 4 852 7
7f96a24df000 36 5 894 7
7f96a24de000 27 4 926 7
7f96a24dc000 46 5 977 7
7f96a24db000 41 5 1023 7
7f96a24d8000 54 8 1086 7
7f96a24d5000 54 7 1147 7
7f96a2564000 101 14 1263 8
7f96a2563000 103 8 1374 9
7f96a2533000 92 6 1473 9
7f96a2532000 111 5 1589 9
7f96a2531000 69 11 1670 9
7f96a252f000 76 4 1750 9
7f96a2437000 77 5 1832 9
7f96a2436000 38 4 1874 9
7f96a2435000 54 4 1932 9
7f96a2434000 86 5 2023 9
7f96a2433000 34 3 2061 9
7f96a242b000 46 4 2111 9
7f96a242a000 43 4 2159 9
7f96a2429000 64 3 2226 9
7f96a2486000 75 6 2308 10
2310 10
0x427000
427000 49 33 82 5
82 5
0x426000
426000 37 22 59 2
7f96a2524000 70 80 210 4
407000 18 11 240 4
408000 36 16 292 4
7f96a24e3000 53 32 378 5
7f96a2426000 125 11 514 5
7f96a24e2000 54 17 585 7
7f96a24e1000 71 11 668 8
7f96a24e0000 28 3 700 8
7f96a24df000 36 4 741 8
7f96a24de000 27 3 772 8
7f96a24dc000 45 4 822 8
7f96a24db000 41 4 867 8
7f96a24d8000 54 5 927 8
7f96a24d5000 54 6 988 8
7f96a2564000 102 10 1100 8
7f96a2563000 104 9 1213 9
7f96a2533000 93 6 1312 9
7f96a2532000 112 5 1429 9
7f96a2531000 70 10 1510 9
7f96a252f000 77 4 1591 9
7f96a2437000 78 5 1674 9
7f96a2436000 38 4 1716 9
7f96a2435000 55 3 1774 9
7f96a2434000 87 5 1866 9
7f96a2433000 34 3 1904 9
7f96a242b000 47 4 1955 9
7f96a242a000 44 4 2003 9
7f96a2429000 64 4 2071 9
7f96a2486000 76 5 2152 10
2155 10
0x41b000
41b000 55 27 82 4
82 4
0x42c000
42c000 50 26 77 4
414000 34 12 124 4
408000 37 13 175 4
407000 19 8 203 4
7f96a24e3000 54 29 287 6
7f96a2426000 126 6 419 6
7f96a24e2000 54 11 485 7
7f96a24e1000 71 10 566 8
7f96a24e0000 29 1 596 8
7f96a24df000 36 3 636 8
7f96a24de000 27 2 665 8
7f96a24dc000 46 2 713 8
7f96a24db000 41 2 756 8
7f96a24d8000 55 3 815 8
7f96a24d5000 54 4 874 8
7f96a2564000 102 8 984 9
7f96a2563000 104 3 1091 10
1096 10
0x414000
414000 34 23 57 3
408000 37 16 111 3
407000 19 10 141 3
7f96a24e3000 54 35 231 5
7f96a2426000 126 8 366 5
7f96a24e2000 54 15 436 6
7f96a24e1000 71 15 523 7
7f96a24e0000 29 3 555 7
7f96a24df000 37 5 598 7
7f96a24de000 27 4 630 7
7f96a24dc000 46 5 681 7
7f96a24db000 41 5 727 7
7f96a24d8000 55 7 790 7
7f96a24d5000 54 7 852 7
7f96a2564000 101 14 968 8
7f96a2563000 103 9 1081 9
7f96a2533000 93 6 1181 9
7f96a2532000 112 5 1298 9
7f96a2531000 70 10 1378 9
7f96a252f000 77 4 1460 9
7f96a2437000 77 5 1542 9
7f96a2436000 37 4 1584 9
7f96a2435000 54 3 1642 9
7f96a2434000 88 5 1736 9
7f96a2433000 34 3 1773 9
7f96a242b000 46 4 1824 9
7f96a242a000 44 4 1872 9
7f96a2429000 64 4 1940 9
7f96a2486000 76 5 2021 10
2025 10
0x413000
413000 43 21 65 3
7f96a2ebe000 59 37 162 5
7f96a2ebd000 55 29 247 5
7f96a2ec7000 63 47 357 5
7f96a2eba000 210 17 585 6
408000 37 8 630 6
407000 19 5 655 6
7f96a24e3000 54 20 729 7
7f96a2426000 125 5 859 7
7f96a24e2000 54 8 921 8
7f96a24e1000 70 7 999 8
7f96a24e0000 29 1 1029 8
7f96a24df000 36 2 1068 8
7f96a24de000 27 1 1097 8
7f96a24dc000 45 2 1145 8
7f96a24db000 40 2 1188 8
7f96a24d8000 55 3 1247 8
7f96a24d5000 54 3 1305 8
7f96a2564000 102 8 1416 9
7f96a2563000 103 4 1523 10
1525 10
0x415000
415000 35 22 58 3
58 3
0x410000
410000 36 21 58 3
58 3
0x40d000
40d000 40 26 67 5
42d000 441 38 547 5
7f96a2ebe000 59 27 634 6
7f96a2ebd000 55 24 714 6
7f96a2ec7000 63 39 817 6
7f96a2eba000 214 14 1045 6
408000 37 9 1091 6
407000 18 5 1115 6
7f96a24e3000 54 19 1189 7
7f96a2426000 126 5 1321 7
7f96a24e2000 56 8 1385 8
7f96a24e1000 71 6 1463 8
7f96a24e0000 29 1 1494 8
7f96a24df000 36 2 1533 8
7f96a24de000 27 1 1562 8
7f96a24dc000 46 1 1610 8
7f96a24db000 41 2 1654 8
7f96a24d8000 54 4 1713 8
7f96a24d5000 54 3 1771 8
7f96a2564000 102 8 1882 9
7f96a2563000 103 4 1989 10
1991 10
0x421000
421000 45 27 72 4
42d000 442 42 557 4
7f96a2503000 60 16 634 4
408000 37 14 685 4
407000 18 8 712 4
7f96a24e3000 54 29 796 5
7f96a2426000 125 9 930 5
7f96a24e2000 53 15 999 6
7f96a24e1000 70 15 1085 7
7f96a24e0000 29 4 1118 7
7f96a24df000 36 5 1160 7
7f96a24de000 26 4 1191 7
7f96a24dc000 46 4 1242 7
7f96a24db000 40 5 1288 7
7f96a24d8000 54 8 1351 7
7f96a24d5000 54 8 1413 7
7f96a2564000 101 14 1528 8
7f96a2563000 103 8 1639 9
7f96a2533000 92 6 1738 9
7f96a2532000 111 5 1854 9
7f96a2531000 69 10 1934 9
7f96a252f000 76 4 2015 9
7f96a2437000 77 5 2097 9
7f96a2436000 38 4 2139 9
7f96a2435000 54 3 2196 9
7f96a2434000 86 5 2288 9
7f96a2433000 34 3 2326 9
7f96a242b000 46 4 2376 9
7f96a242a000 43 4 2424 9
7f96a2429000 64 3 2491 9
7f96a2486000 76 5 2572 10
2575 10
0x423000
423000 53 29 82 3
422000 48 14 145 3
42d000 438 51 635 3
7f96a2589000 56 28 720 4
408000 37 15 772 4
407000 19 10 802 4
7f96a24e3000 54 31 887 6
7f96a2426000 124 8 1020 6
7f96a24e2000 54 13 1087 7
7f96a24e1000 71 12 1170 7
7f96a24e0000 28 4 1202 7
7f96a24df000 36 5 1244 7
7f96a24de000 27 4 1276 7
7f96a24dc000 45 5 1327 7
7f96a24db000 40 6 1373 7
7f96a24d8000 55 7 1435 7
7f96a24d5000 53 8 1497 7
7f96a2564000 101 14 1612 8
7f96a2563000 104 9 1725 9
7f96a2533000 94 5 1824 9
7f96a2532000 111 5 1941 9
7f96a2531000 70 10 2022 9
7f96a252f000 77 4 2103 9
7f96a2437000 77 5 2186 9
7f96a2436000 37 4 2228 9
7f96a2435000 55 3 2286 9
7f96a2434000 87 5 2379 9
7f96a2433000 35 2 2416 9
7f96a242b000 47 4 2468 9
7f96a242a000 43 5 2516 9
7f96a2429000 64 3 2583 9
7f96a2486000 75 6 2665 10
2669 10
0x422000
422000 48 21 70 3
42d000 442 50 563 3
7f96a2589000 57 28 649 4
408000 36 16 702 4
407000 19 10 731 4
7f96a24e3000 54 32 817 6
7f96a2426000 127 8 952 6
7f96a24e2000 54 13 1019 7
7f96a24e1000 71 11 1102 7
7f96a24e0000 29 3 1135 7
7f96a24df000 37 5 1178 7
7f96a24de000 27 4 1210 7
7f96a24dc000 46 5 1261 7
7f96a24db000 41 5 1307 7
7f96a24d8000 55 8 1371 7
7f96a24d5000 54 8 1433 7
7f96a2564000 102 14 1549 8
7f96a2563000 104 9 1662 9
7f96a2533000 94 5 1761 9
7f96a2532000 111 5 1878 9
7f96a2531000 70 10 1959 9
7f96a252f000 76 4 2040 9
7f96a2437000 77 5 2123 9
7f96a2436000 37 4 2165 9
7f96a2435000 54 3 2223 9
7f96a2434000 87 5 2316 9
7f96a2433000 35 3 2354 9
7f96a242b000 47 3 2404 9
7f96a242a000 43 4 2452 9
7f96a2429000 64 3 2520 9
7f96a2486000 75 6 2602 10
2605 10
0x40e000
40e000 30 16 47 0
7f96a24a3000 86 72 206 6
7f96a24a2000 88 20 315 6
7f96a2563000 103 17 436 8
7f96a24a1000 63 9 508 8
7f96a24a0000 84 9 602 8
7f96a2498000 155 13 771 8
7f96a249f000 97 7 876 8
7f96a249e000 70 11 958 8
7f96a2499000 63 13 1034 8
7f96a2426000 127 6 1167 8
7f96a2465000 58 7 1232 8
7f96a2533000 94 10 1336 8
7f96a2532000 112 9 1457 8
7f96a2531000 70 19 1546 8
7f96a252f000 77 7 1631 8
407000 19 4 1654 8
40d000 40 7 1702 8
42d000 441 19 2163 8
7f96a2ebe000 60 13 2236 8
7f96a2ebd000 56 14 2306 8
7f96a2ec7000 63 24 2394 8
7f96a2eba000 214 9 2617 8
408000 37 6 2660 8
7f96a24e3000 54 12 2727 9
7f96a24e2000 54 4 2786 10
2788 10
0x40f000
40f000 25 18 44 2
7f96a24a3000 86 60 191 6
7f96a24a2000 89 19 299 6
7f96a2563000 103 17 420 8
7f96a24a1000 62 10 493 8
7f96a24a0000 84 10 587 8
7f96a2498000 156 13 756 8
7f96a249f000 97 8 861 8
7f96a249e000 69 11 942 8
7f96a2499000 62 13 1018 8
7f96a2426000 126 6 1151 8
7f96a2465000 58 7 1216 8
7f96a2533000 94 10 1320 8
7f96a2532000 111 10 1441 8
7f96a2531000 70 18 1529 8
7f96a252f000 76 7 1613 8
407000 18 4 1636 8
40e000 30 5 1672 8
40d000 40 6 1719 8
42d000 438 19 2177 8
7f96a2ebe000 58 13 2249 8
7f96a2ebd000 55 14 2319 8
7f96a2ec7000 62 24 2406 8
7f96a2eba000 212 9 2627 8
408000 37 6 2670 8
7f96a24e3000 53 13 2737 9
7f96a24e2000 54 4 2795 10
2798 10
0x41a000
41a000 41 28 70 3
42d000 437 53 561 3
408000 37 19 618 3
407000 19 13 650 3
7f96a24e3000 54 37 741 5
7f96a2426000 126 10 877 5
7f96a24e2000 54 17 949 7
7f96a24e1000 71 12 1032 8
7f96a24e0000 28 3 1063 8
7f96a24df000 36 4 1104 8
7f96a24de000 27 3 1135 8
7f96a24dc000 45 4 1185 8
7f96a24db000 40 4 1229 8
7f96a24d8000 55 5 1290 8
7f96a24d5000 53 6 1350 8
7f96a2564000 101 10 1461 8
7f96a2563000 102 9 1573 9
7f96a2533000 92 5 1671 9
7f96a2532000 111 5 1788 9
7f96a2531000 69 11 1868 9
7f96a252f000 77 3 1948 9
7f96a2437000 76 5 2030 9
7f96a2436000 38 3 2072 9
7f96a2435000 54 3 2130 9
7f96a2434000 86 4 2221 9
7f96a2433000 34 3 2259 9
7f96a242b000 47 3 2309 9
7f96a242a000 43 4 2357 9
7f96a2429000 64 3 2424 9
7f96a2486000 75 5 2505 10
2508 10
0x419000
419000 44 17 61 3
408000 36 19 117 3
407000 18 13 149 3
7f96a24e3000 54 38 241 5
7f96a2426000 125 11 377 5
7f96a24e2000 54 17 449 7
7f96a24e1000 71 12 532 7
7f96a24e0000 28 4 564 7
7f96a24df000 36 6 607 7
7f96a24de000 27 4 638 7
7f96a24dc000 45 5 689 7
7f96a24db000 41 5 735 7
7f96a24d8000 55 7 798 7
7f96a24d5000 53 8 860 7
7f96a2564000 101 14 975 8
7f96a2563000 103 9 1087 9
7f96a2533000 92 6 1185 9
7f96a2532000 111 5 1301 9
7f96a2531000 70 10 1381 9
7f96a252f000 76 4 1462 9
7f96a2437000 77 5 1544 9
7f96a2436000 38 3 1585 9
7f96a2435000 54 3 1643 9
7f96a2434000 86 5 1735 9
7f96a2433000 35 3 1773 9
7f96a242b000 46 4 1823 9
7f96a242a000 43 4 1871 9
7f96a2429000 64 3 1938 9
7f96a2486000 75 5 2019 10
2022 10
0x418000
418000 53 20 73 3
7f96a2ec7000 63 70 207 4
408000 37 15 259 4
407000 18 10 288 4
7f96a24e3000 53 32 374 6
7f96a2426000 125 8 507 6
7f96a24e2000 54 13 574 7
7f96a24e1000 71 12 657 7
7f96a24e0000 29 3 689 7
7f96a24df000 36 5 731 7
7f96a24de000 27 4 763 7
7f96a24dc000 45 5 814 7
7f96a24db000 41 5 860 7
7f96a24d8000 54 8 923 7
7f96a24d5000 54 7 984 7
7f96a2564000 100 14 1099 8
7f96a2563000 103 9 1211 9
7f96a2533000 93 6 1310 9
7f96a2532000 111 5 1426 9
7f96a2531000 70 10 1506 9
7f96a252f000 76 4 1587 9
7f96a2437000 77 5 1669 9
7f96a2436000 38 4 1711 9
7f96a2435000 54 3 1768 9
7f96a2434000 86 5 1860 9
7f96a2433000 34 3 1897 9
7f96a242b000 46 4 1948 9
7f96a242a000 43 4 1995 9
7f96a2429000 64 3 2063 9
7f96a2486000 75 6 2144 10
2146 10
