0x404000
404000 81 44 126 5
632000 1059 108 1294 6
403000 32 11 1337 6
402000 17 7 1362 6
634000 1059 92 2513 6
5f8000 56 14 2583 6
5c7000 55 12 2651 6
5c6000 52 15 2719 7
59f000 53 9 2782 7
633000 1060 78 3922 7
505000 72 9 4004 7
504000 54 8 4067 7
549000 88 13 4168 7
7f736669f000 75 27 4271 7
599000 79 12 4363 7
4df000 32 8 4404 7
58a000 49 7 4461 7
589000 91 18 4571 7
50f000 68 12 4652 7
412000 57 11 4721 7
5b3000 46 10 4777 7
617000 68 12 4858 7
5b2000 30 6 4894 7
635000 129 11 5035 7
631000 247 17 5299 7
7f736644b000 44 8 5353 7
7f736644a000 60 6 5420 7
7f7366449000 71 8 5500 7
7f7366452000 58 14 5573 9
7f7366451000 54 2 5630 9
7f7366450000 59 2 5692 9
7f736644e000 60 2 5755 9
7f7366455000 242 8 6006 9
7f736644d000 95 2 6104 9
7f736644c000 36 0 6141 9
7f7366453000 37 1 6180 9
7f7366454000 121 5 6308 9
7f7366448000 52 1 6362 9
7f736644f000 35 1 6399 9
408000 59 1 6462 9
7f7366707000 77 2 6542 9
594000 49 1 6592 9
593000 67 2 6662 9
7f7366718000 62 11 6736 10
6748 10
0x632000
632000 1060 189 1249 2
1249 2
0x403000
403000 32 24 56 2
402000 17 13 87 2
634000 1064 156 1307 2
5f8000 55 27 1390 4
5c7000 56 17 1463 5
5c6000 52 18 1534 6
59f000 53 11 1599 6
633000 1066 93 2759 6
505000 72 11 2843 6
504000 55 9 2908 6
549000 88 16 3012 7
632000 1066 75 4154 7
7f736669f000 76 27 4257 7
599000 79 12 4349 7
4df000 33 7 4390 7
58a000 50 7 4448 7
589000 90 18 4557 7
50f000 67 12 4637 7
412000 57 10 4705 7
5b3000 46 9 4761 7
617000 68 12 4842 7
5b2000 30 5 4877 7
635000 129 10 5017 7
631000 246 17 5281 7
7f736644b000 43 9 5335 7
7f736644a000 60 7 5402 7
7f7366449000 71 8 5481 7
7f7366452000 56 15 5553 9
7f7366451000 54 1 5609 9
7f7366450000 59 2 5671 9
7f736644e000 60 2 5734 9
7f7366455000 243 8 5986 9
7f736644d000 95 2 6084 9
7f736644c000 35 1 6121 9
7f7366453000 36 2 6160 9
7f7366454000 121 4 6286 9
7f7366448000 52 1 6340 9
7f736644f000 36 0 6377 9
408000 59 2 6441 9
7f7366707000 77 1 6520 9
594000 48 2 6571 9
593000 67 2 6641 9
7f7366718000 63 11 6716 10
6727 10
0x402000
402000 17 15 33 0
33 0
0x634000
634000 1059 186 1246 0
1246 0
0x5f8000
5f8000 56 31 87 4
5c7000 56 17 161 5
634000 1061 106 1329 5
5c6000 51 19 1400 6
59f000 52 12 1465 6
633000 1068 93 2627 6
505000 72 11 2711 6
504000 54 9 2775 6
403000 32 8 2816 6
402000 17 5 2839 6
45c000 51 11 2902 6
45b000 46 10 2959 7
7f73666a5000 32 11 3003 7
7f73666a4000 54 19 3076 8
7f73666a3000 64 9 3149 8
7f736667f000 124 3 3277 8
7f73666a2000 60 5 3342 8
7f73666a1000 48 8 3398 8
7f736678c000 91 8 3498 8
7f736678b000 110 6 3614 8
7f736678a000 68 16 3699 8
7f7366788000 75 5 3780 8
7f7366742000 42 4 3826 8
7f73666f1000 153 10 3990 8
7f7366690000 77 6 4073 8
7f736668f000 37 4 4115 8
7f736668e000 53 4 4173 8
7f736668d000 85 6 4265 8
7f736668c000 33 3 4302 8
7f7366684000 45 5 4353 8
7f7366683000 43 5 4401 8
7f7366682000 64 3 4468 8
7f73667bc000 102 8 4579 9
7f73666df000 75 4 4658 9
7f73666ec000 86 5 4750 9
7f73666eb000 78 6 4834 9
7f7366770000 57 10 4901 9
7f736676b000 54 7 4963 9
7f736676a000 77 12 5053 9
7f7366769000 62 8 5123 9
7f7366768000 46 3 5172 9
7f7366767000 44 2 5218 9
7f73666fc000 84 9 5312 9
7f73666fb000 87 6 5405 9
7f73666fa000 62 4 5471 9
7f73666f9000 83 4 5559 9
7f73666f8000 95 4 5659 9
7f73666f7000 70 5 5734 9
7f73666f2000 61 7 5802 9
7f73666be000 56 4 5862 9
7f7366766000 54 2 5918 9
7f7366765000 49 3 5971 9
7f7366764000 35 2 6009 9
7f7366763000 46 3 6059 9
7f7366762000 39 3 6101 9
7f7366761000 44 2 6147 9
7f736679b000 54 3 6205 9
7f736677d000 68 13 6286 9
7f73666ea000 61 4 6352 9
7f7366775000 61 7 6420 9
7f7366771000 80 9 6509 9
7f7366774000 49 5 6563 9
7f73666ee000 105 6 6674 9
7f7366773000 94 6 6775 9
7f7366772000 61 8 6844 9
7f73666bf000 32 3 6880 9
7f73666e8000 47 3 6931 9
7f7366740000 48 4 6984 9
7f736673f000 57 7 7048 9
7f73667a1000 45 3 7097 9
7f73667a0000 58 4 7160 9
7f736679f000 49 4 7214 9
7f736679e000 64 4 7282 10
7290 10
0x5c7000
5c7000 56 27 83 4
634000 1061 123 1268 4
5c6000 52 22 1343 6
59f000 53 12 1409 6
633000 1061 93 2564 6
505000 72 11 2648 6
504000 54 9 2712 6
403000 32 9 2754 6
402000 17 5 2776 6
5f8000 55 12 2844 6
538000 65 13 2923 7
537000 41 8 2973 7
575000 42 8 3024 7
536000 45 8 3077 7
535000 47 7 3132 7
424000 51 9 3193 7
5ab000 52 8 3254 7
5aa000 46 8 3309 7
5a9000 52 7 3369 7
44c000 61 11 3441 8
632000 1062 57 4560 8
4d1000 67 7 4634 8
482000 59 6 4699 8
49f000 65 8 4772 8
49e000 46 5 4824 8
49d000 62 5 4892 8
49c000 48 6 4947 8
49b000 44 5 4997 8
5c1000 62 5 5065 8
7f73667ea000 80 8 5154 8
528000 45 5 5204 8
7f736669f000 76 19 5300 8
530000 39 5 5344 8
52f000 55 6 5406 8
7f736670e000 57 7 5471 8
7f736670d000 50 4 5525 8
7f736670c000 45 4 5575 8
564000 109 11 5696 8
563000 38 6 5741 8
7f7366707000 77 5 5824 8
631000 247 12 6084 8
47a000 70 8 6163 8
51e000 55 8 6227 8
51d000 65 7 6300 8
51c000 60 5 6366 8
51b000 72 6 6445 8
472000 62 7 6515 8
471000 37 5 6558 8
470000 47 5 6611 8
568000 73 9 6693 8
4b8000 56 5 6755 8
4b7000 70 11 6837 8
4b6000 43 4 6885 8
515000 37 5 6928 8
525000 89 9 7027 8
509000 54 6 7088 9
508000 58 2 7150 9
507000 39 1 7191 9
475000 51 3 7246 9
474000 65 3 7315 9
473000 69 3 7388 9
543000 64 1 7454 9
542000 53 1 7509 9
541000 65 2 7577 9
5be000 82 2 7662 9
540000 31 0 7693 9
53f000 22 0 7716 9
53e000 34 1 7752 9
53d000 61 2 7815 9
7f7366718000 62 12 7890 10
7919 10
0x5c6000
5c6000 52 35 87 6
59f000 53 12 153 6
633000 1061 93 1308 6
505000 72 11 1392 6
634000 1063 88 2544 6
504000 54 9 2608 6
403000 32 9 2650 6
402000 17 5 2672 6
5f8000 55 12 2740 6
5c7000 56 10 2807 6
7f736670e000 57 12 2877 6
7f736670d000 50 6 2934 6
7f736670c000 45 6 2986 6
7f7366718000 63 42 3092 7
7f7366717000 99 20 3212 7
4f0000 45 9 3267 7
632000 1063 74 4404 7
7f736669f000 75 27 4507 7
532000 55 9 4572 8
552000 105 13 4691 8
631000 246 13 4951 8
551000 75 22 5049 8
584000 79 8 5136 8
44b000 45 8 5190 8
4a8000 71 9 5272 8
4a7000 76 11 5360 8
61f000 64 7 5431 8
61e000 42 5 5479 8
5a8000 59 8 5547 8
507000 39 6 5592 8
475000 50 10 5653 8
474000 65 9 5728 8
473000 69 9 5807 8
472000 62 9 5879 8
471000 36 6 5922 8
470000 48 6 5977 8
568000 73 10 6060 8
4b8000 57 5 6123 8
4b7000 71 12 6207 8
4b6000 43 6 6257 8
515000 37 6 6301 8
525000 88 11 6401 8
509000 54 8 6464 9
508000 58 4 6527 9
5d0000 64 5 6597 9
7f7366707000 77 3 6678 9
4e9000 37 2 6717 9
5e0000 64 3 6785 9
5df000 49 3 6838 9
45f000 31 3 6873 9
51a000 39 2 6915 9
7f7366719000 66 8 6990 9
519000 36 2 7028 9
527000 48 4 7082 9
526000 77 3 7163 9
5c9000 65 4 7234 9
553000 53 5 7293 9
5c8000 67 6 7366 9
514000 37 2 7406 9
60e000 93 3 7503 9
60d000 55 2 7561 9
60c000 40 3 7605 9
443000 50 3 7659 9
50e000 50 3 7713 9
50d000 66 6 7786 9
7f73666f1000 152 7 7946 9
4d8000 57 4 8008 9
4d7000 67 4 8080 9
4d6000 64 4 8149 9
5f7000 56 3 8209 9
5f6000 42 4 8257 9
48c000 47 3 8308 9
48b000 63 4 8376 9
48a000 57 3 8437 9
489000 53 3 8494 9
4bb000 41 3 8539 9
4ba000 62 3 8605 9
7f73666a5000 32 4 8642 9
7f73666a4000 55 7 8704 9
7f73666a3000 64 5 8773 9
7f736667f000 124 3 8901 9
7f73666a2000 60 3 8964 9
7f73666a1000 47 5 9017 9
7f736678c000 92 4 9114 9
7f736678b000 110 4 9229 9
7f736678a000 68 10 9308 9
7f7366788000 76 3 9387 9
7f7366742000 42 3 9432 9
7f7366690000 77 4 9513 9
7f736668f000 38 3 9554 9
7f736668e000 54 2 9610 9
7f736668d000 85 4 9700 9
7f736668c000 33 2 9736 9
7f7366684000 46 3 9786 9
7f7366683000 43 3 9832 9
7f7366682000 64 3 9899 9
7f73667bc000 102 5 10006 9
7f73666df000 75 4 10085 9
7f73666ec000 87 4 10177 9
7f73666eb000 78 6 10262 9
7f7366770000 56 11 10329 9
7f736676b000 54 7 10391 9
7f736676a000 78 12 10481 9
7f7366769000 62 7 10550 9
7f7366768000 46 2 10599 9
7f7366767000 45 2 10646 9
7f73666fc000 83 9 10739 9
7f73666fb000 87 5 10832 9
7f73666fa000 61 5 10899 9
7f73666f9000 83 4 10986 9
7f73666f8000 95 4 11086 9
7f73666f7000 69 5 11160 9
7f73666f2000 61 6 11228 9
7f73666be000 56 3 11288 9
7f7366766000 54 2 11345 9
7f7366765000 49 2 11397 9
7f7366764000 36 2 11436 9
7f7366763000 47 2 11485 9
7f7366762000 39 3 11528 9
7f7366761000 44 2 11574 9
7f736679b000 54 3 11632 9
7f736677d000 68 13 11713 9
7f73666ea000 62 3 11779 9
7f7366775000 60 7 11847 9
7f7366771000 79 9 11936 9
7f7366774000 48 5 11990 9
7f73666ee000 105 6 12102 9
7f7366773000 94 6 12202 9
7f7366772000 61 8 12272 9
7f73666bf000 32 3 12308 9
7f73666e8000 48 3 12359 9
7f7366740000 49 3 12411 9
7f736673f000 57 7 12476 9
7f73667a1000 45 4 12525 9
7f73667a0000 59 4 12588 9
7f736679f000 49 3 12641 9
7f736679e000 64 4 12710 10
12745 10
0x59f000
59f000 53 30 83 3
633000 1071 146 1301 5
505000 72 16 1390 6
634000 1062 88 2541 6
504000 55 9 2605 6
403000 32 9 2646 6
402000 17 5 2669 6
5f8000 55 12 2737 6
5c7000 55 11 2804 6
5c6000 52 14 2870 6
45d000 56 12 2939 6
503000 63 14 3017 6
4d8000 57 13 3088 6
632000 1062 90 4241 6
4d7000 67 15 4323 6
4d6000 63 15 4402 6
631000 247 21 4670 6
5f7000 56 12 4739 6
5f6000 43 11 4794 7
4a8000 70 12 4877 7
4a7000 76 14 4968 7
61f000 64 9 5041 7
61e000 42 6 5090 7
5a8000 59 9 5159 7
7f7366718000 63 34 5256 8
7f7366717000 99 16 5372 8
507000 40 6 5418 8
475000 50 10 5479 8
474000 66 9 5554 8
473000 69 9 5633 8
472000 62 8 5704 8
471000 37 6 5748 8
470000 47 6 5802 8
568000 73 9 5885 8
4b8000 57 6 5949 8
4b7000 70 12 6032 8
4b6000 43 6 6082 8
515000 37 6 6126 8
525000 88 11 6226 8
509000 55 8 6289 9
7f736669f000 77 10 6376 9
508000 58 3 6438 9
5d0000 64 5 6509 9
7f7366707000 76 3 6589 9
4e9000 36 2 6628 9
5e0000 64 3 6696 9
5df000 49 3 6749 9
45f000 31 2 6783 9
51a000 39 3 6826 9
7f7366719000 65 8 6900 9
519000 36 2 6938 9
527000 49 4 6992 9
526000 77 4 7073 9
5c9000 66 4 7144 9
553000 53 4 7201 9
5c8000 67 5 7274 9
514000 37 2 7314 9
60e000 93 3 7411 9
60d000 55 2 7469 9
60c000 40 3 7513 9
443000 50 4 7568 9
50e000 50 3 7621 9
50d000 66 6 7694 9
7f73666f1000 153 6 7854 9
586000 48 3 7906 9
585000 44 4 7955 9
7f73666a5000 31 4 7991 9
7f73666a4000 54 7 8053 9
7f73666a3000 64 6 8123 9
7f736667f000 124 3 8250 9
7f73666a2000 60 3 8313 9
7f73666a1000 48 5 8367 9
7f736678c000 92 5 8464 9
7f736678b000 110 4 8578 9
7f736678a000 68 10 8657 9
7f7366788000 76 3 8736 9
7f7366742000 42 2 8781 9
7f7366690000 76 5 8863 9
7f736668f000 37 3 8903 9
7f736668e000 54 2 8960 9
7f736668d000 85 4 9050 9
7f736668c000 34 2 9086 9
7f7366684000 46 3 9136 9
7f7366683000 43 3 9182 9
7f7366682000 63 3 9249 9
7f73667bc000 102 5 9356 9
7f73666df000 75 5 9436 9
7f73666ec000 87 4 9527 9
7f73666eb000 79 6 9612 9
7f7366770000 56 11 9679 9
7f736676b000 54 7 9741 9
7f736676a000 77 12 9831 9
7f7366769000 62 7 9900 9
7f7366768000 46 3 9950 9
7f7366767000 44 2 9996 9
7f73666fc000 84 9 10090 9
7f73666fb000 87 6 10183 9
7f73666fa000 61 4 10249 9
7f73666f9000 83 4 10337 9
7f73666f8000 95 4 10437 9
7f73666f7000 69 5 10511 9
7f73666f2000 61 6 10579 9
7f73666be000 56 3 10639 9
7f7366766000 54 2 10696 9
7f7366765000 49 3 10749 9
7f7366764000 35 2 10787 9
7f7366763000 46 3 10837 9
7f7366762000 39 3 10879 9
7f7366761000 44 2 10925 9
7f736679b000 54 2 10982 9
7f736677d000 68 13 11064 9
7f73666ea000 61 4 11130 9
7f7366775000 61 7 11198 9
7f7366771000 79 9 11286 9
7f7366774000 49 4 11340 9
7f73666ee000 105 6 11452 9
7f7366773000 94 6 11552 9
7f7366772000 62 8 11622 9
7f73666bf000 32 4 11658 9
7f73666e8000 47 4 11709 9
7f7366740000 49 3 11761 9
7f736673f000 56 7 11825 9
7f73667a1000 45 3 11874 9
7f73667a0000 58 5 11938 9
7f736679f000 49 4 11991 9
7f736679e000 64 4 12059 10
12091 10
0x633000
633000 1064 196 1260 2
505000 72 24 1357 5
634000 1065 106 2529 5
504000 54 12 2596 5
403000 32 12 2641 5
402000 17 7 2666 5
5f8000 55 17 2738 5
5c7000 56 14 2808 5
5c6000 51 18 2878 6
59f000 53 11 2943 6
59e000 52 10 3006 6
511000 68 14 3089 6
510000 45 9 3144 6
50f000 68 14 3227 6
412000 56 14 3298 6
5b3000 46 12 3356 7
632000 1062 74 4493 7
617000 67 12 4573 7
5b2000 30 5 4608 7
635000 129 10 4748 7
631000 247 17 5013 7
7f736644b000 43 9 5066 7
7f736644a000 59 6 5132 7
7f7366449000 70 8 5211 7
7f7366452000 57 14 5283 9
7f7366451000 54 1 5339 9
7f7366450000 59 2 5401 9
7f736644e000 61 1 5464 9
7f7366455000 240 9 5714 9
7f736644d000 94 2 5811 9
7f736644c000 35 1 5848 9
7f7366453000 36 2 5887 9
7f7366454000 121 4 6013 9
7f7366448000 52 1 6067 9
7f736644f000 36 0 6104 9
408000 59 2 6168 9
7f736669f000 76 9 6254 9
7f7366707000 77 1 6332 9
594000 49 1 6383 9
593000 67 2 6453 9
7f7366718000 62 12 6528 10
6538 10
0x505000
505000 71 31 103 5
634000 1062 106 1272 5
504000 54 12 1339 5
633000 1065 112 2517 5
60f000 91 21 2630 5
5e4000 75 31 2737 5
451000 67 14 2819 5
7f7366718000 63 54 2937 7
7f7366717000 99 21 3057 7
403000 33 7 3097 7
402000 17 5 3120 7
5f8000 55 11 3186 7
5c7000 56 9 3251 7
5c6000 51 12 3315 7
59f000 52 10 3378 7
59e000 52 8 3439 7
511000 68 12 3520 7
510000 45 8 3574 7
50f000 67 13 3655 7
412000 57 11 3723 7
5b3000 46 10 3779 8
632000 1063 59 4902 8
617000 67 10 4980 8
5b2000 30 5 5015 8
635000 129 8 5153 8
631000 246 13 5412 8
7f736644b000 43 7 5464 8
7f736644a000 59 6 5530 8
7f7366449000 70 7 5608 8
7f7366452000 57 11 5676 10
5688 10
0x504000
504000 54 25 79 4
79 4
0x549000
549000 88 41 129 4
632000 1063 126 1319 5
633000 1074 116 2509 5
505000 72 18 2599 6
634000 1074 92 3766 6
504000 55 10 3832 6
403000 32 11 3876 6
402000 17 7 3901 6
5f8000 56 14 3971 6
5c7000 56 12 4040 6
5c6000 52 15 4108 7
59f000 53 10 4172 7
59e000 52 8 4233 7
511000 69 12 4315 7
510000 45 8 4369 7
50f000 69 12 4450 7
412000 57 11 4518 7
5b3000 46 10 4575 7
617000 69 12 4656 7
5b2000 30 5 4691 7
635000 130 11 4833 7
631000 248 17 5098 7
7f736644b000 43 9 5151 7
7f736644a000 60 6 5217 7
7f7366449000 70 9 5297 7
7f7366452000 57 15 5369 9
7f7366451000 54 1 5425 9
7f7366450000 59 1 5486 9
7f736644e000 61 1 5549 9
7f7366455000 240 9 5799 9
7f736644d000 94 2 5896 9
7f736644c000 36 0 5933 9
7f7366453000 36 2 5972 9
7f7366454000 121 4 6098 9
7f7366448000 52 1 6152 9
7f736644f000 36 0 6189 9
408000 58 2 6253 9
7f736669f000 76 9 6339 9
7f7366707000 77 2 6418 9
594000 49 2 6469 9
593000 67 2 6538 9
7f7366718000 63 11 6613 10
6623 10
0x599000
599000 79 38 118 3
4df000 33 18 170 4
632000 1064 125 1359 4
633000 1065 130 2555 4
505000 71 20 2647 5
634000 1061 107 3816 5
504000 54 12 3883 5
403000 32 12 3928 5
402000 16 8 3953 5
5f8000 55 16 4024 5
5c7000 56 14 4095 5
5c6000 51 18 4165 6
59f000 53 11 4230 6
59e000 52 10 4293 6
511000 68 14 4376 6
510000 45 9 4431 6
50f000 67 15 4514 6
412000 56 14 4585 6
5b3000 46 12 4643 7
617000 68 12 4723 7
5b2000 30 6 4759 7
635000 129 11 4899 7
631000 246 17 5162 7
7f736644b000 43 9 5215 7
7f736644a000 59 6 5281 7
7f7366449000 71 8 5361 7
7f7366452000 56 15 5433 9
7f7366451000 54 1 5489 9
7f7366450000 59 1 5550 9
7f736644e000 61 1 5613 9
7f7366455000 240 9 5863 9
7f736644d000 94 2 5960 9
7f736644c000 35 1 5997 9
7f7366453000 36 1 6035 9
7f7366454000 121 4 6162 9
7f7366448000 52 1 6216 9
7f736644f000 36 0 6253 9
408000 59 2 6317 9
7f736669f000 75 9 6402 9
7f7366707000 77 1 6481 9
594000 48 2 6532 9
593000 67 2 6602 9
7f7366718000 63 11 6676 10
6687 10
0x4df000
4df000 32 23 56 4
632000 1068 126 1251 4
633000 1073 130 2455 4
505000 72 20 2548 5
634000 1069 107 3725 5
504000 54 13 3793 5
403000 33 12 3838 5
402000 16 8 3863 5
5f8000 56 16 3935 5
5c7000 56 14 4006 5
5c6000 51 19 4077 6
59f000 52 12 4142 6
59e000 52 9 4204 6
511000 69 15 4289 6
510000 46 8 4343 6
50f000 68 15 4427 6
412000 57 13 4498 6
5b3000 46 11 4556 7
617000 68 12 4637 7
5b2000 29 6 4673 7
635000 130 10 4814 7
631000 247 17 5079 7
7f736644b000 43 9 5133 7
7f736644a000 59 7 5200 7
7f7366449000 70 9 5280 7
7f7366452000 58 14 5352 9
7f7366451000 54 2 5409 9
7f7366450000 59 2 5471 9
7f736644e000 61 1 5534 9
7f7366455000 242 9 5786 9
7f736644d000 96 1 5883 9
7f736644c000 36 1 5921 9
7f7366453000 36 2 5960 9
7f7366454000 122 4 6087 9
7f7366448000 52 1 6141 9
7f736644f000 35 1 6179 9
408000 59 2 6243 9
7f736669f000 76 9 6329 9
7f7366707000 77 1 6408 9
594000 49 1 6459 9
593000 68 1 6529 9
7f7366718000 63 12 6605 10
6615 10
0x58a000
58a000 50 23 73 2
634000 1069 157 1300 2
589000 90 46 1437 6
50f000 68 15 1521 6
412000 57 13 1592 6
5b3000 46 12 1651 7
632000 1072 75 2799 7
617000 69 11 2879 7
5b2000 30 5 2915 7
635000 130 10 3056 7
631000 249 17 3323 7
7f736644b000 44 8 3376 7
7f736644a000 60 6 3443 7
7f7366449000 71 8 3523 7
7f7366452000 58 14 3596 9
7f7366451000 55 1 3653 9
7f7366450000 59 2 3715 9
7f736644e000 61 1 3778 9
7f7366455000 243 8 4030 9
7f736644d000 96 1 4128 9
7f736644c000 36 1 4166 9
7f7366453000 37 1 4205 9
7f7366454000 123 4 4333 9
7f7366448000 52 1 4387 9
7f736644f000 36 1 4425 9
403000 32 2 4462 9
402000 17 0 4479 9
5f8000 56 2 4538 9
5c7000 56 1 4596 9
5c6000 52 3 4652 9
59f000 53 2 4708 9
633000 1072 40 5821 9
505000 72 2 5896 9
504000 54 2 5953 9
549000 88 4 6045 9
7f736669f000 76 9 6131 9
599000 79 3 6214 9
4df000 33 1 6249 9
7f7366719000 66 7 6323 9
7f7366718000 63 11 6398 10
6408 10
0x589000
589000 90 56 147 6
50f000 68 15 231 6
412000 57 13 302 6
5b3000 47 11 360 7
632000 1073 75 1509 7
617000 69 11 1589 7
5b2000 30 5 1625 7
635000 130 10 1766 7
631000 250 18 2035 7
7f736644b000 44 8 2088 7
7f736644a000 60 6 2155 7
7f7366449000 71 8 2235 7
7f7366452000 57 15 2308 9
7f7366451000 54 1 2364 9
7f7366450000 59 2 2426 9
7f736644e000 61 2 2490 9
7f7366455000 242 8 2741 9
7f736644d000 96 1 2839 9
7f736644c000 36 1 2877 9
7f7366453000 36 2 2916 9
7f7366454000 122 4 3043 9
7f7366448000 52 1 3097 9
7f736644f000 35 1 3135 9
403000 33 1 3172 9
402000 16 1 3190 9
634000 1069 38 4297 9
5f8000 55 2 4355 9
5c7000 56 2 4414 9
5c6000 51 3 4469 9
59f000 53 2 4525 9
633000 1070 41 5637 9
505000 73 2 5712 9
504000 54 2 5769 9
549000 89 3 5861 9
7f736669f000 76 9 5947 9
599000 79 3 6030 9
4df000 33 1 6065 9
58a000 50 1 6117 9
453000 57 1 6176 9
7f73666a3000 64 4 6245 9
7f736667f000 125 1 6372 9
7f73666a2000 60 2 6434 9
7f73666a1000 48 3 6486 9
7f736678c000 93 3 6583 9
7f736678b000 111 3 6697 9
7f736678a000 69 8 6774 9
7f7366788000 77 1 6852 9
7f7366742000 42 1 6896 9
621000 58 2 6957 9
620000 64 2 7024 9
61f000 64 2 7091 9
61e000 42 1 7135 9
5a8000 59 2 7197 9
7f7366718000 63 11 7272 10
7283 10
0x50f000
50f000 68 39 107 3
412000 57 24 188 5
5b3000 46 16 251 7
632000 1073 75 1400 7
617000 68 12 1481 7
5b2000 30 6 1517 7
635000 130 10 1657 7
631000 249 17 1924 7
7f736644b000 44 8 1977 7
7f736644a000 60 6 2044 7
7f7366449000 71 8 2124 7
7f7366452000 57 15 2197 9
7f7366451000 54 1 2253 9
7f7366450000 59 2 2315 9
7f736644e000 61 2 2379 9
7f7366455000 243 8 2630 9
7f736644d000 95 2 2728 9
7f736644c000 36 1 2766 9
7f7366453000 36 2 2805 9
7f7366454000 122 4 2932 9
7f7366448000 52 1 2986 9
7f736644f000 36 0 3023 9
403000 33 1 3060 9
402000 17 0 3078 9
634000 1070 38 4186 9
5f8000 55 2 4244 9
5c7000 56 2 4303 9
5c6000 52 2 4358 9
59f000 53 2 4414 9
633000 1069 40 5524 9
505000 73 2 5600 9
504000 55 1 5656 9
549000 88 4 5749 9
7f736669f000 76 9 5835 9
599000 79 3 5918 9
4df000 32 2 5953 9
58a000 51 1 6005 9
589000 90 5 6101 9
588000 39 1 6142 9
7f73666a3000 64 4 6212 9
7f736667f000 126 1 6339 9
7f73666a2000 61 1 6401 9
7f73666a1000 48 4 6454 9
7f736678c000 93 3 6550 9
7f736678b000 111 3 6664 9
7f736678a000 69 8 6741 9
7f7366788000 76 2 6820 9
7f7366742000 42 2 6864 9
430000 61 3 6929 9
42f000 109 4 7042 9
42e000 203 5 7251 9
42d000 34 2 7288 9
42c000 51 2 7342 9
5eb000 73 1 7417 9
7f7366707000 78 1 7497 9
5ea000 90 4 7592 9
5e8000 86 2 7681 9
5e9000 63 2 7747 9
5e7000 58 2 7808 9
5a8000 59 2 7870 9
466000 54 2 7927 9
465000 58 1 7986 9
7f7366718000 63 11 8062 10
8079 10
0x412000
412000 57 35 92 4
92 4
0x5b3000
5b3000 46 32 78 6
632000 1069 92 1240 6
617000 67 17 1325 6
5b2000 30 8 1363 6
635000 131 14 1509 6
631000 245 24 1779 6
7f736644b000 44 12 1836 7
7f736644a000 59 7 1903 7
7f7366449000 71 8 1982 7
7f7366452000 56 15 2054 9
7f7366451000 54 1 2110 9
7f7366450000 59 2 2172 9
7f736644e000 60 1 2234 9
7f7366455000 241 8 2484 9
7f736644d000 95 1 2581 9
7f736644c000 36 1 2619 9
7f7366453000 36 1 2657 9
7f7366454000 121 4 2784 9
7f7366448000 51 1 2837 9
7f736644f000 35 1 2875 9
403000 32 1 2911 9
402000 17 0 2929 9
634000 1065 37 4032 9
5f8000 55 3 4091 9
5c7000 56 2 4149 9
5c6000 51 3 4204 9
59f000 53 2 4260 9
633000 1063 40 5364 9
505000 72 2 5439 9
504000 55 1 5496 9
549000 88 3 5588 9
7f736669f000 77 9 5675 9
599000 80 3 5758 9
4df000 33 1 5793 9
58a000 50 2 5846 9
589000 91 5 5942 9
50f000 68 3 6014 9
412000 57 3 6075 9
604000 39 1 6115 9
603000 61 2 6179 9
602000 73 3 6256 9
601000 52 2 6311 9
600000 50 2 6364 9
54a000 84 3 6452 9
4ce000 46 1 6500 9
5c8000 68 4 6573 9
514000 37 1 6612 9
60e000 94 1 6708 9
60d000 56 0 6765 9
60c000 41 1 6808 9
443000 51 1 6861 9
50e000 50 2 6914 9
50d000 67 4 6986 9
519000 36 0 7023 9
7f7366719000 66 7 7097 9
7f7366718000 64 11 7172 10
7190 10
0x617000
617000 69 37 106 4
106 4
0x5b2000
5b2000 30 18 48 2
635000 130 27 206 3
631000 248 39 494 3
7f736644b000 43 21 560 4
7f736644a000 60 14 635 5
7f7366449000 70 14 720 5
7f7366452000 57 23 801 8
7f7366451000 54 3 859 8
7f7366450000 59 4 923 8
7f736644e000 61 3 988 8
7f7366455000 243 14 1246 8
7f736644d000 96 3 1346 8
7f736644c000 36 2 1385 8
7f7366453000 36 3 1425 8
7f7366454000 122 8 1556 8
7f7366448000 52 2 1611 8
7f736644f000 36 2 1650 8
403000 32 3 1688 8
402000 16 1 1706 8
634000 1072 52 2831 8
5f8000 56 4 2892 8
5c7000 56 3 2952 8
5c6000 52 5 3010 8
59f000 53 4 3068 8
633000 1069 56 4194 8
505000 72 4 4271 8
504000 54 3 4329 8
549000 89 7 4425 9
632000 1074 38 5537 9
7f736669f000 76 9 5623 9
599000 79 3 5706 9
4df000 33 1 5741 9
58a000 50 1 5793 9
589000 90 6 5890 9
50f000 68 3 5962 9
412000 56 3 6022 9
5b3000 46 2 6070 9
617000 68 3 6142 9
59e000 52 2 6197 9
511000 68 3 6269 9
510000 46 1 6317 9
5d5000 69 3 6390 9
5d4000 54 3 6448 9
7f7366718000 63 12 6524 10
6536 10
0x635000
635000 130 33 163 2
631000 247 45 455 2
7f736644b000 44 23 523 4
7f736644a000 59 14 597 5
7f7366449000 71 13 682 5
7f7366452000 57 23 763 8
7f7366451000 55 2 821 8
7f7366450000 60 3 885 8
7f736644e000 61 3 950 8
7f7366455000 242 14 1207 8
7f736644d000 96 3 1306 8
7f736644c000 36 2 1345 8
7f7366453000 36 3 1385 8
7f7366454000 122 8 1516 8
7f7366448000 52 2 1571 8
7f736644f000 36 2 1610 8
403000 32 3 1648 8
402000 16 1 1666 8
634000 1067 52 2786 8
5f8000 55 5 2847 8
5c7000 56 4 2907 8
5c6000 52 5 2965 8
59f000 53 4 3023 8
633000 1070 56 4150 8
505000 73 4 4227 8
504000 55 3 4285 8
549000 89 6 4380 9
632000 1069 39 5489 9
7f736669f000 77 9 5575 9
599000 80 2 5657 9
4df000 33 1 5692 9
58a000 51 1 5745 9
589000 89 6 5841 9
50f000 68 3 5913 9
412000 57 2 5973 9
5b3000 47 2 6022 9
617000 68 3 6094 9
5b2000 30 0 6124 9
408000 60 1 6186 9
7f7366707000 77 1 6266 9
594000 48 2 6317 9
593000 68 1 6387 9
7f7366718000 64 11 6463 10
6474 10
0x631000
631000 247 53 301 0
302 0
0x408000
408000 60 25 85 3
632000 1068 141 1295 4
7f736669f000 77 52 1424 5
403000 33 12 1469 5
402000 17 7 1494 5
634000 1068 107 2670 5
5f8000 56 16 2743 5
5c7000 56 14 2814 5
5c6000 52 18 2885 6
59f000 53 12 2951 6
633000 1072 93 4116 6
505000 73 11 4201 6
504000 54 9 4265 6
549000 87 16 4369 7
599000 79 12 4461 7
4df000 33 7 4502 7
58a000 50 7 4560 7
589000 89 18 4668 7
50f000 68 12 4749 7
412000 56 11 4817 7
5b3000 46 10 4873 7
617000 68 11 4953 7
5b2000 29 6 4989 7
635000 130 10 5130 7
631000 246 17 5393 7
7f736644b000 43 8 5446 7
7f736644a000 59 7 5513 7
7f7366449000 70 8 5592 7
7f7366452000 57 14 5664 9
7f7366451000 54 2 5721 9
7f7366450000 58 2 5782 9
7f736644e000 61 1 5845 9
7f7366455000 241 8 6095 9
7f736644d000 94 2 6192 9
7f736644c000 36 0 6229 9
7f7366453000 37 1 6268 9
7f7366454000 121 5 6395 9
7f7366448000 51 1 6448 9
7f736644f000 35 1 6486 9
456000 78 2 6569 9
455000 52 2 6624 9
5b7000 46 2 6673 9
4d5000 76 3 6753 9
4d4000 109 3 6866 9
4d3000 64 3 6934 9
52e000 35 2 6972 9
7f73667ea000 80 3 7056 9
7f7366718000 63 11 7130 10
7143 10
0x594000
594000 48 29 78 5
5b3000 46 18 142 7
632000 1072 74 1289 7
617000 68 11 1369 7
5b2000 30 6 1406 7
635000 129 10 1546 7
631000 247 18 1811 7
7f736644b000 43 8 1863 7
7f736644a000 59 7 1930 7
7f7366449000 70 8 2009 7
7f7366452000 57 15 2082 9
7f7366451000 54 2 2138 9
7f7366450000 60 1 2199 9
7f736644e000 61 1 2262 9
7f7366455000 240 9 2512 9
7f736644d000 94 2 2609 9
7f736644c000 35 1 2646 9
7f7366453000 36 2 2685 9
7f7366454000 122 4 2812 9
7f7366448000 51 1 2865 9
7f736644f000 35 1 2903 9
403000 32 1 2939 9
402000 17 0 2957 9
634000 1065 38 4061 9
5f8000 56 2 4119 9
5c7000 55 2 4177 9
5c6000 51 3 4232 9
59f000 53 2 4288 9
633000 1062 40 5391 9
505000 72 2 5466 9
504000 54 2 5523 9
549000 88 3 5614 9
7f736669f000 76 9 5700 9
599000 79 3 5782 9
4df000 33 1 5817 9
58a000 50 1 5869 9
589000 89 5 5964 9
50f000 68 3 6036 9
412000 56 3 6096 9
604000 39 1 6136 9
603000 60 2 6199 9
602000 73 2 6275 9
601000 52 2 6330 9
600000 50 2 6383 9
54a000 83 4 6471 9
4ce000 46 1 6519 9
5c8000 67 4 6591 9
514000 36 2 6630 9
60e000 93 1 6724 9
60d000 55 1 6781 9
60c000 40 1 6823 9
443000 50 2 6876 9
50e000 50 1 6928 9
50d000 67 3 6999 9
519000 36 1 7037 9
7f7366719000 65 7 7110 9
7f7366718000 63 11 7184 10
7203 10
0x593000
593000 67 28 96 4
634000 1062 124 1283 4
403000 32 16 1332 4
402000 17 10 1360 4
5f8000 55 21 1436 5
5c7000 55 14 1506 5
5c6000 51 18 1576 6
59f000 53 11 1641 6
633000 1063 93 2798 6
505000 72 11 2882 6
504000 54 9 2946 6
549000 87 16 3050 7
632000 1061 74 4186 7
7f736669f000 75 28 4290 7
599000 79 12 4381 7
4df000 33 7 4422 7
58a000 50 7 4480 7
589000 90 18 4588 7
50f000 68 12 4669 7
412000 56 11 4737 7
5b3000 46 10 4793 7
617000 68 12 4874 7
5b2000 30 5 4909 7
635000 129 10 5049 7
631000 247 17 5314 7
7f736644b000 44 8 5367 7
7f736644a000 59 7 5434 7
7f7366449000 71 8 5513 7
7f7366452000 57 14 5585 9
7f7366451000 54 1 5641 9
7f7366450000 59 2 5703 9
7f736644e000 60 2 5766 9
7f7366455000 242 9 6018 9
7f736644d000 95 2 6115 9
7f736644c000 36 1 6153 9
7f7366453000 36 2 6192 9
7f7366454000 122 4 6319 9
7f7366448000 52 1 6373 9
7f736644f000 36 0 6410 9
408000 59 1 6474 9
7f7366707000 78 1 6554 9
594000 49 2 6606 9
5d0000 65 3 6675 9
4e9000 37 1 6714 9
5e0000 64 2 6780 9
5df000 49 2 6832 9
45f000 31 1 6865 9
51a000 39 1 6906 9
7f7366718000 63 11 6981 10
6996 10
0x618000
618000 71 41 112 4
434000 61 21 195 5
5c6000 51 19 266 6
59f000 53 12 331 6
633000 1062 94 1488 6
505000 72 12 1572 6
634000 1062 88 2723 6
504000 54 9 2787 6
403000 32 9 2829 6
402000 17 5 2852 6
5f8000 55 12 2919 6
5c7000 56 10 2986 6
7f736670e000 57 12 3056 6
7f736670d000 50 6 3113 6
7f736670c000 46 5 3165 6
7f7366718000 63 43 3272 7
7f7366717000 100 20 3392 7
4f0000 45 8 3446 7
632000 1064 74 4585 7
7f736669f000 76 27 4689 7
532000 56 9 4755 8
552000 106 12 4874 8
631000 248 14 5137 8
551000 75 22 5235 8
584000 79 8 5323 8
44b000 45 8 5377 8
4a8000 71 10 5460 8
4a7000 76 11 5548 8
61f000 64 8 5620 8
61e000 42 5 5668 8
5a8000 60 7 5736 8
507000 39 6 5782 8
475000 51 10 5843 8
474000 65 9 5918 8
473000 71 9 5999 8
472000 62 8 6070 8
471000 37 6 6114 8
470000 48 6 6169 8
568000 73 10 6253 8
4b8000 57 6 6317 8
4b7000 71 12 6401 8
4b6000 43 6 6451 8
515000 37 7 6496 8
525000 89 11 6597 8
509000 55 8 6660 9
508000 58 3 6722 9
5d0000 64 5 6793 9
7f7366707000 77 3 6874 9
4e9000 37 2 6913 9
5e0000 63 4 6981 9
5df000 49 2 7033 9
45f000 32 2 7068 9
51a000 39 3 7111 9
7f7366719000 65 8 7185 9
519000 35 2 7223 9
527000 48 4 7277 9
526000 76 4 7358 9
5c9000 66 4 7429 9
553000 53 4 7487 9
5c8000 67 5 7560 9
514000 37 2 7600 9
60e000 93 3 7697 9
60d000 55 2 7755 9
60c000 40 3 7799 9
443000 50 3 7853 9
50e000 50 2 7906 9
50d000 67 5 7979 9
7f73666f1000 153 6 8140 9
4d8000 57 4 8202 9
4d7000 67 5 8275 9
4d6000 63 4 8343 9
5f7000 56 4 8404 9
5f6000 43 3 8451 9
48c000 47 3 8502 9
48b000 63 4 8570 9
48a000 56 4 8631 9
489000 52 3 8687 9
4bb000 41 3 8732 9
4ba000 62 4 8799 9
7f73666a5000 31 4 8835 9
7f73666a4000 54 7 8897 9
7f73666a3000 64 6 8967 9
7f736667f000 124 3 9094 9
7f73666a2000 60 3 9157 9
7f73666a1000 47 6 9211 9
7f736678c000 92 5 9308 9
7f736678b000 110 5 9423 9
7f736678a000 68 10 9501 9
7f7366788000 76 3 9580 9
7f7366742000 42 3 9626 9
7f7366690000 76 4 9706 9
7f736668f000 37 3 9747 9
7f736668e000 54 3 9804 9
7f736668d000 86 4 9894 9
7f736668c000 34 2 9930 9
7f7366684000 46 3 9980 9
7f7366683000 43 3 10026 9
7f7366682000 63 3 10093 9
7f73667bc000 102 5 10200 9
7f73666df000 74 5 10280 9
7f73666ec000 87 4 10371 9
7f73666eb000 79 6 10456 9
7f7366770000 56 11 10523 9
7f736676b000 54 8 10586 9
7f736676a000 77 12 10675 9
7f7366769000 62 7 10745 9
7f7366768000 46 2 10794 9
7f7366767000 44 2 10841 9
7f73666fc000 83 9 10934 9
7f73666fb000 87 5 11027 9
7f73666fa000 61 5 11094 9
7f73666f9000 83 5 11182 9
7f73666f8000 96 3 11281 9
7f73666f7000 69 6 11356 9
7f73666f2000 62 6 11424 9
7f73666be000 57 3 11484 9
7f7366766000 54 2 11541 9
7f7366765000 49 3 11594 9
7f7366764000 35 2 11632 9
7f7366763000 47 3 11683 9
7f7366762000 39 3 11725 9
7f7366761000 44 3 11772 9
7f736679b000 53 3 11829 9
7f736677d000 68 13 11911 9
7f73666ea000 62 3 11977 9
7f7366775000 61 6 12045 9
7f7366771000 80 9 12135 9
7f7366774000 50 4 12189 9
7f73666ee000 105 6 12301 9
7f7366773000 94 6 12402 9
7f7366772000 61 9 12473 9
7f73666bf000 32 3 12508 9
7f73666e8000 48 3 12560 9
7f7366740000 49 3 12612 9
7f736673f000 57 7 12677 9
7f73667a1000 46 3 12726 9
7f73667a0000 59 4 12790 9
7f736679f000 50 4 12844 9
7f736679e000 65 4 12913 10
12949 10
0x434000
434000 62 33 95 4
95 4
0x5d4000
5d4000 54 42 96 6
633000 1071 94 1262 7
505000 72 10 1345 7
634000 1070 75 2491 7
504000 54 8 2554 7
403000 32 8 2595 7
402000 16 6 2618 7
5f8000 55 11 2684 7
5c7000 55 10 2750 7
5c6000 51 12 2814 8
59f000 53 6 2874 8
59e000 52 5 2932 8
511000 69 7 3009 8
510000 46 4 3060 8
50f000 68 8 3137 8
412000 57 7 3202 8
5b3000 46 7 3255 8
632000 1061 58 4374 8
617000 68 7 4449 8
5b2000 29 4 4483 8
635000 129 7 4620 8
631000 246 12 4879 8
7f736644b000 43 6 4929 8
7f736644a000 59 4 4993 8
7f7366449000 71 5 5070 8
7f7366452000 57 9 5137 9
7f7366451000 55 1 5194 9
7f7366450000 59 1 5255 9
7f736644e000 61 1 5318 9
7f7366455000 241 8 5568 9
7f736644d000 95 1 5665 9
7f736644c000 36 1 5703 9
7f7366453000 36 1 5741 9
7f7366454000 121 4 5868 9
7f7366448000 52 1 5922 9
7f736644f000 36 0 5959 9
408000 59 2 6023 9
7f736669f000 76 9 6109 9
7f7366707000 76 2 6188 9
594000 49 2 6239 9
593000 66 2 6308 9
7f7366718000 63 11 6383 10
6394 10
0x4dc000
4dc000 41 24 65 3
633000 1065 146 1277 5
505000 72 15 1365 5
634000 1061 107 2534 5
504000 54 12 2601 5
403000 32 12 2646 5
402000 17 7 2671 5
5f8000 56 16 2743 5
5c7000 55 14 2813 5
5c6000 51 18 2883 6
59f000 53 12 2949 6
59e000 52 10 3011 6
511000 68 14 3094 6
510000 46 8 3149 6
50f000 68 15 3233 6
412000 57 13 3303 6
5b3000 46 11 3361 7
632000 1067 75 4504 7
617000 67 12 4584 7
5b2000 29 6 4620 7
635000 129 10 4760 7
631000 247 17 5024 7
7f736644b000 43 9 5077 7
7f736644a000 59 6 5143 7
7f7366449000 71 8 5223 7
7f7366452000 57 14 5295 9
7f7366451000 54 1 5351 9
7f7366450000 59 2 5413 9
7f736644e000 60 2 5476 9
7f7366455000 241 8 5726 9
7f736644d000 95 1 5823 9
7f736644c000 36 1 5861 9
7f7366453000 36 1 5899 9
7f7366454000 122 4 6026 9
7f7366448000 52 1 6080 9
7f736644f000 35 1 6117 9
408000 59 2 6181 9
7f736669f000 76 9 6267 9
7f7366707000 77 1 6345 9
594000 48 2 6396 9
593000 67 2 6466 9
7f7366718000 63 11 6541 10
6552 10
0x4f8000
4f8000 53 33 86 5
632000 1062 108 1257 5
4f7000 46 12 1316 5
633000 1062 113 2492 5
505000 71 16 2580 5
634000 1060 106 3747 5
504000 54 12 3814 5
403000 33 12 3859 5
402000 17 8 3884 5
5f8000 56 16 3956 5
5c7000 55 14 4026 5
5c6000 51 18 4096 6
59f000 53 11 4161 6
59e000 52 10 4224 6
511000 68 14 4307 6
510000 45 9 4362 6
50f000 67 15 4445 6
412000 57 13 4516 6
5b3000 46 12 4574 7
617000 67 12 4654 7
5b2000 29 6 4690 7
635000 129 10 4830 7
631000 247 17 5094 7
7f736644b000 43 9 5147 7
7f736644a000 60 6 5213 7
7f7366449000 70 8 5292 7
7f7366452000 57 15 5365 9
7f7366451000 54 1 5421 9
7f7366450000 59 2 5483 9
7f736644e000 61 1 5545 9
7f7366455000 241 8 5795 9
7f736644d000 94 2 5892 9
7f736644c000 35 1 5929 9
7f7366453000 37 1 5968 9
7f7366454000 122 4 6095 9
7f7366448000 51 1 6148 9
7f736644f000 35 1 6186 9
408000 59 1 6249 9
7f736669f000 76 9 6335 9
7f7366707000 76 2 6414 9
594000 49 2 6465 9
593000 68 1 6534 9
7f7366718000 63 11 6609 10
6621 10
0x4f7000
4f7000 46 25 71 4
633000 1065 130 1267 4
505000 72 19 1359 5
634000 1061 106 2527 5
504000 54 12 2594 5
403000 32 12 2639 5
402000 17 7 2664 5
5f8000 55 16 2736 5
5c7000 55 14 2806 5
5c6000 52 18 2877 6
59f000 52 12 2942 6
59e000 52 9 3004 6
511000 68 15 3088 6
510000 44 9 3142 6
50f000 68 14 3225 6
412000 57 13 3296 6
5b3000 46 12 3354 7
632000 1063 75 4493 7
617000 68 11 4572 7
5b2000 30 5 4608 7
635000 129 10 4748 7
631000 246 18 5012 7
7f736644b000 43 8 5064 7
7f736644a000 60 6 5131 7
7f7366449000 70 8 5210 7
7f7366452000 57 15 5283 9
7f7366451000 53 2 5339 9
7f7366450000 59 1 5400 9
7f736644e000 61 1 5463 9
7f7366455000 241 9 5714 9
7f736644d000 95 2 5811 9
7f736644c000 35 1 5848 9
7f7366453000 36 2 5887 9
7f7366454000 121 5 6014 9
7f7366448000 51 1 6067 9
7f736644f000 35 1 6105 9
408000 59 1 6168 9
7f736669f000 76 9 6254 9
7f7366707000 77 1 6332 9
594000 48 2 6383 9
593000 67 2 6453 9
7f7366718000 62 12 6528 10
6538 10
0x42b000
42b000 53 23 77 3
7f7366707000 77 18 173 4
403000 32 16 221 4
402000 17 10 249 4
634000 1061 123 1433 4
5f8000 55 21 1510 5
5c7000 56 14 1580 5
5c6000 51 18 1650 6
59f000 53 11 1715 6
633000 1063 93 2872 6
505000 72 11 2956 6
504000 54 9 3020 6
549000 88 16 3124 7
632000 1063 75 4263 7
7f736669f000 76 27 4367 7
599000 78 13 4459 7
4df000 32 7 4499 7
58a000 50 7 4557 7
589000 90 18 4666 7
50f000 67 12 4746 7
412000 57 11 4815 7
5b3000 46 10 4871 7
617000 68 12 4951 7
5b2000 30 5 4986 7
635000 129 11 5127 7
631000 247 17 5391 7
7f736644b000 43 8 5444 7
7f736644a000 60 6 5511 7
7f7366449000 71 8 5591 7
7f7366452000 56 15 5663 9
7f7366451000 54 1 5719 9
7f7366450000 59 2 5781 9
7f736644e000 60 2 5844 9
7f7366455000 240 9 6094 9
7f736644d000 94 2 6191 9
7f736644c000 36 1 6229 9
7f7366453000 36 1 6267 9
7f7366454000 121 4 6394 9
7f7366448000 52 1 6448 9
7f736644f000 36 0 6485 9
408000 59 2 6549 9
594000 49 1 6600 9
593000 67 2 6670 9
7f7366718000 63 11 6745 10
6757 10
0x42a000
42a000 46 27 74 4
632000 1062 126 1262 5
429000 61 15 1338 6
485000 40 12 1391 6
633000 1063 97 2551 6
505000 71 14 2637 6
634000 1065 92 3795 6
504000 54 11 3861 6
403000 32 11 3905 6
402000 17 7 3929 6
5f8000 56 14 3999 6
5c7000 55 12 4067 6
5c6000 51 16 4135 7
59f000 53 9 4198 7
59e000 52 8 4259 7
511000 69 11 4340 7
510000 45 8 4394 7
50f000 68 12 4474 7
412000 57 11 4543 7
5b3000 46 10 4599 7
617000 67 12 4679 7
5b2000 30 5 4714 7
635000 130 10 4855 7
631000 246 17 5118 7
7f736644b000 43 8 5171 7
7f736644a000 59 7 5238 7
7f7366449000 70 8 5317 7
7f7366452000 57 14 5389 9
7f7366451000 54 1 5445 9
7f7366450000 59 2 5507 9
7f736644e000 60 2 5570 9
7f7366455000 241 9 5821 9
7f736644d000 95 2 5918 9
7f736644c000 35 1 5955 9
7f7366453000 36 2 5994 9
7f7366454000 121 4 6120 9
7f7366448000 52 1 6174 9
7f736644f000 36 0 6211 9
408000 60 1 6275 9
7f736669f000 76 9 6361 9
7f7366707000 77 1 6439 9
594000 49 1 6490 9
593000 67 2 6560 9
7f7366718000 63 11 6635 10
6646 10
0x429000
429000 60 31 91 5
91 5
0x485000
485000 40 27 68 2
68 2
0x419000
419000 59 32 91 2
91 2
0x520000
520000 33 21 54 2
51f000 31 19 105 3
51e000 55 30 191 6
51d000 65 12 269 6
632000 1064 89 1423 6
51c000 60 10 1494 6
51b000 74 10 1578 6
633000 1065 93 2737 6
505000 72 12 2821 6
634000 1060 88 3970 6
504000 55 9 4034 6
403000 32 9 4075 6
402000 17 5 4098 6
5f8000 56 12 4166 6
5c7000 55 10 4232 6
5c6000 52 14 4299 6
59f000 52 12 4364 6
59e000 52 9 4426 6
511000 68 14 4509 6
510000 45 9 4564 6
50f000 68 14 4647 6
412000 57 13 4718 6
5b3000 46 12 4776 7
617000 68 11 4856 7
5b2000 29 6 4892 7
635000 128 11 5032 7
631000 246 17 5295 7
7f736644b000 43 8 5348 7
7f736644a000 60 6 5415 7
7f7366449000 71 8 5495 7
7f7366452000 57 14 5567 9
7f7366451000 54 1 5624 9
7f7366450000 59 2 5686 9
7f736644e000 60 2 5749 9
7f7366455000 240 8 5998 9
7f736644d000 95 1 6095 9
7f736644c000 36 1 6133 9
7f7366453000 36 2 6172 9
7f7366454000 121 4 6298 9
7f7366448000 52 1 6352 9
7f736644f000 36 0 6389 9
408000 59 1 6453 9
7f736669f000 76 9 6539 9
7f7366707000 77 2 6618 9
594000 49 1 6668 9
593000 67 2 6738 9
7f7366718000 63 11 6813 10
6828 10
0x51f000
51f000 32 22 54 3
51e000 55 30 140 6
51d000 65 12 218 6
632000 1062 89 1370 6
51c000 59 11 1441 6
51b000 73 10 1524 6
633000 1063 93 2681 6
505000 72 11 2765 6
634000 1060 88 3914 6
504000 54 9 3978 6
403000 33 8 4019 6
402000 17 5 4042 6
5f8000 55 12 4110 6
5c7000 55 11 4177 6
5c6000 51 14 4243 6
59f000 52 12 4308 6
59e000 52 9 4370 6
511000 69 14 4454 6
510000 45 9 4509 6
50f000 67 15 4592 6
412000 56 14 4663 6
5b3000 46 12 4721 7
617000 68 11 4801 7
5b2000 29 6 4837 7
635000 129 10 4977 7
631000 245 18 5241 7
7f736644b000 43 9 5294 7
7f736644a000 60 6 5360 7
7f7366449000 71 8 5440 7
7f7366452000 57 14 5512 9
7f7366451000 54 1 5568 9
7f7366450000 59 2 5630 9
7f736644e000 60 2 5693 9
7f7366455000 241 8 5943 9
7f736644d000 95 2 6041 9
7f736644c000 35 1 6078 9
7f7366453000 36 2 6117 9
7f7366454000 122 4 6244 9
7f7366448000 52 1 6298 9
7f736644f000 36 0 6335 9
408000 59 1 6399 9
7f736669f000 76 9 6485 9
7f7366707000 76 2 6564 9
594000 49 1 6614 9
593000 67 2 6684 9
7f7366718000 63 11 6759 10
6774 10
0x51e000
51e000 54 41 96 6
51d000 65 12 174 6
632000 1064 90 1328 6
51c000 60 10 1398 6
51b000 73 10 1482 6
633000 1065 93 2641 6
505000 72 11 2725 6
634000 1068 88 3882 6
504000 54 9 3946 6
403000 32 9 3988 6
402000 16 5 4010 6
5f8000 55 12 4078 6
5c7000 56 10 4145 6
5c6000 51 14 4211 6
59f000 53 11 4276 6
59e000 52 10 4339 6
511000 68 14 4422 6
510000 45 9 4477 6
50f000 67 15 4560 6
412000 56 14 4631 6
5b3000 46 12 4689 7
617000 68 11 4769 7
5b2000 29 6 4805 7
635000 129 10 4945 7
631000 246 17 5208 7
7f736644b000 44 8 5261 7
7f736644a000 59 7 5328 7
7f7366449000 70 8 5407 7
7f7366452000 57 14 5479 9
7f7366451000 54 1 5535 9
7f7366450000 59 2 5597 9
7f736644e000 60 2 5660 9
7f7366455000 240 9 5910 9
7f736644d000 94 2 6007 9
7f736644c000 36 0 6044 9
7f7366453000 37 1 6083 9
7f7366454000 121 4 6209 9
7f7366448000 52 1 6263 9
7f736644f000 36 0 6300 9
408000 58 2 6364 9
7f736669f000 75 10 6450 9
7f7366707000 77 1 6528 9
594000 48 2 6579 9
593000 67 1 6648 9
7f7366718000 63 12 6724 10
6736 10
0x51d000
51d000 65 32 97 5
632000 1059 108 1264 5
51c000 60 14 1338 6
51b000 73 11 1422 6
633000 1062 93 2577 6
505000 72 11 2661 6
634000 1063 88 3813 6
504000 54 9 3877 6
403000 32 9 3919 6
402000 17 5 3941 6
5f8000 55 12 4009 6
5c7000 55 11 4076 6
5c6000 51 14 4142 6
59f000 52 12 4207 6
59e000 52 9 4269 6
511000 68 15 4353 6
510000 45 8 4407 6
50f000 68 14 4490 6
412000 58 13 4562 6
5b3000 46 12 4620 7
617000 67 12 4700 7
5b2000 29 6 4736 7
635000 128 10 4875 7
631000 246 17 5139 7
7f736644b000 44 8 5192 7
7f736644a000 60 6 5259 7
7f7366449000 71 8 5339 7
7f7366452000 56 15 5411 9
7f7366451000 54 1 5467 9
7f7366450000 59 2 5529 9
7f736644e000 61 2 5593 9
7f7366455000 241 8 5843 9
7f736644d000 95 1 5940 9
7f736644c000 36 1 5978 9
7f7366453000 36 1 6016 9
7f7366454000 121 4 6143 9
7f7366448000 52 1 6197 9
7f736644f000 36 1 6235 9
408000 59 2 6299 9
7f736669f000 76 9 6385 9
7f7366707000 77 2 6464 9
594000 49 1 6514 9
593000 67 2 6584 9
7f7366718000 63 11 6659 10
6671 10
0x51c000
51c000 60 28 88 3
51b000 73 20 181 5
633000 1062 111 1355 5
505000 72 16 1444 6
634000 1065 89 2599 6
504000 55 9 2663 6
403000 32 9 2705 6
402000 17 5 2728 6
5f8000 56 12 2796 6
5c7000 56 10 2863 6
5c6000 52 14 2930 6
59f000 53 11 2995 6
59e000 53 9 3058 6
511000 69 14 3142 6
510000 46 9 3198 6
50f000 68 14 3281 6
412000 57 14 3353 6
5b3000 46 12 3411 7
632000 1072 76 4560 7
617000 69 12 4641 7
5b2000 30 5 4676 7
635000 131 10 4818 7
631000 248 17 5084 7
7f736644b000 44 8 5137 7
7f736644a000 60 7 5205 7
7f7366449000 71 8 5284 7
7f7366452000 58 14 5357 9
7f7366451000 55 1 5414 9
7f7366450000 60 1 5476 9
7f736644e000 61 2 5540 9
7f7366455000 243 8 5792 9
7f736644d000 96 1 5890 9
7f736644c000 36 1 5928 9
7f7366453000 36 2 5967 9
7f7366454000 122 5 6095 9
7f7366448000 52 1 6149 9
7f736644f000 36 0 6186 9
408000 59 2 6251 9
7f736669f000 76 9 6337 9
7f7366707000 77 1 6416 9
594000 49 2 6468 9
593000 68 2 6538 9
7f7366718000 63 12 6614 10
6624 10
0x51b000
51b000 73 29 102 4
633000 1075 130 1308 4
505000 72 20 1401 5
634000 1070 106 2578 5
504000 55 12 2646 5
403000 33 12 2691 5
402000 17 7 2716 5
5f8000 55 16 2788 5
5c7000 56 14 2859 5
5c6000 52 18 2930 6
59f000 53 12 2996 6
59e000 53 9 3059 6
511000 69 14 3143 6
510000 45 9 3198 6
50f000 68 15 3282 6
412000 57 13 3353 6
5b3000 46 12 3412 7
632000 1076 75 4564 7
617000 69 12 4645 7
5b2000 30 5 4680 7
635000 130 10 4821 7
631000 247 17 5086 7
7f736644b000 43 9 5140 7
7f736644a000 59 7 5207 7
7f7366449000 70 9 5287 7
7f7366452000 57 14 5359 9
7f7366451000 55 1 5416 9
7f7366450000 60 1 5478 9
7f736644e000 61 2 5542 9
7f7366455000 243 8 5794 9
7f736644d000 95 2 5892 9
7f736644c000 36 1 5930 9
7f7366453000 36 2 5969 9
7f7366454000 122 4 6096 9
7f7366448000 52 1 6150 9
7f736644f000 35 1 6188 9
408000 60 1 6252 9
7f736669f000 76 10 6339 9
7f7366707000 77 2 6418 9
594000 49 2 6469 9
593000 67 2 6539 9
7f7366718000 63 11 6614 10
6625 10
0x472000
472000 63 33 96 5
471000 37 11 145 5
470000 48 12 206 5
403000 32 13 251 5
402000 17 8 276 5
634000 1072 106 1454 5
5f8000 56 16 1527 5
5c7000 56 14 1598 5
5c6000 53 18 1669 6
59f000 53 11 1734 6
633000 1077 94 2906 6
505000 73 11 2990 6
504000 55 9 3055 6
549000 88 17 3160 7
632000 1064 75 4299 7
7f736669f000 76 27 4402 7
599000 79 12 4494 7
4df000 32 7 4534 7
58a000 50 7 4592 7
589000 90 18 4701 7
50f000 67 12 4781 7
412000 57 11 4850 7
5b3000 46 10 4906 7
617000 67 12 4986 7
5b2000 30 5 5021 7
635000 129 11 5162 7
631000 246 18 5426 7
7f736644b000 43 9 5479 7
7f736644a000 60 6 5545 7
7f7366449000 70 8 5624 7
7f7366452000 57 15 5697 9
7f7366451000 53 2 5753 9
7f7366450000 59 2 5814 9
7f736644e000 60 2 5877 9
7f7366455000 241 8 6127 9
7f736644d000 95 1 6224 9
7f736644c000 36 1 6262 9
7f7366453000 36 2 6301 9
7f7366454000 121 4 6427 9
7f7366448000 51 1 6481 9
7f736644f000 36 1 6519 9
408000 59 1 6582 9
7f7366707000 77 1 6661 9
594000 48 2 6712 9
593000 67 2 6782 9
7f7366718000 63 11 6857 10
6869 10
0x471000
471000 36 23 60 2
470000 47 20 128 2
403000 32 20 181 2
402000 17 13 212 2
634000 1064 156 1432 2
5f8000 56 26 1514 4
5c7000 56 17 1588 5
5c6000 51 19 1659 6
59f000 52 11 1723 6
633000 1069 93 2886 6
505000 72 11 2970 6
504000 54 9 3034 6
549000 87 16 3138 7
632000 1062 75 4276 7
7f736669f000 76 27 4379 7
599000 79 12 4471 7
4df000 32 7 4511 7
58a000 50 7 4569 7
589000 89 19 4679 7
50f000 68 12 4760 7
412000 56 11 4828 7
5b3000 45 10 4884 7
617000 68 12 4965 7
5b2000 29 6 5000 7
635000 129 10 5140 7
631000 246 18 5405 7
7f736644b000 44 8 5458 7
7f736644a000 59 7 5525 7
7f7366449000 70 8 5604 7
7f7366452000 57 15 5677 9
7f7366451000 54 1 5733 9
7f7366450000 59 2 5795 9
7f736644e000 60 2 5858 9
7f7366455000 240 9 6108 9
7f736644d000 94 2 6205 9
7f736644c000 35 1 6242 9
7f7366453000 36 2 6281 9
7f7366454000 122 4 6408 9
7f7366448000 52 1 6462 9
7f736644f000 35 1 6500 9
408000 59 2 6564 9
7f7366707000 76 2 6643 9
594000 48 2 6694 9
593000 67 2 6764 9
7f7366718000 63 11 6838 10
6850 10
0x470000
470000 47 24 72 0
72 0
0x568000
568000 73 39 112 6
4b8000 57 10 180 6
4b7000 71 22 273 7
4b6000 42 7 323 7
515000 37 8 369 7
525000 89 14 472 7
632000 1062 75 1609 7
402000 16 5 1631 7
633000 1065 78 2774 7
505000 72 9 2856 7
634000 1061 74 3992 7
504000 54 7 4054 7
403000 32 8 4095 7
5f8000 55 10 4160 7
5c7000 56 8 4225 7
5c6000 52 11 4289 7
59f000 52 10 4352 7
59e000 52 8 4413 7
511000 68 12 4494 7
510000 45 7 4547 7
50f000 67 13 4628 7
412000 57 11 4696 7
5b3000 46 10 4752 7
617000 67 12 4832 7
5b2000 29 6 4868 7
635000 128 10 5007 7
631000 247 18 5273 7
7f736644b000 44 8 5326 7
7f736644a000 59 7 5393 7
7f7366449000 71 8 5472 7
7f7366452000 57 14 5544 9
7f7366451000 54 1 5600 9
7f7366450000 59 2 5662 9
7f736644e000 61 1 5725 9
7f7366455000 241 8 5975 9
7f736644d000 95 2 6073 9
7f736644c000 35 1 6110 9
7f7366453000 36 1 6148 9
7f7366454000 121 4 6275 9
7f7366448000 52 1 6329 9
7f736644f000 36 0 6366 9
408000 58 2 6430 9
7f736669f000 75 9 6515 9
7f7366707000 77 1 6594 9
594000 48 2 6645 9
593000 67 2 6715 9
7f7366718000 63 11 6790 10
6803 10
0x4b8000
4b8000 57 22 79 2
4b7000 71 41 191 5
4b6000 42 12 246 5
515000 36 13 296 6
525000 88 18 403 6
632000 1065 89 1557 6
402000 17 5 1580 6
633000 1067 93 2740 6
505000 72 12 2825 6
634000 1061 89 3976 6
504000 54 9 4040 6
403000 32 9 4081 6
5f8000 55 12 4149 6
5c7000 56 10 4216 6
5c6000 51 14 4282 6
59f000 53 11 4347 6
59e000 52 9 4409 6
511000 68 15 4493 6
510000 44 9 4547 6
50f000 68 14 4630 6
412000 57 13 4701 6
5b3000 46 12 4759 7
617000 67 12 4839 7
5b2000 29 6 4875 7
635000 128 11 5015 7
631000 247 17 5279 7
7f736644b000 44 8 5332 7
7f736644a000 59 7 5399 7
7f7366449000 71 8 5478 7
7f7366452000 57 14 5550 9
7f7366451000 54 1 5606 9
7f7366450000 59 2 5668 9
7f736644e000 60 2 5731 9
7f7366455000 241 8 5981 9
7f736644d000 95 1 6078 9
7f736644c000 36 1 6116 9
7f7366453000 36 1 6154 9
7f7366454000 121 4 6281 9
7f7366448000 52 1 6335 9
7f736644f000 35 1 6372 9
408000 59 1 6435 9
7f736669f000 76 9 6521 9
7f7366707000 76 2 6600 9
594000 49 1 6650 9
593000 67 2 6720 9
7f7366718000 63 11 6795 10
6808 10
0x4b7000
4b7000 71 49 120 5
4b6000 42 12 175 5
515000 37 12 225 6
525000 88 17 331 6
632000 1061 89 1482 6
402000 17 5 1505 6
633000 1063 93 2661 6
505000 72 11 2745 6
634000 1064 88 3898 6
504000 54 9 3962 6
403000 32 9 4004 6
5f8000 55 12 4072 6
5c7000 55 10 4138 6
5c6000 52 14 4205 6
59f000 53 12 4270 6
59e000 52 9 4332 6
511000 68 15 4416 6
510000 45 8 4470 6
50f000 68 15 4554 6
412000 56 14 4625 6
5b3000 46 11 4682 7
617000 68 12 4763 7
5b2000 30 6 4799 7
635000 130 10 4939 7
631000 247 17 5203 7
7f736644b000 44 8 5256 7
7f736644a000 59 7 5323 7
7f7366449000 70 8 5402 7
7f7366452000 57 14 5474 9
7f7366451000 54 2 5531 9
7f7366450000 59 2 5592 9
7f736644e000 61 1 5655 9
7f7366455000 241 9 5906 9
7f736644d000 96 1 6003 9
7f736644c000 36 1 6041 9
7f7366453000 36 1 6079 9
7f7366454000 122 4 6206 9
7f7366448000 52 1 6260 9
7f736644f000 36 1 6298 9
408000 59 1 6361 9
7f736669f000 76 9 6447 9
7f7366707000 77 2 6526 9
594000 49 2 6577 9
593000 68 1 6646 9
7f7366718000 63 12 6722 10
6734 10
0x4b6000
4b6000 43 22 65 2
515000 37 20 123 3
525000 89 32 245 4
632000 1067 126 1438 5
402000 17 7 1463 5
633000 1068 112 2643 5
505000 72 15 2731 5
634000 1077 106 3915 5
504000 54 12 3982 5
403000 32 12 4027 5
5f8000 55 16 4099 5
5c7000 56 14 4170 5
5c6000 51 18 4240 6
59f000 53 11 4305 6
59e000 52 10 4368 6
511000 68 14 4451 6
510000 45 9 4506 6
50f000 68 14 4589 6
412000 57 13 4660 6
5b3000 46 12 4718 7
617000 67 12 4798 7
5b2000 29 6 4834 7
635000 129 10 4974 7
631000 247 17 5238 7
7f736644b000 43 9 5291 7
7f736644a000 59 6 5357 7
7f7366449000 71 8 5437 7
7f7366452000 57 14 5509 9
7f7366451000 54 1 5565 9
7f7366450000 59 2 5627 9
7f736644e000 61 1 5690 9
7f7366455000 242 9 5942 9
7f736644d000 95 1 6039 9
7f736644c000 36 1 6077 9
7f7366453000 36 1 6115 9
7f7366454000 121 4 6242 9
7f7366448000 52 1 6296 9
7f736644f000 35 1 6333 9
408000 59 2 6397 9
7f736669f000 75 9 6482 9
7f7366707000 77 1 6561 9
594000 48 2 6612 9
593000 67 1 6681 9
7f7366718000 63 12 6757 10
6768 10
0x515000
515000 37 24 61 3
525000 88 32 182 4
632000 1067 126 1375 5
402000 17 7 1399 5
633000 1068 112 2580 5
505000 71 16 2668 5
634000 1064 106 3839 5
504000 54 12 3906 5
403000 32 12 3951 5
5f8000 55 16 4023 5
5c7000 56 13 4093 5
5c6000 52 18 4164 6
59f000 52 12 4229 6
59e000 51 10 4291 6
511000 68 15 4375 6
510000 45 9 4429 6
50f000 68 14 4512 6
412000 57 13 4583 6
5b3000 46 12 4641 7
617000 67 12 4721 7
5b2000 29 6 4757 7
635000 129 11 4897 7
631000 249 17 5163 7
7f736644b000 44 8 5216 7
7f736644a000 59 7 5283 7
7f7366449000 70 8 5362 7
7f7366452000 57 14 5434 9
7f7366451000 54 2 5491 9
7f7366450000 60 1 5552 9
7f736644e000 61 1 5615 9
7f7366455000 241 8 5865 9
7f736644d000 95 2 5963 9
7f736644c000 35 1 6000 9
7f7366453000 36 2 6039 9
7f7366454000 121 4 6165 9
7f7366448000 52 1 6219 9
7f736644f000 36 0 6256 9
408000 59 1 6320 9
7f736669f000 76 9 6406 9
7f7366707000 77 2 6485 9
594000 49 2 6536 9
593000 67 2 6606 9
7f7366718000 62 12 6681 10
6691 10
0x525000
525000 89 45 134 4
134 4
0x509000
509000 54 30 84 5
632000 1071 108 1264 6
7f736669f000 76 33 1373 6
403000 32 8 1414 6
402000 17 5 1437 6
634000 1060 88 2585 6
5f8000 55 11 2652 6
5c7000 56 10 2719 6
5c6000 51 13 2784 7
59f000 53 7 2845 7
633000 1062 73 3981 7
505000 72 7 4061 7
504000 54 5 4121 7
549000 87 11 4220 8
599000 79 7 4307 8
4df000 33 3 4344 8
58a000 50 4 4399 8
589000 89 11 4500 8
50f000 68 7 4576 8
412000 57 6 4640 8
5b3000 46 5 4691 8
617000 68 7 4767 8
5b2000 30 2 4799 8
635000 130 6 4936 8
631000 247 10 5193 8
7f736644b000 43 5 5243 8
7f736644a000 59 3 5306 8
7f7366449000 70 5 5382 8
7f7366452000 58 8 5448 9
7f7366451000 54 2 5505 9
7f7366450000 59 2 5567 9
7f736644e000 60 2 5630 9
7f7366455000 241 9 5881 9
7f736644d000 95 1 5978 9
7f736644c000 36 1 6016 9
7f7366453000 36 1 6054 9
7f7366454000 121 4 6181 9
7f7366448000 52 1 6235 9
7f736644f000 35 1 6273 9
408000 59 2 6337 9
7f7366707000 77 1 6416 9
594000 48 2 6467 9
593000 67 2 6537 9
7f7366718000 63 11 6612 10
6624 10
0x508000
508000 58 33 91 3
507000 39 14 145 3
475000 50 28 224 5
474000 66 16 307 6
473000 69 14 391 7
472000 62 10 464 7
471000 37 7 509 7
470000 47 8 565 7
403000 33 7 605 7
402000 17 4 627 7
634000 1065 73 1766 7
5f8000 55 10 1832 7
5c7000 55 9 1898 7
5c6000 51 12 1962 7
59f000 52 10 2025 7
633000 1063 78 3167 7
505000 71 10 3249 7
504000 54 8 3312 7
549000 88 13 3413 7
632000 1063 75 4552 7
7f736669f000 75 28 4656 7
599000 79 12 4747 7
4df000 33 7 4788 7
58a000 50 7 4846 7
589000 89 19 4955 7
50f000 67 12 5035 7
412000 57 11 5104 7
5b3000 46 10 5160 7
617000 67 12 5240 7
5b2000 29 6 5276 7
635000 129 10 5416 7
631000 247 17 5680 7
7f736644b000 44 8 5733 7
7f736644a000 59 6 5799 7
7f7366449000 71 8 5879 7
7f7366452000 56 15 5951 9
7f7366451000 54 1 6007 9
7f7366450000 59 2 6069 9
7f736644e000 60 2 6132 9
7f7366455000 241 9 6383 9
7f736644d000 95 1 6480 9
7f736644c000 36 1 6518 9
7f7366453000 37 1 6557 9
7f7366454000 122 4 6684 9
7f7366448000 53 1 6739 9
7f736644f000 36 0 6776 9
408000 60 1 6840 9
7f7366707000 77 2 6920 9
594000 48 2 6971 9
593000 67 2 7041 9
7f7366718000 63 11 7116 10
7132 10
0x507000
507000 40 20 60 2
475000 50 33 144 5
474000 66 16 227 6
473000 70 14 312 7
472000 62 11 386 7
471000 37 7 430 7
470000 48 7 486 7
403000 32 7 526 7
402000 17 5 549 7
634000 1065 74 1688 7
5f8000 55 10 1754 7
5c7000 56 8 1819 7
5c6000 52 11 1883 7
59f000 53 10 1947 7
633000 1071 78 3097 7
505000 73 9 3180 7
504000 54 8 3243 7
549000 88 14 3345 7
632000 1071 75 4491 7
7f736669f000 76 27 4595 7
599000 79 12 4687 7
4df000 33 7 4728 7
58a000 50 7 4786 7
589000 90 18 4895 7
50f000 68 12 4976 7
412000 57 11 5045 7
5b3000 46 10 5101 7
617000 68 12 5182 7
5b2000 29 6 5218 7
635000 129 11 5359 7
631000 248 18 5625 7
7f736644b000 44 8 5678 7
7f736644a000 60 6 5745 7
7f7366449000 71 8 5825 7
7f7366452000 57 15 5898 9
7f7366451000 54 1 5954 9
7f7366450000 59 2 6016 9
7f736644e000 61 1 6079 9
7f7366455000 243 9 6332 9
7f736644d000 95 2 6430 9
7f736644c000 35 1 6467 9
7f7366453000 37 1 6506 9
7f7366454000 122 5 6634 9
7f7366448000 51 1 6687 9
7f736644f000 35 1 6725 9
408000 59 2 6789 9
7f7366707000 77 2 6869 9
594000 49 2 6920 9
593000 67 2 6990 9
7f7366718000 63 11 7065 10
7080 10
0x475000
475000 50 39 90 5
474000 66 17 174 6
473000 70 13 258 7
472000 63 10 332 7
471000 37 7 377 7
470000 47 8 433 7
403000 32 8 473 7
402000 16 5 495 7
634000 1069 74 1638 7
5f8000 55 10 1704 7
5c7000 56 9 1770 7
5c6000 52 11 1834 7
59f000 53 9 1897 7
633000 1076 78 3052 7
505000 73 9 3135 7
504000 55 8 3199 7
549000 89 13 3301 7
632000 1072 75 4449 7
7f736669f000 76 27 4553 7
599000 79 12 4645 7
4df000 33 7 4686 7
58a000 50 7 4744 7
589000 90 18 4853 7
50f000 68 12 4934 7
412000 57 11 5003 7
5b3000 47 9 5059 7
617000 68 12 5140 7
5b2000 29 6 5176 7
635000 130 10 5317 7
631000 248 17 5583 7
7f736644b000 44 8 5636 7
7f736644a000 60 6 5703 7
7f7366449000 71 8 5783 7
7f7366452000 58 14 5856 9
7f7366451000 55 1 5913 9
7f7366450000 59 2 5975 9
7f736644e000 61 1 6038 9
7f7366455000 245 9 6293 9
7f736644d000 96 2 6391 9
7f736644c000 36 1 6429 9
7f7366453000 36 1 6467 9
7f7366454000 122 4 6595 9
7f7366448000 52 1 6649 9
7f736644f000 36 1 6687 9
408000 60 1 6751 9
7f7366707000 78 1 6831 9
594000 48 2 6882 9
593000 67 2 6952 9
7f7366718000 64 11 7028 10
7042 10
0x474000
474000 65 37 103 4
473000 70 23 197 5
472000 62 19 279 6
471000 37 10 327 6
470000 47 11 386 6
403000 33 11 430 6
402000 17 7 454 6
634000 1068 93 1616 6
5f8000 56 14 1686 6
5c7000 56 12 1755 6
5c6000 52 16 1824 7
59f000 53 9 1887 7
633000 1069 78 3035 7
505000 73 9 3118 7
504000 54 8 3181 7
549000 89 13 3283 7
632000 1074 75 4433 7
7f736669f000 77 27 4537 7
599000 80 12 4629 7
4df000 33 7 4670 7
58a000 50 7 4728 7
589000 90 18 4837 7
50f000 69 12 4919 7
412000 56 11 4987 7
5b3000 46 9 5043 7
617000 68 12 5124 7
5b2000 29 6 5160 7
635000 130 10 5301 7
631000 249 17 5567 7
7f736644b000 44 8 5620 7
7f736644a000 60 7 5688 7
7f7366449000 70 8 5767 7
7f7366452000 57 15 5840 9
7f7366451000 54 1 5896 9
7f7366450000 60 1 5958 9
7f736644e000 61 2 6022 9
7f7366455000 243 8 6274 9
7f736644d000 96 1 6372 9
7f736644c000 36 1 6410 9
7f7366453000 36 2 6449 9
7f7366454000 122 4 6576 9
7f7366448000 52 1 6630 9
7f736644f000 36 1 6668 9
408000 59 1 6731 9
7f7366707000 78 1 6811 9
594000 49 1 6862 9
593000 68 2 6933 9
7f7366718000 64 11 7008 10
7022 10
0x473000
473000 70 36 106 4
472000 63 23 193 6
471000 36 11 241 6
470000 48 11 300 6
403000 33 10 343 6
402000 17 7 368 6
634000 1067 92 1527 6
5f8000 56 13 1597 6
5c7000 56 12 1666 6
5c6000 52 16 1735 7
59f000 53 9 1798 7
633000 1069 78 2946 7
505000 72 10 3029 7
504000 54 8 3092 7
549000 88 14 3194 7
632000 1075 75 4344 7
7f736669f000 76 28 4448 7
599000 80 12 4540 7
4df000 32 8 4581 7
58a000 50 7 4639 7
589000 90 18 4748 7
50f000 68 12 4829 7
412000 57 11 4898 7
5b3000 46 10 4954 7
617000 68 12 5035 7
5b2000 30 5 5070 7
635000 130 10 5211 7
631000 249 17 5478 7
7f736644b000 44 8 5531 7
7f736644a000 60 6 5598 7
7f7366449000 71 8 5678 7
7f7366452000 57 15 5751 9
7f7366451000 54 1 5807 9
7f7366450000 60 2 5870 9
7f736644e000 61 1 5933 9
7f7366455000 243 8 6185 9
7f736644d000 95 2 6283 9
7f736644c000 36 1 6321 9
7f7366453000 36 1 6359 9
7f7366454000 122 4 6487 9
7f7366448000 52 1 6541 9
7f736644f000 36 0 6578 9
408000 59 1 6642 9
7f7366707000 78 1 6722 9
594000 49 1 6773 9
593000 68 2 6844 9
7f7366718000 64 11 6919 10
6932 10
0x543000
543000 64 26 90 2
403000 33 20 143 2
402000 17 13 174 2
634000 1070 157 1401 2
5f8000 56 27 1484 4
5c7000 56 18 1558 5
5c6000 51 19 1629 6
59f000 53 11 1694 6
633000 1072 93 2860 6
505000 72 12 2945 6
504000 54 9 3009 6
549000 88 16 3114 7
632000 1072 75 4262 7
7f736669f000 76 27 4366 7
599000 80 12 4459 7
4df000 32 7 4499 7
58a000 51 7 4558 7
589000 90 18 4667 7
50f000 68 13 4749 7
412000 57 10 4817 7
5b3000 46 10 4874 7
617000 68 12 4955 7
5b2000 30 5 4990 7
635000 130 10 5131 7
631000 248 17 5397 7
7f736644b000 44 8 5450 7
7f736644a000 60 6 5517 7
7f7366449000 71 8 5597 7
7f7366452000 57 15 5670 9
7f7366451000 54 2 5727 9
7f7366450000 60 2 5789 9
7f736644e000 60 2 5852 9
7f7366455000 243 8 6104 9
7f736644d000 96 1 6202 9
7f736644c000 36 1 6240 9
7f7366453000 36 2 6279 9
7f7366454000 122 5 6407 9
7f7366448000 52 1 6461 9
7f736644f000 36 1 6499 9
408000 59 2 6563 9
7f7366707000 77 1 6642 9
594000 48 2 6693 9
593000 67 2 6763 9
7f7366718000 64 11 6839 10
6850 10
0x542000
542000 53 26 80 3
634000 1071 139 1290 3
541000 65 21 1377 6
5be000 82 14 1474 6
538000 66 15 1555 6
537000 41 11 1608 6
575000 43 10 1662 6
536000 45 13 1720 6
535000 46 11 1778 6
424000 52 12 1843 6
5ab000 52 12 1908 6
5aa000 45 13 1967 7
5a9000 51 8 2027 7
44c000 61 11 2099 8
633000 1071 60 3230 8
505000 73 6 3310 8
504000 54 5 3370 8
403000 32 5 3408 8
402000 17 3 3429 8
5f8000 56 6 3491 8
5c7000 56 6 3554 8
5c6000 52 7 3614 8
59f000 53 7 3675 8
59e000 52 5 3733 8
511000 69 8 3811 8
510000 45 5 3862 8
50f000 68 8 3939 8
412000 57 8 4005 8
5b3000 46 7 4058 8
632000 1069 58 5186 8
617000 68 8 5263 8
5b2000 30 3 5296 8
635000 130 7 5434 8
631000 249 12 5695 8
7f736644b000 44 6 5746 8
7f736644a000 60 4 5810 8
7f7366449000 71 5 5887 8
7f7366452000 57 10 5955 9
7f7366451000 55 1 6012 9
7f7366450000 59 2 6074 9
7f736644e000 60 2 6137 9
7f7366455000 243 8 6389 9
7f736644d000 96 2 6488 9
7f736644c000 36 1 6525 9
7f7366453000 36 2 6564 9
7f7366454000 122 4 6691 9
7f7366448000 52 1 6745 9
7f736644f000 36 1 6783 9
408000 59 1 6846 9
7f736669f000 77 9 6933 9
7f7366707000 77 2 7012 9
594000 49 2 7063 9
593000 67 2 7133 9
7f7366718000 63 11 7208 10
7222 10
0x541000
541000 65 31 96 5
634000 1063 110 1270 5
5be000 81 18 1370 5
538000 65 19 1454 6
537000 41 11 1507 6
575000 43 10 1561 6
536000 45 12 1618 6
535000 47 10 1676 6
424000 51 13 1741 6
5ab000 52 11 1805 6
5aa000 46 12 1864 7
5a9000 51 7 1923 7
44c000 60 11 1995 8
633000 1062 60 3117 8
505000 72 6 3196 8
504000 54 5 3256 8
403000 32 5 3294 8
402000 16 3 3314 8
5f8000 55 6 3376 8
5c7000 56 5 3438 8
5c6000 52 7 3498 8
59f000 53 6 3558 8
59e000 52 5 3616 8
511000 68 8 3693 8
510000 45 5 3744 8
50f000 68 8 3821 8
412000 57 7 3885 8
5b3000 46 6 3938 8
632000 1060 57 5056 8
617000 68 8 5132 8
5b2000 30 3 5165 8
635000 129 7 5302 8
631000 245 12 5560 8
7f736644b000 44 5 5610 8
7f736644a000 59 5 5675 8
7f7366449000 71 5 5751 8
7f7366452000 57 10 5819 9
7f7366451000 55 1 5875 9
7f7366450000 59 1 5936 9
7f736644e000 60 2 5999 9
7f7366455000 240 9 6249 9
7f736644d000 94 2 6346 9
7f736644c000 35 1 6383 9
7f7366453000 36 2 6422 9
7f7366454000 121 4 6548 9
7f7366448000 52 1 6602 9
7f736644f000 36 0 6639 9
408000 58 2 6703 9
7f736669f000 76 9 6789 9
7f7366707000 77 1 6867 9
594000 48 2 6918 9
593000 67 1 6987 9
7f7366718000 63 11 7062 10
7076 10
0x5be000
5be000 81 31 112 3
112 3
0x538000
538000 66 33 99 6
537000 41 11 152 6
575000 43 10 206 6
536000 45 12 263 6
535000 47 10 321 6
424000 51 13 386 6
5ab000 52 12 450 6
5aa000 46 12 509 7
5a9000 51 7 568 7
44c000 60 11 640 8
633000 1061 59 1761 8
505000 72 7 1841 8
634000 1062 57 2960 8
504000 54 5 3020 8
403000 32 5 3057 8
402000 17 3 3078 8
5f8000 55 7 3140 8
5c7000 55 6 3202 8
5c6000 52 7 3262 8
59f000 53 6 3322 8
59e000 52 5 3380 8
511000 68 8 3457 8
510000 45 5 3508 8
50f000 68 8 3585 8
412000 57 7 3650 8
5b3000 46 7 3703 8
632000 1066 57 4827 8
617000 67 8 4903 8
5b2000 30 3 4937 8
635000 129 7 5074 8
631000 246 12 5333 8
7f736644b000 44 5 5383 8
7f736644a000 59 5 5448 8
7f7366449000 70 5 5524 8
7f7366452000 57 10 5592 9
7f7366451000 54 2 5649 9
7f7366450000 59 2 5711 9
7f736644e000 61 1 5774 9
7f7366455000 243 9 6027 9
7f736644d000 96 1 6125 9
7f736644c000 36 1 6163 9
7f7366453000 36 1 6201 9
7f7366454000 122 4 6329 9
7f7366448000 52 1 6383 9
7f736644f000 35 1 6421 9
408000 60 1 6485 9
7f736669f000 76 9 6571 9
7f7366707000 77 1 6650 9
594000 48 2 6701 9
593000 67 2 6771 9
7f7366718000 63 11 6846 10
6858 10
0x537000
537000 41 25 66 3
575000 43 16 126 4
536000 45 17 188 4
535000 47 15 251 5
424000 51 15 318 5
5ab000 52 14 384 5
5aa000 45 14 444 6
5a9000 51 9 505 6
44c000 61 13 579 7
633000 1063 75 1717 7
505000 72 8 1798 7
634000 1063 71 2933 7
504000 54 7 2994 7
403000 32 7 3033 7
402000 17 4 3054 7
5f8000 55 9 3118 7
5c7000 55 8 3182 7
5c6000 51 10 3244 7
59f000 53 8 3306 7
59e000 52 7 3366 7
511000 68 10 3445 7
510000 45 7 3498 7
50f000 68 11 3577 7
412000 57 10 3644 7
5b3000 46 8 3698 8
632000 1060 58 4817 8
617000 68 8 4893 8
5b2000 30 3 4926 8
635000 129 7 5063 8
631000 245 12 5321 8
7f736644b000 44 5 5371 8
7f736644a000 59 5 5436 8
7f7366449000 70 6 5512 8
7f7366452000 57 9 5579 9
7f7366451000 54 1 5635 9
7f7366450000 60 2 5698 9
7f736644e000 60 2 5761 9
7f7366455000 241 8 6011 9
7f736644d000 95 1 6108 9
7f736644c000 36 1 6146 9
7f7366453000 36 1 6184 9
7f7366454000 121 4 6311 9
7f7366448000 51 1 6364 9
7f736644f000 35 1 6402 9
408000 59 1 6465 9
7f736669f000 76 9 6551 9
7f7366707000 76 2 6630 9
594000 48 2 6680 9
593000 67 2 6750 9
7f7366718000 63 11 6825 10
6837 10
0x575000
575000 42 24 66 4
66 4
0x536000
536000 45 28 73 4
535000 46 16 136 5
424000 52 14 202 5
5ab000 52 13 268 5
5aa000 45 14 328 6
5a9000 52 8 389 6
44c000 61 13 463 7
633000 1062 75 1600 7
505000 71 9 1681 7
634000 1070 71 2823 7
504000 55 6 2885 7
403000 32 6 2924 7
402000 17 3 2945 7
5f8000 55 9 3010 7
5c7000 56 8 3075 7
5c6000 51 10 3137 7
59f000 53 9 3200 7
59e000 52 7 3260 7
511000 68 11 3340 7
510000 45 7 3393 7
50f000 68 11 3472 7
412000 57 10 3540 7
5b3000 46 9 3595 8
632000 1069 57 4722 8
617000 68 8 4799 8
5b2000 30 3 4832 8
635000 130 7 4970 8
631000 247 12 5230 8
7f736644b000 43 6 5281 8
7f736644a000 60 5 5346 8
7f7366449000 71 5 5422 8
7f7366452000 58 9 5490 9
7f7366451000 55 1 5547 9
7f7366450000 60 1 5609 9
7f736644e000 61 2 5673 9
7f7366455000 242 9 5925 9
7f736644d000 95 2 6023 9
7f736644c000 36 0 6060 9
7f7366453000 37 1 6099 9
7f7366454000 122 5 6227 9
7f7366448000 52 1 6281 9
7f736644f000 36 0 6318 9
408000 59 1 6382 9
7f736669f000 77 9 6469 9
7f7366707000 78 1 6548 9
594000 48 2 6599 9
593000 67 2 6669 9
7f7366718000 63 12 6745 10
6756 10
0x535000
535000 47 25 72 5
424000 51 15 139 5
5ab000 53 13 205 5
5aa000 46 14 266 6
5a9000 52 8 327 6
44c000 62 13 402 7
633000 1074 75 1551 7
505000 72 8 1632 7
634000 1064 71 2768 7
504000 54 7 2830 7
403000 32 7 2869 7
402000 17 4 2890 7
5f8000 55 9 2954 7
5c7000 55 8 3018 7
5c6000 51 10 3080 7
59f000 53 8 3142 7
59e000 52 7 3202 7
511000 68 11 3282 7
510000 45 6 3334 7
50f000 67 11 3413 7
412000 57 9 3480 7
5b3000 46 8 3535 8
632000 1068 58 4662 8
617000 68 8 4738 8
5b2000 30 4 4772 8
635000 129 7 4909 8
631000 247 12 5168 8
7f736644b000 44 5 5218 8
7f736644a000 59 5 5283 8
7f7366449000 71 5 5359 8
7f7366452000 57 10 5427 9
7f7366451000 54 1 5483 9
7f7366450000 59 2 5545 9
7f736644e000 60 2 5608 9
7f7366455000 241 9 5859 9
7f736644d000 95 2 5957 9
7f736644c000 36 1 5994 9
7f7366453000 36 2 6033 9
7f7366454000 121 5 6160 9
7f7366448000 51 1 6213 9
7f736644f000 35 1 6251 9
408000 59 1 6314 9
7f736669f000 76 9 6400 9
7f7366707000 77 2 6479 9
594000 49 2 6530 9
593000 67 2 6599 9
7f7366718000 63 11 6674 10
6686 10
0x424000
424000 51 28 80 4
80 4
0x5ab000
5ab000 52 27 79 3
5aa000 45 20 145 4
5a9000 52 13 210 5
44c000 61 15 286 7
633000 1065 75 1427 7
505000 73 8 1508 7
634000 1061 71 2641 7
504000 54 7 2703 7
403000 32 7 2742 7
402000 17 4 2763 7
5f8000 55 9 2827 7
5c7000 56 7 2891 7
5c6000 51 10 2953 7
59f000 53 8 3015 7
59e000 52 7 3075 7
511000 68 11 3155 7
510000 45 6 3207 7
50f000 68 10 3286 7
412000 57 10 3354 7
5b3000 46 9 3409 8
632000 1061 58 4529 8
617000 68 8 4606 8
5b2000 30 4 4640 8
635000 130 7 4778 8
631000 248 12 5038 8
7f736644b000 44 5 5089 8
7f736644a000 60 4 5154 8
7f7366449000 71 5 5231 8
7f7366452000 58 9 5299 9
7f7366451000 55 1 5356 9
7f7366450000 60 2 5419 9
7f736644e000 61 1 5482 9
7f7366455000 243 9 5735 9
7f736644d000 95 2 5833 9
7f736644c000 36 1 5871 9
7f7366453000 36 2 5910 9
7f7366454000 122 5 6038 9
7f7366448000 52 1 6092 9
7f736644f000 36 0 6129 9
408000 59 2 6194 9
7f736669f000 76 9 6280 9
7f7366707000 77 2 6360 9
594000 49 2 6411 9
593000 67 2 6481 9
7f7366718000 63 12 6557 10
6568 10
0x5aa000
5aa000 46 28 75 3
5a9000 51 17 144 4
44c000 61 20 225 6
633000 1071 93 1390 6
505000 72 13 1476 7
634000 1069 72 2618 7
504000 54 6 2679 7
403000 32 7 2719 7
402000 16 4 2740 7
5f8000 56 9 2805 7
5c7000 56 7 2869 7
5c6000 52 10 2932 7
59f000 53 9 2995 7
59e000 52 7 3055 7
511000 69 10 3135 7
510000 45 7 3188 7
50f000 68 11 3268 7
412000 57 9 3335 7
5b3000 46 8 3390 8
632000 1069 58 4518 8
617000 69 8 4595 8
5b2000 30 3 4628 8
635000 131 7 4767 8
631000 249 11 5028 8
7f736644b000 44 5 5079 8
7f736644a000 60 4 5144 8
7f7366449000 71 5 5221 8
7f7366452000 57 10 5289 9
7f7366451000 55 1 5346 9
7f7366450000 59 2 5408 9
7f736644e000 61 1 5471 9
7f7366455000 244 9 5725 9
7f736644d000 96 2 5824 9
7f736644c000 36 0 5861 9
7f7366453000 37 1 5900 9
7f7366454000 121 4 6027 9
7f7366448000 52 1 6081 9
7f736644f000 36 0 6118 9
408000 60 1 6182 9
7f736669f000 76 9 6268 9
7f7366707000 77 1 6346 9
594000 48 2 6397 9
593000 67 2 6467 9
7f7366718000 63 11 6542 10
6552 10
0x5a9000
5a9000 52 23 75 3
75 3
0x44c000
44c000 60 35 95 4
95 4
0x4d1000
4d1000 67 35 102 2
102 2
0x482000
482000 58 30 88 4
88 4
0x49f000
49f000 64 37 102 5
49e000 47 12 162 5
49d000 61 12 236 6
49c000 49 12 298 6
49b000 44 11 354 7
5c1000 61 9 425 7
632000 1060 75 1561 7
7f73667ea000 80 11 1653 7
403000 33 7 1693 7
402000 17 4 1715 7
634000 1061 74 2851 7
5f8000 56 10 2917 7
5c7000 56 9 2982 7
5c6000 51 11 3045 7
59f000 53 9 3108 7
633000 1065 78 4252 7
505000 72 9 4334 7
504000 55 7 4397 7
549000 88 13 4499 7
7f736669f000 76 27 4603 7
599000 79 12 4694 7
4df000 33 7 4735 7
58a000 50 7 4793 7
589000 90 18 4902 7
50f000 68 12 4983 7
412000 56 11 5051 7
5b3000 46 10 5107 7
617000 68 11 5187 7
5b2000 29 6 5223 7
635000 129 11 5364 7
631000 246 18 5628 7
7f736644b000 44 8 5681 7
7f736644a000 59 7 5748 7
7f7366449000 70 8 5827 7
7f7366452000 57 15 5900 9
7f7366451000 54 1 5956 9
7f7366450000 59 2 6018 9
7f736644e000 60 2 6081 9
7f7366455000 241 8 6331 9
7f736644d000 95 2 6429 9
7f736644c000 36 1 6466 9
7f7366453000 36 1 6504 9
7f7366454000 121 4 6631 9
7f7366448000 52 1 6685 9
7f736644f000 36 1 6723 9
408000 59 1 6786 9
7f7366707000 77 1 6866 9
594000 48 2 6917 9
593000 66 2 6986 9
7f7366718000 63 12 7062 10
7077 10
0x49e000
49e000 47 25 72 4
49d000 62 16 150 5
49c000 49 15 215 5
49b000 45 14 275 6
5c1000 62 12 350 6
632000 1067 93 1511 7
7f73667ea000 80 11 1603 7
403000 32 8 1643 7
402000 16 5 1665 7
634000 1061 74 2800 7
5f8000 55 10 2866 7
5c7000 56 8 2931 7
5c6000 52 11 2995 7
59f000 52 10 3058 7
633000 1063 78 4200 7
505000 71 10 4282 7
504000 54 8 4345 7
549000 88 13 4446 7
7f736669f000 76 27 4550 7
599000 79 13 4642 7
4df000 33 7 4682 7
58a000 50 7 4740 7
589000 89 18 4848 7
50f000 68 12 4929 7
412000 56 11 4997 7
5b3000 45 10 5053 7
617000 67 12 5133 7
5b2000 29 6 5169 7
635000 128 10 5308 7
631000 246 17 5572 7
7f736644b000 43 9 5626 7
7f736644a000 60 6 5692 7
7f7366449000 70 9 5772 7
7f7366452000 57 15 5844 9
7f7366451000 54 1 5900 9
7f7366450000 59 2 5962 9
7f736644e000 60 2 6025 9
7f7366455000 241 9 6276 9
7f736644d000 95 2 6373 9
7f736644c000 35 1 6410 9
7f7366453000 36 2 6449 9
7f7366454000 121 5 6576 9
7f7366448000 51 1 6629 9
7f736644f000 35 1 6667 9
408000 59 2 6731 9
7f7366707000 77 1 6810 9
594000 48 2 6861 9
593000 67 1 6930 9
7f7366718000 63 11 7005 10
7019 10
0x49d000
49d000 61 24 86 3
49c000 49 21 157 4
49b000 44 16 218 5
5c1000 61 14 294 5
632000 1067 108 1470 6
7f73667ea000 81 12 1563 6
403000 32 9 1605 6
402000 16 6 1628 6
634000 1061 88 2777 6
5f8000 55 12 2845 6
5c7000 56 10 2912 6
5c6000 52 13 2978 6
59f000 53 12 3044 6
633000 1071 93 4209 6
505000 72 12 4294 6
504000 54 9 4358 6
549000 88 16 4463 7
7f736669f000 76 28 4568 7
599000 80 12 4660 7
4df000 33 7 4701 7
58a000 50 7 4759 7
589000 91 18 4869 7
50f000 68 12 4950 7
412000 57 11 5019 7
5b3000 46 10 5075 7
617000 69 11 5156 7
5b2000 29 6 5192 7
635000 130 10 5333 7
631000 249 17 5600 7
7f736644b000 44 8 5653 7
7f736644a000 60 7 5721 7
7f7366449000 71 8 5800 7
7f7366452000 58 14 5873 9
7f7366451000 55 1 5930 9
7f7366450000 59 2 5992 9
7f736644e000 61 1 6055 9
7f7366455000 243 9 6308 9
7f736644d000 95 2 6406 9
7f736644c000 35 1 6443 9
7f7366453000 37 1 6482 9
7f7366454000 123 4 6610 9
7f7366448000 52 1 6664 9
7f736644f000 36 0 6701 9
408000 59 1 6765 9
7f7366707000 78 1 6845 9
594000 49 1 6896 9
593000 68 2 6967 9
7f7366718000 63 11 7042 10
7056 10
0x49c000
49c000 49 27 76 3
49b000 44 18 139 4
5c1000 62 15 217 5
632000 1072 108 1398 6
7f73667ea000 81 13 1493 6
403000 32 9 1534 6
402000 17 5 1557 6
634000 1082 89 2729 6
5f8000 55 13 2798 6
5c7000 56 11 2865 6
5c6000 51 14 2931 6
59f000 53 12 2997 6
633000 1074 93 4165 6
505000 73 11 4250 6
504000 55 9 4315 6
549000 89 16 4420 7
7f736669f000 76 28 4525 7
599000 80 12 4617 7
4df000 33 7 4658 7
58a000 50 7 4716 7
589000 90 19 4826 7
50f000 69 12 4907 7
412000 57 11 4976 7
5b3000 46 10 5032 7
617000 68 12 5113 7
5b2000 30 6 5149 7
635000 130 10 5290 7
631000 249 17 5557 7
7f736644b000 43 9 5611 7
7f736644a000 59 7 5678 7
7f7366449000 71 8 5758 7
7f7366452000 57 15 5831 9
7f7366451000 54 1 5887 9
7f7366450000 60 2 5950 9
7f736644e000 61 1 6013 9
7f7366455000 244 8 6266 9
7f736644d000 96 2 6365 9
7f736644c000 36 1 6402 9
7f7366453000 37 1 6441 9
7f7366454000 123 4 6569 9
7f7366448000 52 1 6623 9
7f736644f000 36 1 6661 9
408000 59 2 6725 9
7f7366707000 77 2 6805 9
594000 49 2 6856 9
593000 68 1 6926 9
7f7366718000 64 11 7002 10
7015 10
0x49b000
49b000 45 25 70 4
5c1000 62 15 148 5
632000 1075 108 1332 6
7f73667ea000 82 12 1426 6
403000 32 9 1468 6
402000 17 5 1491 6
634000 1073 88 2652 6
5f8000 56 12 2721 6
5c7000 56 10 2788 6
5c6000 52 13 2854 6
59f000 54 11 2920 6
633000 1070 94 4085 6
505000 72 11 4169 6
504000 55 9 4234 6
549000 89 16 4339 7
7f736669f000 76 27 4443 7
599000 79 12 4535 7
4df000 33 7 4576 7
58a000 50 7 4634 7
589000 91 18 4744 7
50f000 68 12 4825 7
412000 57 11 4894 7
5b3000 47 9 4950 7
617000 68 12 5031 7
5b2000 29 6 5067 7
635000 130 10 5208 7
631000 248 17 5474 7
7f736644b000 43 9 5528 7
7f736644a000 60 6 5595 7
7f7366449000 71 8 5675 7
7f7366452000 57 15 5748 9
7f7366451000 54 2 5805 9
7f7366450000 59 2 5867 9
7f736644e000 60 1 5929 9
7f7366455000 241 9 6180 9
7f736644d000 95 2 6277 9
7f736644c000 35 1 6314 9
7f7366453000 37 1 6353 9
7f7366454000 121 5 6480 9
7f7366448000 51 1 6533 9
7f736644f000 36 1 6571 9
408000 59 1 6634 9
7f7366707000 77 1 6713 9
594000 48 2 6764 9
593000 67 2 6834 9
7f7366718000 63 11 6909 10
6921 10
0x5c1000
5c1000 61 26 88 4
632000 1069 127 1285 5
7f73667ea000 82 16 1383 5
403000 32 12 1428 5
402000 17 7 1453 5
634000 1070 108 2632 5
5f8000 56 16 2704 5
5c7000 56 14 2775 5
5c6000 52 18 2846 6
59f000 53 11 2911 6
633000 1072 93 4077 6
505000 72 12 4162 6
504000 54 9 4226 6
549000 89 16 4332 7
7f736669f000 76 27 4436 7
599000 80 12 4528 7
4df000 33 7 4569 7
58a000 50 7 4627 7
589000 90 18 4736 7
50f000 69 12 4818 7
412000 62 11 4892 7
5b3000 47 9 4948 7
617000 68 12 5029 7
5b2000 30 5 5065 7
635000 130 10 5206 7
631000 248 17 5472 7
7f736644b000 44 8 5525 7
7f736644a000 60 6 5592 7
7f7366449000 71 8 5672 7
7f7366452000 57 15 5745 9
7f7366451000 54 1 5801 9
7f7366450000 60 2 5864 9
7f736644e000 61 1 5927 9
7f7366455000 244 8 6180 9
7f736644d000 96 2 6279 9
7f736644c000 35 1 6316 9
7f7366453000 37 1 6355 9
7f7366454000 121 5 6483 9
7f7366448000 52 1 6537 9
7f736644f000 36 1 6575 9
408000 59 2 6639 9
7f7366707000 76 2 6718 9
594000 49 2 6769 9
593000 67 1 6838 9
7f7366718000 63 12 6914 10
6925 10
0x528000
528000 46 23 69 2
403000 32 21 123 2
402000 16 14 154 2
634000 1068 157 1379 2
5f8000 55 27 1462 4
5c7000 56 17 1536 5
5c6000 52 19 1608 6
59f000 52 12 1673 6
633000 1071 94 2839 6
505000 72 12 2924 6
504000 54 10 2989 6
549000 89 16 3094 7
632000 1066 75 4236 7
7f736669f000 76 28 4340 7
599000 79 12 4431 7
4df000 33 7 4472 7
58a000 50 7 4530 7
589000 90 18 4639 7
50f000 67 12 4719 7
412000 57 11 4788 7
5b3000 46 10 4844 7
617000 67 12 4924 7
5b2000 29 6 4960 7
635000 129 10 5100 7
631000 247 17 5365 7
7f736644b000 43 8 5418 7
7f736644a000 60 6 5485 7
7f7366449000 70 9 5565 7
7f7366452000 57 15 5637 9
7f7366451000 54 1 5693 9
7f7366450000 59 2 5755 9
7f736644e000 61 1 5818 9
7f7366455000 242 8 6069 9
7f736644d000 95 2 6167 9
7f736644c000 36 1 6204 9
7f7366453000 36 2 6243 9
7f7366454000 122 4 6370 9
7f7366448000 52 1 6424 9
7f736644f000 35 1 6461 9
408000 59 2 6525 9
7f7366707000 77 1 6604 9
594000 48 2 6655 9
593000 67 2 6725 9
7f7366718000 63 12 6800 10
6812 10
0x530000
530000 39 23 63 2
634000 1063 156 1283 2
52f000 55 22 1361 5
7f736670e000 58 15 1435 5
7f736670d000 50 9 1495 5
7f736670c000 46 9 1550 5
403000 33 12 1595 5
402000 16 8 1620 5
5f8000 56 16 1692 5
5c7000 55 14 1762 5
5c6000 52 18 1833 6
59f000 52 12 1898 6
633000 1064 93 3056 6
505000 72 11 3140 6
504000 55 9 3205 6
549000 89 16 3310 7
632000 1062 75 4447 7
7f736669f000 76 27 4551 7
599000 78 13 4643 7
4df000 33 7 4683 7
58a000 50 7 4741 7
589000 90 18 4850 7
50f000 67 12 4930 7
412000 57 11 4999 7
5b3000 46 10 5055 7
617000 67 12 5135 7
5b2000 30 6 5171 7
635000 130 10 5312 7
631000 247 17 5577 7
7f736644b000 44 8 5630 7
7f736644a000 59 7 5697 7
7f7366449000 70 8 5776 7
7f7366452000 57 14 5848 9
7f7366451000 54 1 5904 9
7f7366450000 60 1 5966 9
7f736644e000 61 2 6030 9
7f7366455000 240 9 6280 9
7f736644d000 94 2 6377 9
7f736644c000 35 1 6414 9
7f7366453000 36 2 6453 9
7f7366454000 122 5 6581 9
7f7366448000 52 1 6635 9
7f736644f000 35 1 6672 9
408000 60 1 6736 9
7f7366707000 78 1 6816 9
594000 48 2 6867 9
593000 67 2 6937 9
7f7366718000 63 11 7012 10
7024 10
0x52f000
52f000 55 27 83 5
7f736670e000 57 16 157 5
7f736670d000 50 9 217 5
7f736670c000 46 9 272 5
403000 32 12 317 5
402000 17 7 342 5
634000 1068 107 1518 5
5f8000 55 16 1590 5
5c7000 57 13 1661 5
5c6000 52 18 1732 6
59f000 53 12 1798 6
633000 1071 94 2964 6
505000 73 11 3048 6
504000 55 9 3113 6
549000 88 17 3218 7
632000 1073 75 4366 7
7f736669f000 76 27 4470 7
599000 80 12 4562 7
4df000 33 7 4603 7
58a000 50 7 4661 7
589000 90 18 4770 7
50f000 68 13 4852 7
412000 57 11 4920 7
5b3000 46 10 4977 7
617000 69 11 5057 7
5b2000 29 6 5093 7
635000 130 10 5234 7
631000 248 17 5500 7
7f736644b000 43 9 5554 7
7f736644a000 60 7 5621 7
7f7366449000 71 8 5700 7
7f7366452000 57 15 5773 9
7f7366451000 54 1 5829 9
7f7366450000 60 2 5892 9
7f736644e000 60 2 5955 9
7f7366455000 241 9 6206 9
7f736644d000 95 2 6304 9
7f736644c000 35 1 6341 9
7f7366453000 36 2 6380 9
7f7366454000 122 4 6507 9
7f7366448000 51 1 6561 9
7f736644f000 35 1 6599 9
408000 60 1 6663 9
7f7366707000 77 2 6743 9
594000 49 2 6794 9
593000 67 2 6864 9
7f7366718000 63 11 6939 10
6951 10
0x564000
564000 111 51 162 5
633000 1071 113 1347 5
505000 72 16 1436 6
634000 1071 90 2598 6
504000 54 10 2663 6
403000 33 9 2705 6
402000 17 6 2729 6
5f8000 56 13 2798 6
5c7000 55 12 2866 6
5c6000 52 15 2933 7
59f000 53 8 2995 7
59e000 52 7 3055 7
511000 69 11 3136 7
510000 46 6 3188 7
50f000 68 11 3268 7
412000 57 9 3335 7
5b3000 46 9 3391 8
632000 1072 57 4521 8
617000 68 8 4598 8
5b2000 30 4 4632 8
635000 131 7 4771 8
631000 249 12 5032 8
7f736644b000 44 5 5082 8
7f736644a000 60 4 5147 8
7f7366449000 71 5 5224 8
7f7366452000 58 9 5292 9
7f7366451000 55 1 5349 9
7f7366450000 60 1 5411 9
7f736644e000 61 2 5475 9
7f7366455000 242 9 5727 9
7f736644d000 95 1 5824 9
7f736644c000 36 1 5862 9
7f7366453000 36 2 5901 9
7f7366454000 122 5 6029 9
7f7366448000 51 2 6083 9
7f736644f000 36 0 6120 9
408000 60 2 6185 9
7f736669f000 76 9 6271 9
7f7366707000 78 1 6350 9
594000 48 2 6401 9
593000 68 1 6471 9
7f7366718000 64 11 6547 10
6558 10
0x563000
563000 38 30 68 4
633000 1071 128 1268 5
505000 72 16 1357 5
634000 1072 106 2536 5
504000 54 13 2604 5
403000 33 12 2649 5
402000 16 8 2674 5
5f8000 56 16 2746 5
5c7000 56 14 2817 5
5c6000 51 19 2888 6
59f000 53 11 2953 6
59e000 52 10 3016 6
511000 69 14 3100 6
510000 45 9 3155 6
50f000 68 15 3239 6
412000 56 14 3310 6
5b3000 46 12 3368 7
632000 1073 75 4517 7
617000 68 12 4597 7
5b2000 29 6 4633 7
635000 129 10 4773 7
631000 249 17 5040 7
7f736644b000 44 8 5093 7
7f736644a000 60 7 5161 7
7f7366449000 71 8 5240 7
7f7366452000 57 14 5312 9
7f7366451000 55 1 5369 9
7f7366450000 59 2 5431 9
7f736644e000 61 2 5495 9
7f7366455000 242 9 5747 9
7f736644d000 95 1 5844 9
7f736644c000 36 1 5882 9
7f7366453000 36 2 5921 9
7f7366454000 122 4 6048 9
7f7366448000 52 1 6102 9
7f736644f000 35 1 6140 9
408000 60 1 6204 9
7f736669f000 76 9 6290 9
7f7366707000 77 2 6370 9
594000 49 2 6421 9
593000 68 1 6491 9
7f7366718000 63 12 6567 10
6578 10
0x47a000
47a000 69 41 110 5
634000 1074 107 1291 5
633000 1076 112 2480 5
505000 73 15 2569 5
504000 54 13 2637 5
403000 32 13 2682 5
402000 17 8 2707 5
5f8000 56 16 2779 5
5c7000 55 14 2849 5
5c6000 52 18 2920 6
59f000 53 12 2986 6
59e000 52 10 3049 6
511000 69 15 3133 6
510000 46 8 3187 6
50f000 68 15 3271 6
412000 57 13 3342 6
5b3000 46 12 3401 7
632000 1068 75 4545 7
617000 68 12 4626 7
5b2000 30 5 4661 7
635000 130 10 4802 7
631000 249 17 5069 7
7f736644b000 44 8 5122 7
7f736644a000 60 6 5189 7
7f7366449000 71 8 5269 7
7f7366452000 57 15 5342 9
7f7366451000 55 1 5399 9
7f7366450000 59 2 5461 9
7f736644e000 60 2 5524 9
7f7366455000 242 9 5776 9
7f736644d000 95 2 5874 9
7f736644c000 35 1 5911 9
7f7366453000 37 1 5950 9
7f7366454000 123 4 6078 9
7f7366448000 52 1 6132 9
7f736644f000 36 0 6169 9
408000 60 1 6233 9
7f736669f000 76 9 6319 9
7f7366707000 77 2 6399 9
594000 49 2 6450 9
593000 67 2 6520 9
7f7366718000 63 11 6595 10
6606 10
0x4c1000
4c1000 58 35 94 6
94 6
0x511000
511000 69 37 106 4
510000 46 13 166 4
50f000 68 22 257 4
412000 57 20 335 5
5b3000 46 16 397 7
632000 1070 75 1543 7
617000 68 12 1623 7
5b2000 30 6 1659 7
635000 129 10 1799 7
631000 247 18 2065 7
7f736644b000 44 8 2118 7
7f736644a000 60 6 2185 7
7f7366449000 71 8 2265 7
7f7366452000 57 15 2338 9
7f7366451000 54 1 2394 9
7f7366450000 60 1 2456 9
7f736644e000 61 2 2520 9
7f7366455000 243 9 2772 9
7f736644d000 96 1 2869 9
7f736644c000 36 1 2907 9
7f7366453000 36 2 2946 9
7f7366454000 122 4 3073 9
7f7366448000 52 1 3127 9
7f736644f000 35 1 3165 9
403000 32 2 3202 9
402000 17 1 3220 9
634000 1075 38 4333 9
5f8000 56 2 4392 9
5c7000 56 1 4450 9
5c6000 52 3 4506 9
59f000 53 2 4562 9
633000 1077 40 5680 9
505000 73 2 5756 9
504000 54 2 5813 9
549000 88 4 5905 9
7f736669f000 76 9 5991 9
599000 79 3 6074 9
4df000 33 1 6109 9
58a000 50 1 6161 9
589000 90 6 6258 9
588000 39 1 6299 9
7f73666a3000 64 4 6368 9
7f736667f000 125 1 6495 9
7f73666a2000 61 1 6557 9
7f73666a1000 48 4 6610 9
7f736678c000 93 3 6706 9
7f736678b000 110 3 6820 9
7f736678a000 69 8 6898 9
7f7366788000 77 1 6976 9
7f7366742000 42 2 7021 9
430000 62 2 7085 9
42f000 108 4 7198 9
42e000 203 5 7407 9
42d000 35 1 7444 9
42c000 51 2 7498 9
5eb000 73 1 7573 9
7f7366707000 78 1 7653 9
5ea000 91 4 7749 9
5e8000 86 3 7839 9
5e9000 63 2 7904 9
5e7000 59 1 7965 9
5a8000 60 1 8027 9
466000 54 2 8084 9
465000 57 2 8144 9
7f7366718000 63 12 8220 10
8238 10
0x510000
510000 46 24 70 2
50f000 68 32 171 3
412000 56 24 252 5
5b3000 46 16 315 7
632000 1071 75 1462 7
617000 68 12 1543 7
5b2000 30 6 1579 7
635000 130 10 1720 7
631000 249 17 1986 7
7f736644b000 44 8 2039 7
7f736644a000 60 6 2106 7
7f7366449000 71 8 2186 7
7f7366452000 57 14 2258 9
7f7366451000 55 1 2315 9
7f7366450000 59 1 2376 9
7f736644e000 61 1 2439 9
7f7366455000 240 9 2689 9
7f736644d000 94 2 2786 9
7f736644c000 35 1 2823 9
7f7366453000 36 2 2862 9
7f7366454000 121 4 2988 9
7f7366448000 52 1 3042 9
7f736644f000 36 1 3080 9
403000 32 1 3116 9
402000 17 0 3134 9
634000 1061 38 4233 9
5f8000 56 2 4291 9
5c7000 55 2 4349 9
5c6000 51 3 4404 9
59f000 52 2 4459 9
633000 1062 40 5562 9
505000 71 3 5637 9
504000 55 1 5693 9
549000 88 3 5784 9
7f736669f000 76 9 5870 9
599000 79 3 5952 9
4df000 33 1 5987 9
58a000 50 1 6039 9
589000 89 5 6134 9
588000 39 1 6175 9
7f73666a3000 64 4 6244 9
7f736667f000 125 1 6370 9
7f73666a2000 60 2 6432 9
7f73666a1000 48 4 6484 9
7f736678c000 92 3 6579 9
7f736678b000 109 3 6692 9
7f736678a000 68 8 6769 9
7f7366788000 75 2 6847 9
7f7366742000 42 1 6891 9
430000 61 2 6955 9
42f000 108 4 7068 9
42e000 201 5 7275 9
42d000 34 2 7312 9
42c000 52 1 7365 9
5eb000 72 2 7440 9
7f7366707000 77 1 7519 9
5ea000 90 4 7614 9
5e8000 85 3 7703 9
5e9000 62 2 7768 9
5e7000 58 1 7828 9
5a8000 59 2 7890 9
466000 53 3 7947 9
465000 57 2 8006 9
7f7366718000 63 11 8081 10
8099 10
0x5d5000
5d5000 69 37 106 5
5d4000 54 21 182 7
633000 1064 79 1326 7
505000 72 10 1409 7
634000 1063 75 2548 7
504000 55 8 2611 7
403000 33 8 2652 7
402000 16 6 2675 7
5f8000 56 10 2741 7
5c7000 56 9 2807 7
5c6000 52 12 2872 8
59f000 52 7 2932 8
59e000 51 6 2990 8
511000 68 8 3067 8
510000 45 5 3118 8
50f000 67 8 3194 8
412000 57 7 3259 8
5b3000 46 7 3312 8
632000 1062 57 4432 8
617000 68 8 4509 8
5b2000 30 3 4542 8
635000 129 7 4679 8
631000 246 12 4937 8
7f736644b000 43 5 4987 8
7f736644a000 59 5 5052 8
7f7366449000 70 5 5128 8
7f7366452000 57 10 5196 9
7f7366451000 54 1 5252 9
7f7366450000 59 2 5314 9
7f736644e000 60 2 5377 9
7f7366455000 240 9 5627 9
7f736644d000 94 2 5724 9
7f736644c000 35 1 5761 9
7f7366453000 36 2 5800 9
7f7366454000 121 5 5927 9
7f7366448000 51 1 5980 9
7f736644f000 35 1 6018 9
408000 59 1 6081 9
7f736669f000 76 9 6167 9
7f7366707000 77 2 6246 9
594000 49 1 6296 9
593000 67 2 6366 9
7f7366718000 62 12 6441 10
6452 10
0x5bc000
5bc000 79 40 120 5
5bb000 54 15 189 5
5ba000 39 17 246 6
633000 1065 93 1405 6
505000 72 11 1489 6
634000 1070 88 2648 6
504000 54 9 2712 6
403000 32 9 2754 6
402000 16 5 2776 6
5f8000 55 12 2844 6
5c7000 56 10 2911 6
5c6000 52 13 2977 6
59f000 53 11 3042 6
59e000 53 9 3105 6
511000 69 14 3189 6
510000 45 9 3244 6
50f000 68 15 3328 6
412000 56 13 3398 6
5b3000 46 12 3457 7
632000 1065 76 4599 7
617000 68 12 4679 7
5b2000 29 6 4715 7
635000 130 10 4856 7
631000 248 17 5121 7
7f736644b000 44 8 5175 7
7f736644a000 60 6 5242 7
7f7366449000 71 8 5322 7
7f7366452000 57 15 5395 9
7f7366451000 54 2 5452 9
7f7366450000 59 2 5514 9
7f736644e000 61 1 5577 9
7f7366455000 244 8 5830 9
7f736644d000 96 1 5928 9
7f736644c000 36 1 5966 9
7f7366453000 36 2 6005 9
7f7366454000 122 5 6133 9
7f7366448000 52 1 6187 9
7f736644f000 36 0 6224 9
408000 59 1 6288 9
7f736669f000 76 9 6374 9
7f7366707000 77 2 6454 9
594000 49 2 6505 9
593000 67 2 6575 9
7f7366718000 63 11 6650 10
6662 10
0x5bb000
5bb000 54 29 84 4
5ba000 40 21 146 5
633000 1078 111 1336 5
505000 72 16 1425 6
634000 1071 89 2586 6
504000 55 9 2650 6
403000 32 9 2692 6
402000 17 5 2715 6
5f8000 56 12 2783 6
5c7000 56 10 2850 6
5c6000 52 13 2916 6
59f000 53 11 2981 6
59e000 52 10 3044 6
511000 68 15 3128 6
510000 45 8 3182 6
50f000 68 15 3266 6
412000 56 13 3336 6
5b3000 45 12 3394 7
632000 1063 75 4533 7
617000 68 12 4613 7
5b2000 30 5 4648 7
635000 129 10 4788 7
631000 245 18 5052 7
7f736644b000 43 9 5105 7
7f736644a000 60 6 5171 7
7f7366449000 70 9 5251 7
7f7366452000 57 15 5323 9
7f7366451000 54 1 5379 9
7f7366450000 59 2 5441 9
7f736644e000 61 1 5504 9
7f7366455000 243 8 5756 9
7f736644d000 96 1 5854 9
7f736644c000 36 1 5892 9
7f7366453000 36 2 5931 9
7f7366454000 123 4 6059 9
7f7366448000 52 1 6113 9
7f736644f000 36 0 6150 9
408000 59 1 6214 9
7f736669f000 77 9 6301 9
7f7366707000 78 1 6380 9
594000 48 2 6431 9
593000 67 2 6501 9
7f7366718000 63 12 6577 10
6588 10
0x5ba000
5ba000 40 33 73 4
633000 1073 131 1278 5
505000 72 16 1367 6
634000 1071 88 2527 6
504000 55 9 2592 6
403000 33 9 2634 6
402000 17 5 2657 6
5f8000 56 12 2725 6
5c7000 56 10 2792 6
5c6000 52 14 2859 6
59f000 53 11 2924 6
59e000 53 9 2987 6
511000 69 14 3071 6
510000 46 9 3127 6
50f000 68 15 3211 6
412000 57 14 3282 6
5b3000 46 12 3340 7
632000 1072 75 4488 7
617000 68 11 4568 7
5b2000 29 6 4604 7
635000 128 10 4743 7
631000 246 17 5007 7
7f736644b000 44 8 5060 7
7f736644a000 59 6 5126 7
7f7366449000 70 9 5206 7
7f7366452000 57 15 5278 9
7f7366451000 54 1 5334 9
7f7366450000 59 1 5395 9
7f736644e000 61 1 5458 9
7f7366455000 241 8 5708 9
7f736644d000 95 2 5806 9
7f736644c000 35 1 5843 9
7f7366453000 36 1 5881 9
7f7366454000 121 4 6008 9
7f7366448000 52 1 6062 9
7f736644f000 35 1 6099 9
408000 59 2 6163 9
7f736669f000 75 9 6248 9
7f7366707000 76 2 6327 9
594000 49 2 6378 9
593000 66 2 6447 9
7f7366718000 63 11 6522 10
6533 10
0x592000
592000 73 51 125 3
591000 36 12 174 3
590000 47 27 249 5
58f000 71 18 338 6
58e000 72 16 427 6
403000 33 10 470 6
402000 17 7 495 6
634000 1062 92 1649 6
5f8000 56 14 1720 6
5c7000 56 12 1788 6
5c6000 52 15 1856 7
59f000 53 9 1919 7
633000 1065 78 3063 7
505000 72 9 3145 7
504000 54 8 3208 7
549000 88 13 3309 7
632000 1064 75 4449 7
7f736669f000 76 27 4552 7
599000 79 12 4644 7
4df000 32 7 4684 7
58a000 50 7 4742 7
589000 90 18 4851 7
50f000 68 12 4932 7
412000 57 10 5000 7
5b3000 46 9 5056 7
617000 68 12 5137 7
5b2000 30 5 5172 7
635000 129 11 5313 7
631000 247 17 5577 7
7f736644b000 44 8 5630 7
7f736644a000 59 7 5697 7
7f7366449000 70 8 5776 7
7f7366452000 57 14 5848 9
7f7366451000 54 2 5905 9
7f7366450000 59 1 5966 9
7f736644e000 61 1 6029 9
7f7366455000 241 9 6280 9
7f736644d000 94 2 6377 9
7f736644c000 35 1 6414 9
7f7366453000 37 1 6453 9
7f7366454000 121 5 6580 9
7f7366448000 51 1 6633 9
7f736644f000 35 1 6671 9
408000 59 1 6734 9
7f7366707000 77 2 6814 9
594000 49 1 6864 9
593000 67 2 6934 9
7f7366718000 63 11 7009 10
7023 10
0x591000
591000 36 18 54 2
590000 47 31 133 4
58f000 71 22 227 6
58e000 73 15 316 6
403000 33 10 360 6
402000 17 7 385 6
634000 1061 92 1538 6
5f8000 55 14 1608 6
5c7000 56 12 1677 6
5c6000 51 16 1745 7
59f000 53 9 1808 7
633000 1059 78 2946 7
505000 72 9 3027 7
504000 55 7 3090 7
549000 88 13 3192 7
632000 1062 76 4331 7
7f736669f000 76 27 4434 7
599000 78 12 4525 7
4df000 33 7 4566 7
58a000 50 7 4624 7
589000 89 18 4732 7
50f000 68 12 4813 7
412000 56 11 4881 7
5b3000 46 10 4938 7
617000 68 11 5018 7
5b2000 30 5 5054 7
635000 130 10 5195 7
631000 248 17 5461 7
7f736644b000 44 8 5515 7
7f736644a000 60 6 5582 7
7f7366449000 71 8 5662 7
7f7366452000 57 15 5735 9
7f7366451000 54 1 5791 9
7f7366450000 59 2 5853 9
7f736644e000 61 1 5916 9
7f7366455000 243 9 6169 9
7f736644d000 95 2 6267 9
7f736644c000 35 1 6304 9
7f7366453000 37 1 6343 9
7f7366454000 122 4 6471 9
7f7366448000 52 1 6525 9
7f736644f000 36 1 6563 9
408000 59 2 6627 9
7f7366707000 77 2 6707 9
594000 49 2 6758 9
593000 67 2 6828 9
7f7366718000 63 11 6903 10
6917 10
0x590000
590000 47 39 86 4
58f000 71 23 181 6
58e000 74 15 270 6
403000 32 11 314 6
402000 17 6 338 6
634000 1061 92 1492 6
5f8000 55 14 1562 6
5c7000 56 12 1631 6
5c6000 51 16 1699 7
59f000 52 10 1762 7
633000 1070 78 2911 7
505000 72 9 2993 7
504000 55 7 3056 7
549000 89 13 3159 7
632000 1071 76 4307 7
7f736669f000 76 28 4411 7
599000 80 12 4503 7
4df000 32 8 4544 7
58a000 51 7 4602 7
589000 90 18 4711 7
50f000 68 12 4792 7
412000 57 11 4861 7
5b3000 47 9 4917 7
617000 68 12 4998 7
5b2000 29 6 5034 7
635000 130 10 5175 7
631000 248 17 5441 7
7f736644b000 44 8 5494 7
7f736644a000 60 6 5561 7
7f7366449000 71 8 5641 7
7f7366452000 57 15 5714 9
7f7366451000 54 1 5770 9
7f7366450000 60 2 5833 9
7f736644e000 61 1 5896 9
7f7366455000 243 8 6148 9
7f736644d000 96 1 6246 9
7f736644c000 36 1 6284 9
7f7366453000 36 2 6323 9
7f7366454000 123 4 6451 9
7f7366448000 52 1 6505 9
7f736644f000 36 1 6543 9
408000 59 2 6607 9
7f7366707000 77 2 6687 9
594000 49 2 6738 9
593000 67 2 6808 9
7f7366718000 63 11 6883 10
6897 10
0x58f000
58f000 71 35 107 5
58e000 74 17 199 6
403000 33 10 243 6
402000 17 7 268 6
634000 1075 93 1436 6
5f8000 56 14 1507 6
5c7000 56 12 1576 6
5c6000 51 16 1644 7
59f000 53 10 1708 7
633000 1071 78 2858 7
505000 72 10 2941 7
504000 54 8 3004 7
549000 89 13 3106 7
632000 1073 76 4256 7
7f736669f000 76 28 4360 7
599000 80 12 4452 7
4df000 33 7 4493 7
58a000 50 7 4551 7
589000 90 19 4661 7
50f000 68 12 4742 7
412000 57 11 4811 7
5b3000 47 9 4867 7
617000 69 11 4948 7
5b2000 30 5 4984 7
635000 130 11 5126 7
631000 248 17 5391 7
7f736644b000 43 9 5445 7
7f736644a000 60 7 5512 7
7f7366449000 70 8 5591 7
7f7366452000 58 15 5665 9
7f7366451000 55 1 5721 9
7f7366450000 60 2 5784 9
7f736644e000 60 2 5847 9
7f7366455000 243 9 6100 9
7f736644d000 96 1 6198 9
7f736644c000 36 1 6236 9
7f7366453000 36 2 6275 9
7f7366454000 123 4 6403 9
7f7366448000 52 1 6457 9
7f736644f000 36 1 6495 9
408000 59 2 6559 9
7f7366707000 77 1 6638 9
594000 49 2 6690 9
593000 68 2 6760 9
7f7366718000 63 11 6835 10
6848 10
0x58e000
58e000 74 34 108 5
403000 33 14 156 5
402000 17 9 183 5
634000 1071 110 1365 5
5f8000 55 19 1440 6
5c7000 56 12 1508 6
5c6000 52 16 1577 7
59f000 53 10 1641 7
633000 1072 78 2791 7
505000 73 9 2874 7
504000 55 7 2937 7
549000 88 13 3039 7
632000 1078 75 4193 7
7f736669f000 77 27 4297 7
599000 79 12 4389 7
4df000 33 7 4430 7
58a000 50 7 4488 7
589000 91 18 4598 7
50f000 67 12 4678 7
412000 57 11 4747 7
5b3000 46 10 4803 7
617000 68 12 4883 7
5b2000 30 5 4918 7
635000 129 10 5058 7
631000 245 17 5321 7
7f736644b000 43 8 5374 7
7f736644a000 59 7 5441 7
7f7366449000 70 8 5520 7
7f7366452000 57 14 5592 9
7f7366451000 54 1 5648 9
7f7366450000 59 2 5710 9
7f736644e000 61 1 5773 9
7f7366455000 241 9 6024 9
7f736644d000 95 1 6121 9
7f736644c000 36 1 6159 9
7f7366453000 36 2 6198 9
7f7366454000 122 4 6325 9
7f7366448000 52 1 6380 9
7f736644f000 36 0 6417 9
408000 60 1 6481 9
7f7366707000 78 1 6561 9
594000 49 1 6612 9
593000 68 1 6682 9
7f7366718000 64 11 6758 10
6770 10
0x58d000
58d000 32 18 50 3
50 3
0x57f000
57f000 54 28 82 3
634000 1070 140 1293 3
57e000 46 16 1355 3
4fc000 52 26 1434 5
633000 1072 109 2616 6
505000 72 11 2700 6
504000 55 9 2765 6
403000 33 9 2807 6
402000 16 6 2830 6
5f8000 56 12 2898 6
5c7000 56 10 2965 6
5c6000 52 14 3032 6
59f000 53 11 3097 6
59e000 53 9 3160 6
511000 69 14 3244 6
510000 46 8 3299 6
50f000 69 14 3383 6
412000 57 14 3455 6
5b3000 46 12 3513 7
632000 1073 75 4662 7
617000 69 12 4743 7
5b2000 30 5 4778 7
635000 130 10 4919 7
631000 248 17 5185 7
7f736644b000 43 9 5239 7
7f736644a000 59 7 5306 7
7f7366449000 71 8 5386 7
7f7366452000 57 15 5459 9
7f7366451000 54 1 5515 9
7f7366450000 60 2 5578 9
7f736644e000 61 1 5641 9
7f7366455000 243 8 5893 9
7f736644d000 96 1 5991 9
7f736644c000 36 1 6029 9
7f7366453000 36 2 6068 9
7f7366454000 122 5 6196 9
7f7366448000 52 1 6250 9
7f736644f000 36 1 6288 9
408000 59 2 6352 9
7f736669f000 76 9 6438 9
7f7366707000 78 1 6517 9
594000 48 2 6568 9
593000 68 1 6638 9
7f7366718000 64 11 6714 10
6726 10
