0x55f0388bc000
55f0388bc000 44 19 64 3
55f038924000 823 127 1015 3
55f038923000 450 72 1538 3
55f0388fa000 54 23 1616 4
55f038904000 47 14 1678 4
55f038920000 57 14 1750 4
55f0388c4000 53 14 1819 4
55f0388fd000 41 17 1877 6
55f0388fc000 56 11 1945 6
55f0388e6000 70 13 2029 7
55f0388c5000 41 8 2078 7
55f03891c000 53 10 2142 8
55f038906000 39 6 2189 8
55f038905000 55 5 2250 8
55f0388e4000 68 6 2326 9
55f0388bb000 17 3 2347 9
55f038915000 61 4 2412 9
55f038914000 35 3 2452 9
55f038913000 49 4 2506 9
55f0388c8000 37 4 2548 9
55f0388c7000 24 3 2576 9
55f0388c6000 27 3 2607 9
55f038903000 50 4 2662 9
55f03890a000 54 4 2721 9
55f0388e1000 50 5 2779 10
2796 10
0x55f038924000
55f038924000 812 171 983 1
983 1
0x55f038923000
55f038923000 444 99 544 1
545 1
0x55f0388fa000
55f0388fa000 53 32 86 4
55f038904000 48 13 148 4
55f038924000 815 110 1074 4
55f038923000 446 61 1581 4
55f0388bc000 38 10 1630 4
55f0388bd000 111 31 1773 6
55f0388f2000 52 11 1838 7
55f038920000 56 8 1904 7
55f0388c4000 54 7 1966 7
55f0388fd000 40 9 2016 7
55f0388fc000 56 9 2082 7
55f0388e6000 70 10 2163 8
55f0388c5000 40 6 2210 8
55f03891c000 53 8 2272 9
55f038906000 39 4 2317 9
55f038905000 55 4 2377 9
55f0388e4000 57 4 2439 9
55f0388bb000 17 3 2460 9
55f038915000 60 5 2526 9
55f038914000 35 4 2566 9
55f038913000 50 3 2619 9
55f0388c8000 37 3 2660 9
55f0388c7000 24 3 2688 9
55f0388c6000 28 3 2720 9
55f038903000 49 4 2774 9
55f03890a000 54 4 2833 9
55f0388e1000 50 5 2891 10
2909 10
0x55f038904000
55f038904000 48 24 72 3
55f038924000 815 126 1014 3
55f038923000 445 72 1532 3
55f0388bc000 38 13 1584 3
55f0388fa000 54 22 1661 4
55f0388f9000 46 13 1721 4
55f0388bb000 18 8 1747 4
55f038920000 57 14 1818 4
55f0388c4000 53 14 1886 4
55f0388fd000 41 17 1944 6
55f0388fc000 55 12 2012 6
55f0388e6000 70 12 2094 7
55f0388c5000 40 8 2143 7
55f03891c000 53 10 2207 8
55f038906000 39 5 2253 8
55f038905000 55 5 2314 8
55f0388e4000 58 5 2378 9
55f038915000 61 4 2444 9
55f038914000 35 3 2484 9
55f038913000 49 4 2538 9
55f0388c8000 36 4 2579 9
55f0388c7000 24 3 2607 9
55f0388c6000 27 3 2638 9
55f038903000 49 4 2692 9
55f03890a000 54 4 2752 9
55f0388e1000 50 4 2809 10
2828 10
0x55f038920000
55f038920000 57 25 82 3
55f038924000 814 127 1024 3
55f0388bc000 38 13 1075 3
55f038923000 445 72 1593 3
55f0388fa000 54 22 1670 4
55f038904000 47 14 1732 4
55f0388e1000 50 18 1801 6
55f0388e0000 55 7 1864 6
55f0388d6000 48 8 1921 6
55f0388d5000 37 6 1965 6
55f0388bf000 39 5 2011 6
55f0388be000 62 6 2080 7
55f0388bd000 112 14 2207 8
55f0388f2000 67 6 2281 8
55f0388bb000 17 2 2302 8
55f0388c5000 41 4 2347 8
55f03891c000 53 5 2406 9
55f038906000 39 1 2448 9
55f038905000 55 1 2506 9
55f0388e4000 58 1 2566 9
55f038915000 61 2 2630 9
55f038914000 36 0 2667 9
55f038913000 49 1 2719 9
55f0388c8000 37 1 2758 9
55f0388c7000 24 1 2784 9
55f0388c6000 27 1 2813 9
55f038903000 50 1 2865 9
55f03890a000 54 1 2922 9
55f0388cc000 49 1 2976 9
55f0388cb000 38 1 3016 9
55f038910000 40 1 3059 9
55f03890f000 45 2 3107 9
55f03890e000 54 2 3165 9
55f038902000 50 2 3218 9
55f038908000 51 2 3273 9
55f038907000 39 1 3314 9
55f0388c0000 60 2 3377 9
55f0388fb000 50 1 3429 9
55f0388d2000 55 1 3488 9
55f03890b000 56 1 3547 9
55f0388d4000 48 2 3599 9
55f0388f7000 50 1 3652 9
55f0388e9000 45 1 3700 9
55f0388f9000 46 1 3749 9
55f0388ee000 40 1 3792 9
55f0388f0000 29 1 3825 9
55f0388ef000 26 0 3852 9
55f0388f1000 61 1 3915 9
55f0388dc000 33 0 3951 9
55f038909000 43 2 3999 9
55f0388c4000 53 1 4055 9
55f0388ed000 52 2 4110 9
55f0388ec000 56 1 4168 9
55f0388eb000 57 2 4229 9
55f0388ea000 56 2 4288 9
55f0388e8000 57 2 4348 9
55f0388c2000 64 1 4416 9
55f0388c3000 43 1 4462 9
55f038918000 51 2 4516 9
55f038917000 62 2 4581 9
55f038916000 43 2 4628 9
55f0388ff000 58 1 4688 9
55f0388fe000 43 1 4734 9
55f0388fd000 41 2 4778 9
55f0388fc000 56 2 4837 9
55f0388e6000 70 3 4910 10
4961 10
0x55f0388c4000
55f0388c4000 53 24 77 3
77 3
0x55f0388fd000
55f0388fd000 41 30 71 5
55f038924000 814 97 983 5
55f0388fc000 56 15 1054 5
55f038923000 448 54 1557 5
55f0388bc000 38 9 1605 5
55f0388fa000 54 17 1677 6
55f038904000 47 9 1734 6
55f038920000 56 10 1802 6
55f0388c4000 53 9 1865 6
55f0388f7000 50 11 1927 8
55f0388e9000 45 6 1979 8
55f0388f9000 46 5 2031 8
55f0388bb000 17 3 2052 8
55f0388ee000 41 4 2098 8
55f0388f0000 29 3 2133 8
55f0388ef000 26 3 2163 8
55f0388f1000 61 5 2230 8
55f03890b000 56 5 2294 8
55f03890a000 54 5 2354 8
55f038914000 36 4 2395 8
55f038913000 49 5 2450 8
55f0388c8000 36 5 2492 8
55f0388c7000 24 3 2520 8
55f0388c6000 28 4 2553 8
55f038903000 49 5 2608 8
55f0388c5000 40 5 2656 8
55f03891c000 53 6 2716 8
55f038906000 39 5 2763 8
55f038905000 55 5 2824 8
55f0388e4000 57 6 2888 8
55f038915000 61 6 2956 8
55f038900000 53 5 3015 8
55f0388ff000 58 5 3079 8
55f0388fe000 43 5 3129 8
55f03890f000 45 6 3182 8
55f03890e000 55 6 3244 8
55f038902000 50 7 3302 8
55f038908000 52 6 3361 9
55f038907000 39 1 3402 9
55f0388c0000 60 2 3465 9
55f0388fb000 50 1 3517 9
55f0388d2000 55 1 3576 9
55f0388c3000 43 1 3622 9
55f03891a000 50 1 3674 9
55f038919000 45 1 3721 9
55f03890c000 42 1 3765 9
55f0388f2000 52 2 3821 9
55f038910000 41 0 3864 9
55f038911000 33 1 3900 9
55f0388c2000 63 1 3966 9
55f0388ed000 52 2 4023 9
55f0388ec000 56 1 4081 9
55f0388eb000 57 2 4142 9
55f0388ea000 56 2 4201 9
55f0388e8000 57 2 4261 9
55f038918000 51 2 4317 9
55f038917000 62 3 4383 9
55f038916000 43 2 4429 9
55f0388d0000 53 1 4486 9
55f0388e3000 55 1 4544 9
55f0388e2000 37 1 4584 9
55f0388e1000 50 2 4638 9
55f0388e0000 55 2 4696 9
55f0388d6000 48 2 4747 9
55f0388d5000 37 1 4786 9
55f0388bf000 40 1 4829 9
55f0388be000 62 1 4893 9
55f0388bd000 111 4 5010 9
55f03890d000 44 2 5059 9
55f0388c9000 49 2 5111 9
55f0388ca000 36 0 5149 9
55f0388cc000 49 1 5201 9
55f0388cb000 38 1 5241 9
55f0388cd000 36 1 5280 9
55f0388ce000 21 0 5303 9
55f0388f8000 38 1 5347 9
55f0388dd000 43 1 5392 9
55f0388dc000 33 0 5427 9
55f038909000 44 2 5476 9
55f0388cf000 33 1 5513 9
55f0388d1000 57 2 5573 9
55f0388f4000 55 2 5631 9
55f0388f3000 36 0 5668 9
55f0388f5000 54 1 5725 9
7fe56a67c000 94 10 5830 9
7fe56a60f000 27 0 5857 9
7fe56a60e000 34 0 5892 9
7fe56a67b000 54 1 5948 9
7fe56a60a000 47 1 5997 9
7fe56a5b8000 29 1 6028 9
7fe56a5bc000 74 4 6106 9
7fe56a675000 133 7 6247 9
7fe56a674000 80 3 6331 9
7fe56a673000 41 1 6374 9
7fe56a66e000 54 2 6431 9
7fe56a66d000 65 1 6498 9
7fe56a66c000 63 2 6564 9
7fe56a5ba000 70 3 6637 9
7fe56a5b9000 74 8 6720 9
7fe56a672000 67 2 6790 9
7fe56a671000 63 2 6856 9
7fe56a670000 57 3 6917 9
7fe56a668000 63 5 6986 9
7fe56a669000 80 4 7070 9
7fe56a5bb000 82 3 7156 9
7fe56a66a000 70 5 7232 9
7fe56a40f000 49 2 7284 9
7fe56a40e000 57 5 7347 9
7fe56a470000 46 2 7395 9
7fe56a46f000 59 3 7457 9
7fe56a3ca000 88 4 7549 9
7fe56a48b000 102 3 7655 10
7722 10
0x55f0388fc000
55f0388fc000 56 30 86 4
86 4
0x55f0388e6000
55f0388e6000 70 33 103 6
103 6
0x55f0388c5000
55f0388c5000 40 25 66 5
55f0388bc000 37 10 114 5
55f038924000 817 98 1029 5
55f038923000 449 54 1532 5
55f0388fa000 54 16 1603 6
55f038904000 48 9 1661 6
55f038920000 57 9 1728 6
55f0388c4000 54 8 1791 6
55f0388fd000 41 11 1844 6
55f0388fc000 56 11 1912 6
55f0388e6000 70 13 1996 7
55f0388fb000 50 8 2055 7
55f0388bb000 18 5 2079 7
55f03890f000 45 10 2134 8
55f03890e000 55 7 2197 8
55f038902000 49 9 2256 8
55f038908000 51 8 2316 9
55f038907000 39 2 2358 9
55f038906000 39 3 2401 9
55f038905000 55 2 2459 9
55f0388e4000 57 3 2521 9
55f038915000 60 4 2586 9
55f038914000 35 3 2625 10
2642 10
0x55f03891c000
55f03891c000 53 30 83 6
55f0388bc000 37 8 129 6
55f038924000 817 81 1028 6
55f038923000 446 44 1519 6
55f0388fa000 54 13 1587 7
55f038904000 48 6 1642 7
55f038920000 57 7 1707 7
55f0388c4000 54 6 1768 7
55f0388fd000 40 8 1817 7
55f0388fc000 56 8 1882 7
55f0388e6000 70 8 1961 8
55f0388c5000 41 5 2008 8
55f0388e3000 56 5 2070 8
55f0388e2000 38 4 2113 8
55f0388bb000 17 4 2135 8
55f038908000 52 6 2193 9
55f038907000 40 1 2235 9
55f038906000 39 1 2276 9
55f038905000 56 1 2334 9
55f0388e4000 58 2 2395 10
2409 10
0x55f038906000
55f038906000 39 25 65 4
55f038905000 56 15 137 4
55f038923000 449 64 650 4
55f038924000 817 114 1582 4
55f0388bc000 38 12 1632 4
55f0388fa000 54 20 1707 5
55f038904000 48 12 1768 5
55f038920000 57 13 1839 5
55f0388c4000 54 12 1906 5
55f0388fd000 40 16 1963 6
55f0388fc000 56 11 2031 6
55f0388e6000 71 12 2114 7
55f0388c5000 40 8 2163 7
55f03891c000 53 10 2227 8
55f03891d000 47 5 2281 8
55f0388f9000 47 5 2334 8
55f0388bb000 17 3 2355 8
55f0388ee000 41 4 2401 8
55f0388f0000 29 4 2437 8
55f0388ef000 26 3 2467 8
55f0388f1000 61 6 2535 8
55f03890b000 56 6 2599 8
55f03890a000 55 6 2660 8
55f038914000 35 5 2701 8
55f038913000 49 5 2756 8
55f0388c8000 37 5 2799 8
55f0388c7000 24 4 2827 8
55f0388c6000 28 4 2860 8
55f038903000 49 6 2916 8
55f0388e1000 50 7 2977 9
55f0388e0000 55 1 3034 9
55f0388d6000 49 2 3086 9
55f0388d5000 37 1 3125 9
55f0388bf000 40 1 3168 9
55f0388be000 62 2 3233 9
55f0388bd000 112 4 3350 10
3377 10
0x55f038905000
55f038905000 56 24 80 3
55f038923000 450 73 604 3
55f038924000 820 127 1552 3
55f0388bc000 38 13 1603 3
55f0388fa000 54 22 1680 4
55f038904000 48 14 1743 4
55f038920000 57 14 1815 4
55f0388c4000 54 13 1883 4
55f0388fd000 41 17 1942 6
55f0388fc000 55 12 2010 6
55f0388e6000 70 13 2093 7
55f0388c5000 41 8 2142 7
55f03891c000 53 9 2205 8
55f038906000 39 5 2252 8
55f03890c000 42 5 2300 8
55f03890b000 56 6 2363 8
55f03890a000 54 6 2424 8
55f038914000 35 5 2465 8
55f038913000 50 5 2520 8
55f0388c8000 36 5 2562 8
55f0388c7000 24 3 2590 8
55f0388c6000 28 4 2623 8
55f038903000 50 6 2680 8
55f0388bb000 18 3 2703 8
55f0388e1000 50 6 2761 9
55f0388e0000 56 1 2819 9
55f0388d6000 49 2 2871 9
55f0388d5000 37 2 2911 9
55f0388bf000 40 1 2954 9
55f0388be000 62 1 3018 9
55f0388bd000 112 5 3136 10
3158 10
0x55f0388e4000
55f0388e4000 58 27 85 5
55f0388bb000 17 10 113 5
55f038924000 827 100 1041 5
55f038915000 61 18 1120 5
55f0388bc000 37 12 1170 6
55f038923000 452 46 1669 6
55f0388fa000 54 14 1738 7
55f038904000 48 8 1795 7
55f038920000 57 7 1860 7
55f0388c4000 53 8 1923 7
55f0388fd000 41 10 1974 7
55f0388fc000 57 9 2040 7
55f0388e6000 70 10 2121 8
55f0388c5000 40 7 2169 8
55f03891c000 53 8 2231 9
55f038906000 39 4 2276 9
55f038905000 55 4 2336 9
55f03890a000 54 4 2396 9
55f03890c000 42 4 2443 9
55f03890b000 57 4 2505 9
55f038914000 35 4 2545 9
55f038913000 49 4 2599 9
55f0388c8000 36 4 2640 9
55f0388c7000 24 3 2668 9
55f0388c6000 28 3 2700 9
55f038903000 49 5 2755 9
55f0388e1000 49 5 2813 10
2831 10
0x55f0388bb000
55f0388bb000 18 15 33 0
33 0
0x55f038915000
55f038915000 61 30 91 4
55f0388bb000 17 10 119 4
55f0388bc000 37 13 170 5
55f038924000 821 98 1090 5
55f038923000 451 54 1595 5
55f0388fa000 55 16 1667 6
55f038904000 48 9 1725 6
55f038920000 57 9 1792 6
55f0388c4000 54 9 1856 6
55f0388fd000 41 12 1910 6
55f0388fc000 56 11 1978 6
55f0388e6000 70 12 2061 7
55f0388c5000 41 8 2111 7
55f03891c000 54 9 2174 8
55f038906000 39 6 2221 8
55f038905000 55 6 2283 8
55f0388e4000 57 6 2347 9
55f0388e3000 56 4 2408 9
55f0388e2000 38 3 2450 9
55f038908000 52 4 2507 10
2521 10
0x55f038914000
55f038914000 36 21 57 3
55f038913000 50 18 125 5
55f0388c8000 36 13 175 5
55f038924000 820 98 1093 5
55f0388bc000 38 10 1141 6
55f038923000 450 44 1636 6
55f0388fa000 54 13 1705 7
55f038904000 48 6 1760 7
55f038920000 57 7 1825 7
55f0388c4000 54 6 1886 7
55f0388fd000 40 8 1935 7
55f0388fc000 56 8 2000 7
55f0388e6000 70 9 2080 8
55f0388c5000 41 5 2126 8
55f03891c000 53 7 2187 8
55f038906000 39 5 2233 8
55f038905000 55 5 2294 8
55f0388e4000 57 6 2359 9
55f0388bb000 17 3 2380 9
55f038915000 61 4 2445 9
55f038900000 52 4 2503 9
55f0388ff000 58 4 2566 9
55f0388fe000 43 4 2614 9
55f03890f000 45 5 2666 9
55f03890e000 55 4 2726 9
55f038902000 49 6 2782 9
55f038908000 52 4 2838 10
2860 10
0x55f038913000
55f038913000 50 24 74 4
55f0388c8000 37 15 126 4
55f038924000 814 114 1054 4
55f0388bc000 38 12 1104 5
55f038923000 447 54 1606 5
55f0388fa000 54 16 1677 6
55f038904000 48 9 1735 6
55f038920000 57 9 1802 6
55f0388c4000 53 9 1865 6
55f0388fd000 40 12 1918 6
55f0388fc000 56 11 1986 6
55f0388e6000 70 13 2069 7
55f0388c5000 41 8 2118 7
55f03891c000 53 9 2181 8
55f038906000 39 6 2228 8
55f038905000 55 5 2289 8
55f0388e4000 58 5 2353 9
55f0388bb000 18 2 2374 9
55f038915000 60 5 2440 9
55f038914000 36 3 2480 9
55f038900000 53 4 2539 9
55f0388ff000 57 4 2601 9
55f0388fe000 44 4 2650 9
55f03890f000 46 4 2701 9
55f03890e000 55 4 2761 9
55f038902000 50 5 2817 9
55f038908000 51 5 2874 10
2895 10
0x55f0388c8000
55f0388c8000 36 22 59 2
55f038924000 815 143 1018 2
55f0388bc000 38 16 1072 3
55f038923000 448 72 1592 3
55f0388fa000 54 22 1669 4
55f038904000 48 14 1732 4
55f038920000 57 14 1804 4
55f0388c4000 53 14 1872 4
55f0388fd000 41 17 1930 6
55f0388fc000 56 11 1998 6
55f0388e6000 70 13 2082 7
55f0388c5000 41 8 2131 7
55f03891c000 53 9 2194 8
55f038906000 39 5 2241 8
55f038905000 55 5 2302 8
55f0388e4000 57 6 2367 9
55f0388bb000 17 3 2388 9
55f038915000 61 5 2454 9
55f038914000 35 4 2494 9
55f038913000 49 4 2548 9
55f038912000 56 4 2609 9
55f038911000 34 3 2647 9
55f038910000 40 4 2692 10
2711 10
0x55f0388c7000
55f0388c7000 24 17 41 1
55f0388bc000 37 18 97 3
55f038924000 814 127 1039 3
55f038923000 446 72 1558 3
55f0388fa000 54 22 1635 4
55f038904000 48 13 1697 4
55f038920000 56 15 1770 4
55f0388c4000 53 14 1838 4
55f0388fd000 41 17 1896 6
55f0388fc000 56 11 1964 6
55f0388e6000 70 12 2047 7
55f0388c5000 40 8 2096 7
55f03891c000 53 10 2160 8
55f038906000 39 6 2207 8
55f038905000 55 5 2268 8
55f0388e4000 57 6 2332 9
55f0388bb000 17 3 2353 9
55f038915000 60 5 2419 9
55f038914000 36 3 2459 9
55f038913000 49 4 2513 9
55f0388c8000 36 4 2554 9
55f0388c6000 28 3 2586 9
55f038903000 49 4 2640 9
55f03890a000 55 4 2700 9
55f0388c9000 49 4 2756 9
55f0388e8000 58 4 2819 9
55f0388f9000 46 4 2870 9
55f0388ee000 41 3 2915 9
55f0388f0000 29 3 2950 9
55f0388ef000 26 3 2980 9
55f0388f1000 60 4 3045 9
55f03890b000 56 4 3108 9
55f0388d4000 48 5 3163 9
55f0388f2000 52 5 3221 9
55f0388c3000 44 3 3270 9
55f0388f7000 51 4 3326 9
55f0388e9000 45 5 3377 9
55f0388d9000 55 5 3439 9
55f038908000 51 5 3496 10
3522 10
0x55f0388c6000
55f0388c6000 28 19 47 2
55f038923000 449 83 580 2
55f0388c8000 36 19 636 2
55f038924000 820 143 1600 2
55f0388bc000 37 17 1655 3
55f0388fa000 54 23 1732 4
55f038904000 48 14 1795 4
55f038920000 57 14 1867 4
55f0388c4000 54 13 1935 4
55f0388fd000 41 17 1994 6
55f0388fc000 56 11 2062 6
55f0388e6000 70 12 2145 7
55f0388c5000 40 8 2194 7
55f03891c000 53 9 2257 8
55f038906000 38 6 2304 8
55f038905000 55 5 2365 8
55f0388e4000 58 6 2430 9
55f0388bb000 17 3 2451 9
55f038915000 61 4 2517 9
55f038914000 36 4 2558 9
55f038913000 50 4 2612 9
55f038912000 56 5 2674 9
55f038911000 33 4 2712 9
55f038910000 40 4 2757 10
2777 10
0x55f038903000
55f038903000 50 25 75 3
55f038924000 820 127 1023 3
55f0388bc000 38 13 1075 3
55f038923000 450 72 1598 3
55f0388fa000 54 23 1676 4
55f038904000 48 14 1739 4
55f038920000 57 14 1811 4
55f0388c4000 54 13 1879 4
55f0388fd000 41 17 1938 6
55f0388fc000 56 11 2006 6
55f0388e6000 71 12 2090 7
55f0388c5000 40 8 2139 7
55f03891c000 54 9 2203 8
55f038906000 39 6 2250 8
55f038905000 55 6 2312 8
55f0388e4000 57 6 2376 9
55f0388bb000 18 2 2397 9
55f038915000 61 5 2464 9
55f038914000 35 4 2504 9
55f038913000 49 4 2558 9
55f0388c8000 37 3 2599 9
55f0388c7000 24 3 2627 9
55f0388c6000 28 3 2659 9
55f0388e1000 50 5 2717 10
2735 10
0x55f03890a000
55f03890a000 55 24 80 5
81 5
0x55f0388e1000
55f0388e1000 50 32 82 5
55f0388e0000 55 10 148 5
55f038923000 447 50 646 5
55f0388d6000 48 12 707 5
55f0388d5000 38 8 754 5
55f038924000 819 93 1667 5
55f0388bc000 37 8 1713 5
55f0388fa000 53 14 1781 6
55f038904000 48 6 1836 6
55f038920000 57 7 1901 6
55f0388c4000 54 6 1962 6
55f0388fd000 41 9 2013 7
55f0388fc000 56 7 2076 7
55f0388e6000 70 8 2155 8
55f0388c5000 41 4 2200 8
55f03891c000 53 6 2260 9
55f038906000 39 1 2302 9
55f038905000 55 2 2360 9
55f0388e4000 58 2 2421 10
2435 10
0x55f0388e0000
55f0388e0000 55 25 80 2
55f038923000 447 83 611 2
55f0388d6000 48 24 684 4
55f0388d5000 38 12 734 4
55f038924000 821 111 1667 4
55f0388bc000 38 10 1715 4
55f0388fa000 54 18 1788 5
55f038904000 48 11 1848 5
55f038920000 57 10 1916 5
55f0388c4000 53 10 1981 5
55f0388fd000 40 14 2036 6
55f0388fc000 56 11 2104 6
55f0388e6000 70 13 2187 7
55f0388c5000 41 8 2236 7
55f03891c000 53 10 2300 8
55f038906000 39 6 2347 8
55f038905000 55 5 2408 8
55f0388e4000 58 5 2472 9
55f0388bb000 18 2 2493 9
55f038915000 61 4 2559 9
55f038914000 36 3 2599 9
55f038913000 50 3 2653 9
55f0388c8000 37 3 2694 9
55f0388c7000 24 3 2722 9
55f0388c6000 28 3 2754 9
55f038903000 50 3 2808 9
55f03890a000 54 4 2868 9
55f0388e1000 50 5 2926 10
2946 10
0x55f0388d6000
55f0388d6000 48 28 76 4
55f0388d5000 37 13 127 4
55f038924000 819 110 1057 4
55f038923000 448 62 1567 4
55f0388bc000 38 10 1616 4
55f0388fa000 54 18 1689 5
55f038904000 48 10 1748 5
55f038920000 57 11 1817 5
55f0388c4000 54 10 1882 5
55f0388fd000 40 14 1937 6
55f0388fc000 56 11 2004 6
55f0388e6000 70 12 2087 7
55f0388c5000 40 8 2136 7
55f03891c000 53 10 2200 8
55f038906000 39 5 2246 8
55f038905000 55 5 2307 8
55f0388e4000 57 6 2372 9
55f0388bb000 17 3 2393 9
55f038915000 61 5 2459 9
55f038914000 35 4 2499 9
55f038913000 49 4 2553 9
55f0388c8000 37 3 2593 9
55f0388c7000 24 3 2621 9
55f0388c6000 28 3 2653 9
55f038903000 50 4 2708 9
55f03890a000 54 4 2767 9
55f0388e1000 49 5 2825 10
2844 10
0x55f0388d5000
55f0388d5000 37 23 60 3
55f038924000 817 127 1005 3
55f038923000 447 72 1525 3
55f0388bc000 38 13 1577 3
55f0388fa000 53 23 1654 4
55f038904000 48 13 1716 4
55f038920000 57 14 1788 4
55f0388c4000 53 14 1857 4
55f0388fd000 41 17 1915 6
55f0388fc000 56 11 1983 6
55f0388e6000 70 12 2066 7
55f0388c5000 40 8 2115 7
55f03891c000 53 10 2179 8
55f038906000 38 6 2225 8
55f038905000 55 5 2286 8
55f0388e4000 58 6 2351 9
55f0388bb000 17 3 2372 9
55f038915000 61 5 2438 9
55f038914000 35 4 2478 9
55f038913000 49 4 2532 9
55f0388c8000 37 4 2573 9
55f0388c7000 24 3 2600 9
55f0388c6000 28 3 2632 9
55f038903000 49 4 2686 9
55f03890a000 54 4 2746 9
55f0388e1000 50 5 2804 10
2821 10
0x55f0388bf000
55f0388bf000 39 20 60 3
55f038924000 820 126 1007 3
55f038923000 448 72 1528 3
55f0388be000 62 17 1608 5
55f0388bd000 112 27 1748 6
55f0388bc000 37 8 1794 6
55f0388fa000 54 14 1863 7
55f038904000 48 7 1919 7
55f038920000 57 8 1985 7
55f0388c4000 53 8 2047 7
55f0388fd000 41 9 2097 7
55f0388fc000 56 9 2163 7
55f0388e6000 70 10 2244 8
55f0388c5000 41 6 2291 8
55f03891c000 53 8 2353 9
55f038906000 39 4 2398 9
55f038905000 56 3 2458 9
55f0388e4000 57 4 2521 9
55f0388bb000 17 3 2542 9
55f038915000 61 5 2608 9
55f038914000 35 4 2648 9
55f038913000 50 3 2701 9
55f0388c8000 37 3 2742 9
55f0388c7000 24 3 2770 9
55f0388c6000 28 3 2802 9
55f038903000 49 4 2856 9
55f03890a000 55 4 2916 9
55f0388e1000 49 5 2973 10
2993 10
0x55f0388be000
55f0388be000 61 25 87 5
55f038924000 812 97 997 5
55f0388bd000 111 27 1135 6
55f038923000 445 45 1626 6
55f0388bc000 37 8 1673 6
55f0388fa000 54 14 1742 7
55f038904000 47 8 1798 7
55f038920000 56 8 1863 7
55f0388c4000 54 7 1925 7
55f0388fd000 40 10 1976 7
55f0388fc000 56 9 2041 7
55f0388e6000 70 10 2122 8
55f0388c5000 41 6 2169 8
55f03891c000 53 8 2231 9
55f038906000 38 5 2276 9
55f038905000 55 4 2335 9
55f0388e4000 58 4 2398 9
55f0388bb000 17 3 2419 9
55f038915000 60 5 2484 9
55f038914000 36 3 2524 9
55f038913000 49 4 2578 9
55f0388c8000 36 4 2619 9
55f0388c7000 24 3 2646 9
55f0388c6000 28 3 2678 9
55f038903000 49 4 2732 9
55f03890a000 55 4 2792 9
55f0388e1000 49 5 2849 10
2868 10
0x55f0388bd000
55f0388bd000 111 53 165 4
55f038924000 817 113 1096 4
55f038923000 447 64 1608 4
55f0388bc000 37 13 1659 5
55f0388fa000 53 16 1729 6
55f038904000 48 9 1787 6
55f038920000 57 9 1854 6
55f0388c4000 53 9 1917 6
55f0388fd000 40 12 1970 7
55f0388fc000 56 9 2035 7
55f0388e6000 70 10 2116 8
55f0388c5000 41 6 2163 8
55f03891c000 53 8 2225 9
55f038906000 38 4 2269 9
55f038905000 55 4 2329 9
55f0388e4000 58 4 2392 9
55f0388bb000 17 3 2413 9
55f038915000 60 5 2478 9
55f038914000 35 4 2518 9
55f038913000 49 4 2572 9
55f0388c8000 36 3 2612 9
55f0388c7000 24 3 2640 9
55f0388c6000 28 3 2672 9
55f038903000 49 4 2726 9
55f03890a000 54 4 2785 9
55f0388e1000 49 5 2843 10
2861 10
0x55f0388f2000
55f0388f2000 53 30 83 4
55f038924000 815 113 1012 4
55f038904000 47 16 1076 4
55f038923000 447 64 1588 4
55f0388bc000 37 12 1639 4
55f0388fa000 54 20 1714 5
55f0388f9000 46 12 1773 5
55f0388bb000 17 8 1799 5
55f038920000 57 12 1868 5
55f0388c4000 54 12 1935 5
55f0388fd000 41 15 1991 6
55f0388fc000 56 11 2059 6
55f0388e6000 71 12 2142 7
55f0388c5000 41 8 2191 7
55f03891c000 53 10 2255 8
55f038906000 38 6 2301 8
55f038905000 55 5 2362 8
55f0388e4000 58 5 2426 9
55f038915000 61 5 2493 9
55f038914000 35 3 2532 9
55f038913000 49 4 2586 9
55f0388c8000 37 3 2627 9
55f0388c7000 24 3 2655 9
55f0388c6000 27 3 2686 9
55f038903000 50 4 2741 9
55f03890a000 54 4 2800 9
55f0388e1000 50 5 2858 10
2878 10
0x55f0388c3000
55f0388c3000 43 23 67 3
67 3
0x55f0388c0000
55f0388c0000 60 31 91 5
55f0388bc000 37 10 139 5
55f038924000 818 97 1054 5
55f038923000 448 53 1556 5
55f0388fa000 54 17 1628 6
55f038904000 47 9 1685 6
55f038920000 57 9 1752 6
55f0388c4000 54 9 1816 6
55f0388fd000 40 12 1869 6
55f0388fc000 56 11 1936 6
55f0388e6000 70 12 2019 7
55f0388c5000 40 8 2068 7
55f03891c000 53 10 2132 8
55f038906000 39 6 2179 8
55f038905000 55 6 2240 8
55f0388e4000 57 6 2304 9
55f0388bb000 17 3 2325 9
55f038915000 61 5 2391 9
55f038914000 35 4 2431 9
55f038913000 50 3 2484 9
55f0388c8000 37 3 2525 9
55f0388c7000 24 3 2553 9
55f0388c6000 28 3 2585 9
55f038903000 49 4 2639 9
55f03890a000 55 4 2699 9
55f0388e1000 50 5 2757 10
2775 10
0x55f0388fb000
55f0388fb000 51 24 75 5
55f038924000 823 98 997 5
55f0388bc000 38 9 1044 5
55f038923000 453 54 1552 5
55f0388fa000 54 16 1624 6
55f038904000 48 9 1682 6
55f038920000 57 10 1750 6
55f0388c4000 54 9 1814 6
55f0388fd000 41 12 1867 6
55f0388fc000 56 11 1935 6
55f0388e6000 71 12 2018 7
55f0388c5000 41 8 2068 7
55f03891c000 53 10 2132 8
55f038906000 39 5 2178 8
55f038905000 55 6 2240 8
55f0388e4000 58 6 2305 9
55f0388bb000 17 3 2326 9
55f038915000 61 5 2392 9
55f038914000 36 3 2432 9
55f038913000 50 3 2486 9
55f0388c8000 37 4 2528 9
55f0388c7000 23 3 2555 9
55f0388c6000 28 3 2587 9
55f038903000 50 4 2642 9
55f03890a000 55 4 2702 9
55f0388e1000 50 5 2760 10
2779 10
0x55f03890f000
55f03890f000 45 30 76 4
55f0388c5000 40 16 133 6
55f0388bc000 38 8 180 6
55f038924000 821 84 1086 6
55f038923000 449 46 1581 6
55f0388fa000 54 14 1651 7
55f038904000 48 7 1707 7
55f038920000 58 7 1773 7
55f0388c4000 54 8 1836 7
55f0388fd000 41 10 1887 7
55f0388fc000 56 9 1953 7
55f0388e6000 70 11 2035 8
55f0388fb000 50 7 2093 8
55f0388bb000 17 5 2116 8
55f0388d2000 55 8 2180 8
55f03890b000 56 7 2244 8
55f03890a000 54 7 2306 8
55f038914000 36 5 2348 9
55f038913000 50 3 2402 9
55f0388c8000 37 4 2444 9
55f0388c7000 24 3 2472 9
55f0388c6000 27 4 2504 9
55f038903000 50 4 2558 9
55f038905000 55 4 2621 9
55f0388e4000 58 4 2684 9
55f038915000 61 5 2751 9
55f038900000 53 4 2809 9
55f0388ff000 58 4 2872 9
55f0388fe000 44 4 2921 9
55f0388c9000 49 5 2977 9
55f0388e8000 58 4 3040 9
55f0388f9000 47 4 3092 9
55f0388ee000 41 3 3137 9
55f0388f0000 29 3 3172 9
55f0388ef000 26 3 3202 9
55f0388f1000 61 4 3268 9
55f0388dc000 33 3 3306 9
55f038902000 50 5 3364 9
55f038908000 51 5 3421 10
3449 10
0x55f03890e000
55f03890e000 55 28 83 3
55f038902000 50 25 159 6
55f038924000 822 80 1062 6
55f0388bc000 37 7 1107 6
55f038923000 451 43 1602 6
55f0388fa000 54 12 1669 6
55f038904000 48 9 1727 6
55f038920000 57 10 1795 6
55f0388c4000 54 9 1859 6
55f0388fd000 41 12 1912 6
55f0388fc000 57 11 1980 6
55f0388e6000 71 12 2063 7
55f0388c5000 40 8 2112 7
55f03891c000 54 9 2176 8
55f038906000 39 6 2223 8
55f038905000 55 5 2284 8
55f0388e4000 57 6 2349 9
55f0388bb000 17 3 2370 9
55f038915000 61 5 2436 9
55f038914000 36 3 2476 9
55f038913000 50 3 2530 9
55f0388c8000 37 4 2572 9
55f0388c7000 24 3 2600 9
55f0388c6000 28 3 2631 9
55f038903000 50 4 2686 9
55f03890a000 55 4 2746 9
55f0388e1000 50 5 2804 10
2823 10
0x55f038902000
55f038902000 50 36 86 5
55f038924000 820 97 1004 5
55f0388bc000 38 10 1052 6
55f038923000 451 44 1547 6
55f0388fa000 54 12 1614 6
55f038904000 48 9 1672 6
55f038920000 57 9 1739 6
55f0388c4000 54 9 1803 6
55f0388fd000 41 12 1856 6
55f0388fc000 56 11 1924 6
55f0388e6000 70 13 2008 7
55f0388c5000 41 8 2057 7
55f03891c000 53 10 2121 8
55f038906000 39 6 2168 8
55f038905000 56 5 2229 8
55f0388e4000 58 6 2294 9
55f0388bb000 17 3 2315 9
55f038915000 61 5 2381 9
55f038914000 36 3 2421 9
55f038913000 49 4 2475 9
55f0388c8000 37 3 2516 9
55f0388c7000 24 3 2544 9
55f0388c6000 28 3 2576 9
55f038903000 50 4 2631 9
55f03890a000 55 4 2691 9
55f0388e1000 50 5 2749 10
2767 10
0x55f038908000
55f038908000 52 29 81 5
55f038924000 822 93 997 5
55f038907000 39 8 1044 5
55f038923000 449 51 1545 5
55f0388bc000 37 8 1591 5
55f0388fa000 54 14 1660 5
55f038904000 48 10 1718 5
55f038920000 58 10 1787 5
55f0388c4000 54 10 1852 5
55f0388fd000 41 13 1906 7
55f0388fc000 56 7 1970 7
55f0388e6000 71 8 2049 8
55f0388c5000 41 4 2094 8
55f03891c000 54 5 2154 9
55f038906000 39 2 2197 9
55f038905000 56 1 2255 9
55f0388e4000 58 2 2316 10
2329 10
0x55f038907000
55f038907000 39 20 59 2
55f038923000 450 83 593 2
55f0388bc000 38 16 648 3
55f038924000 824 127 1600 3
55f0388fa000 54 22 1677 4
55f038904000 48 14 1740 4
55f038920000 57 15 1813 4
55f0388c4000 53 14 1881 4
55f0388fd000 40 17 1939 6
55f0388fc000 57 11 2008 6
55f0388e6000 71 13 2092 7
55f0388c5000 41 8 2141 7
55f03891c000 53 10 2205 8
55f038906000 39 6 2252 8
55f038905000 55 5 2313 8
55f0388e4000 57 6 2378 9
55f0388bb000 17 3 2399 9
55f038915000 60 5 2465 9
55f038914000 36 3 2505 9
55f038913000 50 3 2559 9
55f0388c8000 37 4 2601 9
55f0388c7000 24 3 2629 9
55f0388c6000 27 4 2661 9
55f038903000 50 4 2715 9
55f03890a000 54 4 2775 9
55f0388e1000 50 4 2833 10
2852 10
0x55f03891b000
55f03891b000 59 28 87 5
55f038923000 449 54 591 5
55f038924000 820 97 1509 5
55f03891a000 51 11 1571 5
55f038919000 45 13 1629 5
55f038908000 51 15 1696 7
55f038907000 39 4 1740 7
55f0388bc000 38 3 1782 7
55f0388fa000 54 8 1845 7
55f038904000 48 5 1899 7
55f038920000 57 6 1963 7
55f0388c4000 53 6 2023 7
55f0388fd000 41 7 2071 7
55f0388fc000 57 6 2135 7
55f0388e6000 71 8 2215 8
55f0388c5000 41 4 2260 8
55f03891c000 53 6 2320 9
55f038906000 39 1 2362 9
55f038905000 56 2 2421 9
55f0388e4000 57 2 2481 10
2496 10
0x55f03891a000
55f03891a000 51 22 73 2
55f038919000 45 22 140 2
55f038908000 51 25 217 5
55f038924000 822 93 1133 5
55f038907000 39 7 1180 5
55f038923000 453 51 1685 5
55f0388bc000 37 7 1730 5
55f0388fa000 55 13 1799 5
55f038904000 48 10 1858 5
55f038920000 57 11 1927 5
55f0388c4000 53 10 1991 5
55f0388fd000 41 13 2046 7
55f0388fc000 57 7 2110 7
55f0388e6000 71 7 2188 8
55f0388c5000 40 5 2234 8
55f03891c000 53 5 2293 9
55f038906000 39 2 2336 9
55f038905000 55 2 2394 9
55f0388e4000 58 2 2455 10
2468 10
0x55f038919000
55f038919000 45 27 72 2
72 2
0x55f03890c000
55f03890c000 42 26 68 3
55f038924000 820 128 1017 3
55f03890b000 57 17 1091 4
55f03890a000 54 14 1160 5
55f0388bc000 37 8 1206 5
55f038923000 450 51 1708 5
55f0388fa000 55 14 1778 5
55f038904000 48 10 1837 5
55f038920000 57 11 1906 5
55f0388c4000 53 11 1971 5
55f0388fd000 41 13 2025 6
55f0388fc000 56 11 2093 6
55f0388e6000 70 12 2176 7
55f0388c5000 40 8 2225 7
55f03891c000 53 10 2289 8
55f038906000 39 5 2335 8
55f038905000 55 5 2396 8
55f0388e4000 57 6 2461 9
55f0388bb000 17 3 2482 9
55f038915000 61 4 2547 9
55f038914000 35 4 2588 9
55f038913000 50 3 2641 9
55f0388c8000 37 3 2682 9
55f0388c7000 24 3 2710 9
55f0388c6000 28 3 2742 9
55f038903000 49 4 2796 9
55f0388e1000 50 5 2855 10
2874 10
0x55f03890b000
55f03890b000 56 25 81 4
55f03890a000 54 14 150 5
55f0388bc000 38 7 195 5
55f038924000 819 93 1108 5
55f038923000 449 50 1607 5
55f0388fa000 54 14 1677 5
55f038904000 47 11 1736 5
55f038920000 56 11 1804 5
55f0388c4000 54 10 1869 5
55f0388fd000 40 13 1923 6
55f0388fc000 56 11 1991 6
55f0388e6000 70 12 2074 7
55f0388c5000 40 8 2123 7
55f03891c000 53 9 2186 8
55f038906000 38 6 2233 8
55f038905000 55 5 2294 8
55f0388e4000 58 6 2359 9
55f0388bb000 17 3 2380 9
55f038915000 61 4 2445 9
55f038914000 36 3 2485 9
55f038913000 49 4 2539 9
55f0388c8000 36 4 2580 9
55f0388c7000 24 3 2608 9
55f0388c6000 27 4 2640 9
55f038903000 49 4 2694 9
55f0388e1000 50 5 2753 10
2770 10
0x55f0388d4000
55f0388d4000 48 28 77 3
55f0388f2000 52 21 151 5
55f038924000 816 97 1065 5
55f038904000 48 12 1125 5
55f038923000 448 54 1628 5
55f0388bc000 38 9 1676 5
55f0388fa000 54 16 1747 5
55f0388f9000 46 11 1805 5
55f0388bb000 17 8 1831 5
55f038920000 57 13 1901 5
55f0388c4000 53 12 1967 5
55f0388fd000 41 15 2024 6
55f0388fc000 56 11 2092 6
55f0388e6000 71 12 2175 7
55f0388c5000 41 8 2224 7
55f03891c000 53 10 2288 8
55f038906000 39 5 2334 8
55f038905000 56 5 2396 8
55f0388e4000 58 6 2461 9
55f038915000 61 5 2528 9
55f038914000 35 4 2568 9
55f038913000 50 3 2622 9
55f0388c8000 37 4 2664 9
55f0388c7000 24 3 2692 9
55f0388c6000 28 3 2723 9
55f038903000 50 4 2778 9
55f03890a000 55 4 2839 9
55f0388e1000 50 5 2897 10
2918 10
0x55f0388f7000
55f0388f7000 50 28 79 6
55f0388bc000 37 10 127 7
55f038924000 819 68 1015 7
55f038923000 448 36 1499 7
55f0388fa000 54 11 1565 8
55f038904000 48 5 1618 8
55f038920000 57 5 1681 8
55f0388c4000 54 4 1740 8
55f0388fd000 41 6 1788 8
55f0388fc000 56 6 1851 8
55f0388e6000 71 6 1928 9
55f0388c5000 40 4 1973 9
55f03891c000 53 5 2032 9
55f038906000 39 4 2077 9
55f038905000 55 4 2136 9
55f0388e4000 58 4 2199 9
55f0388bb000 17 3 2220 9
55f038915000 61 5 2286 9
55f038914000 35 4 2326 9
55f038913000 50 3 2379 9
55f0388c8000 37 3 2420 9
55f0388c7000 24 3 2448 9
55f0388c6000 28 3 2480 9
55f038903000 49 4 2534 9
55f03890a000 54 4 2594 9
55f0388e1000 50 4 2651 10
2670 10
0x55f0388e9000
55f0388e9000 45 27 72 3
55f038923000 448 72 593 3
55f0388bc000 38 13 645 3
55f038924000 819 127 1592 3
55f0388fa000 54 22 1668 4
55f038904000 48 14 1731 4
55f038920000 56 14 1802 4
55f0388c4000 53 13 1870 4
55f0388fd000 41 17 1929 6
55f0388fc000 55 12 1997 6
55f0388e6000 70 13 2080 7
55f0388c5000 41 8 2129 7
55f03891c000 52 10 2192 8
55f038906000 39 5 2238 8
55f038905000 56 5 2300 8
55f0388e4000 58 6 2365 9
55f0388bb000 17 3 2386 9
55f038915000 61 4 2452 9
55f038914000 35 4 2493 9
55f038913000 49 4 2547 9
55f0388c8000 37 3 2588 9
55f0388c7000 24 3 2616 9
55f0388c6000 28 3 2648 9
55f038903000 50 4 2703 9
55f03890a000 55 4 2763 9
55f0388e1000 50 5 2821 10
2839 10
0x55f0388f9000
55f0388f9000 47 23 71 3
55f0388bc000 37 13 122 3
55f038924000 825 127 1075 3
55f038923000 451 73 1600 3
55f0388fa000 55 22 1678 4
55f038904000 48 14 1741 4
55f038920000 57 14 1813 4
55f0388c4000 54 14 1882 4
55f0388fd000 41 17 1940 6
55f0388fc000 57 11 2009 6
55f0388e6000 71 12 2092 7
55f0388c5000 41 8 2142 7
55f03891c000 53 10 2206 8
55f038906000 39 6 2253 8
55f038905000 56 5 2314 8
55f0388e4000 58 6 2379 9
55f0388bb000 18 2 2400 9
55f038915000 61 4 2466 9
55f038914000 35 4 2507 9
55f038913000 50 4 2561 9
55f0388c8000 37 3 2602 9
55f0388c7000 24 3 2630 9
55f0388c6000 28 3 2662 9
55f038903000 50 4 2717 9
55f03890a000 55 4 2777 9
55f0388e1000 50 5 2835 10
2854 10
0x55f0388ee000
55f0388ee000 41 22 63 3
55f038924000 826 130 1019 3
55f038920000 56 20 1096 4
55f0388bc000 37 12 1146 4
55f038923000 447 65 1659 4
55f0388fa000 54 20 1734 5
55f038904000 48 12 1795 5
55f0388e1000 50 16 1862 7
55f0388e0000 55 5 1923 7
55f0388d6000 48 7 1979 7
55f0388d5000 37 5 2022 7
55f0388bf000 40 4 2067 7
55f0388be000 62 5 2135 7
55f0388bd000 111 15 2262 8
55f0388f2000 52 5 2320 8
55f0388bb000 17 2 2341 8
55f0388c5000 41 4 2386 8
55f03891c000 53 5 2445 9
55f038906000 39 1 2487 9
55f038905000 55 1 2544 9
55f0388e4000 58 1 2604 9
55f038915000 61 2 2668 9
55f038914000 36 0 2705 9
55f038913000 49 2 2757 9
55f0388c8000 37 1 2795 9
55f0388c7000 24 0 2820 9
55f0388c6000 28 0 2849 9
55f038903000 50 1 2901 9
55f03890a000 55 1 2958 9
55f0388cc000 48 2 3012 9
55f0388cb000 38 1 3051 9
55f038910000 41 1 3094 9
55f03890f000 45 2 3142 9
55f03890e000 55 1 3199 9
55f038902000 50 3 3253 9
55f038908000 51 2 3307 9
55f038907000 39 1 3348 9
55f0388c0000 59 2 3410 9
55f0388fb000 50 1 3463 9
55f0388d2000 55 2 3522 9
55f03890b000 56 2 3581 9
55f0388d4000 48 2 3632 9
55f0388f7000 50 2 3685 9
55f0388e9000 45 2 3733 9
55f0388f9000 46 1 3781 9
55f0388c4000 53 1 3837 9
55f03891f000 44 1 3883 9
55f03891e000 58 1 3943 9
55f0388d1000 58 1 4002 9
55f0388d0000 53 1 4057 9
55f0388e3000 56 1 4115 9
55f0388e2000 38 1 4155 9
55f03891a000 51 1 4208 9
55f038919000 44 2 4255 9
55f03890c000 42 1 4298 9
55f0388cd000 36 1 4338 9
55f0388ea000 57 1 4397 9
55f03890d000 43 2 4443 9
55f0388c9000 49 2 4495 9
55f0388e8000 58 2 4556 9
55f0388ca000 36 1 4595 9
55f0388ed000 52 2 4652 9
55f0388ec000 56 1 4710 9
55f0388eb000 57 2 4770 9
55f0388c2000 64 1 4836 9
55f0388c3000 43 2 4883 9
55f038918000 51 2 4936 9
55f038917000 62 2 5001 9
55f038916000 44 2 5048 9
55f0388ff000 57 2 5108 9
55f0388fe000 43 1 5153 9
55f0388fd000 41 2 5197 9
55f0388fc000 56 2 5256 9
55f0388e6000 70 3 5329 10
5387 10
0x55f0388f0000
55f0388f0000 29 18 47 0
55f038924000 813 170 1030 1
55f0388ef000 26 15 1072 1
55f0388ee000 41 20 1133 3
55f038920000 57 20 1211 4
55f0388bc000 38 12 1261 4
55f038923000 446 64 1772 4
55f0388fa000 54 20 1847 5
55f038904000 48 12 1908 5
55f0388e1000 50 16 1975 7
55f0388e0000 55 5 2036 7
55f0388d6000 48 7 2092 7
55f0388d5000 38 4 2134 7
55f0388bf000 40 4 2180 7
55f0388be000 62 5 2248 7
55f0388bd000 111 15 2375 8
55f0388f2000 52 5 2433 8
55f0388bb000 17 2 2454 8
55f0388c5000 41 4 2499 8
55f03891c000 54 4 2557 9
55f038906000 38 2 2600 9
55f038905000 55 1 2657 9
55f0388e4000 58 1 2717 9
55f038915000 61 2 2781 9
55f038914000 35 1 2818 9
55f038913000 49 1 2869 9
55f0388c8000 36 2 2908 9
55f0388c7000 24 1 2933 9
55f0388c6000 28 1 2962 9
55f038903000 49 1 3013 9
55f03890a000 54 1 3070 9
55f0388cc000 49 1 3124 9
55f0388cb000 38 1 3164 9
55f038910000 40 1 3206 9
55f03890f000 45 2 3254 9
55f03890e000 55 2 3312 9
55f038902000 49 3 3365 9
55f038908000 51 2 3419 9
55f038907000 39 1 3460 9
55f0388c0000 60 2 3523 9
55f0388fb000 50 1 3575 9
55f0388d2000 55 1 3634 9
55f03890b000 56 1 3693 9
55f0388d4000 49 1 3744 9
55f0388f7000 51 1 3797 9
55f0388e9000 44 2 3845 9
55f0388f9000 47 1 3894 9
55f0388c4000 54 1 3950 9
55f03891f000 44 1 3996 9
55f03891e000 57 1 4055 9
55f0388d1000 57 2 4115 9
55f0388d0000 53 2 4170 9
55f0388e3000 56 1 4228 9
55f0388e2000 37 1 4267 9
55f03891a000 50 1 4320 9
55f038919000 45 1 4367 9
55f03890c000 41 2 4411 9
55f0388cd000 36 1 4450 9
55f0388ea000 57 2 4510 9
55f03890d000 44 2 4556 9
55f0388c9000 49 2 4608 9
55f0388e8000 57 2 4668 9
55f0388ca000 36 1 4708 9
55f0388ed000 52 2 4764 9
55f0388ec000 56 1 4822 9
55f0388eb000 62 2 4887 9
55f0388c2000 64 1 4954 9
55f0388c3000 43 2 5001 9
55f038918000 51 2 5054 9
55f038917000 62 3 5120 9
55f038916000 44 1 5166 9
55f0388ff000 57 2 5227 9
55f0388fe000 43 2 5273 9
55f0388fd000 40 2 5316 9
55f0388fc000 55 2 5375 9
55f0388e6000 70 3 5449 10
5509 10
0x55f0388ef000
55f0388ef000 26 16 42 0
55f0388ee000 41 21 105 3
55f038924000 820 131 1057 3
55f038920000 58 19 1134 4
55f0388bc000 37 13 1186 4
55f038923000 447 65 1699 4
55f0388fa000 55 20 1775 5
55f038904000 48 12 1836 5
55f0388e1000 50 16 1904 7
55f0388e0000 55 5 1966 7
55f0388d6000 48 6 2022 7
55f0388d5000 37 5 2066 7
55f0388bf000 40 4 2112 7
55f0388be000 62 6 2181 7
55f0388bd000 112 14 2308 8
55f0388f2000 52 6 2368 8
55f0388bb000 18 2 2389 8
55f0388c5000 41 4 2434 8
55f03891c000 53 5 2494 9
55f038906000 39 2 2537 9
55f038905000 55 2 2595 9
55f0388e4000 58 2 2656 9
55f038915000 61 2 2720 9
55f038914000 36 1 2758 9
55f038913000 50 1 2810 9
55f0388c8000 37 1 2849 9
55f0388c7000 24 0 2874 9
55f0388c6000 28 1 2904 9
55f038903000 49 2 2956 9
55f03890a000 55 1 3013 9
55f0388cc000 49 1 3067 9
55f0388cb000 38 1 3107 9
55f038910000 41 1 3150 9
55f03890f000 45 2 3198 9
55f03890e000 55 2 3256 9
55f038902000 49 3 3309 9
55f038908000 51 2 3363 9
55f038907000 38 1 3404 9
55f0388c0000 59 2 3467 9
55f0388fb000 50 1 3520 9
55f0388d2000 54 2 3579 9
55f03890b000 56 1 3638 9
55f0388d4000 48 1 3689 9
55f0388f7000 50 2 3743 9
55f0388e9000 45 2 3791 9
55f0388f9000 47 1 3840 9
55f0388c4000 53 1 3896 9
55f03891f000 44 1 3942 9
55f03891e000 57 1 4002 9
55f0388d1000 57 2 4062 9
55f0388d0000 52 2 4117 9
55f0388e3000 56 1 4175 9
55f0388e2000 37 1 4215 9
55f03891a000 50 1 4268 9
55f038919000 45 1 4315 9
55f03890c000 42 1 4359 9
55f0388cd000 36 1 4399 9
55f0388ea000 56 2 4459 9
55f03890d000 44 2 4505 9
55f0388c9000 49 2 4557 9
55f0388e8000 57 2 4618 9
55f0388ca000 36 1 4658 9
55f0388ed000 53 1 4714 9
55f0388ec000 55 2 4773 9
55f0388eb000 57 2 4833 9
55f0388c2000 63 1 4899 9
55f0388c3000 43 1 4946 9
55f038918000 51 2 5000 9
55f038917000 63 2 5066 9
55f038916000 44 1 5112 9
55f0388ff000 57 2 5173 9
55f0388fe000 43 2 5219 9
55f0388fd000 40 2 5262 9
55f0388fc000 55 2 5321 9
55f0388e6000 70 3 5395 10
5454 10
0x55f0388f1000
55f0388f1000 60 27 88 3
55f038923000 445 72 607 3
55f038924000 814 127 1550 3
55f0388ef000 26 11 1587 3
55f0388ee000 41 14 1643 4
55f038920000 57 16 1717 4
55f0388bc000 38 12 1768 4
55f0388fa000 54 20 1843 5
55f038904000 48 12 1904 5
55f0388e1000 49 16 1971 7
55f0388e0000 55 6 2033 7
55f0388d6000 48 6 2088 7
55f0388d5000 38 4 2131 7
55f0388bf000 40 4 2177 7
55f0388be000 62 6 2246 7
55f0388bd000 111 14 2372 8
55f0388f2000 52 5 2431 8
55f0388bb000 17 2 2452 8
55f0388c5000 40 4 2497 8
55f03891c000 53 5 2556 9
55f038906000 38 2 2599 9
55f038905000 55 1 2656 9
55f0388e4000 57 2 2717 9
55f038915000 60 2 2780 9
55f038914000 35 1 2818 9
55f038913000 49 1 2869 9
55f0388c8000 36 1 2908 9
55f0388c7000 24 0 2933 9
55f0388c6000 27 1 2963 9
55f038903000 50 1 3015 9
55f03890a000 54 1 3072 9
55f0388cc000 49 1 3126 9
55f0388cb000 38 1 3166 9
55f038910000 40 1 3209 9
55f03890f000 45 2 3257 9
55f03890e000 55 2 3315 9
55f038902000 50 2 3368 9
55f038908000 51 2 3423 9
55f038907000 39 1 3464 9
55f0388c0000 60 2 3527 9
55f0388fb000 50 2 3580 9
55f0388d2000 55 2 3639 9
55f03890b000 56 1 3697 9
55f0388d4000 49 1 3749 9
55f0388f7000 50 2 3803 9
55f0388e9000 45 2 3851 9
55f0388f9000 47 1 3900 9
55f0388c4000 53 1 3956 9
55f03891f000 44 2 4003 9
55f03891e000 57 1 4062 9
55f0388d1000 58 1 4122 9
55f0388d0000 53 1 4177 9
55f0388e3000 56 0 4235 9
55f0388e2000 37 1 4275 9
55f03891a000 50 1 4329 9
55f038919000 45 1 4376 9
55f03890c000 42 1 4420 9
55f0388cd000 36 1 4460 9
55f0388ea000 56 2 4520 9
55f03890d000 44 2 4566 9
55f0388c9000 49 2 4618 9
55f0388e8000 57 2 4679 9
55f0388ca000 36 1 4719 9
55f0388ed000 52 2 4776 9
55f0388ec000 56 1 4834 9
55f0388eb000 57 2 4895 9
55f0388c2000 63 1 4961 9
55f0388c3000 43 1 5008 9
55f038918000 51 2 5062 9
55f038917000 62 3 5128 9
55f038916000 43 2 5174 9
55f0388ff000 58 1 5234 9
55f0388fe000 43 1 5280 9
55f0388fd000 40 2 5324 9
55f0388fc000 56 2 5383 9
55f0388e6000 70 2 5456 10
5517 10
0x55f0388dc000
55f0388dc000 33 18 51 2
55f038923000 449 83 584 2
55f038924000 824 144 1554 2
55f0388bc000 38 16 1608 3
55f0388fa000 54 22 1685 4
55f038904000 47 14 1748 4
55f038920000 57 14 1820 4
55f0388c4000 53 13 1888 4
55f0388fd000 41 17 1947 6
55f0388fc000 56 11 2015 6
55f0388e6000 70 13 2099 7
55f0388c5000 41 8 2148 7
55f03891c000 53 9 2211 8
55f038906000 39 5 2258 8
55f038905000 55 6 2320 8
55f0388e4000 58 5 2384 9
55f0388bb000 17 3 2406 9
55f038915000 61 4 2471 9
55f038914000 35 4 2512 9
55f038913000 49 4 2566 9
55f0388c8000 36 4 2607 9
55f0388c7000 24 3 2635 9
55f0388c6000 28 3 2667 9
55f038903000 50 4 2722 9
55f03890a000 55 4 2782 9
55f0388e1000 50 4 2839 10
2858 10
0x55f038909000
55f038909000 44 26 70 3
55f038924000 816 127 1014 3
55f038923000 446 73 1533 3
55f0388bc000 37 13 1585 3
55f0388fa000 54 22 1662 4
55f038904000 47 14 1725 4
55f038920000 57 14 1797 4
55f0388c4000 54 13 1865 4
55f0388fd000 41 17 1924 6
55f0388fc000 56 11 1992 6
55f0388e6000 70 12 2075 7
55f0388c5000 40 8 2124 7
55f03891c000 53 9 2188 8
55f038906000 38 6 2235 8
55f038905000 55 5 2296 8
55f0388e4000 57 6 2361 9
55f0388bb000 17 3 2382 9
55f038915000 60 5 2448 9
55f038914000 36 3 2488 9
55f038913000 49 4 2542 9
55f0388c8000 36 4 2583 9
55f0388c7000 24 3 2611 9
55f0388c6000 28 3 2643 9
55f038903000 49 4 2697 9
55f03890a000 54 4 2757 9
55f0388e1000 50 4 2815 10
2834 10
0x55f0388ed000
55f0388ed000 52 29 81 5
55f0388ec000 56 12 150 6
55f038923000 446 44 641 6
55f038924000 814 80 1536 6
55f038903000 50 10 1597 6
55f0388bc000 37 7 1642 6
55f0388fa000 54 12 1710 6
55f038904000 47 10 1769 6
55f038920000 57 10 1837 6
55f0388c4000 54 9 1901 6
55f0388fd000 41 12 1955 8
55f0388fc000 55 7 2018 8
55f0388e6000 70 7 2095 9
55f0388c5000 40 4 2140 9
55f03891c000 53 5 2199 9
55f038906000 39 4 2244 9
55f038905000 55 4 2304 9
55f0388e4000 58 4 2367 9
55f0388bb000 17 3 2388 9
55f038915000 61 5 2454 9
55f038914000 35 4 2494 9
55f038913000 49 4 2548 9
55f0388c8000 36 4 2589 9
55f0388c7000 24 3 2617 9
55f0388c6000 28 3 2649 9
55f0388e1000 49 5 2706 10
2727 10
0x55f0388ec000
55f0388ec000 57 26 84 4
55f038923000 446 64 595 4
55f038924000 815 114 1526 4
55f038903000 50 16 1592 4
55f0388bc000 37 12 1642 4
55f0388fa000 53 21 1718 5
55f038904000 47 13 1779 5
55f038920000 57 12 1849 5
55f0388c4000 53 12 1916 5
55f0388fd000 41 15 1973 7
55f0388fc000 56 9 2039 7
55f0388e6000 70 10 2120 8
55f0388c5000 40 6 2167 8
55f03891c000 53 7 2229 9
55f038906000 38 4 2274 9
55f038905000 55 4 2335 9
55f0388e4000 57 4 2397 9
55f0388bb000 17 3 2419 9
55f038915000 61 4 2484 9
55f038914000 35 4 2525 9
55f038913000 49 4 2579 9
55f0388c8000 36 4 2620 9
55f0388c7000 24 3 2648 9
55f0388c6000 28 3 2680 9
55f0388e1000 49 5 2737 10
2757 10
0x55f0388eb000
55f0388eb000 57 28 86 3
55f038924000 818 126 1031 3
55f0388ea000 56 18 1106 3
55f038923000 446 71 1624 3
55f0388bc000 37 13 1676 4
55f0388fa000 53 19 1750 5
55f038904000 48 10 1809 5
55f038920000 57 11 1878 5
55f0388c4000 53 11 1943 5
55f0388fd000 40 13 1997 6
55f0388fc000 56 11 2066 6
55f0388e6000 70 12 2149 7
55f0388c5000 40 8 2198 7
55f03891c000 53 10 2262 8
55f038906000 39 5 2308 8
55f038905000 55 5 2370 8
55f0388e4000 58 6 2435 9
55f0388bb000 17 3 2456 9
55f038915000 61 4 2521 9
55f038914000 35 4 2562 9
55f038913000 49 4 2616 9
55f0388c8000 36 4 2657 9
55f0388c7000 24 3 2685 9
55f0388c6000 28 3 2717 9
55f038903000 49 4 2772 9
55f03890a000 54 4 2832 9
55f0388e1000 50 5 2890 10
2909 10
0x55f0388ea000
55f0388ea000 57 25 82 2
82 2
0x55f0388e8000
55f0388e8000 58 29 87 4
55f038923000 444 62 594 4
55f038904000 48 13 656 4
55f038924000 817 110 1585 4
55f0388bc000 37 11 1634 4
55f0388fa000 54 18 1707 5
55f0388f9000 47 9 1764 5
55f0388bb000 17 6 1789 5
55f038920000 57 11 1857 5
55f0388c4000 53 11 1922 5
55f0388fd000 40 13 1976 6
55f0388fc000 55 11 2044 6
55f0388e6000 70 13 2128 7
55f0388c5000 40 8 2177 7
55f03891c000 53 10 2241 8
55f038906000 39 6 2288 8
55f038905000 55 5 2349 8
55f0388e4000 57 5 2413 9
55f038915000 60 5 2480 9
55f038914000 36 3 2520 9
55f038913000 49 4 2574 9
55f0388c8000 37 3 2615 9
55f0388c7000 24 3 2644 9
55f0388c6000 27 3 2675 9
55f038903000 49 4 2730 9
55f03890a000 54 4 2790 9
55f0388e1000 49 5 2848 10
2868 10
0x55f0388c2000
55f0388c2000 63 22 86 2
55f038924000 817 144 1048 2
55f038920000 57 22 1127 3
55f0388bc000 37 14 1179 3
55f038923000 449 73 1702 3
55f0388fa000 54 23 1780 4
55f038904000 48 14 1843 4
55f0388e1000 50 19 1913 6
55f0388e0000 55 7 1976 6
55f0388d6000 48 9 2034 6
55f0388d5000 37 6 2078 6
55f0388bf000 41 4 2125 6
55f0388be000 62 7 2196 7
55f0388bd000 112 14 2323 8
55f0388f2000 53 5 2383 8
55f0388bb000 17 2 2404 8
55f0388c5000 40 4 2449 8
55f03891c000 54 5 2509 9
55f038906000 39 2 2552 9
55f038905000 55 1 2609 9
55f0388e4000 58 1 2670 9
55f038915000 61 1 2734 9
55f038914000 36 0 2772 9
55f038913000 49 1 2824 9
55f0388c8000 37 1 2863 9
55f0388c7000 24 1 2889 9
55f0388c6000 28 1 2919 9
55f038903000 49 2 2971 9
55f03890a000 55 1 3028 9
55f0388cc000 49 1 3082 9
55f0388cb000 38 1 3122 9
55f038910000 40 1 3165 9
55f03890f000 45 2 3213 9
55f03890e000 56 1 3271 9
55f038902000 49 3 3325 9
55f038908000 51 2 3379 9
55f038907000 38 1 3420 9
55f0388c0000 59 2 3483 9
55f0388fb000 50 1 3536 9
55f0388d2000 55 2 3596 9
55f03890b000 56 1 3654 9
55f0388d4000 48 2 3706 9
55f0388f7000 50 2 3760 9
55f0388e9000 45 2 3808 9
55f0388f9000 47 1 3857 9
55f0388ee000 41 1 3900 9
55f0388f0000 29 0 3932 9
55f0388ef000 26 0 3960 9
55f0388f1000 61 1 4023 9
55f0388dc000 33 0 4059 9
55f038909000 44 1 4107 9
55f0388c4000 53 2 4164 9
55f0388ed000 53 1 4218 9
55f0388ec000 55 2 4277 9
55f0388eb000 57 2 4337 9
55f0388ea000 56 2 4397 9
55f0388e8000 57 2 4457 9
55f038918000 51 2 4513 9
55f038917000 62 3 4579 9
55f038916000 44 1 4625 9
55f0388ff000 57 2 4686 9
55f0388fe000 43 2 4732 9
55f0388fd000 41 2 4776 9
55f0388fc000 56 1 4834 9
55f0388e6000 70 3 4908 10
4961 10
0x55f038918000
55f038918000 51 30 81 2
55f038917000 62 29 173 6
55f038916000 44 10 228 6
55f038923000 448 44 721 6
55f038924000 816 80 1618 6
55f0388bc000 38 7 1663 6
55f0388fa000 54 12 1730 6
55f038904000 48 9 1788 6
55f038920000 57 9 1855 6
55f0388c4000 54 9 1919 6
55f0388fd000 40 12 1972 6
55f0388fc000 56 11 2040 6
55f0388e6000 70 12 2123 7
55f0388c5000 40 8 2172 7
55f03891c000 53 9 2236 8
55f038906000 38 6 2283 8
55f038905000 55 5 2344 8
55f0388e4000 57 6 2409 9
55f0388bb000 17 3 2430 9
55f038915000 60 5 2496 9
55f038914000 35 4 2536 9
55f038913000 49 4 2590 9
55f0388c8000 37 3 2631 9
55f0388c7000 24 3 2659 9
55f0388c6000 28 3 2691 9
55f038903000 50 4 2746 9
55f03890a000 55 4 2806 9
55f0388e1000 50 4 2863 10
2884 10
0x55f038917000
55f038917000 62 34 96 6
55f038916000 43 10 151 6
55f038923000 448 43 644 6
55f038924000 816 80 1541 6
55f0388bc000 37 7 1586 6
55f0388fa000 54 12 1653 6
55f038904000 47 9 1711 6
55f038920000 57 9 1778 6
55f0388c4000 53 9 1842 6
55f0388fd000 40 12 1895 6
55f0388fc000 56 11 1963 6
55f0388e6000 70 12 2046 7
55f0388c5000 40 8 2095 7
55f03891c000 53 9 2159 8
55f038906000 39 5 2206 8
55f038905000 55 5 2267 8
55f0388e4000 57 6 2332 9
55f0388bb000 17 3 2353 9
55f038915000 60 5 2419 9
55f038914000 36 3 2459 9
55f038913000 49 4 2513 9
55f0388c8000 37 3 2554 9
55f0388c7000 23 3 2582 9
55f0388c6000 27 3 2614 9
55f038903000 49 4 2669 9
55f03890a000 54 4 2729 9
55f0388e1000 49 5 2787 10
2807 10
0x55f038916000
55f038916000 43 29 72 3
55f038923000 449 72 594 3
55f038924000 822 127 1544 3
55f0388bc000 37 13 1595 3
55f0388fa000 54 22 1673 4
55f038904000 48 13 1735 4
55f038920000 56 14 1807 4
55f0388c4000 53 14 1876 4
55f0388fd000 40 17 1934 6
55f0388fc000 55 12 2003 6
55f0388e6000 71 12 2086 7
55f0388c5000 40 8 2135 7
55f03891c000 53 10 2199 8
55f038906000 39 6 2246 8
55f038905000 55 5 2307 8
55f0388e4000 57 6 2372 9
55f0388bb000 17 3 2393 9
55f038915000 61 4 2458 9
55f038914000 35 4 2499 9
55f038913000 49 4 2553 9
55f0388c8000 36 4 2594 9
55f0388c7000 24 3 2622 9
55f0388c6000 28 3 2654 9
55f038903000 50 4 2709 9
55f03890a000 56 4 2770 9
55f0388e1000 50 5 2828 10
2847 10
0x55f0388ff000
55f0388ff000 58 27 85 2
55f0388bb000 17 14 117 2
55f0388fe000 43 22 182 5
55f038924000 813 97 1093 5
55f0388bc000 37 9 1140 5
55f038923000 447 53 1641 5
55f0388fa000 53 16 1712 6
55f038904000 47 9 1770 6
55f038920000 57 9 1838 6
55f0388c4000 53 9 1902 6
55f0388fd000 40 12 1955 6
55f0388fc000 56 11 2023 6
55f0388e6000 70 12 2106 7
55f0388c5000 40 8 2155 7
55f03891c000 53 9 2219 8
55f038906000 38 6 2266 8
55f038905000 55 5 2327 8
55f0388e4000 57 6 2392 9
55f038915000 61 4 2458 9
55f038914000 35 4 2499 9
55f038913000 49 4 2553 9
55f0388c8000 37 4 2595 9
55f0388c7000 24 3 2623 9
55f0388c6000 28 3 2655 9
55f038903000 50 4 2710 9
55f03890a000 55 3 2770 9
55f0388e1000 50 4 2828 10
2848 10
0x55f0388fe000
55f0388fe000 43 25 69 5
55f038924000 812 97 980 5
55f0388bc000 37 9 1027 5
55f038923000 446 53 1528 5
55f0388fa000 54 16 1600 6
55f038904000 48 9 1658 6
55f038920000 57 9 1725 6
55f0388c4000 53 9 1789 6
55f0388fd000 40 12 1842 6
55f0388fc000 56 11 1910 6
55f0388e6000 70 12 1993 7
55f0388c5000 40 8 2042 7
55f03891c000 53 9 2106 8
55f038906000 38 6 2153 8
55f038905000 55 5 2214 8
55f0388e4000 57 6 2279 9
55f0388bb000 17 3 2300 9
55f038915000 60 5 2366 9
55f038914000 36 3 2406 9
55f038913000 49 4 2460 9
55f0388c8000 37 3 2501 9
55f0388c7000 23 3 2529 9
55f0388c6000 27 3 2561 9
55f038903000 49 4 2616 9
55f03890a000 54 4 2676 9
55f0388e1000 49 5 2734 10
2753 10
0x55f0388c9000
55f0388c9000 49 31 80 4
55f038924000 817 110 1008 4
55f0388bc000 37 10 1056 4
55f038923000 445 62 1565 4
55f0388fa000 54 18 1638 4
55f038904000 48 14 1701 4
55f038920000 57 14 1773 4
55f0388c4000 54 13 1841 4
55f0388fd000 41 17 1900 6
55f0388fc000 56 11 1968 6
55f0388e6000 70 12 2051 7
55f0388c5000 40 8 2100 7
55f03891c000 53 9 2164 8
55f038906000 38 6 2211 8
55f038905000 55 6 2273 8
55f0388e4000 57 6 2337 9
55f0388bb000 17 3 2359 9
55f038915000 61 4 2424 9
55f038914000 35 4 2465 9
55f038913000 49 4 2519 9
55f0388c8000 36 4 2561 9
55f0388c7000 24 3 2589 9
55f0388c6000 28 3 2621 9
55f038903000 49 4 2675 9
55f03890a000 54 4 2735 9
55f0388e1000 49 5 2793 10
2811 10
0x55f0388ca000
55f0388ca000 36 21 58 2
55f0388bc000 38 16 113 3
55f038924000 817 127 1058 3
55f038923000 447 72 1577 3
55f0388fa000 53 23 1655 4
55f038904000 48 13 1717 4
55f038920000 56 15 1790 4
55f0388c4000 53 14 1858 4
55f0388fd000 41 17 1917 6
55f0388fc000 56 11 1985 6
55f0388e6000 70 12 2068 7
55f0388c5000 41 8 2118 7
55f03891c000 53 9 2181 8
55f038906000 39 5 2228 8
55f038905000 55 5 2290 8
55f0388e4000 57 6 2355 9
55f0388bb000 18 2 2376 9
55f038915000 61 4 2442 9
55f038914000 35 4 2483 9
55f038913000 49 4 2537 9
55f0388c8000 37 3 2578 9
55f0388c7000 23 3 2606 9
55f0388c6000 27 3 2638 9
55f038903000 49 4 2693 9
55f03890a000 55 3 2753 9
55f0388e1000 50 4 2811 10
2830 10
0x55f0388cc000
55f0388cc000 49 23 73 5
55f0388cb000 38 11 123 5
55f0388bc000 38 9 171 5
55f038924000 815 97 1084 5
55f038923000 447 53 1585 5
55f0388fa000 54 16 1657 6
55f038904000 48 9 1715 6
55f038920000 57 9 1782 6
55f0388c4000 53 9 1846 6
55f0388fd000 41 11 1899 7
55f0388fc000 56 9 1965 7
55f0388e6000 70 10 2046 8
55f0388c5000 41 6 2094 8
55f03891c000 53 8 2157 9
55f038906000 39 4 2202 9
55f038905000 55 4 2263 9
55f0388e4000 58 4 2327 9
55f0388bb000 17 3 2348 9
55f038915000 60 5 2414 9
55f038914000 36 3 2454 9
55f038913000 49 4 2508 9
55f0388c8000 37 3 2549 9
55f0388c7000 24 3 2578 9
55f0388c6000 28 3 2610 9
55f038903000 50 4 2665 9
55f03890a000 55 4 2725 9
55f0388e1000 50 5 2783 10
2803 10
0x55f0388cb000
55f0388cb000 38 22 60 3
55f0388bc000 38 13 112 3
55f038924000 816 127 1056 3
55f038923000 447 72 1576 3
55f0388fa000 54 22 1653 4
55f038904000 47 14 1716 4
55f038920000 57 14 1788 4
55f0388c4000 53 13 1856 4
55f0388fd000 41 17 1915 6
55f0388fc000 56 11 1983 6
55f0388e6000 70 12 2066 7
55f0388c5000 40 8 2115 7
55f03891c000 52 10 2179 8
55f038906000 39 6 2226 8
55f038905000 55 5 2287 8
55f0388e4000 57 6 2352 9
55f0388bb000 17 3 2373 9
55f038915000 60 5 2439 9
55f038914000 36 3 2479 9
55f038913000 49 4 2533 9
55f0388c8000 37 3 2574 9
55f0388c7000 24 3 2603 9
55f0388c6000 27 4 2635 9
55f038903000 49 4 2689 9
55f03890a000 54 4 2749 9
55f0388e1000 50 4 2807 10
2826 10
0x55f038910000
55f038910000 40 21 62 5
55f038923000 446 53 562 5
55f03890f000 45 14 623 6
55f0388c5000 41 10 675 7
55f0388bc000 38 5 719 7
55f038924000 815 66 1601 7
55f0388fa000 54 9 1665 8
55f038904000 47 4 1718 8
55f038920000 56 4 1780 8
55f0388c4000 53 4 1839 8
55f0388fd000 40 5 1885 8
55f0388fc000 55 5 1947 8
55f0388e6000 70 6 2024 9
55f0388fb000 50 3 2078 9
55f0388bb000 17 2 2099 9
55f0388d2000 55 3 2158 9
55f03890b000 57 2 2218 9
55f03890a000 55 3 2277 9
55f038914000 35 3 2316 10
2327 10
0x55f038911000
55f038911000 34 20 54 2
55f038923000 450 83 587 2
55f038910000 41 18 647 5
55f03890f000 46 14 707 6
55f0388c5000 41 11 760 7
55f0388bc000 38 5 803 7
55f038924000 823 67 1694 7
55f0388fa000 54 10 1758 8
55f038904000 48 4 1811 8
55f038920000 57 4 1873 8
55f0388c4000 54 4 1932 8
55f0388fd000 41 5 1978 8
55f0388fc000 56 5 2040 8
55f0388e6000 71 5 2117 9
55f0388fb000 51 2 2171 9
55f0388bb000 18 1 2192 9
55f0388d2000 56 3 2252 9
55f03890b000 56 3 2312 9
55f03890a000 55 3 2371 9
55f038914000 36 2 2409 10
2422 10
0x55f0388d9000
55f0388d9000 55 28 84 5
55f0388bc000 37 10 132 5
55f038924000 821 97 1051 5
55f038923000 449 54 1555 5
55f0388fa000 55 16 1627 6
55f038904000 48 9 1685 6
55f038920000 57 9 1752 6
55f0388c4000 54 9 1816 6
55f0388fd000 41 11 1869 6
55f0388fc000 56 11 1937 6
55f0388e6000 70 13 2021 7
55f0388c5000 41 8 2070 7
55f03891c000 53 10 2134 8
55f038906000 39 6 2181 8
55f038905000 55 5 2242 8
55f0388e4000 58 6 2307 9
55f0388bb000 18 2 2327 9
55f038915000 60 5 2393 9
55f038914000 35 4 2433 9
55f038913000 49 4 2487 9
55f0388c8000 37 3 2527 9
55f0388c7000 24 3 2555 9
55f0388c6000 28 3 2587 9
55f038903000 49 4 2641 9
55f03890a000 54 4 2700 9
55f0388e1000 49 5 2758 10
2776 10
0x55f03891f000
55f03891f000 44 23 67 2
55f0388bc000 37 16 121 3
55f038924000 815 127 1064 3
55f038923000 451 72 1587 3
55f0388fa000 55 22 1665 4
55f038904000 48 14 1728 4
55f038920000 56 14 1799 4
55f0388c4000 54 13 1867 4
55f0388fd000 40 17 1925 6
55f0388fc000 56 11 1993 6
55f0388e6000 70 12 2076 7
55f0388c5000 40 8 2125 7
55f03891c000 53 9 2188 8
55f038906000 38 6 2235 8
55f038905000 54 6 2296 8
55f0388e4000 57 6 2360 9
55f0388bb000 17 3 2381 9
55f038915000 61 4 2446 9
55f038914000 36 3 2486 9
55f038913000 49 4 2540 9
55f0388c8000 36 4 2581 9
55f0388c7000 24 3 2608 9
55f0388c6000 28 3 2640 9
55f038903000 49 4 2694 9
55f03890a000 55 4 2754 9
55f0388e1000 49 5 2811 10
2829 10
0x55f05ce67000
0 0
0x55f03891e000
55f03891e000 58 20 78 2
55f0388d1000 57 20 156 5
55f0388d0000 53 13 222 5
55f0388c5000 40 12 275 5
55f0388bc000 37 10 323 5
55f038924000 815 97 1236 5
55f038923000 447 53 1737 5
55f0388fa000 53 17 1809 6
55f038904000 47 9 1866 6
55f038920000 57 9 1933 6
55f0388c4000 54 9 1997 6
55f0388fd000 41 11 2049 6
55f0388fc000 56 11 2117 6
55f0388e6000 70 12 2200 7
55f0388fb000 50 8 2259 7
55f0388bb000 17 5 2283 7
55f03890f000 46 9 2338 8
55f03890e000 55 7 2401 8
55f038902000 50 9 2461 8
55f038908000 51 8 2521 9
55f038907000 39 2 2563 9
55f038906000 39 2 2605 9
55f038905000 55 3 2664 9
55f0388e4000 58 3 2726 9
55f038915000 60 3 2790 9
55f038914000 35 2 2829 10
2852 10
0x55f0388d1000
55f0388d1000 58 23 81 5
55f0388d0000 53 13 147 5
55f0388c5000 40 12 200 5
55f0388bc000 37 10 248 5
55f038924000 816 98 1163 5
55f038923000 447 54 1664 5
55f0388fa000 54 16 1735 6
55f038904000 47 9 1792 6
55f038920000 57 9 1859 6
55f0388c4000 54 9 1923 6
55f0388fd000 41 11 1975 6
55f0388fc000 56 11 2043 6
55f0388e6000 70 12 2126 7
55f0388fb000 50 8 2185 7
55f0388bb000 17 5 2209 7
55f03890f000 46 9 2264 8
55f03890e000 55 7 2327 8
55f038902000 49 9 2386 8
55f038908000 52 7 2446 9
55f038907000 39 2 2488 9
55f038906000 39 3 2531 9
55f038905000 55 2 2589 9
55f0388e4000 57 3 2651 9
55f038915000 61 3 2716 9
55f038914000 36 2 2755 10
2776 10
0x55f0388d0000
55f0388d0000 53 25 78 4
55f0388c5000 40 17 136 5
55f0388bc000 37 9 183 5
55f038924000 818 97 1099 5
55f038923000 447 54 1600 5
55f0388fa000 54 16 1671 6
55f038904000 47 10 1729 6
55f038920000 57 9 1795 6
55f0388c4000 54 9 1859 6
55f0388fd000 41 11 1911 6
55f0388fc000 56 11 1979 6
55f0388e6000 70 13 2063 7
55f0388fb000 50 8 2122 7
55f0388bb000 18 5 2146 7
55f03890f000 45 10 2201 8
55f03890e000 55 7 2264 8
55f038902000 49 9 2323 8
55f038908000 51 8 2383 9
55f038907000 39 2 2425 9
55f038906000 39 3 2468 9
55f038905000 54 3 2526 9
55f0388e4000 58 3 2588 9
55f038915000 61 3 2653 9
55f038914000 35 3 2692 10
2711 10
0x55f0388e3000
55f0388e3000 56 21 77 3
55f038920000 57 17 152 3
55f038924000 817 127 1097 3
55f0388bc000 38 13 1148 3
55f038923000 447 72 1668 3
55f0388fa000 54 22 1745 4
55f038904000 48 13 1807 4
55f0388e1000 49 18 1876 6
55f0388e0000 55 7 1939 6
55f0388d6000 48 8 1996 6
55f0388d5000 37 6 2040 6
55f0388bf000 40 5 2087 6
55f0388be000 61 7 2156 7
55f0388bd000 111 14 2282 8
55f0388f2000 52 5 2341 8
55f0388bb000 17 2 2362 8
55f0388c5000 41 4 2407 8
55f03891c000 53 5 2466 9
55f038906000 39 2 2509 9
55f038905000 55 1 2566 9
55f0388e4000 58 2 2627 9
55f038915000 60 2 2690 9
55f038914000 35 1 2728 9
55f038913000 49 1 2779 9
55f0388c8000 37 1 2818 9
55f0388c7000 24 0 2843 9
55f0388c6000 28 0 2872 9
55f038903000 50 2 2925 9
55f03890a000 55 1 2982 9
55f0388cc000 49 1 3036 9
55f0388cb000 38 1 3076 9
55f038910000 40 1 3118 9
55f03890f000 46 1 3166 9
55f03890e000 56 2 3225 9
55f038902000 50 2 3278 9
55f038908000 52 2 3333 9
55f038907000 39 1 3374 9
55f0388c0000 60 2 3437 9
55f0388fb000 50 2 3490 9
55f0388d2000 55 2 3549 9
55f03890b000 57 1 3608 9
55f0388d4000 48 2 3660 9
55f0388f7000 50 2 3713 9
55f0388e9000 46 1 3761 9
55f0388f9000 47 1 3810 9
55f0388ee000 41 1 3853 9
55f0388f0000 28 1 3885 9
55f0388ef000 26 0 3912 9
55f0388f1000 61 1 3975 9
55f0388dc000 33 0 4011 9
55f038909000 44 2 4059 9
55f0388c4000 54 1 4115 9
55f0388ed000 52 2 4170 9
55f0388ec000 56 1 4228 9
55f0388eb000 58 2 4289 9
55f0388ea000 57 1 4348 9
55f0388e8000 58 2 4409 9
55f0388c2000 65 1 4477 9
55f0388c3000 44 1 4524 9
55f038918000 51 2 4577 9
55f038917000 63 2 4643 9
55f038916000 44 1 4689 9
55f0388ff000 58 2 4750 9
55f0388fe000 43 2 4796 9
55f0388fd000 40 2 4839 9
55f0388fc000 56 2 4898 9
55f0388e6000 70 3 4972 10
5025 10
0x55f0388e2000
55f0388e2000 38 22 60 3
60 3
0x55f0388dd000
55f0388dd000 42 28 71 3
55f038923000 449 72 593 3
55f0388dc000 33 13 640 3
55f038924000 823 127 1591 3
55f0388bc000 38 13 1642 3
55f0388fa000 54 23 1720 4
55f038904000 47 14 1782 4
55f038920000 57 15 1855 4
55f0388c4000 53 14 1923 4
55f0388fd000 40 18 1982 6
55f0388fc000 56 11 2050 6
55f0388e6000 70 13 2133 7
55f0388c5000 41 8 2182 7
55f03891c000 53 9 2245 8
55f038906000 39 6 2292 8
55f038905000 55 5 2353 8
55f0388e4000 57 6 2417 9
55f0388bb000 17 3 2438 9
55f038915000 60 5 2504 9
55f038914000 36 3 2544 9
55f038913000 49 4 2598 9
55f0388c8000 36 4 2639 9
55f0388c7000 24 3 2666 9
55f0388c6000 28 3 2698 9
55f038903000 49 4 2752 9
55f03890a000 55 4 2812 9
55f0388e1000 50 4 2869 10
2888 10
0x55f0388cf000
55f0388cf000 33 20 54 2
55 2
0x55f0388de000
55f0388de000 60 25 85 3
55f038924000 815 130 1031 3
55f0388dd000 43 21 1095 4
55f038923000 446 65 1607 4
55f0388dc000 33 11 1652 4
55f0388bc000 37 12 1703 4
55f0388fa000 54 20 1778 5
55f038904000 48 12 1839 5
55f038920000 57 12 1909 5
55f0388c4000 54 12 1976 5
55f0388fd000 41 15 2032 6
55f0388fc000 56 11 2100 6
55f0388e6000 70 13 2183 7
55f0388c5000 40 8 2231 7
55f03891c000 53 10 2295 8
55f038906000 39 5 2341 8
55f038905000 55 5 2402 8
55f0388e4000 58 5 2466 9
55f0388bb000 17 3 2487 9
55f038915000 60 5 2553 9
55f038914000 35 4 2593 9
55f038913000 50 3 2646 9
55f0388c8000 37 3 2687 9
55f0388c7000 24 3 2715 9
55f0388c6000 27 4 2747 9
55f038903000 49 4 2801 9
55f03890a000 55 4 2861 9
55f0388e1000 49 5 2918 10
2939 10
0x55f0388df000
55f0388df000 39 22 61 3
55f0388bb000 18 13 93 3
55f038924000 815 129 1038 3
55f038923000 446 75 1560 3
55f0388bc000 37 15 1613 4
55f0388fa000 54 20 1688 5
55f038904000 48 12 1749 5
55f038920000 57 13 1820 5
55f0388c4000 53 12 1886 5
55f0388fd000 41 15 1943 6
55f0388fc000 55 12 2011 6
55f0388e6000 70 13 2094 7
55f0388c5000 40 8 2142 7
55f03891c000 53 10 2206 8
55f038906000 39 5 2252 8
55f038905000 55 5 2313 8
55f0388e4000 57 6 2378 9
55f038915000 60 5 2444 9
55f038914000 35 3 2483 9
55f038913000 49 4 2537 9
55f0388c8000 36 4 2578 9
55f0388c7000 24 3 2606 9
55f0388c6000 27 3 2637 9
55f038903000 50 4 2692 9
55f03890a000 54 4 2751 9
55f0388e1000 50 5 2809 10
2828 10
0x55f0388f4000
55f0388f4000 55 28 83 5
55f0388f3000 36 11 131 5
55f03890f000 45 15 191 6
55f0388c5000 40 11 243 6
55f0388bc000 37 9 290 6
55f038924000 817 84 1192 6
55f038923000 447 46 1685 6
55f0388fa000 54 14 1754 7
55f038904000 47 8 1810 7
55f038920000 57 8 1876 7
55f0388c4000 53 8 1938 7
55f0388fd000 41 10 1989 7
55f0388fc000 56 9 2054 7
55f0388e6000 70 10 2135 8
55f0388fb000 51 6 2193 8
55f0388bb000 17 4 2216 8
55f0388d2000 55 7 2279 8
55f03890b000 56 6 2343 8
55f03890a000 54 7 2405 8
55f038914000 35 6 2447 9
55f038913000 50 4 2501 9
55f0388c8000 36 4 2542 9
55f0388c7000 24 3 2569 9
55f0388c6000 28 3 2601 9
55f038903000 50 3 2655 9
55f038905000 55 4 2718 9
55f0388e4000 57 4 2781 9
55f038915000 61 4 2847 9
55f038900000 52 4 2905 9
55f0388ff000 58 4 2968 9
55f0388fe000 43 4 3016 9
55f0388c9000 48 5 3072 9
55f0388e8000 57 5 3135 9
55f0388f9000 47 3 3186 9
55f0388ee000 41 3 3231 9
55f0388f0000 29 3 3266 9
55f0388ef000 26 3 3296 9
55f0388f1000 60 4 3361 9
55f0388dc000 33 3 3400 9
55f038902000 49 6 3457 9
55f038908000 51 5 3514 10
3543 10
0x55f0388f3000
55f0388f3000 35 21 57 2
58 2
0x55f0388f8000
55f0388f8000 38 22 60 2
55f038924000 813 143 1017 2
55f0388bc000 37 16 1071 3
55f038923000 447 72 1591 3
55f0388fa000 54 22 1668 4
55f038904000 48 14 1731 4
55f038920000 57 14 1803 4
55f0388c4000 53 14 1871 4
55f0388fd000 41 17 1929 6
55f0388fc000 56 11 1997 6
55f0388e6000 70 12 2080 7
55f0388c5000 40 8 2129 7
55f03891c000 53 10 2193 8
55f038906000 39 5 2239 8
55f038905000 55 5 2300 8
55f0388e4000 58 5 2364 9
55f0388bb000 17 3 2385 9
55f038915000 60 5 2451 9
55f038914000 35 4 2491 9
55f038913000 49 4 2545 9
55f0388c8000 36 4 2586 9
55f0388c7000 24 3 2613 9
55f0388c6000 28 3 2645 9
55f038903000 49 4 2699 9
55f03890a000 55 4 2759 9
55f0388e1000 50 4 2816 10
2834 10
0x55f0388f5000
55f0388f5000 53 25 79 2
79 2
0x55f0388db000
55f0388db000 52 29 81 5
55f038923000 446 54 582 5
55f038924000 815 97 1495 5
55f0388bc000 37 9 1542 5
55f0388fa000 54 16 1613 6
55f038904000 48 9 1671 6
55f038920000 57 9 1738 6
55f0388c4000 53 9 1801 6
55f0388fd000 40 12 1854 6
55f0388fc000 55 11 1921 6
55f0388e6000 70 12 2004 7
55f0388c5000 41 8 2054 7
55f03891c000 53 9 2117 8
55f038906000 39 6 2164 8
55f038905000 55 5 2224 8
55f0388e4000 57 6 2289 9
55f0388bb000 18 2 2309 9
55f038915000 60 5 2375 9
55f038914000 35 4 2415 9
55f038913000 49 4 2469 9
55f0388c8000 37 3 2509 9
55f0388c7000 24 3 2537 9
55f0388c6000 28 3 2569 9
55f038903000 49 4 2623 9
55f03890a000 55 4 2683 9
55f0388e1000 49 5 2740 10
2759 10
0x55f03891d000
55f03891d000 46 26 72 5
55f0388f9000 46 12 131 5
55f0388bc000 37 9 178 5
55f038924000 813 97 1089 5
55f038923000 445 54 1589 5
55f0388fa000 54 16 1660 6
55f038904000 47 9 1717 6
55f038920000 57 9 1784 6
55f0388c4000 54 9 1848 6
55f0388fd000 41 11 1900 6
55f0388fc000 56 11 1968 6
55f0388e6000 69 13 2051 7
55f0388c5000 40 9 2100 7
55f03891c000 53 10 2163 8
55f038906000 39 5 2209 8
55f038905000 55 5 2270 8
55f0388e4000 57 6 2335 9
55f0388bb000 17 3 2356 9
55f038915000 61 4 2421 9
55f038914000 36 3 2461 9
55f038913000 49 4 2515 9
55f0388c8000 37 3 2556 9
55f0388c7000 24 3 2584 9
55f0388c6000 28 3 2616 9
55f038903000 49 4 2670 9
55f03890a000 55 4 2730 9
55f0388e1000 50 5 2788 10
2808 10
0x55f0388c1000
55f0388c1000 54 30 85 3
55f038920000 57 18 161 3
55f038924000 817 127 1106 3
55f0388bc000 37 13 1156 3
55f038923000 448 72 1677 3
55f0388fa000 54 22 1754 4
55f038904000 47 14 1816 4
55f0388e1000 50 18 1885 6
55f0388e0000 55 6 1947 6
55f0388d6000 48 9 2005 6
55f0388d5000 38 5 2048 6
55f0388bf000 40 5 2095 6
55f0388be000 61 7 2164 7
55f0388bd000 111 14 2290 8
55f0388f2000 53 5 2349 8
55f0388bb000 18 1 2369 8
55f0388c5000 40 4 2414 8
55f03891c000 53 5 2473 9
55f038906000 39 1 2515 9
55f038905000 55 1 2572 9
55f0388e4000 57 1 2632 9
55f038915000 61 2 2696 9
55f038914000 35 1 2733 9
55f038913000 49 1 2784 9
55f0388c8000 36 1 2822 9
55f0388c7000 24 1 2848 9
55f0388c6000 28 1 2877 9
55f038903000 49 1 2928 9
55f03890a000 54 1 2985 9
55f0388cc000 48 2 3039 9
55f0388cb000 37 1 3078 9
55f038910000 41 1 3121 9
55f03890f000 45 2 3169 9
55f03890e000 55 1 3226 9
55f038902000 50 2 3279 9
55f038908000 52 1 3333 9
55f038907000 39 1 3374 9
55f0388c0000 60 2 3437 9
55f0388fb000 50 1 3489 9
55f0388d2000 54 2 3548 9
55f03890b000 56 2 3607 9
55f0388d4000 48 2 3658 9
55f0388f7000 50 2 3711 9
55f0388e9000 45 2 3759 9
55f0388f9000 46 1 3807 9
55f0388ee000 41 0 3849 9
55f0388f0000 29 0 3881 9
55f0388ef000 26 1 3909 9
55f0388f1000 61 2 3972 9
55f0388dc000 33 0 4007 9
55f038909000 44 2 4055 9
55f0388c4000 53 2 4111 9
55f0388ed000 52 2 4165 9
55f0388ec000 56 1 4223 9
55f0388eb000 57 2 4283 9
55f0388ea000 56 2 4342 9
55f0388e8000 58 1 4401 9
55f0388c2000 64 1 4469 9
55f0388c3000 47 1 4519 9
55f038918000 51 2 4573 9
55f038917000 62 3 4639 9
55f038916000 44 1 4685 9
55f0388ff000 58 2 4746 9
55f0388fe000 43 2 4792 9
55f0388fd000 41 2 4836 9
55f0388fc000 56 2 4895 9
55f0388e6000 71 2 4968 10
5022 10
0x55f0388d2000
55f0388d2000 55 29 84 2
55f038923000 449 83 617 2
55f0388bc000 38 16 672 3
55f038924000 824 137 1634 3
55f0388fa000 54 23 1712 4
55f038904000 48 14 1774 4
55f038920000 57 15 1847 4
55f0388c4000 53 14 1915 4
55f0388fd000 41 17 1974 6
55f0388fc000 56 11 2042 6
55f0388e6000 70 13 2126 7
55f0388c5000 41 8 2175 7
55f03891c000 53 10 2239 8
55f038906000 39 5 2285 8
55f038905000 55 6 2347 8
55f0388e4000 58 6 2412 9
55f0388bb000 17 3 2433 9
55f038915000 61 5 2499 9
55f038914000 35 4 2539 9
55f038913000 49 4 2593 9
55f0388c8000 36 4 2634 9
55f0388c7000 24 3 2662 9
55f0388c6000 28 3 2694 9
55f038903000 49 4 2748 9
55f03890a000 55 4 2808 9
55f0388e1000 50 5 2866 10
2885 10
0x55f038900000
55f038900000 53 25 78 6
55f038923000 453 46 578 6
55f0388ff000 58 12 649 6
55f0388bb000 17 7 674 6
55f0388fe000 43 12 730 6
55f038924000 823 84 1637 6
55f0388bc000 37 8 1683 6
55f0388fa000 54 14 1752 7
55f038904000 48 7 1808 7
55f038920000 57 8 1874 7
55f0388c4000 53 8 1936 7
55f0388fd000 41 9 1986 7
55f0388fc000 56 9 2052 7
55f0388e6000 70 10 2133 8
55f0388c5000 40 7 2181 8
55f03891c000 53 8 2242 9
55f038906000 39 4 2287 9
55f038905000 55 4 2347 9
55f0388e4000 57 4 2409 9
55f038915000 61 4 2475 9
55f038914000 36 3 2515 9
55f038913000 49 4 2569 9
55f0388c8000 36 4 2610 9
55f0388c7000 24 3 2638 9
55f0388c6000 28 3 2669 9
55f038903000 50 4 2724 9
55f03890a000 54 4 2783 9
55f0388e1000 50 5 2841 10
2861 10
0x55f0388f6000
55f0388f6000 43 22 66 2
66 2
0x55f038901000
55f038901000 48 26 74 2
55f0388bc000 38 16 129 3
55f038924000 815 127 1071 3
55f038923000 446 73 1591 3
55f0388fa000 54 22 1668 4
55f038904000 48 13 1730 4
55f038920000 57 14 1802 4
55f0388c4000 53 14 1871 4
55f0388fd000 41 17 1929 6
55f0388fc000 56 11 1997 6
55f0388e6000 70 12 2080 7
55f0388c5000 40 8 2129 7
55f03891c000 53 9 2192 8
55f038906000 39 6 2239 8
55f038905000 54 6 2300 8
55f0388e4000 57 6 2364 9
55f0388bb000 17 3 2385 9
55f038915000 61 4 2450 9
55f038914000 36 3 2490 9
55f038913000 49 4 2544 9
55f0388c8000 36 4 2585 9
55f0388c7000 24 3 2613 9
55f0388c6000 27 3 2644 9
55f038903000 50 4 2699 9
55f03890a000 54 4 2758 9
55f0388e1000 49 5 2816 10
2835 10
0x55f03890d000
55f03890d000 44 34 78 5
55f0388c9000 49 17 144 7
55f038924000 817 64 1026 7
55f0388bc000 38 4 1068 7
55f038923000 446 33 1548 7
55f0388fa000 53 9 1612 7
55f038904000 48 6 1667 7
55f038920000 57 7 1732 7
55f0388c4000 53 7 1793 7
55f0388fd000 41 8 1842 7
55f0388fc000 56 8 1907 7
55f0388e6000 70 9 1987 8
55f0388c5000 41 5 2033 8
55f03891c000 53 6 2093 8
55f038906000 39 6 2140 8
55f038905000 55 6 2201 8
55f0388e4000 57 6 2265 9
55f0388bb000 17 3 2286 9
55f038915000 61 5 2352 9
55f038914000 35 4 2392 9
55f038913000 49 4 2446 9
55f0388c8000 36 4 2487 9
55f0388c7000 23 3 2514 9
55f0388c6000 28 3 2546 9
55f038903000 49 4 2600 9
55f03890a000 54 4 2660 9
55f0388e1000 51 5 2719 10
2738 10
0x55f0388d3000
55f0388d3000 51 24 75 4
55f038924000 816 114 1006 4
55f0388bc000 37 13 1056 5
55f038923000 447 53 1557 5
55f0388fa000 54 16 1629 6
55f038904000 47 9 1686 6
55f038920000 57 9 1753 6
55f0388c4000 54 9 1817 6
55f0388fd000 41 11 1869 6
55f0388fc000 56 11 1937 6
55f0388e6000 71 12 2021 7
55f0388c5000 41 8 2071 7
55f03891c000 53 10 2135 8
55f038906000 39 5 2181 8
55f038905000 56 5 2243 8
55f0388e4000 58 6 2308 9
55f0388bb000 17 3 2329 9
55f038915000 62 4 2395 9
55f038914000 36 3 2435 9
55f038913000 50 4 2490 9
55f0388c8000 36 4 2531 9
55f0388c7000 24 3 2559 9
55f0388c6000 28 3 2591 9
55f038903000 50 4 2646 9
55f03890a000 55 4 2706 9
55f0388e1000 50 5 2764 10
2783 10
0x55f0388d8000
55f0388d8000 46 23 69 3
55f038923000 451 73 594 3
55f038924000 825 127 1547 3
55f0388bc000 38 13 1598 3
55f0388fa000 54 23 1676 4
55f038904000 48 14 1739 4
55f038920000 57 14 1811 4
55f0388c4000 54 14 1880 4
55f0388fd000 41 17 1938 6
55f0388fc000 56 12 2007 6
55f0388e6000 71 12 2090 7
55f0388c5000 40 8 2139 7
55f03891c000 54 10 2204 8
55f038906000 39 6 2251 8
55f038905000 56 5 2312 8
55f0388e4000 58 5 2377 9
55f0388bb000 18 4 2400 9
55f038915000 61 4 2466 9
55f038914000 35 4 2507 9
55f038913000 49 4 2561 9
55f0388c8000 37 3 2602 9
55f0388c7000 24 3 2630 9
55f0388c6000 28 3 2662 9
55f038903000 50 4 2717 9
55f03890a000 55 4 2777 9
55f0388e1000 50 5 2835 10
2853 10
0x55f038912000
55f038912000 57 30 88 2
55f0388bc000 38 16 143 3
55f038924000 822 128 1094 3
55f038923000 451 73 1618 3
55f0388fa000 54 23 1696 4
55f038904000 48 13 1758 4
55f038920000 58 14 1831 4
55f0388c4000 54 13 1899 4
55f0388fd000 41 17 1958 6
55f0388fc000 56 11 2026 6
55f0388e6000 71 12 2110 7
55f0388c5000 40 8 2159 7
55f03891c000 54 9 2223 8
55f038906000 39 5 2270 8
55f038905000 56 5 2332 8
55f0388e4000 58 6 2397 9
55f0388bb000 17 3 2418 9
55f038915000 61 5 2484 9
55f038914000 36 3 2524 9
55f038913000 50 4 2579 9
55f0388c8000 36 4 2620 9
55f0388c7000 24 3 2648 9
55f0388c6000 28 3 2680 9
55f038903000 50 4 2735 9
55f03890a000 55 4 2795 9
55f0388e1000 51 4 2853 10
2872 10
0x55f0388cd000
55f0388cd000 37 22 59 3
55f0388cc000 49 19 128 6
55f0388cb000 38 10 177 6
55f0388bc000 37 9 224 6
55f038924000 822 85 1132 6
55f038923000 451 46 1629 6
55f0388fa000 55 14 1699 7
55f038904000 48 8 1756 7
55f038920000 57 8 1822 7
55f0388c4000 54 7 1884 7
55f0388fd000 41 9 1935 7
55f0388fc000 56 10 2002 7
55f0388e6000 71 10 2083 8
55f0388c5000 40 7 2131 8
55f03891c000 53 8 2193 9
55f038906000 39 4 2238 9
55f038905000 55 4 2298 9
55f0388e4000 57 5 2362 9
55f0388bb000 17 3 2383 9
55f038915000 61 5 2449 9
55f038914000 36 3 2489 9
55f038913000 50 3 2543 9
55f0388c8000 37 4 2585 9
55f0388c7000 24 3 2613 9
55f0388c6000 27 4 2645 9
55f038903000 50 4 2699 9
55f03890a000 55 4 2760 9
55f0388e1000 50 5 2818 10
2839 10
0x55f0388ce000
55f0388ce000 21 16 37 0
55f038924000 824 171 1033 1
55f0388cd000 36 22 1092 3
55f0388cc000 50 18 1160 6
55f0388cb000 38 10 1209 6
55f0388bc000 38 8 1256 6
55f038923000 450 47 1754 6
55f0388fa000 54 14 1823 7
55f038904000 49 7 1880 7
55f038920000 57 8 1946 7
55f0388c4000 54 8 2009 7
55f0388fd000 41 9 2060 7
55f0388fc000 56 10 2127 7
55f0388e6000 71 10 2208 8
55f0388c5000 40 7 2256 8
55f03891c000 53 8 2318 9
55f038906000 39 4 2363 9
55f038905000 55 4 2423 9
55f0388e4000 57 5 2487 9
55f0388bb000 17 3 2508 9
55f038915000 61 5 2574 9
55f038914000 35 4 2614 9
55f038913000 50 3 2668 9
55f0388c8000 37 4 2710 9
55f0388c7000 24 3 2738 9
55f0388c6000 27 4 2770 9
55f038903000 50 4 2825 9
55f03890a000 55 4 2885 9
55f0388e1000 50 5 2943 10
2967 10
0x55f0388e5000
55f0388e5000 48 27 75 4
55f038908000 52 19 147 6
55f038924000 825 80 1053 6
55f038907000 40 6 1099 6
55f038923000 453 43 1596 6
55f0388bc000 38 6 1641 6
55f0388fa000 54 12 1708 6
55f038904000 48 9 1766 6
55f038920000 57 9 1833 6
55f0388c4000 54 9 1897 6
55f0388fd000 41 11 1949 7
55f0388fc000 57 7 2014 7
55f0388e6000 71 8 2093 8
55f0388c5000 41 5 2139 8
55f03891c000 54 5 2198 9
55f038906000 40 1 2241 9
55f038905000 56 1 2299 9
55f0388e4000 58 2 2361 10
2374 10
0x55f038921000
55f038921000 42 21 63 2
55f038924000 824 144 1032 2
55f038920000 58 21 1111 3
55f0388bc000 37 14 1163 3
55f038923000 453 72 1688 3
55f0388fa000 54 23 1766 4
55f038904000 48 14 1829 4
55f0388e1000 50 18 1898 6
55f0388e0000 56 7 1962 6
55f0388d6000 48 9 2020 6
55f0388d5000 38 6 2064 6
55f0388bf000 40 5 2111 6
55f0388be000 62 7 2181 7
55f0388bd000 112 15 2309 8
55f0388f2000 53 5 2368 8
55f0388bb000 17 2 2389 8
55f0388c5000 41 4 2434 8
55f03891c000 53 5 2493 9
55f038906000 39 1 2536 9
55f038905000 56 1 2594 9
55f0388e4000 58 2 2655 9
55f038915000 61 2 2719 9
55f038914000 36 1 2757 9
55f038913000 50 2 2809 9
55f0388c8000 36 1 2847 9
55f0388c7000 24 1 2873 9
55f0388c6000 28 0 2902 9
55f038903000 50 1 2954 9
55f03890a000 55 1 3012 9
55f0388cc000 49 1 3066 9
55f0388cb000 38 1 3106 9
55f038910000 41 1 3149 9
55f03890f000 46 2 3198 9
55f03890e000 55 2 3256 9
55f038902000 50 3 3310 9
55f038908000 52 2 3365 9
55f038907000 39 0 3405 9
55f0388c0000 60 2 3469 9
55f0388fb000 51 1 3522 9
55f0388d2000 55 2 3582 9
55f03890b000 57 1 3641 9
55f0388d4000 49 2 3693 9
55f0388f7000 50 2 3746 9
55f0388e9000 46 1 3794 9
55f0388f9000 46 1 3843 9
55f0388ee000 41 1 3886 9
55f0388f0000 29 1 3919 9
55f0388ef000 26 1 3946 9
55f0388f1000 61 2 4010 9
55f0388dc000 33 0 4045 9
55f038909000 45 1 4093 9
55f0388c4000 53 2 4150 9
55f0388ed000 53 2 4205 9
55f0388ec000 56 1 4263 9
55f0388eb000 58 2 4324 9
55f0388ea000 57 1 4383 9
55f0388e8000 58 2 4444 9
55f0388c2000 65 1 4512 9
55f0388c3000 43 1 4558 9
55f038918000 51 2 4612 9
55f038917000 63 2 4678 9
55f038916000 44 2 4725 9
55f0388ff000 58 2 4786 9
55f0388fe000 43 2 4832 9
55f0388fd000 41 2 4876 9
55f0388fc000 56 2 4935 9
55f0388e6000 71 2 5008 10
5062 10
0x55f0388d7000
55f0388d7000 42 26 68 3
55f038924000 823 126 1018 3
55f0388d6000 48 20 1087 5
55f0388d5000 38 9 1135 5
55f038923000 450 52 1638 5
55f0388bc000 38 8 1685 5
55f0388fa000 55 14 1754 5
55f038904000 48 11 1814 5
55f038920000 57 11 1883 5
55f0388c4000 54 10 1948 5
55f0388fd000 40 14 2003 6
55f0388fc000 56 11 2071 6
55f0388e6000 70 13 2155 7
55f0388c5000 41 8 2204 7
55f03891c000 54 9 2268 8
55f038906000 39 6 2315 8
55f038905000 55 6 2377 8
55f0388e4000 58 6 2442 9
55f0388bb000 18 3 2463 9
55f038915000 61 5 2529 9
55f038914000 36 3 2569 9
55f038913000 49 4 2623 9
55f0388c8000 37 4 2665 9
55f0388c7000 24 3 2693 9
55f0388c6000 28 3 2724 9
55f038903000 50 4 2779 9
55f03890a000 55 4 2840 9
55f0388e1000 50 5 2898 10
2918 10
