0x41a000
41a000 37 19 57 2
415000 22 13 93 2
413000 17 13 124 2
419000 57 17 199 2
418000 40 18 257 3
414000 21 11 290 3
46d000 166 32 489 3
46c000 116 25 631 3
417000 34 13 678 3
7ff88e5ba000 73 25 777 4
7ff88e5b8000 116 35 929 4
7ff88e335000 84 52 1066 6
7ff88e4fa000 18 7 1092 6
7ff88e5b7000 83 19 1195 6
7ff88e5b6000 73 12 1282 6
7ff88e5bb000 108 22 1413 7
7ff88e4fc000 82 11 1507 7
7ff88e4fb000 73 24 1605 8
7ff88e55d000 46 7 1659 8
7ff88e55c000 51 8 1720 9
7ff88e56f000 41 1 1764 9
7ff88e562000 47 2 1814 9
7ff88e33a000 65 8 1889 9
7ff88e339000 63 12 1964 10
1977 10
0x415000
415000 22 15 37 0
413000 17 15 70 0
70 0
0x413000
413000 17 15 32 0
32 0
0x419000
419000 57 20 77 2
77 2
0x418000
418000 39 21 61 3
413000 17 10 89 3
415000 22 11 122 3
414000 22 10 154 3
46d000 166 32 353 3
46c000 117 24 494 3
417000 35 12 541 3
7ff88e5ba000 73 26 640 4
7ff88e5b8000 115 35 791 4
7ff88e335000 84 52 928 6
7ff88e4fa000 18 7 954 6
7ff88e5b7000 83 20 1057 6
7ff88e5b6000 72 13 1142 6
7ff88e5bb000 108 21 1272 7
7ff88e4fc000 82 11 1366 7
7ff88e4fb000 73 24 1464 8
7ff88e55d000 45 8 1518 8
7ff88e55c000 51 8 1578 9
7ff88e56f000 41 1 1621 9
7ff88e562000 47 3 1672 9
7ff88e33a000 65 7 1745 9
7ff88e339000 63 11 1820 10
1831 10
0x414000
414000 21 16 37 0
413000 17 15 69 0
69 0
0x46d000
46d000 166 45 212 1
46c000 117 32 361 2
417000 35 15 411 2
413000 17 13 441 2
441 2
0x46c000
46c000 117 35 152 2
152 2
0x417000
417000 34 17 52 0
413000 17 15 85 0
85 0
0x416000
416000 22 15 37 0
413000 17 15 69 0
70 0
0x461000
461000 30 17 48 2
46c000 117 28 194 2
460000 28 14 237 2
7ff88e5ab000 58 33 329 5
417000 35 8 372 5
413000 17 7 397 5
7ff88e5a9000 75 29 502 8
7ff88e5a4000 72 12 587 8
7ff88e5b9000 37 6 631 8
7ff88e4fc000 81 8 720 8
7ff88e4fb000 73 16 810 8
7ff88e55d000 46 7 864 8
7ff88e55c000 51 8 925 9
7ff88e56f000 41 1 968 9
7ff88e562000 48 2 1018 9
7ff88e33a000 66 7 1092 9
7ff88e339000 63 11 1167 10
1176 10
0x460000
460000 28 16 45 0
7ff88e5ab000 59 39 144 5
417000 34 9 187 5
413000 16 8 212 5
7ff88e5a9000 76 29 317 8
7ff88e5a4000 73 12 403 8
7ff88e5b9000 37 6 446 8
7ff88e4fc000 81 8 536 8
7ff88e4fb000 72 17 626 8
7ff88e55d000 46 7 680 8
7ff88e55c000 51 9 741 9
7ff88e56f000 40 2 784 9
7ff88e562000 47 3 834 9
7ff88e33a000 65 8 908 9
7ff88e339000 63 12 983 10
990 10
0x45f000
45f000 45 20 65 3
65 3
0x462000
462000 35 20 55 3
415000 22 10 88 3
413000 16 11 116 3
461000 31 11 158 3
46c000 117 24 300 3
460000 28 11 340 3
7ff88e5ab000 59 27 427 5
417000 34 9 471 5
7ff88e5a9000 76 29 576 8
7ff88e5a4000 72 12 661 8
7ff88e5b9000 37 6 705 8
7ff88e4fc000 81 8 794 8
7ff88e4fb000 73 16 884 8
7ff88e55d000 46 7 938 8
7ff88e55c000 51 8 999 9
7ff88e56f000 41 1 1042 9
7ff88e562000 48 2 1092 9
7ff88e33a000 66 7 1166 9
7ff88e339000 63 12 1241 10
1252 10
0x463000
463000 24 16 40 0
46d000 166 45 252 1
46c000 117 32 401 2
417000 35 15 451 2
413000 17 13 481 2
462000 34 17 533 3
415000 22 10 566 3
461000 30 12 609 3
460000 28 12 650 3
7ff88e5ab000 59 27 736 5
7ff88e5a9000 75 30 842 8
7ff88e5a4000 72 12 927 8
7ff88e5b9000 37 6 970 8
7ff88e4fc000 82 7 1060 8
7ff88e4fb000 73 17 1151 8
7ff88e55d000 46 7 1205 8
7ff88e55c000 51 9 1266 9
7ff88e56f000 40 1 1308 9
7ff88e562000 47 3 1359 9
7ff88e33a000 65 7 1432 9
7ff88e339000 63 12 1508 10
1520 10
0x465000
465000 22 17 39 0
417000 34 18 92 0
413000 16 16 125 0
416000 21 16 162 0
415000 21 16 200 0
46d000 167 45 412 1
46c000 117 32 561 2
462000 35 17 613 3
461000 30 12 656 3
460000 28 11 696 3
7ff88e5ab000 59 27 783 5
7ff88e5a9000 76 30 889 8
7ff88e5a4000 71 12 973 8
7ff88e5b9000 37 6 1017 8
7ff88e4fc000 81 7 1106 8
7ff88e4fb000 74 16 1197 8
7ff88e55d000 46 7 1251 8
7ff88e55c000 51 9 1312 9
7ff88e56f000 40 2 1355 9
7ff88e562000 48 2 1405 9
7ff88e33a000 65 8 1479 9
7ff88e339000 63 12 1554 10
1566 10
0x422000
422000 41 19 60 2
414000 21 13 95 2
413000 17 13 126 2
421000 30 15 171 2
415000 22 13 206 2
7ff88e32f000 58 26 291 3
7ff88e32e000 51 12 354 3
7ff88e32d000 46 12 413 4
416000 22 10 446 4
417000 34 11 492 4
46d000 166 29 688 4
46c000 117 22 827 4
7ff88e4fc000 81 22 931 6
7ff88e4fb000 73 30 1035 8
7ff88e55d000 46 7 1089 8
7ff88e55c000 51 9 1150 9
7ff88e56f000 40 1 1192 9
7ff88e562000 47 3 1243 9
7ff88e33a000 65 8 1317 9
7ff88e339000 63 12 1392 10
1397 10
0x421000
421000 30 18 48 2
48 2
0x423000
423000 36 18 55 2
7ff88e5a9000 75 47 178 7
7ff88e5a4000 71 19 269 8
7ff88e5b9000 36 6 312 8
7ff88e4fc000 81 8 402 8
7ff88e4fb000 72 17 492 8
7ff88e55d000 46 7 546 8
7ff88e55c000 51 9 607 9
7ff88e56f000 40 2 650 9
7ff88e562000 48 2 700 9
7ff88e33a000 66 7 774 9
7ff88e339000 63 12 849 10
857 10
0x424000
424000 24 18 43 0
414000 22 16 81 0
413000 17 15 113 0
415000 22 15 151 0
418000 40 21 213 3
46d000 167 33 414 3
46c000 118 24 556 3
417000 34 12 603 3
7ff88e5ba000 73 26 703 4
7ff88e5b8000 117 35 856 4
7ff88e335000 85 53 994 6
7ff88e4fa000 18 7 1019 6
7ff88e5b7000 84 19 1123 6
7ff88e5b6000 73 12 1209 6
7ff88e5bb000 109 22 1341 7
7ff88e4fc000 81 12 1435 7
7ff88e4fb000 73 24 1533 8
7ff88e55d000 46 8 1588 8
7ff88e55c000 51 9 1649 9
7ff88e56f000 41 1 1692 9
7ff88e562000 47 3 1743 9
7ff88e33a000 66 7 1817 9
7ff88e339000 64 11 1892 10
1904 10
0x425000
425000 27 20 47 2
423000 36 16 100 2
7ff88e5a9000 76 47 224 7
7ff88e5a4000 72 19 316 8
7ff88e5b9000 37 6 359 8
7ff88e4fc000 82 7 449 8
7ff88e4fb000 74 17 541 8
7ff88e55d000 46 8 596 8
7ff88e55c000 51 9 657 9
7ff88e56f000 41 1 700 9
7ff88e562000 48 2 750 9
7ff88e33a000 67 7 825 9
7ff88e339000 64 11 900 10
910 10
0x46a000
46a000 69 26 95 3
415000 22 10 128 3
413000 17 10 156 3
469000 30 12 199 3
468000 31 15 246 3
467000 39 13 298 3
466000 36 12 347 3
417000 34 12 394 3
414000 22 10 427 3
418000 40 14 482 3
46d000 168 32 683 3
46c000 118 24 826 3
7ff88e5ba000 73 26 926 4
7ff88e5b8000 117 35 1079 4
7ff88e335000 85 53 1217 6
7ff88e4fa000 19 7 1243 6
7ff88e5b7000 84 19 1346 6
7ff88e5b6000 73 12 1432 6
7ff88e5bb000 109 22 1564 7
7ff88e4fc000 82 11 1658 7
7ff88e4fb000 74 24 1757 8
7ff88e55d000 46 7 1811 8
7ff88e55c000 52 8 1872 9
7ff88e56f000 40 2 1916 9
7ff88e562000 48 2 1966 9
7ff88e33a000 66 8 2041 9
7ff88e339000 64 12 2117 10
2134 10
0x469000
469000 31 17 48 2
468000 31 18 98 2
467000 38 16 153 2
466000 37 15 206 2
417000 35 15 256 2
413000 17 14 287 2
414000 21 14 322 2
418000 40 18 380 3
415000 21 11 413 3
46d000 168 32 614 3
46c000 118 25 757 3
7ff88e5ba000 74 25 856 4
7ff88e5b8000 117 35 1009 4
7ff88e335000 84 53 1147 6
7ff88e4fa000 19 7 1173 6
7ff88e5b7000 84 19 1276 6
7ff88e5b6000 73 12 1362 6
7ff88e5bb000 109 22 1494 7
7ff88e4fc000 82 11 1588 7
7ff88e4fb000 74 24 1687 8
7ff88e55d000 46 7 1741 8
7ff88e55c000 52 9 1803 9
7ff88e56f000 40 2 1846 9
7ff88e562000 48 2 1896 9
7ff88e33a000 67 7 1971 9
7ff88e339000 64 12 2047 10
2062 10
0x468000
468000 31 21 52 2
467000 38 16 107 2
466000 37 15 160 2
417000 35 15 210 2
413000 16 14 241 2
414000 22 13 276 2
418000 40 18 334 3
415000 22 10 367 3
46d000 167 32 567 3
46c000 117 24 708 3
7ff88e5ba000 73 25 807 4
7ff88e5b8000 117 34 959 4
7ff88e335000 84 53 1097 6
7ff88e4fa000 18 7 1122 6
7ff88e5b7000 83 19 1225 6
7ff88e5b6000 72 12 1310 6
7ff88e5bb000 108 22 1441 7
7ff88e4fc000 81 11 1534 7
7ff88e4fb000 73 24 1632 8
7ff88e55d000 46 7 1686 8
7ff88e55c000 51 9 1747 9
7ff88e56f000 40 1 1789 9
7ff88e562000 47 3 1840 9
7ff88e33a000 65 7 1913 9
7ff88e339000 63 11 1988 10
2002 10
0x467000
467000 38 19 57 2
466000 36 15 109 2
417000 34 15 159 2
413000 16 14 190 2
414000 21 13 224 2
418000 39 18 282 3
415000 22 10 315 3
46d000 166 32 514 3
46c000 117 24 656 3
7ff88e5ba000 73 25 755 4
7ff88e5b8000 116 35 907 4
7ff88e335000 84 52 1044 6
7ff88e4fa000 18 8 1070 6
7ff88e5b7000 83 19 1172 6
7ff88e5b6000 72 13 1258 6
7ff88e5bb000 107 22 1388 7
7ff88e4fc000 81 11 1481 7
7ff88e4fb000 73 24 1579 8
7ff88e55d000 46 7 1633 8
7ff88e55c000 51 9 1694 9
7ff88e56f000 40 1 1737 9
7ff88e562000 47 3 1788 9
7ff88e33a000 65 7 1861 9
7ff88e339000 63 12 1937 10
1949 10
0x466000
466000 37 17 54 2
55 2
0x45b000
45b000 27 18 46 2
415000 21 13 81 2
413000 17 13 112 2
414000 21 13 147 2
45a000 27 15 190 2
458000 44 19 254 3
417000 34 14 303 3
459000 29 13 346 3
416000 22 12 381 3
46c000 117 26 525 3
46d000 166 35 727 3
7ff88e617000 84 32 843 4
7ff88e5b4000 69 21 934 5
7ff88e616000 43 12 989 5
7ff88e604000 62 17 1069 5
7ff88e615000 38 10 1117 5
7ff88e60e000 78 18 1214 7
7ff88e603000 70 12 1297 7
7ff88e60d000 41 9 1347 7
7ff88e32f000 57 11 1416 7
7ff88e32e000 51 6 1473 7
7ff88e32d000 46 6 1526 7
7ff88e4fa000 18 5 1550 7
7ff88e60c000 69 11 1631 7
7ff88e5a9000 76 20 1727 8
7ff88e5a4000 72 13 1812 8
7ff88e5b9000 37 6 1855 8
7ff88e4fc000 81 7 1944 8
7ff88e4fb000 73 17 2035 8
7ff88e55d000 45 8 2089 8
7ff88e55c000 51 8 2149 9
7ff88e56f000 41 1 2192 9
7ff88e562000 47 2 2242 9
7ff88e33a000 66 7 2316 9
7ff88e339000 63 12 2392 10
2410 10
0x45a000
45a000 27 18 45 1
458000 43 22 111 3
417000 34 14 160 3
413000 17 12 190 3
459000 28 14 233 3
415000 22 12 268 3
416000 21 13 303 3
46c000 117 26 447 3
46d000 166 34 648 3
7ff88e617000 83 32 764 4
7ff88e5b4000 69 20 854 5
7ff88e616000 43 12 910 5
7ff88e604000 62 16 989 5
7ff88e615000 37 11 1038 5
7ff88e60e000 79 17 1134 7
7ff88e603000 71 11 1217 7
7ff88e60d000 41 8 1267 7
7ff88e32f000 58 10 1336 7
7ff88e32e000 51 6 1394 7
7ff88e32d000 46 6 1446 7
7ff88e4fa000 18 6 1471 7
7ff88e60c000 69 11 1551 7
7ff88e5a9000 75 19 1646 8
7ff88e5a4000 72 12 1731 8
7ff88e5b9000 36 7 1775 8
7ff88e4fc000 81 8 1864 8
7ff88e4fb000 73 16 1954 8
7ff88e55d000 46 7 2008 8
7ff88e55c000 51 9 2069 9
7ff88e56f000 40 1 2111 9
7ff88e562000 47 3 2162 9
7ff88e33a000 66 7 2236 9
7ff88e339000 63 12 2311 10
2328 10
0x458000
458000 44 23 68 3
68 3
0x459000
459000 28 17 46 0
458000 44 24 115 3
415000 22 12 149 3
413000 17 12 179 3
416000 21 12 213 3
46c000 117 27 358 3
46d000 166 35 559 3
417000 35 14 608 3
7ff88e617000 83 32 724 4
7ff88e5b4000 70 20 815 5
7ff88e616000 44 12 871 5
7ff88e604000 62 16 950 5
7ff88e615000 37 10 998 5
7ff88e60e000 79 17 1095 7
7ff88e603000 71 12 1179 7
7ff88e60d000 41 8 1228 7
7ff88e32f000 58 10 1297 7
7ff88e32e000 51 6 1355 7
7ff88e32d000 46 6 1407 7
7ff88e4fa000 18 6 1432 7
7ff88e60c000 69 11 1512 7
7ff88e5a9000 75 19 1607 8
7ff88e5a4000 72 13 1693 8
7ff88e5b9000 37 6 1736 8
7ff88e4fc000 82 7 1826 8
7ff88e4fb000 73 16 1916 8
7ff88e55d000 45 8 1971 8
7ff88e55c000 51 8 2031 9
7ff88e56f000 41 1 2074 9
7ff88e562000 48 2 2124 9
7ff88e33a000 66 7 2198 9
7ff88e339000 63 11 2273 10
2288 10
0x45c000
45c000 52 24 76 2
7ff88e32f000 57 26 160 3
7ff88e32e000 51 12 224 3
7ff88e32d000 46 12 283 4
414000 21 10 315 4
413000 17 10 343 4
416000 22 10 375 4
415000 22 10 407 4
45b000 27 12 447 4
45a000 27 12 487 4
458000 44 15 547 4
417000 34 12 593 4
459000 29 11 634 4
46c000 116 23 774 4
46d000 166 29 969 4
7ff88e617000 83 27 1079 5
7ff88e5b4000 70 16 1166 6
7ff88e616000 43 9 1218 6
7ff88e604000 62 13 1294 6
7ff88e615000 38 7 1339 6
7ff88e60e000 79 13 1432 7
7ff88e603000 71 11 1515 7
7ff88e60d000 41 8 1565 7
7ff88e4fa000 18 6 1590 7
7ff88e60c000 69 11 1670 7
7ff88e5a9000 76 19 1766 8
7ff88e5a4000 71 13 1851 8
7ff88e5b9000 37 6 1894 8
7ff88e4fc000 81 8 1984 8
7ff88e4fb000 72 17 2074 8
7ff88e55d000 46 7 2128 8
7ff88e55c000 51 9 2189 9
7ff88e56f000 41 1 2232 9
7ff88e562000 48 2 2282 9
7ff88e33a000 66 7 2356 9
7ff88e339000 63 11 2431 10
2451 10
0xffffffff80c66000
0 0
0x46b000
46b000 47 21 68 2
68 2
0x41b000
41b000 62 27 89 3
41a000 33 13 136 3
415000 22 10 169 3
413000 17 10 197 3
419000 58 13 269 3
418000 39 15 324 3
414000 21 11 357 3
46d000 168 32 557 3
46c000 119 24 701 3
417000 35 12 748 3
7ff88e5ba000 73 26 848 4
7ff88e5b8000 118 35 1002 4
7ff88e335000 85 53 1140 6
7ff88e4fa000 18 7 1165 6
7ff88e5b7000 84 19 1269 6
7ff88e5b6000 73 12 1355 6
7ff88e5bb000 109 22 1487 7
7ff88e4fc000 82 11 1581 7
7ff88e4fb000 73 25 1680 8
7ff88e55d000 46 7 1734 8
7ff88e55c000 52 8 1795 9
7ff88e56f000 41 1 1838 9
7ff88e562000 47 3 1889 9
7ff88e33a000 66 7 1963 9
7ff88e339000 64 12 2039 10
2053 10
0x41c000
41c000 38 18 56 2
415000 21 14 92 2
413000 17 13 122 2
7ff88e4fc000 82 29 234 5
7ff88e4fb000 74 38 347 8
7ff88e55d000 46 8 402 8
7ff88e55c000 51 9 463 9
7ff88e56f000 41 1 506 9
7ff88e562000 48 2 556 9
7ff88e33a000 66 7 631 9
7ff88e339000 63 12 707 10
713 10
0x41d000
41d000 50 19 69 4
415000 22 9 101 4
413000 17 10 129 4
414000 22 10 161 4
41c000 38 12 211 4
7ff88e4fc000 82 23 316 5
7ff88e4fb000 74 38 429 8
7ff88e55d000 46 8 484 8
7ff88e55c000 51 9 545 9
7ff88e56f000 41 1 588 9
7ff88e562000 48 2 638 9
7ff88e33a000 66 7 713 9
7ff88e339000 64 12 789 10
796 10
0x426000
426000 39 21 60 4
417000 35 11 107 4
413000 17 10 135 4
425000 26 14 176 4
423000 37 12 225 4
7ff88e5a9000 76 36 338 8
7ff88e5a4000 73 12 424 8
7ff88e5b9000 37 6 468 8
7ff88e4fc000 82 8 559 8
7ff88e4fb000 74 17 650 8
7ff88e55d000 46 7 704 8
7ff88e55c000 52 8 765 9
7ff88e56f000 41 1 808 9
7ff88e562000 48 2 859 9
7ff88e33a000 66 8 934 9
7ff88e339000 63 12 1009 10
1020 10
0x44c000
44c000 39 20 59 2
44b000 44 21 125 4
449000 36 13 175 4
7ff88e2c1000 56 44 276 5
415000 22 7 306 5
413000 17 7 331 5
46d000 167 24 523 5
46c000 119 17 659 5
417000 35 8 703 5
414000 21 8 734 5
416000 21 8 764 5
418000 40 10 814 5
7ff88e5ba000 74 19 908 5
7ff88e5b8000 116 29 1054 5
7ff88e335000 84 44 1183 7
7ff88e4fa000 18 5 1206 7
7ff88e5b7000 83 15 1305 7
7ff88e5b6000 72 9 1387 7
7ff88e5bb000 109 16 1513 7
7ff88e4fc000 82 11 1607 7
7ff88e4fb000 74 24 1706 8
7ff88e55d000 46 7 1760 8
7ff88e55c000 52 8 1821 9
7ff88e56f000 40 2 1865 9
7ff88e562000 48 2 1915 9
7ff88e33a000 67 7 1990 9
7ff88e339000 64 11 2065 10
2079 10
0x44b000
44b000 44 26 70 4
449000 35 13 119 4
7ff88e2c1000 57 44 221 5
415000 22 8 251 5
413000 17 8 276 5
46d000 168 24 468 5
46c000 119 17 604 5
417000 34 9 648 5
414000 21 8 679 5
416000 22 7 708 5
418000 40 10 759 5
7ff88e5ba000 74 18 852 5
7ff88e5b8000 118 28 999 5
7ff88e335000 85 43 1128 7
7ff88e4fa000 18 4 1151 7
7ff88e5b7000 83 14 1249 7
7ff88e5b6000 72 9 1331 7
7ff88e5bb000 108 16 1455 7
7ff88e4fc000 82 11 1549 7
7ff88e4fb000 73 24 1647 8
7ff88e55d000 46 7 1701 8
7ff88e55c000 51 9 1762 9
7ff88e56f000 40 1 1804 9
7ff88e562000 47 3 1855 9
7ff88e33a000 65 8 1929 9
7ff88e339000 63 12 2004 10
2016 10
0x449000
449000 35 20 56 2
7ff88e2c1000 57 56 169 4
415000 21 10 201 4
413000 17 9 228 4
46d000 166 28 423 4
46c000 116 22 562 4
417000 34 11 608 4
414000 21 10 641 4
416000 21 10 673 4
418000 40 13 726 4
7ff88e5ba000 73 23 823 4
7ff88e5b8000 116 34 974 4
7ff88e335000 84 53 1112 6
7ff88e4fa000 18 7 1137 6
7ff88e5b7000 83 19 1240 6
7ff88e5b6000 72 12 1325 6
7ff88e5bb000 108 22 1456 7
7ff88e4fc000 81 11 1549 7
7ff88e4fb000 73 24 1647 8
7ff88e55d000 46 7 1701 8
7ff88e55c000 51 9 1762 9
7ff88e56f000 41 1 1805 9
7ff88e562000 48 2 1855 9
7ff88e33a000 65 8 1929 9
7ff88e339000 63 12 2004 10
2015 10
0x44a000
44a000 20 15 35 0
415000 22 15 73 0
413000 16 16 106 0
417000 35 17 158 0
449000 35 20 214 2
7ff88e2c1000 57 57 328 4
46d000 169 28 525 4
46c000 117 22 665 4
414000 21 10 697 4
416000 21 10 729 4
418000 39 13 782 4
7ff88e5ba000 73 23 879 4
7ff88e5b8000 116 34 1030 4
7ff88e335000 84 52 1167 6
7ff88e4fa000 18 7 1193 6
7ff88e5b7000 83 20 1296 6
7ff88e5b6000 72 12 1381 6
7ff88e5bb000 108 22 1512 7
7ff88e4fc000 81 11 1605 7
7ff88e4fb000 73 24 1703 8
7ff88e55d000 45 8 1757 8
7ff88e55c000 51 8 1817 9
7ff88e56f000 41 1 1860 9
7ff88e562000 47 2 1910 9
7ff88e33a000 66 7 1984 9
7ff88e339000 63 11 2059 10
2071 10
0x44d000
44d000 26 17 43 0
415000 22 16 81 0
413000 17 15 113 0
416000 21 16 151 0
44c000 39 20 210 2
44b000 43 22 276 4
449000 35 13 325 4
7ff88e2c1000 56 44 426 5
46d000 167 24 617 5
46c000 118 18 753 5
417000 35 9 797 5
414000 22 7 827 5
418000 40 10 878 5
7ff88e5ba000 74 18 971 5
7ff88e5b8000 117 29 1118 5
7ff88e335000 85 43 1246 7
7ff88e4fa000 18 5 1270 7
7ff88e5b7000 84 14 1368 7
7ff88e5b6000 73 8 1450 7
7ff88e5bb000 110 16 1577 7
7ff88e4fc000 82 11 1671 7
7ff88e4fb000 73 25 1770 8
7ff88e55d000 46 7 1824 8
7ff88e55c000 52 8 1885 9
7ff88e56f000 41 1 1928 9
7ff88e562000 48 2 1979 9
7ff88e33a000 66 8 2054 9
7ff88e339000 64 11 2129 10
2144 10
0x44e000
44e000 26 17 43 2
44d000 26 14 84 2
415000 22 13 120 2
413000 17 13 151 2
416000 21 13 186 2
44c000 39 17 243 2
44b000 43 22 309 4
449000 36 13 359 4
7ff88e2c1000 56 44 460 5
46d000 167 24 652 5
46c000 118 18 788 5
417000 35 9 832 5
414000 22 7 862 5
418000 39 11 913 5
7ff88e5ba000 73 19 1006 5
7ff88e5b8000 117 28 1152 5
7ff88e335000 85 43 1281 7
7ff88e4fa000 18 4 1304 7
7ff88e5b7000 84 14 1403 7
7ff88e5b6000 72 9 1485 7
7ff88e5bb000 109 16 1611 7
7ff88e4fc000 82 11 1705 7
7ff88e4fb000 74 24 1804 8
7ff88e55d000 46 7 1858 8
7ff88e55c000 52 9 1920 9
7ff88e56f000 41 1 1963 9
7ff88e562000 48 2 2013 9
7ff88e33a000 66 7 2088 9
7ff88e339000 63 12 2164 10
2180 10
0x44f000
44f000 59 22 81 3
416000 21 11 114 3
413000 17 11 142 3
417000 35 12 189 3
44e000 25 12 227 3
44d000 27 11 265 3
415000 22 11 299 3
44c000 38 15 353 3
44b000 44 18 415 5
449000 35 10 461 5
7ff88e2c1000 57 36 555 5
46d000 168 23 746 5
46c000 118 18 883 5
414000 21 8 913 5
418000 39 11 964 5
7ff88e5ba000 73 19 1057 5
7ff88e5b8000 117 28 1203 5
7ff88e335000 85 43 1332 7
7ff88e4fa000 18 5 1356 7
7ff88e5b7000 84 14 1454 7
7ff88e5b6000 73 8 1536 7
7ff88e5bb000 109 16 1662 7
7ff88e4fc000 82 12 1757 7
7ff88e4fb000 73 24 1855 8
7ff88e55d000 46 7 1909 8
7ff88e55c000 51 9 1970 9
7ff88e56f000 40 2 2013 9
7ff88e562000 48 2 2063 9
7ff88e33a000 66 7 2137 9
7ff88e339000 64 11 2212 10
2230 10
0x450000
450000 28 19 48 2
46c000 117 29 195 2
46d000 166 38 399 2
417000 34 15 449 2
413000 17 13 479 2
432000 46 22 548 3
44f000 59 17 624 4
416000 21 10 656 4
44e000 25 11 693 4
44d000 25 11 730 4
415000 22 10 763 4
44c000 38 13 815 4
44b000 43 16 875 5
449000 36 9 921 5
7ff88e2c1000 56 36 1014 5
414000 22 7 1044 5
418000 39 11 1095 5
7ff88e5ba000 73 18 1187 5
7ff88e5b8000 116 28 1332 5
7ff88e335000 84 43 1460 7
7ff88e4fa000 18 5 1484 7
7ff88e5b7000 83 14 1581 7
7ff88e5b6000 72 9 1663 7
7ff88e5bb000 108 16 1788 7
7ff88e4fc000 81 11 1881 7
7ff88e4fb000 73 24 1979 8
7ff88e55d000 46 8 2034 8
7ff88e55c000 51 9 2095 9
7ff88e56f000 40 1 2137 9
7ff88e562000 47 3 2188 9
7ff88e33a000 65 8 2262 9
7ff88e339000 63 12 2337 10
2357 10
0x432000
432000 46 26 72 3
72 3
0x451000
451000 27 16 43 0
415000 22 16 81 0
413000 17 15 113 0
450000 29 19 162 2
46c000 118 28 308 2
46d000 166 38 513 2
417000 35 15 563 2
432000 47 22 632 3
44f000 58 17 707 4
416000 22 9 739 4
44e000 25 11 776 4
44d000 26 10 813 4
44c000 39 13 866 4
44b000 43 16 926 5
449000 35 10 972 5
7ff88e2c1000 56 36 1065 5
414000 21 8 1095 5
418000 39 10 1145 5
7ff88e5ba000 73 19 1238 5
7ff88e5b8000 115 29 1383 5
7ff88e335000 84 43 1511 7
7ff88e4fa000 18 5 1534 7
7ff88e5b7000 83 14 1632 7
7ff88e5b6000 72 8 1713 7
7ff88e5bb000 108 16 1838 7
7ff88e4fc000 82 11 1932 7
7ff88e4fb000 73 24 2030 8
7ff88e55d000 46 7 2084 8
7ff88e55c000 51 9 2145 9
7ff88e56f000 40 2 2188 9
7ff88e562000 47 3 2238 9
7ff88e33a000 65 8 2312 9
7ff88e339000 63 12 2387 10
2408 10
0x453000
453000 30 17 47 0
7ff88e5a9000 76 56 180 7
7ff88e5a4000 72 18 271 8
7ff88e5b9000 37 6 315 8
7ff88e4fc000 81 7 404 8
7ff88e4fb000 73 17 495 8
7ff88e55d000 46 8 549 8
7ff88e55c000 51 8 609 9
7ff88e56f000 41 1 652 9
7ff88e562000 47 2 702 9
7ff88e33a000 66 7 776 9
7ff88e339000 63 11 851 10
858 10
0x452000
452000 24 16 40 1
415000 22 15 78 1
413000 17 15 110 1
418000 39 20 169 4
414000 22 9 201 4
46d000 167 28 397 4
46c000 117 22 537 4
417000 34 11 582 4
7ff88e5ba000 73 23 679 4
7ff88e5b8000 116 35 831 4
7ff88e335000 83 53 968 6
7ff88e4fa000 18 7 993 6
7ff88e5b7000 83 19 1096 6
7ff88e5b6000 72 12 1181 6
7ff88e5bb000 108 22 1312 7
7ff88e4fc000 82 11 1406 7
7ff88e4fb000 72 25 1504 8
7ff88e55d000 45 8 1558 8
7ff88e55c000 51 8 1618 9
7ff88e56f000 41 1 1661 9
7ff88e562000 47 3 1712 9
7ff88e33a000 65 8 1786 9
7ff88e339000 63 12 1861 10
1873 10
0x427000
427000 45 22 68 3
415000 21 13 103 3
413000 17 13 133 3
46d000 166 34 333 3
46c000 118 27 479 3
417000 34 14 527 3
416000 22 12 562 3
414000 21 13 597 3
426000 39 17 653 4
425000 26 14 694 4
423000 37 12 743 4
7ff88e5a9000 76 36 855 8
7ff88e5a4000 72 12 940 8
7ff88e5b9000 37 6 984 8
7ff88e4fc000 81 7 1073 8
7ff88e4fb000 73 17 1164 8
7ff88e55d000 46 7 1218 8
7ff88e55c000 51 9 1279 9
7ff88e56f000 40 1 1321 9
7ff88e562000 47 3 1372 9
7ff88e33a000 66 7 1446 9
7ff88e339000 64 11 1521 10
1534 10
0x428000
428000 36 19 55 0
55 0
0x464000
464000 25 17 42 0
413000 16 16 75 0
7ff88e4fc000 81 35 191 5
7ff88e4fb000 73 38 303 8
7ff88e55d000 46 7 357 8
7ff88e55c000 52 8 418 9
7ff88e56f000 41 1 461 9
7ff88e562000 48 2 511 9
7ff88e33a000 66 7 585 9
7ff88e339000 63 12 661 10
666 10
0x43a000
43a000 27 17 44 2
43f000 37 18 100 2
415000 22 13 135 2
413000 16 13 165 2
439000 31 15 212 2
417000 34 15 262 2
414000 21 13 297 2
425000 27 17 342 2
423000 35 16 394 2
7ff88e5a9000 76 46 517 7
7ff88e5a4000 72 19 609 8
7ff88e5b9000 37 6 652 8
7ff88e4fc000 81 8 742 8
7ff88e4fb000 73 16 832 8
7ff88e55d000 46 8 887 8
7ff88e55c000 51 8 947 9
7ff88e56f000 41 1 990 9
7ff88e562000 47 2 1040 9
7ff88e33a000 66 7 1114 9
7ff88e339000 63 11 1189 10
1200 10
0x43f000
43f000 37 21 58 2
58 2
0x439000
439000 31 18 49 2
49 2
0x43b000
43b000 27 17 44 2
415000 22 13 79 2
413000 17 13 110 2
416000 22 13 145 2
417000 34 15 195 2
414000 21 13 230 2
46d000 166 37 434 2
46c000 117 28 580 2
418000 39 18 638 3
7ff88e5ba000 73 25 737 4
7ff88e5b8000 116 35 889 4
7ff88e335000 84 52 1026 6
7ff88e4fa000 19 7 1052 6
7ff88e5b7000 83 19 1154 6
7ff88e5b6000 72 13 1240 6
7ff88e5bb000 107 22 1370 7
7ff88e4fc000 81 11 1463 7
7ff88e4fb000 73 24 1561 8
7ff88e55d000 46 8 1616 8
7ff88e55c000 51 8 1676 9
7ff88e56f000 41 1 1719 9
7ff88e562000 48 2 1770 9
7ff88e33a000 65 8 1844 9
7ff88e339000 63 12 1919 10
1931 10
0x43c000
43c000 18 16 34 2
415000 22 13 70 2
413000 17 13 100 2
46d000 166 37 304 2
46c000 116 29 450 2
417000 35 15 500 2
43b000 27 14 541 2
416000 22 13 577 2
414000 22 13 612 2
418000 39 18 670 3
7ff88e5ba000 73 26 770 4
7ff88e5b8000 116 35 922 4
7ff88e335000 85 52 1059 6
7ff88e4fa000 18 7 1084 6
7ff88e5b7000 83 20 1188 6
7ff88e5b6000 72 12 1273 6
7ff88e5bb000 108 21 1403 7
7ff88e4fc000 81 12 1497 7
7ff88e4fb000 72 25 1595 8
7ff88e55d000 45 8 1649 8
7ff88e55c000 51 9 1710 9
7ff88e56f000 40 1 1752 9
7ff88e562000 47 3 1803 9
7ff88e33a000 66 7 1877 9
7ff88e339000 63 12 1952 10
1966 10
0x43d000
43d000 21 17 38 0
38 0
0x45d000
45d000 36 22 59 3
7ff88e2c1000 56 49 164 4
415000 21 10 196 4
413000 17 9 223 4
416000 21 10 255 4
7ff88e5ab000 58 25 339 5
417000 34 9 382 5
7ff88e5a9000 75 30 488 8
7ff88e5a4000 71 13 573 8
7ff88e5b9000 37 6 616 8
7ff88e4fc000 81 7 705 8
7ff88e4fb000 73 17 796 8
7ff88e55d000 46 7 850 8
7ff88e55c000 52 8 911 9
7ff88e56f000 41 1 954 9
7ff88e562000 48 2 1004 9
7ff88e33a000 66 7 1078 9
7ff88e339000 63 11 1153 10
1161 10
0x45e000
45e000 45 21 66 3
66 3
