0x403000
403000 59 27 87 2
7f66428e3000 68 80 236 4
402000 48 19 303 7
7f66428d1000 55 19 378 7
7f66428d0000 78 31 487 7
7f66428cf000 62 20 569 7
7f66427e5000 124 7 701 7
7f66428ce000 46 5 752 7
7f66428cd000 43 5 801 7
7f6642862000 83 23 908 8
7f6642861000 86 10 1005 8
7f6642922000 103 8 1116 9
7f6642860000 62 4 1182 9
7f664285f000 82 5 1269 9
7f6642857000 150 7 1426 9
7f664285e000 94 4 1524 9
7f664285d000 68 5 1597 9
7f6642858000 63 6 1667 9
7f6642824000 56 3 1727 9
7f66428f2000 90 5 1823 9
7f66428f1000 109 4 1936 9
7f66428f0000 68 9 2014 9
7f66428ee000 74 3 2092 9
7f66428cc000 53 2 2148 9
7f66428cb000 49 2 2200 9
7f66428ca000 35 2 2238 9
7f66428c9000 46 3 2288 9
7f66428c8000 39 2 2329 9
7f66428c7000 45 4 2379 9
7f6642901000 57 3 2440 9
7f6642850000 60 4 2505 9
7f66428db000 61 7 2573 9
7f66428d7000 86 10 2669 9
7f66428d6000 65 11 2745 9
7f66428d9000 96 6 2847 9
7f66428d8000 62 8 2918 9
7f66428da000 49 5 2973 9
7f6642851000 82 6 3062 9
7f6642854000 105 6 3174 9
7f6642825000 32 3 3210 9
7f664284e000 48 3 3261 9
7f66428a6000 49 3 3314 9
7f66428a5000 57 7 3379 9
7f6642907000 45 4 3429 9
7f6642906000 59 4 3492 9
7f6642905000 49 4 3546 9
7f6642904000 68 4 3618 10
3621 10
0x402000
402000 49 29 78 5
78 5
0x40f000
40f000 99 26 126 1
126 1
0x406000
406000 43 32 76 4
7f66428db000 61 36 174 5
7f66428d7000 80 38 293 5
7f66428d6000 57 47 397 5
7f66428d1000 54 31 483 5
7f66428d0000 77 49 610 6
7f66428cf000 62 24 697 7
7f66427e5000 124 7 829 7
7f66428ce000 47 6 882 7
7f66428cd000 45 6 933 7
7f6642862000 87 24 1045 7
7f6642861000 87 15 1147 7
7f6642922000 101 14 1263 8
7f6642860000 62 9 1334 8
7f664285f000 82 10 1427 8
7f6642857000 155 13 1595 8
7f664285e000 96 8 1699 8
7f664285d000 69 11 1779 8
7f6642858000 61 13 1854 8
7f6642824000 57 8 1919 8
7f66428f2000 93 10 2022 8
7f66428f1000 111 9 2142 8
7f66428f0000 72 18 2232 8
7f66428ee000 75 7 2315 8
7f66428cc000 54 6 2376 8
7f66428cb000 50 6 2432 8
7f66428ca000 35 6 2474 8
7f66428c9000 47 6 2527 8
7f66428c8000 39 5 2572 8
7f66428c7000 44 6 2623 8
7f6642901000 54 6 2684 8
7f66428e3000 69 26 2780 8
7f6642850000 60 9 2850 8
7f664284f000 48 10 2908 8
7f6642856000 82 12 3003 8
7f66428c5000 55 12 3070 8
7f6642849000 31 8 3109 8
7f6642855000 110 11 3230 8
7f6642839000 73 8 3312 8
7f664284e000 47 7 3366 8
7f66428ff000 68 14 3449 8
7f66428fe000 45 7 3501 8
7f66428fd000 39 6 3547 8
7f66428fc000 48 6 3602 8
7f6642907000 46 8 3656 8
7f6642906000 59 9 3724 8
7f6642905000 49 8 3782 8
7f6642904000 64 9 3856 9
7f6642903000 88 5 3949 9
7f6642902000 61 4 4015 9
7f6642844000 59 4 4079 9
7f6642843000 58 4 4142 9
7f664284a000 86 6 4235 10
4238 10
0x404000
404000 27 16 43 0
402000 48 29 121 5
7f6642874000 57 15 193 6
7f6642873000 50 5 249 6
7f6642872000 45 6 301 6
7f66428db000 61 22 385 7
7f66428d7000 79 21 486 7
7f66428d6000 57 25 568 7
7f66428d1000 55 16 639 7
7f66428d0000 77 28 745 7
7f66428cf000 61 17 824 8
7f66427e5000 128 4 957 8
7f66428ce000 47 2 1006 8
7f66428cd000 44 2 1053 8
7f6642862000 84 15 1153 8
7f6642861000 87 9 1249 8
7f6642922000 101 8 1359 9
7f6642860000 62 4 1425 9
7f664285f000 83 4 1512 9
7f6642857000 156 6 1675 9
7f664285e000 95 3 1774 9
7f664285d000 69 5 1848 9
7f6642858000 61 6 1916 9
7f6642824000 56 3 1976 9
7f66428f2000 91 5 2073 9
7f66428f1000 114 4 2191 9
7f66428f0000 68 10 2270 9
7f66428ee000 77 3 2350 9
7f66428cc000 54 3 2407 9
7f66428cb000 49 2 2459 9
7f66428ca000 36 2 2498 9
7f66428c9000 47 3 2548 9
7f66428c8000 40 2 2590 9
7f66428c7000 45 3 2638 9
7f6642901000 54 3 2695 9
7f66428e3000 69 13 2778 9
7f6642850000 62 4 2844 9
7f664284f000 49 5 2898 9
7f6642856000 84 6 2988 9
7f66428c5000 54 6 3049 9
7f6642849000 32 4 3086 9
7f6642855000 116 5 3207 9
7f6642839000 75 4 3287 9
7f664284e000 51 3 3341 9
7f66428ff000 70 7 3418 9
7f66428fe000 46 3 3467 9
7f66428fd000 39 3 3510 9
7f66428fc000 49 3 3562 9
7f6642907000 45 4 3611 9
7f6642906000 59 5 3675 9
7f6642905000 54 4 3733 9
7f6642904000 74 3 3810 10
3814 10
0x408000
408000 55 24 79 3
402000 47 20 147 5
40f000 97 13 258 5
407000 38 12 308 6
406000 45 18 373 7
7f66428db000 68 18 460 8
7f66428d7000 80 14 554 8
7f66428d6000 57 18 630 8
7f66428d1000 55 12 697 8
7f66428d0000 84 20 801 8
7f66428cf000 61 12 874 8
7f66427e5000 123 3 1001 8
7f66428ce000 46 2 1050 8
7f66428cd000 44 2 1097 8
7f6642862000 89 19 1206 8
7f6642861000 86 9 1301 8
7f6642922000 100 8 1410 9
7f6642860000 61 5 1477 9
7f664285f000 106 4 1587 9
7f6642857000 151 7 1746 9
7f664285e000 97 3 1846 9
7f664285d000 77 5 1929 9
7f6642858000 62 7 1999 9
7f6642824000 56 3 2058 9
7f66428f2000 90 5 2154 9
7f66428f1000 117 4 2275 9
7f66428f0000 69 9 2354 9
7f66428ee000 75 3 2432 9
7f66428cc000 53 2 2488 9
7f66428cb000 52 2 2543 9
7f66428ca000 37 4 2586 9
7f66428c9000 47 3 2637 9
7f66428c8000 40 2 2679 9
7f66428c7000 44 2 2725 9
7f6642901000 54 3 2783 9
7f66428e3000 69 13 2865 9
7f6642850000 64 4 2933 9
7f664284f000 48 4 2986 9
7f6642856000 82 6 3075 9
7f66428c5000 55 6 3136 9
7f6642849000 31 3 3170 9
7f6642855000 117 5 3292 9
7f6642839000 76 4 3373 9
7f664284e000 47 3 3423 9
7f66428ff000 67 7 3498 9
7f66428fe000 45 3 3547 9
7f66428fd000 42 3 3592 9
7f66428fc000 51 2 3645 9
7f6642907000 45 4 3695 9
7f6642906000 58 5 3758 9
7f6642905000 49 4 3811 9
7f6642904000 63 4 3879 10
3885 10
0x407000
407000 35 22 57 3
406000 42 25 125 5
7f66428db000 60 32 218 6
7f66428d7000 80 31 329 6
7f66428d6000 57 37 423 6
7f66428d1000 54 26 504 6
7f66428d0000 77 41 623 7
7f66428cf000 62 19 705 7
7f66427e5000 124 6 836 7
7f66428ce000 46 6 889 7
7f66428cd000 45 5 939 7
7f6642862000 84 23 1047 7
7f6642861000 86 16 1150 7
7f6642922000 101 14 1266 8
7f6642860000 62 9 1337 8
7f664285f000 82 10 1430 8
7f6642857000 151 13 1594 8
7f664285e000 94 8 1697 8
7f664285d000 69 11 1777 8
7f6642858000 62 12 1851 8
7f6642824000 56 7 1915 8
7f66428f2000 91 10 2017 8
7f66428f1000 108 9 2135 8
7f66428f0000 68 19 2223 8
7f66428ee000 75 7 2305 8
7f66428cc000 53 6 2365 8
7f66428cb000 48 6 2420 8
7f66428ca000 35 5 2461 8
7f66428c9000 46 6 2514 8
7f66428c8000 39 5 2559 8
7f66428c7000 44 6 2610 8
7f6642901000 53 6 2670 8
7f66428e3000 68 24 2762 8
7f6642850000 61 8 2832 8
7f664284f000 48 10 2891 8
7f6642856000 83 12 2986 8
7f66428c5000 56 12 3054 8
7f6642849000 31 8 3093 8
7f6642855000 111 11 3215 8
7f6642839000 74 8 3298 8
7f664284e000 48 7 3353 8
7f66428ff000 68 14 3435 8
7f66428fe000 45 7 3487 8
7f66428fd000 39 7 3534 8
7f66428fc000 48 6 3588 8
7f6642907000 45 7 3641 8
7f6642906000 58 10 3710 8
7f6642905000 49 9 3768 8
7f6642904000 64 9 3841 9
7f6642903000 88 5 3934 9
7f6642902000 57 4 3995 9
7f6642844000 58 5 4059 9
7f6642843000 57 4 4121 9
7f664284a000 86 6 4214 10
4219 10
0x40e000
40e000 43 24 67 2
40d000 30 18 116 3
402000 48 20 185 6
7f6642862000 84 28 298 7
7f6642861000 87 13 398 7
7f6642922000 101 11 510 9
7f6642860000 61 4 576 9
7f664285f000 82 5 664 9
7f6642857000 152 7 823 9
7f664285e000 95 4 922 9
7f664285d000 69 5 996 9
7f6642858000 62 6 1064 9
7f66427e5000 124 3 1191 9
7f6642824000 56 3 1250 9
7f66428f2000 91 5 1347 9
7f66428f1000 109 4 1460 9
7f66428f0000 68 10 1539 9
7f66428ee000 76 3 1618 9
7f6642874000 58 3 1679 9
7f6642873000 50 2 1732 9
7f6642872000 45 2 1780 9
7f6642807000 48 5 1834 9
7f66428db000 61 7 1902 9
7f66428d7000 80 9 1991 9
7f66428d6000 57 11 2059 9
7f66428d1000 54 8 2121 9
7f66428d0000 78 12 2211 9
7f66428cf000 62 9 2282 9
7f66428ce000 49 2 2333 9
7f66428cd000 45 2 2381 9
7f66428cc000 56 2 2440 9
7f66428cb000 49 2 2492 9
7f66428ca000 35 2 2530 9
7f66428c9000 46 3 2580 9
7f66428c8000 39 2 2621 9
7f66428c7000 43 3 2668 9
7f6642901000 53 2 2724 9
7f66428e3000 71 14 2810 9
7f6642850000 63 4 2877 9
7f664284f000 49 4 2930 9
7f6642856000 82 6 3019 9
7f66428c5000 55 6 3080 9
7f6642849000 31 3 3114 9
7f6642855000 115 5 3235 9
7f6642839000 74 3 3313 9
7f664284e000 48 3 3364 9
7f66428ff000 68 7 3440 9
7f66428fe000 45 3 3488 9
7f66428fd000 39 3 3531 9
7f66428fc000 53 3 3588 9
7f6642907000 46 3 3637 9
7f6642906000 57 5 3700 9
7f6642905000 50 3 3753 9
7f6642904000 63 4 3821 10
3826 10
0x40d000
40d000 29 22 51 3
402000 48 20 120 6
7f6642862000 84 29 234 7
7f6642861000 87 13 334 7
7f6642922000 101 11 447 9
7f6642860000 62 4 513 9
7f664285f000 84 5 602 9
7f6642857000 154 6 762 9
7f664285e000 94 4 861 9
7f664285d000 69 5 935 9
7f6642858000 64 6 1006 9
7f66427e5000 127 2 1135 9
7f6642824000 56 3 1195 9
7f66428f2000 91 5 1291 9
7f66428f1000 109 4 1404 9
7f66428f0000 69 9 1482 9
7f66428ee000 76 3 1561 9
7f6642874000 57 4 1622 9
7f6642873000 50 2 1674 9
7f6642872000 45 2 1722 9
7f6642807000 47 5 1775 9
7f66428db000 60 7 1843 9
7f66428d7000 79 9 1931 9
7f66428d6000 56 11 1998 9
7f66428d1000 53 8 2060 9
7f66428d0000 78 12 2150 9
7f66428cf000 62 7 2219 9
7f66428ce000 46 2 2268 9
7f66428cd000 45 1 2315 9
7f66428cc000 55 2 2373 9
7f66428cb000 50 3 2427 9
7f66428ca000 36 2 2465 9
7f66428c9000 46 3 2514 9
7f66428c8000 39 2 2555 9
7f66428c7000 43 3 2602 9
7f6642901000 53 3 2659 9
7f66428e3000 68 12 2739 9
7f6642850000 61 3 2804 9
7f664284f000 48 4 2857 9
7f6642856000 82 6 2946 9
7f66428c5000 55 6 3007 9
7f6642849000 31 3 3041 9
7f6642855000 110 5 3157 9
7f6642839000 73 3 3234 9
7f664284e000 47 3 3285 9
7f66428ff000 68 7 3360 9
7f66428fe000 45 3 3408 9
7f66428fd000 38 3 3450 9
7f66428fc000 47 3 3501 9
7f6642907000 45 3 3549 9
7f6642906000 58 4 3612 9
7f6642905000 48 4 3665 9
7f6642904000 63 4 3732 10
3736 10
0x40c000
40c000 40 19 59 3
402000 48 20 128 5
40b000 47 17 192 6
40f000 96 9 298 6
7f6642874000 56 12 367 6
7f6642873000 50 6 423 6
7f6642872000 46 5 474 6
7f66428db000 60 23 558 7
7f66428d7000 79 20 657 7
7f66428d6000 57 25 739 7
7f66428d1000 54 16 809 7
7f66428d0000 77 28 915 7
7f66428cf000 61 17 993 8
7f66427e5000 123 3 1120 8
7f66428ce000 45 3 1169 8
7f66428cd000 44 2 1216 8
7f6642862000 83 15 1315 8
7f6642861000 86 9 1410 8
7f6642922000 100 8 1519 9
7f6642860000 60 5 1585 9
7f664285f000 82 5 1672 9
7f6642857000 151 6 1829 9
7f664285e000 94 3 1927 9
7f664285d000 68 5 2000 9
7f6642858000 61 6 2068 9
7f6642824000 56 3 2127 9
7f66428f2000 90 5 2223 9
7f66428f1000 109 5 2337 9
7f66428f0000 69 9 2415 9
7f66428ee000 75 3 2494 9
7f66428cc000 53 3 2550 9
7f66428cb000 48 3 2602 9
7f66428ca000 35 2 2640 9
7f66428c9000 46 3 2689 9
7f66428c8000 39 3 2731 9
7f66428c7000 43 3 2777 9
7f6642901000 53 2 2833 9
7f66428e3000 68 13 2915 9
7f6642850000 61 3 2979 9
7f664284f000 48 5 3033 9
7f6642856000 83 6 3122 9
7f66428c5000 55 6 3184 9
7f6642849000 31 3 3218 9
7f6642855000 110 6 3335 9
7f6642839000 74 3 3412 9
7f664284e000 47 3 3463 9
7f66428ff000 67 7 3538 9
7f66428fe000 45 3 3586 9
7f66428fd000 39 3 3629 9
7f66428fc000 48 2 3680 9
7f6642907000 45 3 3729 9
7f6642906000 57 5 3792 9
7f6642905000 49 4 3845 9
7f6642904000 64 4 3913 10
3917 10
0x40b000
40b000 48 34 82 6
402000 49 13 146 6
40f000 97 9 253 6
7f6642874000 57 11 322 6
7f6642873000 50 6 379 6
7f6642872000 45 6 431 6
7f66428db000 60 23 515 7
7f66428d7000 80 20 615 7
7f66428d6000 57 25 698 7
7f66428d1000 54 17 769 7
7f66428d0000 78 28 875 7
7f66428cf000 62 17 954 8
7f66427e5000 124 4 1083 8
7f66428ce000 46 3 1132 8
7f66428cd000 44 3 1180 8
7f6642862000 84 15 1280 8
7f6642861000 87 9 1377 8
7f6642922000 102 8 1488 9
7f6642860000 62 4 1554 9
7f664285f000 83 5 1643 9
7f6642857000 153 7 1803 9
7f664285e000 96 4 1903 9
7f664285d000 69 5 1977 9
7f6642858000 61 6 2045 9
7f6642824000 56 3 2105 9
7f66428f2000 92 4 2202 9
7f66428f1000 110 4 2317 9
7f66428f0000 69 9 2396 9
7f66428ee000 75 4 2476 9
7f66428cc000 54 2 2532 9
7f66428cb000 49 3 2585 9
7f66428ca000 36 2 2623 9
7f66428c9000 47 2 2672 9
7f66428c8000 39 3 2715 9
7f66428c7000 44 2 2761 9
7f6642901000 54 2 2818 9
7f66428e3000 68 13 2900 9
7f6642850000 61 4 2965 9
7f664284f000 48 5 3019 9
7f6642856000 84 5 3108 9
7f66428c5000 55 6 3170 9
7f6642849000 31 4 3205 9
7f6642855000 111 6 3322 9
7f6642839000 75 3 3400 9
7f664284e000 47 3 3451 9
7f66428ff000 69 6 3527 9
7f66428fe000 45 3 3576 9
7f66428fd000 39 3 3619 9
7f66428fc000 48 2 3670 9
7f6642907000 45 4 3720 9
7f6642906000 58 5 3783 9
7f6642905000 49 4 3836 9
7f6642904000 64 4 3904 10
3907 10
0x40a000
40a000 33 23 56 3
7f66428db000 60 41 158 4
7f66428d7000 79 42 280 4
7f66428d6000 56 51 388 4
7f66428d1000 54 36 479 4
7f66428d0000 77 57 614 6
7f66428cf000 62 25 701 7
7f66427e5000 124 7 832 7
7f66428ce000 46 6 884 7
7f66428cd000 44 5 934 7
7f6642862000 84 24 1043 7
7f6642861000 86 16 1145 7
7f6642922000 102 13 1260 8
7f6642860000 61 9 1331 8
7f664285f000 83 9 1424 8
7f6642857000 151 13 1589 8
7f664285e000 95 8 1692 8
7f664285d000 68 11 1772 8
7f6642858000 62 12 1846 8
7f6642824000 56 8 1911 8
7f66428f2000 91 10 2012 8
7f66428f1000 109 9 2131 8
7f66428f0000 68 19 2219 8
7f66428ee000 76 7 2302 8
7f66428cc000 54 6 2362 8
7f66428cb000 49 6 2418 8
7f66428ca000 35 5 2459 8
7f66428c9000 46 7 2513 8
7f66428c8000 40 5 2558 8
7f66428c7000 43 6 2608 8
7f6642901000 54 6 2669 8
7f66428e3000 69 24 2762 8
7f6642850000 62 8 2832 8
7f664284f000 49 10 2891 8
7f6642856000 83 12 2986 8
7f66428c5000 56 12 3054 8
7f6642849000 31 8 3093 8
7f6642855000 111 11 3215 8
7f6642839000 74 8 3298 8
7f664284e000 47 8 3353 8
7f66428ff000 69 13 3435 8
7f66428fe000 45 7 3488 8
7f66428fd000 39 7 3535 8
7f66428fc000 49 5 3589 8
7f6642907000 45 8 3643 8
7f6642906000 59 9 3711 8
7f6642905000 48 9 3769 8
7f6642904000 63 9 3841 9
7f6642903000 88 5 3934 9
7f6642902000 56 5 3995 9
7f6642844000 58 5 4058 9
7f6642843000 57 4 4120 9
7f664284a000 85 6 4212 10
4215 10
0x409000
409000 51 31 83 5
402000 48 14 146 6
7f66428db000 60 22 229 7
7f66428d7000 79 20 328 7
7f66428d6000 56 25 410 7
7f66428d1000 54 17 481 7
7f66428d0000 77 28 586 7
7f66428cf000 61 17 665 8
7f66427e5000 123 3 791 8
7f66428ce000 45 3 840 8
7f66428cd000 44 2 886 8
7f6642862000 83 15 985 8
7f6642861000 85 10 1081 8
7f6642922000 101 8 1190 9
7f6642860000 61 4 1255 9
7f664285f000 83 5 1344 9
7f6642857000 153 7 1504 9
7f664285e000 95 4 1603 9
7f664285d000 69 5 1677 9
7f6642858000 62 6 1745 9
7f6642824000 57 3 1805 9
7f66428f2000 91 5 1901 9
7f66428f1000 109 4 2014 9
7f66428f0000 69 9 2092 9
7f66428ee000 75 3 2170 9
7f66428cc000 53 2 2226 9
7f66428cb000 49 2 2278 9
7f66428ca000 35 2 2316 9
7f66428c9000 46 2 2365 9
7f66428c8000 39 2 2407 9
7f66428c7000 43 3 2454 9
7f6642901000 53 3 2510 9
7f66428e3000 68 13 2591 9
7f6642850000 60 4 2656 9
7f664284f000 48 5 2709 9
7f6642856000 83 5 2797 9
7f66428c5000 55 5 2858 9
7f6642849000 30 4 2893 9
7f6642855000 110 6 3009 9
7f6642839000 74 3 3086 9
7f664284e000 47 3 3137 9
7f66428ff000 68 7 3212 9
7f66428fe000 44 4 3260 9
7f66428fd000 39 3 3302 9
7f66428fc000 48 2 3352 9
7f6642907000 45 3 3401 9
7f6642906000 58 5 3464 9
7f6642905000 48 4 3516 9
7f6642904000 63 4 3584 10
3587 10
0x405000
405000 37 23 60 0
7f66428db000 61 56 177 4
7f66428d7000 78 43 299 4
7f66428d6000 57 50 406 4
7f66428d1000 54 35 496 4
7f66428d0000 77 56 630 6
7f66428cf000 61 24 716 7
7f66427e5000 123 6 846 7
7f66428ce000 46 5 898 7
7f66428cd000 44 5 948 7
7f6642862000 83 24 1056 7
7f6642861000 86 15 1157 7
7f6642922000 100 14 1272 8
7f6642860000 61 9 1342 8
7f664285f000 82 10 1434 8
7f6642857000 151 12 1597 8
7f664285e000 94 8 1700 8
7f664285d000 68 11 1779 8
7f6642858000 61 13 1854 8
7f6642824000 56 7 1917 8
7f66428f2000 90 10 2018 8
7f66428f1000 108 9 2136 8
7f66428f0000 68 18 2223 8
7f66428ee000 74 8 2306 8
7f66428cc000 53 6 2365 8
7f66428cb000 48 6 2420 8
7f66428ca000 35 5 2461 8
7f66428c9000 46 6 2514 8
7f66428c8000 39 6 2560 8
7f66428c7000 44 6 2610 8
7f6642901000 53 6 2670 8
7f66428e3000 69 24 2763 8
7f6642850000 61 9 2833 8
7f664284f000 49 10 2892 8
7f6642856000 83 12 2987 8
7f66428c5000 55 12 3054 8
7f6642849000 30 8 3093 8
7f6642855000 111 11 3215 8
7f6642839000 74 8 3297 8
7f664284e000 47 7 3351 8
7f66428ff000 68 14 3433 8
7f66428fe000 45 7 3485 8
7f66428fd000 38 7 3531 8
7f66428fc000 48 6 3585 8
7f6642907000 45 8 3638 8
7f6642906000 58 10 3706 8
7f6642905000 49 8 3763 8
7f6642904000 64 9 3837 9
7f6642903000 96 5 3939 9
7f6642902000 57 4 4001 9
7f6642844000 58 5 4065 9
7f6642843000 57 4 4127 9
7f664284a000 86 7 4221 10
4225 10
