0x558aeff03000
558aeff03000 79 23 103 5
558aeff98000 1016 107 1227 5
558aeff02000 56 11 1295 5
558aefea9000 55 11 1362 5
558aefda2000 18 7 1388 5
558aeff46000 56 12 1456 5
558aeff45000 51 12 1520 5
558aeff95000 1017 114 2652 5
558aeff97000 1017 112 3782 5
558aeff61000 58 13 3854 6
7f3bac369000 45 8 3908 6
7f3bac368000 40 9 3958 6
7f3bac365000 53 12 4024 6
7f3bac362000 52 13 4090 6
7f3bac3f1000 97 22 4209 6
7f3bac3f0000 99 19 4327 7
7f3bac2b3000 121 8 4456 7
7f3bac3c0000 89 15 4560 7
7f3bac3bf000 106 13 4679 7
7f3bac3be000 68 27 4775 7
7f3bac3bc000 74 10 4859 7
7f3bac2c4000 74 13 4946 7
7f3bac2c3000 36 10 4993 7
7f3bac2c2000 52 9 5055 7
7f3bac2c1000 83 12 5150 7
7f3bac2c0000 33 8 5192 7
7f3bac2b8000 44 11 5248 7
7f3bac2b7000 42 11 5301 7
7f3bac2b6000 61 9 5371 7
7f3bac313000 72 15 5459 8
7f3bac320000 84 9 5552 8
7f3bac31f000 76 13 5641 8
7f3bac3a4000 57 20 5718 8
7f3bac39f000 54 15 5788 8
7f3bac39e000 77 23 5888 8
7f3bac39d000 61 15 5964 8
7f3bac39c000 45 5 6014 8
7f3bac39b000 43 4 6062 8
7f3bac330000 82 18 6163 8
7f3bac32f000 84 12 6259 8
7f3bac32e000 60 9 6328 8
7f3bac32d000 80 9 6418 8
7f3bac325000 147 12 6578 8
7f3bac32c000 91 8 6678 8
7f3bac32b000 66 11 6755 8
7f3bac326000 61 12 6828 8
7f3bac2f2000 55 7 6891 8
7f3bac39a000 52 6 6949 8
7f3bac399000 48 6 7004 8
7f3bac398000 34 5 7044 8
7f3bac397000 45 6 7096 8
7f3bac396000 39 5 7140 8
7f3bac395000 43 6 7189 8
7f3bac3cf000 52 6 7248 8
7f3bac3b1000 69 24 7341 8
7f3bac31e000 59 9 7410 8
7f3bac3a9000 60 14 7484 8
7f3bac3a5000 78 18 7580 8
7f3bac3a8000 48 11 7639 8
7f3bac322000 101 12 7752 9
7f3bac3a7000 94 5 7851 9
7f3bac3a6000 61 8 7921 9
7f3bac2f3000 32 4 7957 9
7f3bac31c000 46 4 8007 9
7f3bac374000 49 3 8059 9
7f3bac373000 57 6 8122 9
7f3bac3d5000 44 3 8170 9
7f3bac3d4000 57 4 8232 9
7f3bac3d3000 47 4 8284 9
7f3bac3d2000 62 4 8351 10
8360 10
0x558aeff98000
558aeff98000 1006 187 1194 1
1194 1
0x558aeff02000
558aeff02000 56 22 78 2
558aefea9000 54 20 153 2
558aefda2000 17 12 183 2
558aeff98000 1008 157 1348 3
558aeff46000 55 16 1420 5
558aeff45000 52 11 1484 5
558aeff95000 1006 114 2605 5
558aeff97000 1008 112 3726 5
558aeff61000 57 13 3797 6
7f3bac369000 45 8 3851 6
7f3bac368000 40 9 3900 6
7f3bac365000 53 12 3966 6
7f3bac362000 52 12 4031 6
7f3bac3f1000 96 21 4149 6
7f3bac3f0000 98 18 4266 7
7f3bac2b3000 120 9 4396 7
7f3bac3c0000 89 14 4499 7
7f3bac3bf000 105 14 4619 7
7f3bac3be000 68 28 4715 7
7f3bac3bc000 74 10 4799 7
7f3bac2c4000 72 14 4886 7
7f3bac2c3000 37 10 4933 7
7f3bac2c2000 52 9 4994 7
7f3bac2c1000 82 13 5090 7
7f3bac2c0000 34 7 5131 7
7f3bac2b8000 45 10 5187 7
7f3bac2b7000 42 11 5240 7
7f3bac2b6000 61 9 5310 7
7f3bac313000 72 14 5397 8
7f3bac320000 84 8 5490 8
7f3bac31f000 76 12 5579 8
7f3bac3a4000 57 21 5658 8
7f3bac39f000 54 15 5727 8
7f3bac39e000 77 23 5827 8
7f3bac39d000 61 15 5903 8
7f3bac39c000 45 5 5953 8
7f3bac39b000 42 5 6001 8
7f3bac330000 82 17 6101 8
7f3bac32f000 84 12 6198 8
7f3bac32e000 60 9 6267 8
7f3bac32d000 80 10 6357 8
7f3bac325000 147 13 6517 8
7f3bac32c000 91 8 6616 8
7f3bac32b000 67 10 6693 8
7f3bac326000 60 13 6767 8
7f3bac2f2000 55 7 6829 8
7f3bac39a000 52 5 6887 8
7f3bac399000 48 6 6942 8
7f3bac398000 35 5 6982 8
7f3bac397000 45 6 7033 8
7f3bac396000 39 5 7078 8
7f3bac395000 43 6 7127 8
7f3bac3cf000 52 6 7186 8
7f3bac3b1000 69 24 7279 8
7f3bac31e000 59 9 7348 8
7f3bac3a9000 60 13 7421 8
7f3bac3a5000 78 17 7517 8
7f3bac3a8000 48 10 7576 8
7f3bac322000 101 12 7690 9
7f3bac3a7000 94 6 7790 9
7f3bac3a6000 61 8 7859 9
7f3bac2f3000 32 4 7895 9
7f3bac31c000 46 3 7944 9
7f3bac374000 49 3 7997 9
7f3bac373000 56 7 8060 9
7f3bac3d5000 44 3 8108 9
7f3bac3d4000 57 4 8170 9
7f3bac3d3000 48 4 8222 9
7f3bac3d2000 63 4 8289 10
8297 10
0x558aefea9000
558aefea9000 55 23 78 2
558aefda2000 17 12 108 2
558aeff98000 1008 157 1274 3
558aeff46000 55 16 1346 5
558aeff45000 51 12 1410 5
558aeff95000 1011 114 2536 5
558aeff97000 1011 111 3659 5
558aeff61000 57 13 3730 6
7f3bac369000 45 8 3784 6
7f3bac368000 40 9 3834 6
7f3bac365000 52 13 3900 6
7f3bac362000 52 13 3965 6
7f3bac3f1000 97 21 4083 6
7f3bac3f0000 98 19 4200 7
7f3bac2b3000 120 9 4329 7
7f3bac3c0000 89 14 4432 7
7f3bac3bf000 106 13 4552 7
7f3bac3be000 68 28 4649 7
7f3bac3bc000 73 11 4733 7
7f3bac2c4000 73 14 4820 7
7f3bac2c3000 37 10 4867 7
7f3bac2c2000 53 9 4929 7
7f3bac2c1000 83 13 5025 7
7f3bac2c0000 34 7 5066 7
7f3bac2b8000 45 10 5122 7
7f3bac2b7000 42 11 5175 7
7f3bac2b6000 61 10 5246 7
7f3bac313000 72 15 5333 8
7f3bac320000 84 9 5426 8
7f3bac31f000 77 12 5515 8
7f3bac3a4000 57 21 5593 8
7f3bac39f000 54 15 5662 8
7f3bac39e000 77 23 5762 8
7f3bac39d000 61 15 5838 8
7f3bac39c000 45 5 5888 8
7f3bac39b000 42 5 5936 8
7f3bac330000 82 17 6036 8
7f3bac32f000 83 12 6132 8
7f3bac32e000 60 9 6202 8
7f3bac32d000 80 9 6291 8
7f3bac325000 146 13 6451 8
7f3bac32c000 92 8 6551 8
7f3bac32b000 67 10 6628 8
7f3bac326000 61 12 6701 8
7f3bac2f2000 55 7 6764 8
7f3bac39a000 52 5 6822 8
7f3bac399000 48 6 6877 8
7f3bac398000 34 5 6917 8
7f3bac397000 45 6 6969 8
7f3bac396000 39 5 7013 8
7f3bac395000 42 6 7062 8
7f3bac3cf000 52 6 7121 8
7f3bac3b1000 69 24 7214 8
7f3bac31e000 60 8 7282 8
7f3bac3a9000 59 14 7356 8
7f3bac3a5000 78 17 7452 8
7f3bac3a8000 48 10 7511 8
7f3bac322000 101 12 7625 9
7f3bac3a7000 93 6 7725 9
7f3bac3a6000 61 8 7794 9
7f3bac2f3000 32 4 7830 9
7f3bac31c000 47 3 7880 9
7f3bac374000 49 3 7932 9
7f3bac373000 56 7 7995 9
7f3bac3d5000 44 3 8043 9
7f3bac3d4000 56 5 8105 9
7f3bac3d3000 48 4 8157 9
7f3bac3d2000 63 4 8224 10
8230 10
0x558aefda2000
558aefda2000 18 14 32 0
32 0
0x558aeff46000
558aeff46000 55 23 79 5
558aeff98000 1009 107 1196 5
558aeff45000 51 12 1260 5
558aeff95000 1009 113 2382 5
558aeff97000 1009 112 3504 5
558aeff61000 57 13 3575 6
7f3bac369000 45 8 3629 6
7f3bac368000 40 9 3678 6
7f3bac365000 53 12 3744 6
7f3bac362000 52 12 3809 6
7f3bac3f1000 96 21 3927 6
7f3bac3f0000 98 18 4044 7
7f3bac2b3000 120 8 4173 7
7f3bac3c0000 89 14 4277 7
7f3bac3bf000 106 13 4397 7
7f3bac3be000 68 28 4493 7
7f3bac3bc000 73 11 4577 7
7f3bac2c4000 73 13 4663 7
7f3bac2c3000 37 9 4710 7
7f3bac2c2000 52 9 4772 7
7f3bac2c1000 82 13 4868 7
7f3bac2c0000 33 8 4910 7
7f3bac2b8000 45 10 4965 7
7f3bac2b7000 41 11 5018 7
7f3bac2b6000 61 9 5089 7
7f3bac313000 72 15 5176 8
7f3bac320000 84 8 5268 8
7f3bac31f000 76 12 5357 8
7f3bac3a4000 57 21 5435 8
7f3bac39f000 54 15 5504 8
7f3bac39e000 77 22 5603 8
7f3bac39d000 61 15 5680 8
7f3bac39c000 45 5 5730 8
7f3bac39b000 43 5 5778 8
7f3bac330000 83 17 5878 8
7f3bac32f000 83 12 5974 8
7f3bac32e000 59 9 6043 8
7f3bac32d000 80 10 6134 8
7f3bac325000 147 13 6294 8
7f3bac32c000 92 8 6394 8
7f3bac32b000 67 10 6471 8
7f3bac326000 61 12 6544 8
7f3bac2f2000 55 7 6607 8
7f3bac39a000 52 6 6665 8
7f3bac399000 47 6 6719 8
7f3bac398000 35 5 6760 8
7f3bac397000 45 6 6811 8
7f3bac396000 39 5 6856 8
7f3bac395000 43 6 6905 8
7f3bac3cf000 52 6 6964 8
7f3bac3b1000 69 24 7057 8
7f3bac31e000 60 8 7125 8
7f3bac3a9000 59 14 7199 8
7f3bac3a5000 77 18 7295 8
7f3bac3a8000 48 11 7354 8
7f3bac322000 101 12 7467 9
7f3bac3a7000 93 6 7567 9
7f3bac3a6000 61 8 7636 9
7f3bac2f3000 32 4 7672 9
7f3bac31c000 46 4 7722 9
7f3bac374000 49 3 7774 9
7f3bac373000 56 7 7837 9
7f3bac3d5000 44 3 7885 9
7f3bac3d4000 57 4 7947 9
7f3bac3d3000 48 4 7999 9
7f3bac3d2000 63 4 8066 10
8071 10
0x558aeff45000
558aeff45000 52 22 74 3
558aeff98000 1012 143 1230 4
558aeff95000 1010 132 2373 4
558aeff97000 1009 129 3512 4
558aeff61000 58 16 3587 6
7f3bac369000 45 8 3641 6
7f3bac368000 40 9 3690 6
7f3bac365000 53 12 3756 6
7f3bac362000 52 12 3821 6
7f3bac3f1000 96 21 3939 6
7f3bac3f0000 98 18 4056 7
7f3bac2b3000 120 8 4185 7
7f3bac3c0000 88 15 4289 7
7f3bac3bf000 107 13 4409 7
7f3bac3be000 68 27 4505 7
7f3bac3bc000 73 10 4589 7
7f3bac2c4000 73 14 4676 7
7f3bac2c3000 37 10 4723 7
7f3bac2c2000 53 9 4785 7
7f3bac2c1000 83 13 4881 7
7f3bac2c0000 33 8 4922 7
7f3bac2b8000 44 11 4978 7
7f3bac2b7000 42 11 5031 7
7f3bac2b6000 61 9 5101 7
7f3bac313000 72 14 5188 8
7f3bac320000 84 8 5281 8
7f3bac31f000 76 12 5370 8
7f3bac3a4000 57 21 5448 8
7f3bac39f000 54 14 5516 8
7f3bac39e000 77 22 5616 8
7f3bac39d000 61 14 5692 8
7f3bac39c000 44 5 5742 8
7f3bac39b000 43 4 5790 8
7f3bac330000 82 18 5891 8
7f3bac32f000 84 12 5987 8
7f3bac32e000 60 9 6056 8
7f3bac32d000 81 9 6146 8
7f3bac325000 147 12 6306 8
7f3bac32c000 91 8 6406 8
7f3bac32b000 67 10 6483 8
7f3bac326000 60 12 6556 8
7f3bac2f2000 55 7 6619 8
7f3bac39a000 53 5 6677 8
7f3bac399000 47 6 6731 8
7f3bac398000 35 5 6772 8
7f3bac397000 45 6 6823 8
7f3bac396000 39 5 6868 8
7f3bac395000 43 6 6917 8
7f3bac3cf000 52 6 6976 8
7f3bac3b1000 69 24 7069 8
7f3bac31e000 59 9 7138 8
7f3bac3a9000 60 13 7211 8
7f3bac3a5000 78 17 7307 8
7f3bac3a8000 48 10 7366 8
7f3bac322000 101 12 7480 9
7f3bac3a7000 94 6 7580 9
7f3bac3a6000 61 8 7649 9
7f3bac2f3000 32 4 7685 9
7f3bac31c000 46 4 7735 9
7f3bac374000 49 3 7787 9
7f3bac373000 57 6 7850 9
7f3bac3d5000 44 4 7899 9
7f3bac3d4000 57 4 7960 9
7f3bac3d3000 48 3 8012 9
7f3bac3d2000 66 4 8083 10
8088 10
0x558aeff95000
558aeff95000 1009 198 1207 1
1208 1
0x558aeff97000
558aeff97000 1008 195 1204 2
558aeff61000 58 21 1284 6
558aeff98000 1008 93 2386 6
7f3bac369000 44 8 2439 6
7f3bac368000 40 9 2489 6
7f3bac365000 53 12 2555 6
7f3bac362000 53 12 2620 6
7f3bac3f1000 97 21 2738 6
7f3bac3f0000 98 19 2855 7
7f3bac2b3000 121 8 2984 7
7f3bac3c0000 88 15 3088 7
7f3bac3bf000 106 13 3207 7
7f3bac3be000 68 27 3303 7
7f3bac3bc000 74 10 3387 7
7f3bac2c4000 73 13 3474 7
7f3bac2c3000 36 10 3521 7
7f3bac2c2000 52 8 3582 7
7f3bac2c1000 83 12 3678 7
7f3bac2c0000 33 8 3720 7
7f3bac2b8000 45 10 3775 7
7f3bac2b7000 42 11 3829 7
7f3bac2b6000 61 9 3899 7
7f3bac313000 73 14 3986 8
7f3bac320000 83 9 4079 8
7f3bac31f000 76 12 4167 8
7f3bac3a4000 57 20 4245 8
7f3bac39f000 53 15 4314 8
7f3bac39e000 76 23 4414 8
7f3bac39d000 61 15 4490 8
7f3bac39c000 44 5 4540 8
7f3bac39b000 43 4 4588 8
7f3bac330000 82 18 4689 8
7f3bac32f000 84 12 4785 8
7f3bac32e000 60 9 4855 8
7f3bac32d000 81 10 4946 8
7f3bac325000 147 13 5106 8
7f3bac32c000 92 7 5205 8
7f3bac32b000 66 11 5283 8
7f3bac326000 62 12 5357 8
7f3bac2f2000 55 7 5420 8
7f3bac39a000 52 5 5478 8
7f3bac399000 48 6 5533 8
7f3bac398000 34 5 5573 8
7f3bac397000 45 6 5625 8
7f3bac396000 39 5 5669 8
7f3bac395000 42 6 5718 8
7f3bac3cf000 52 6 5777 8
7f3bac3b1000 68 24 5870 8
7f3bac31e000 59 8 5938 8
7f3bac3a9000 59 14 6012 8
7f3bac3a5000 78 17 6108 8
7f3bac3a8000 49 10 6167 8
7f3bac322000 101 12 6280 9
7f3bac3a7000 93 6 6380 9
7f3bac3a6000 61 8 6449 9
7f3bac2f3000 32 3 6484 9
7f3bac31c000 46 3 6534 9
7f3bac374000 48 4 6587 9
7f3bac373000 56 7 6650 9
7f3bac3d5000 44 3 6698 9
7f3bac3d4000 57 4 6760 9
7f3bac3d3000 48 4 6812 9
7f3bac3d2000 63 3 6879 10
6883 10
0x558aeff61000
558aeff61000 58 26 84 4
558aeff98000 1015 125 1225 5
7f3bac369000 45 9 1280 6
7f3bac368000 41 9 1330 6
7f3bac365000 53 12 1396 6
7f3bac362000 52 13 1462 6
7f3bac3f1000 97 22 1581 6
7f3bac3f0000 98 19 1698 7
7f3bac2b3000 121 8 1828 7
7f3bac3c0000 90 14 1932 7
7f3bac3bf000 106 14 2053 7
7f3bac3be000 69 27 2149 7
7f3bac3bc000 74 11 2234 7
7f3bac2c4000 74 13 2321 7
7f3bac2c3000 36 10 2368 7
7f3bac2c2000 52 9 2430 7
7f3bac2c1000 84 13 2527 7
7f3bac2c0000 34 7 2568 7
7f3bac2b8000 45 10 2624 7
7f3bac2b7000 42 11 2678 7
7f3bac2b6000 62 9 2749 7
7f3bac313000 73 14 2836 8
7f3bac320000 84 9 2930 8
7f3bac31f000 77 12 3019 8
7f3bac3a4000 57 21 3097 8
7f3bac39f000 55 14 3166 8
7f3bac39e000 77 23 3267 8
7f3bac39d000 61 15 3343 8
7f3bac39c000 45 5 3394 8
7f3bac39b000 43 5 3442 8
7f3bac330000 83 17 3543 8
7f3bac32f000 84 12 3640 8
7f3bac32e000 60 9 3709 8
7f3bac32d000 80 10 3800 8
7f3bac325000 148 12 3960 8
7f3bac32c000 92 8 4061 8
7f3bac32b000 67 11 4139 8
7f3bac326000 61 13 4213 8
7f3bac2f2000 56 6 4275 8
7f3bac39a000 52 6 4334 8
7f3bac399000 48 5 4388 8
7f3bac398000 35 5 4429 8
7f3bac397000 45 6 4481 8
7f3bac396000 39 6 4526 8
7f3bac395000 43 6 4575 8
7f3bac3cf000 52 6 4634 8
7f3bac3b1000 69 25 4728 8
7f3bac31e000 60 8 4796 8
7f3bac3a9000 60 14 4870 8
7f3bac3a5000 77 18 4965 8
7f3bac3a8000 48 10 5023 8
7f3bac322000 100 12 5136 9
7f3bac3a7000 93 6 5236 9
7f3bac3a6000 61 8 5305 9
7f3bac2f3000 32 3 5340 9
7f3bac31c000 46 3 5390 9
7f3bac374000 48 3 5442 9
7f3bac373000 56 7 5506 9
7f3bac3d5000 45 3 5554 9
7f3bac3d4000 57 4 5615 9
7f3bac3d3000 48 3 5667 9
7f3bac3d2000 62 4 5734 10
5737 10
0x558aefda3000
558aefda3000 21 14 36 0
558aefda2000 18 14 68 0
68 0
0x558aefdaa000
558aefdaa000 59 26 85 4
7f3bac32b000 66 25 177 5
558aefda2000 17 7 202 5
558aeff95000 1006 114 1322 5
558aeff97000 1006 111 2440 5
558aeff61000 57 13 2512 6
558aeff98000 1005 92 3610 6
7f3bac369000 44 9 3664 6
7f3bac368000 40 9 3713 6
7f3bac365000 53 12 3779 6
7f3bac362000 52 12 3844 6
7f3bac3f1000 97 21 3962 6
7f3bac3f0000 98 18 4079 7
7f3bac2b3000 120 8 4208 7
7f3bac3c0000 89 15 4312 7
7f3bac3bf000 106 13 4431 7
7f3bac3be000 68 28 4527 7
7f3bac3bc000 73 11 4611 7
7f3bac2c4000 73 14 4698 7
7f3bac2c3000 37 10 4745 7
7f3bac2c2000 52 9 4806 7
7f3bac2c1000 83 13 4902 7
7f3bac2c0000 33 8 4943 7
7f3bac2b8000 44 10 4998 7
7f3bac2b7000 42 11 5052 7
7f3bac2b6000 61 9 5122 7
7f3bac313000 71 15 5209 8
7f3bac320000 84 9 5302 8
7f3bac31f000 76 12 5390 8
7f3bac3a4000 56 21 5468 8
7f3bac39f000 54 15 5537 8
7f3bac39e000 76 23 5636 8
7f3bac39d000 60 15 5712 8
7f3bac39c000 45 5 5762 8
7f3bac39b000 42 5 5810 8
7f3bac330000 82 17 5910 8
7f3bac32f000 83 12 6006 8
7f3bac32e000 59 9 6075 8
7f3bac32d000 80 9 6165 8
7f3bac325000 146 12 6324 8
7f3bac32c000 91 8 6424 8
7f3bac326000 60 13 6497 8
7f3bac2f2000 55 7 6559 8
7f3bac39a000 52 6 6617 8
7f3bac399000 47 6 6671 8
7f3bac398000 35 5 6712 8
7f3bac397000 45 6 6763 8
7f3bac396000 38 5 6807 8
7f3bac395000 42 6 6856 8
7f3bac3cf000 52 6 6915 8
7f3bac3b1000 68 24 7008 8
7f3bac31e000 60 8 7076 8
7f3bac3a9000 59 14 7150 8
7f3bac3a5000 78 18 7246 8
7f3bac3a8000 48 10 7304 8
7f3bac322000 100 12 7417 9
7f3bac3a7000 93 6 7517 9
7f3bac3a6000 61 8 7586 9
7f3bac2f3000 32 3 7621 9
7f3bac31c000 46 3 7671 9
7f3bac374000 49 3 7723 9
7f3bac373000 56 7 7786 9
7f3bac3d5000 44 3 7834 9
7f3bac3d4000 56 5 7896 9
7f3bac3d3000 48 4 7948 9
7f3bac3d2000 62 4 8014 10
8019 10
0x558aefedf000
558aefedf000 43 23 66 4
558aeff2d000 67 16 149 5
558aefda2000 17 7 174 5
558aeff93000 952 103 1230 5
558aeff98000 1005 107 2342 5
558aefddd000 71 14 2427 6
558aefddc000 48 7 2483 6
558aeff95000 1007 98 3589 6
558aefddb000 37 7 3634 6
558aefdda000 28 8 3671 6
7f3bac33b000 76 10 3757 6
558aeff97000 1006 97 4861 6
558aeff61000 58 11 4930 6
7f3bac369000 45 8 4984 6
7f3bac368000 40 9 5033 6
7f3bac365000 53 12 5099 6
7f3bac362000 52 12 5164 6
7f3bac3f1000 97 21 5282 6
7f3bac3f0000 98 18 5399 7
7f3bac2b3000 120 8 5528 7
7f3bac3c0000 89 15 5632 7
7f3bac3bf000 106 13 5751 7
7f3bac3be000 68 27 5847 7
7f3bac3bc000 74 10 5931 7
7f3bac2c4000 72 14 6018 7
7f3bac2c3000 37 10 6065 7
7f3bac2c2000 52 9 6126 7
7f3bac2c1000 83 13 6222 7
7f3bac2c0000 34 7 6263 7
7f3bac2b8000 45 10 6319 7
7f3bac2b7000 42 11 6372 7
7f3bac2b6000 61 9 6442 7
7f3bac313000 71 15 6529 8
7f3bac320000 83 9 6622 8
7f3bac31f000 76 12 6710 8
7f3bac3a4000 57 21 6788 8
7f3bac39f000 54 14 6856 8
7f3bac39e000 76 23 6956 8
7f3bac39d000 61 15 7032 8
7f3bac39c000 45 5 7082 8
7f3bac39b000 42 5 7130 8
7f3bac330000 82 17 7230 8
7f3bac32f000 83 12 7326 8
7f3bac32e000 59 9 7395 8
7f3bac32d000 80 9 7485 8
7f3bac325000 146 13 7645 8
7f3bac32c000 91 8 7744 8
7f3bac32b000 67 11 7822 8
7f3bac326000 60 13 7895 8
7f3bac2f2000 55 7 7957 8
7f3bac39a000 52 6 8015 8
7f3bac399000 47 6 8069 8
7f3bac398000 35 5 8110 8
7f3bac397000 45 6 8161 8
7f3bac396000 39 5 8205 8
7f3bac395000 42 6 8254 8
7f3bac3cf000 52 6 8313 8
7f3bac3b1000 68 24 8406 8
7f3bac31e000 59 9 8475 8
7f3bac3a9000 60 13 8548 8
7f3bac3a5000 78 17 8644 8
7f3bac3a8000 49 10 8703 8
7f3bac322000 101 12 8816 9
7f3bac3a7000 93 6 8915 9
7f3bac3a6000 60 8 8984 9
7f3bac2f3000 32 3 9020 9
7f3bac31c000 47 3 9070 9
7f3bac374000 49 3 9122 9
7f3bac373000 56 7 9185 9
7f3bac3d5000 44 3 9233 9
7f3bac3d4000 56 5 9295 9
7f3bac3d3000 48 4 9347 9
7f3bac3d2000 62 4 9413 10
9422 10
0x558aeff2d000
558aeff2d000 66 26 92 4
558aefda2000 18 9 119 4
558aeff93000 961 120 1200 5
558aeff98000 1011 107 2319 5
558aefddd000 71 14 2405 6
558aefddc000 48 7 2461 6
558aeff95000 1007 98 3567 6
558aefddb000 36 8 3612 6
558aefdda000 28 8 3649 6
7f3bac33b000 76 11 3736 6
558aeff97000 1010 96 4842 6
558aeff61000 57 11 4911 6
7f3bac369000 45 8 4965 6
7f3bac368000 39 10 5015 6
7f3bac365000 53 13 5081 6
7f3bac362000 52 12 5145 6
7f3bac3f1000 96 21 5263 6
7f3bac3f0000 97 19 5380 7
7f3bac2b3000 121 8 5509 7
7f3bac3c0000 89 14 5612 7
7f3bac3bf000 105 14 5732 7
7f3bac3be000 68 27 5827 7
7f3bac3bc000 73 10 5911 7
7f3bac2c4000 73 13 5998 7
7f3bac2c3000 36 10 6045 7
7f3bac2c2000 52 9 6106 7
7f3bac2c1000 82 13 6202 7
7f3bac2c0000 33 8 6243 7
7f3bac2b8000 45 10 6299 7
7f3bac2b7000 41 11 6352 7
7f3bac2b6000 61 9 6423 7
7f3bac313000 72 15 6510 8
7f3bac320000 84 9 6603 8
7f3bac31f000 76 12 6691 8
7f3bac3a4000 57 20 6768 8
7f3bac39f000 53 15 6837 8
7f3bac39e000 77 23 6937 8
7f3bac39d000 61 15 7013 8
7f3bac39c000 45 5 7063 8
7f3bac39b000 43 5 7111 8
7f3bac330000 82 17 7211 8
7f3bac32f000 83 12 7307 8
7f3bac32e000 59 9 7376 8
7f3bac32d000 80 10 7466 8
7f3bac325000 147 13 7626 8
7f3bac32c000 92 7 7725 8
7f3bac32b000 66 11 7803 8
7f3bac326000 60 13 7876 8
7f3bac2f2000 55 7 7939 8
7f3bac39a000 52 6 7997 8
7f3bac399000 48 6 8051 8
7f3bac398000 34 5 8091 8
7f3bac397000 45 6 8143 8
7f3bac396000 39 5 8187 8
7f3bac395000 42 6 8236 8
7f3bac3cf000 52 6 8295 8
7f3bac3b1000 68 24 8388 8
7f3bac31e000 60 8 8456 8
7f3bac3a9000 60 14 8530 8
7f3bac3a5000 78 17 8625 8
7f3bac3a8000 49 10 8684 8
7f3bac322000 101 12 8797 9
7f3bac3a7000 93 6 8896 9
7f3bac3a6000 60 8 8965 9
7f3bac2f3000 32 3 9001 9
7f3bac31c000 47 3 9051 9
7f3bac374000 49 3 9103 9
7f3bac373000 56 7 9166 9
7f3bac3d5000 45 3 9214 9
7f3bac3d4000 57 5 9276 9
7f3bac3d3000 48 4 9328 9
7f3bac3d2000 63 4 9395 10
9402 10
0x558aeff93000
558aeff93000 955 181 1137 2
1138 2
0x558aefddd000
558aefddd000 71 28 99 4
558aefddc000 48 10 158 4
558aeff95000 1010 133 1302 5
558aeff98000 1008 107 2418 5
558aefddb000 37 8 2464 5
558aefdda000 28 9 2502 5
7f3bac33b000 76 12 2590 6
558aefda2000 18 6 2614 6
558aeff97000 1009 96 3719 6
558aeff61000 57 12 3789 6
7f3bac369000 45 8 3842 6
7f3bac368000 40 9 3892 6
7f3bac365000 52 13 3958 6
7f3bac362000 52 13 4023 6
7f3bac3f1000 97 21 4141 6
7f3bac3f0000 98 19 4258 7
7f3bac2b3000 120 9 4387 7
7f3bac3c0000 89 14 4490 7
7f3bac3bf000 105 13 4609 7
7f3bac3be000 68 27 4705 7
7f3bac3bc000 74 10 4789 7
7f3bac2c4000 73 13 4876 7
7f3bac2c3000 36 10 4923 7
7f3bac2c2000 52 9 4984 7
7f3bac2c1000 82 13 5080 7
7f3bac2c0000 33 8 5121 7
7f3bac2b8000 44 10 5176 7
7f3bac2b7000 42 11 5230 7
7f3bac2b6000 61 9 5300 7
7f3bac313000 72 14 5387 8
7f3bac320000 83 9 5480 8
7f3bac31f000 76 12 5568 8
7f3bac3a4000 56 21 5646 8
7f3bac39f000 54 15 5715 8
7f3bac39e000 78 22 5815 8
7f3bac39d000 61 14 5891 8
7f3bac39c000 44 5 5941 8
7f3bac39b000 43 4 5989 8
7f3bac330000 83 17 6090 8
7f3bac32f000 84 12 6186 8
7f3bac32e000 60 9 6255 8
7f3bac32d000 80 10 6345 8
7f3bac325000 147 13 6505 8
7f3bac32c000 91 8 6604 8
7f3bac32b000 67 10 6681 8
7f3bac326000 60 13 6755 8
7f3bac2f2000 55 7 6817 8
7f3bac39a000 52 5 6875 8
7f3bac399000 48 5 6929 8
7f3bac398000 35 5 6970 8
7f3bac397000 45 6 7021 8
7f3bac396000 38 6 7066 8
7f3bac395000 43 6 7115 8
7f3bac3cf000 52 6 7173 8
7f3bac3b1000 69 24 7267 8
7f3bac31e000 60 8 7335 8
7f3bac3a9000 60 14 7409 8
7f3bac3a5000 78 17 7504 8
7f3bac3a8000 48 10 7563 8
7f3bac322000 100 12 7676 9
7f3bac3a7000 93 6 7776 9
7f3bac3a6000 61 8 7845 9
7f3bac2f3000 32 4 7881 9
7f3bac31c000 46 3 7930 9
7f3bac374000 48 4 7983 9
7f3bac373000 56 7 8046 9
7f3bac3d5000 45 3 8094 9
7f3bac3d4000 57 4 8155 9
7f3bac3d3000 48 3 8207 9
7f3bac3d2000 63 4 8275 10
8281 10
0x558aefddc000
558aefddc000 48 16 65 2
558aeff95000 1009 168 1242 3
558aeff98000 1010 139 2391 3
558aefddd000 71 20 2483 5
558aefda2000 18 7 2508 5
7f3bac34c000 62 55 2625 8
7f3bac34b000 97 15 2737 8
558aeff96000 1011 63 3812 8
7f3bac32b000 67 10 3890 8
7ffe40ffb000 33 6 3930 8
558aeff97000 1011 62 5004 8
558aeff61000 58 7 5069 8
7f3bac369000 44 5 5119 8
7f3bac368000 39 6 5165 8
7f3bac365000 53 7 5226 8
7f3bac362000 52 8 5286 8
7f3bac3f1000 97 12 5395 8
7f3bac3f0000 98 10 5503 8
7f3bac2b3000 120 6 5630 8
7f3bac3c0000 89 10 5729 8
7f3bac3bf000 106 9 5844 8
7f3bac3be000 68 19 5931 8
7f3bac3bc000 74 6 6011 8
7f3bac2c4000 73 9 6094 8
7f3bac2c3000 36 7 6138 8
7f3bac2c2000 52 6 6196 8
7f3bac2c1000 82 9 6288 8
7f3bac2c0000 33 6 6327 8
7f3bac2b8000 45 7 6379 8
7f3bac2b7000 42 7 6428 8
7f3bac2b6000 62 6 6496 8
7f3bac313000 72 10 6578 8
7f3bac320000 84 8 6671 8
7f3bac31f000 76 12 6760 8
7f3bac3a4000 57 21 6838 8
7f3bac39f000 54 15 6907 8
7f3bac39e000 77 22 7006 8
7f3bac39d000 61 14 7082 8
7f3bac39c000 45 5 7133 8
7f3bac39b000 43 5 7181 8
7f3bac330000 83 17 7281 8
7f3bac32f000 84 12 7378 8
7f3bac32e000 60 9 7447 8
7f3bac32d000 81 10 7538 8
7f3bac325000 147 13 7698 8
7f3bac32c000 92 7 7797 8
7f3bac326000 60 12 7870 8
7f3bac2f2000 55 7 7933 8
7f3bac39a000 52 5 7991 8
7f3bac399000 48 5 8045 8
7f3bac398000 35 5 8086 8
7f3bac397000 45 6 8137 8
7f3bac396000 39 5 8182 8
7f3bac395000 43 6 8231 8
7f3bac3cf000 52 6 8290 8
7f3bac3b1000 69 24 8383 8
7f3bac31e000 60 8 8451 8
7f3bac3a9000 59 14 8525 8
7f3bac3a5000 77 18 8621 8
7f3bac3a8000 48 11 8680 8
7f3bac322000 101 12 8793 9
7f3bac3a7000 93 6 8893 9
7f3bac3a6000 61 8 8962 9
7f3bac2f3000 31 4 8998 9
7f3bac31c000 47 3 9048 9
7f3bac374000 49 3 9100 9
7f3bac373000 56 7 9163 9
7f3bac3d5000 44 3 9211 9
7f3bac3d4000 57 4 9273 9
7f3bac3d3000 48 4 9325 9
7f3bac3d2000 63 4 9392 10
9396 10
0x558aefddb000
558aefddb000 37 16 53 1
558aefdda000 28 17 99 1
7f3bac33b000 75 23 198 2
558aefda2000 17 13 229 2
558aeff97000 1010 164 1403 3
558aeff61000 57 20 1481 6
558aeff98000 1010 92 2584 6
7f3bac369000 45 8 2638 6
7f3bac368000 40 9 2688 6
7f3bac365000 52 13 2754 6
7f3bac362000 52 13 2819 6
7f3bac3f1000 97 21 2937 6
7f3bac3f0000 98 18 3054 7
7f3bac2b3000 120 8 3183 7
7f3bac3c0000 88 15 3287 7
7f3bac3bf000 106 13 3406 7
7f3bac3be000 68 27 3502 7
7f3bac3bc000 73 10 3586 7
7f3bac2c4000 73 13 3673 7
7f3bac2c3000 36 10 3720 7
7f3bac2c2000 52 9 3782 7
7f3bac2c1000 82 13 3877 7
7f3bac2c0000 33 8 3919 7
7f3bac2b8000 45 10 3974 7
7f3bac2b7000 42 11 4028 7
7f3bac2b6000 61 9 4098 7
7f3bac313000 73 14 4185 8
7f3bac320000 84 8 4278 8
7f3bac31f000 76 12 4367 8
7f3bac3a4000 57 21 4445 8
7f3bac39f000 54 14 4513 8
7f3bac39e000 77 22 4613 8
7f3bac39d000 61 14 4689 8
7f3bac39c000 45 5 4740 8
7f3bac39b000 43 5 4788 8
7f3bac330000 82 18 4889 8
7f3bac32f000 84 12 4985 8
7f3bac32e000 60 9 5054 8
7f3bac32d000 81 9 5144 8
7f3bac325000 147 12 5304 8
7f3bac32c000 91 8 5404 8
7f3bac32b000 67 11 5482 8
7f3bac326000 60 13 5555 8
7f3bac2f2000 56 7 5618 8
7f3bac39a000 52 6 5676 8
7f3bac399000 48 6 5730 8
7f3bac398000 35 4 5770 8
7f3bac397000 45 6 5822 8
7f3bac396000 38 6 5867 8
7f3bac395000 43 6 5916 8
7f3bac3cf000 53 6 5975 8
7f3bac3b1000 69 24 6068 8
7f3bac31e000 60 8 6136 8
7f3bac3a9000 59 14 6210 8
7f3bac3a5000 78 17 6306 8
7f3bac3a8000 49 10 6365 8
7f3bac322000 101 12 6478 9
7f3bac3a7000 93 6 6578 9
7f3bac3a6000 61 8 6647 9
7f3bac2f3000 32 3 6683 9
7f3bac31c000 47 3 6733 9
7f3bac374000 49 3 6785 9
7f3bac373000 56 7 6848 9
7f3bac3d5000 44 3 6896 9
7f3bac3d4000 57 4 6958 9
7f3bac3d3000 48 4 7010 9
7f3bac3d2000 62 4 7077 10
7082 10
0x558aefdda000
558aefdda000 27 18 46 0
7f3bac33b000 76 24 147 1
558aefda2000 17 14 179 1
558aeff97000 1011 181 1371 2
558aeff61000 58 21 1450 6
558aeff98000 1010 93 2554 6
7f3bac369000 44 9 2608 6
7f3bac368000 40 9 2657 6
7f3bac365000 53 12 2723 6
7f3bac362000 52 12 2788 6
7f3bac3f1000 97 21 2907 6
7f3bac3f0000 99 18 3024 7
7f3bac2b3000 121 8 3154 7
7f3bac3c0000 90 14 3258 7
7f3bac3bf000 106 13 3378 7
7f3bac3be000 68 27 3474 7
7f3bac3bc000 74 10 3559 7
7f3bac2c4000 74 13 3646 7
7f3bac2c3000 37 10 3694 7
7f3bac2c2000 52 9 3755 7
7f3bac2c1000 83 12 3851 7
7f3bac2c0000 33 8 3893 7
7f3bac2b8000 45 10 3949 7
7f3bac2b7000 43 11 4003 7
7f3bac2b6000 62 9 4074 7
7f3bac313000 73 15 4162 8
7f3bac320000 85 8 4255 8
7f3bac31f000 76 12 4344 8
7f3bac3a4000 56 21 4422 8
7f3bac39f000 54 14 4491 8
7f3bac39e000 77 23 4592 8
7f3bac39d000 61 15 4668 8
7f3bac39c000 45 5 4719 8
7f3bac39b000 43 5 4767 8
7f3bac330000 83 17 4868 8
7f3bac32f000 85 12 4965 8
7f3bac32e000 60 9 5034 8
7f3bac32d000 81 10 5125 8
7f3bac325000 147 13 5285 8
7f3bac32c000 92 8 5385 8
7f3bac32b000 67 11 5463 8
7f3bac326000 61 12 5536 8
7f3bac2f2000 55 7 5599 8
7f3bac39a000 52 5 5657 8
7f3bac399000 48 6 5712 8
7f3bac398000 35 5 5753 8
7f3bac397000 46 6 5805 8
7f3bac396000 39 5 5849 8
7f3bac395000 42 6 5898 8
7f3bac3cf000 53 6 5958 8
7f3bac3b1000 69 24 6051 8
7f3bac31e000 60 9 6120 8
7f3bac3a9000 60 14 6194 8
7f3bac3a5000 79 17 6290 8
7f3bac3a8000 49 11 6350 8
7f3bac322000 101 12 6463 9
7f3bac3a7000 93 6 6563 9
7f3bac3a6000 61 8 6633 9
7f3bac2f3000 32 3 6668 9
7f3bac31c000 47 3 6719 9
7f3bac374000 49 4 6772 9
7f3bac373000 56 7 6835 9
7f3bac3d5000 44 4 6884 9
7f3bac3d4000 57 5 6946 9
7f3bac3d3000 48 4 6998 9
7f3bac3d2000 62 4 7065 10
7070 10
0x558aeff96000
558aeff96000 1026 201 1227 2
1227 2
0x558aeff94000
558aeff94000 1032 197 1229 2
558aeff45000 51 19 1300 4
558aeff98000 1015 124 2440 4
558aeff95000 1011 132 3584 4
558aeff97000 1010 129 4724 4
558aeff61000 58 17 4800 6
7f3bac369000 44 9 4854 6
7f3bac368000 40 9 4903 6
7f3bac365000 53 12 4969 6
7f3bac362000 52 12 5034 6
7f3bac3f1000 97 21 5152 6
7f3bac3f0000 97 19 5269 7
7f3bac2b3000 121 8 5398 7
7f3bac3c0000 88 15 5502 7
7f3bac3bf000 106 13 5621 7
7f3bac3be000 68 28 5718 7
7f3bac3bc000 74 11 5803 7
7f3bac2c4000 74 13 5890 7
7f3bac2c3000 37 10 5938 7
7f3bac2c2000 53 8 5999 7
7f3bac2c1000 83 13 6096 7
7f3bac2c0000 34 8 6138 7
7f3bac2b8000 46 10 6194 7
7f3bac2b7000 42 11 6247 7
7f3bac2b6000 61 9 6318 7
7f3bac313000 72 15 6406 8
7f3bac320000 85 9 6500 8
7f3bac31f000 77 12 6589 8
7f3bac3a4000 57 21 6667 8
7f3bac39f000 54 14 6736 8
7f3bac39e000 77 22 6836 8
7f3bac39d000 61 14 6912 8
7f3bac39c000 45 5 6963 8
7f3bac39b000 43 5 7011 8
7f3bac330000 83 17 7111 8
7f3bac32f000 83 12 7207 8
7f3bac32e000 60 8 7276 8
7f3bac32d000 80 9 7366 8
7f3bac325000 147 12 7526 8
7f3bac32c000 91 8 7626 8
7f3bac32b000 67 11 7704 8
7f3bac326000 60 13 7777 8
7f3bac2f2000 55 7 7840 8
7f3bac39a000 52 6 7898 8
7f3bac399000 48 5 7952 8
7f3bac398000 35 5 7993 8
7f3bac397000 45 6 8045 8
7f3bac396000 39 5 8089 8
7f3bac395000 42 6 8138 8
7f3bac3cf000 52 6 8197 8
7f3bac3b1000 69 24 8290 8
7f3bac31e000 60 8 8358 8
7f3bac3a9000 60 14 8432 8
7f3bac3a5000 78 17 8527 8
7f3bac3a8000 49 10 8586 8
7f3bac322000 101 12 8699 9
7f3bac3a7000 93 6 8799 9
7f3bac3a6000 61 8 8868 9
7f3bac2f3000 31 4 8904 9
7f3bac31c000 47 3 8954 9
7f3bac374000 49 3 9006 9
7f3bac373000 56 7 9069 9
7f3bac3d5000 44 3 9117 9
7f3bac3d4000 57 4 9179 9
7f3bac3d3000 48 4 9231 9
7f3bac3d2000 63 4 9298 10
9302 10
