0x465000
465000 59 32 92 4
464000 47 15 155 4
5a0000 1112 159 1427 5
4fa000 96 21 1545 6
499000 77 19 1641 6
5a4000 1109 117 2868 6
498000 76 20 2965 7
497000 65 12 3043 7
496000 52 11 3107 7
5a3000 1110 94 4312 7
4e5000 76 14 4403 8
4e4000 55 4 4463 8
462000 21 2 4487 8
55a000 96 9 4592 8
7f127f3c8000 118 8 4719 8
7f127f3b2000 55 5 4780 9
7f127f19a000 24 0 4804 9
7f127f3b1000 40 0 4845 9
7f127f3b0000 39 1 4886 9
7f127f3af000 66 1 4953 9
7f127f1d7000 62 2 5017 9
7f127f1d6000 59 3 5079 9
7f127ece8000 62 5 5146 9
7f127ece4000 81 7 5235 9
7f127ece3000 56 10 5302 9
7f127ecde000 54 6 5362 9
7f127ecdd000 78 11 5452 9
7f127ecdc000 63 6 5521 9
7f127ebf2000 129 2 5652 9
7f127ecdb000 48 1 5701 9
7f127ecda000 46 0 5747 9
7f127ec6f000 86 8 5842 9
7f127ec6e000 90 4 5936 9
7f127ed2f000 106 3 6046 10
6055 10
0x464000
464000 47 26 74 3
5a0000 1114 182 1371 4
4fa000 95 26 1493 6
499000 77 20 1590 6
5a4000 1108 117 2816 6
498000 76 20 2912 7
497000 65 12 2990 7
496000 52 11 3054 7
5a3000 1114 94 4263 7
4e5000 76 13 4353 8
4e4000 56 4 4414 8
462000 21 2 4438 8
55a000 96 9 4543 8
7f127f3c8000 119 8 4671 8
7f127f3b2000 56 5 4732 9
7f127f19a000 23 1 4756 9
7f127f3b1000 40 0 4796 9
7f127f3b0000 39 1 4837 9
7f127f3af000 65 1 4904 9
7f127f1d7000 62 1 4968 9
7f127f1d6000 60 3 5031 9
7f127ece8000 62 5 5098 9
7f127ece4000 81 8 5188 9
7f127ece3000 57 9 5254 9
7f127ecde000 54 6 5315 9
7f127ecdd000 79 10 5405 9
7f127ecdc000 66 6 5477 9
7f127ebf2000 130 1 5609 9
7f127ecdb000 50 0 5660 9
7f127ecda000 46 0 5707 9
7f127ec6f000 87 7 5802 9
7f127ec6e000 93 4 5900 9
7f127ed2f000 106 4 6011 10
6018 10
0x5a0000
5a0000 1128 244 1373 1
4fa000 95 40 1509 5
499000 77 25 1611 6
5a4000 1121 117 2850 6
498000 76 20 2947 7
497000 65 12 3025 7
496000 52 11 3089 7
5a3000 1111 95 4296 7
4e5000 76 13 4386 8
4e4000 55 5 4447 8
462000 20 3 4471 8
55a000 96 9 4576 8
7f127f3c8000 118 8 4703 8
7f127f3b2000 55 5 4764 9
7f127f19a000 24 0 4788 9
7f127f3b1000 39 1 4829 9
7f127f3b0000 39 1 4870 9
7f127f3af000 66 1 4937 9
7f127f1d7000 62 2 5001 9
7f127f1d6000 59 3 5063 9
7f127ece8000 62 6 5131 9
7f127ece4000 82 7 5220 9
7f127ece3000 57 9 5286 9
7f127ecde000 54 6 5347 9
7f127ecdd000 79 10 5436 9
7f127ecdc000 63 6 5506 9
7f127ebf2000 129 2 5637 9
7f127ecdb000 48 1 5686 9
7f127ecda000 46 0 5732 9
7f127ec6f000 86 8 5827 9
7f127ec6e000 90 5 5922 9
7f127ed2f000 106 3 6031 10
6038 10
0x4fa000
4fa000 95 45 140 5
140 5
0x499000
499000 77 49 126 4
5a4000 1129 158 1414 4
498000 75 30 1520 6
497000 65 15 1601 6
496000 53 12 1667 6
5a0000 1107 117 2892 6
4fa000 96 18 3007 7
508000 64 12 3083 7
575000 77 14 3174 7
5a3000 1118 94 4387 7
4e5000 76 13 4477 8
4e4000 55 5 4538 8
462000 20 2 4561 8
55a000 96 9 4667 8
7f127f3c8000 118 8 4794 8
7f127f3b2000 56 5 4855 9
7f127f19a000 24 0 4879 9
7f127f3b1000 39 1 4920 9
7f127f3b0000 39 1 4961 9
7f127f3af000 66 1 5028 9
7f127f1d7000 62 2 5092 9
7f127f1d6000 59 3 5154 9
7f127ece8000 62 6 5222 9
7f127ece4000 82 7 5311 9
7f127ece3000 56 10 5378 9
7f127ecde000 55 5 5438 9
7f127ecdd000 78 11 5528 9
7f127ecdc000 63 6 5597 9
7f127ebf2000 131 2 5731 9
7f127ecdb000 48 1 5780 9
7f127ecda000 48 1 5829 9
7f127ec6f000 86 8 5924 9
7f127ec6e000 94 4 6022 9
7f127ed2f000 106 3 6132 10
6140 10
0x5a4000
5a4000 1134 243 1377 1
1378 1
0x498000
498000 76 50 127 5
497000 68 20 216 5
496000 52 17 286 6
5a0000 1130 118 1535 6
4fa000 98 18 1652 7
499000 78 15 1745 7
5a4000 1131 100 2977 7
463000 23 5 3006 7
462000 21 5 3032 7
7f127efd4000 105 14 3152 7
7f127efc4000 18 6 3176 7
7f127efc5000 16 5 3197 7
59f000 1134 97 4428 7
5a5000 846 67 5343 8
59e000 53 6 5402 8
7f127e9be000 47 7 5458 8
7f127e9bd000 61 6 5526 8
7f127e9bc000 73 8 5608 8
7f127e9c5000 61 11 5681 10
5687 10
0x497000
497000 66 39 105 4
496000 56 21 183 6
5a0000 1137 117 1438 6
4fa000 96 18 1553 7
499000 78 15 1646 7
5a4000 1114 99 2860 7
498000 76 16 2953 7
5a2000 1115 100 4169 7
571000 81 21 4272 7
5a3000 1119 94 5486 7
4e5000 76 14 5577 8
4e4000 56 4 5637 8
462000 21 2 5661 8
55a000 96 9 5766 8
7f127f3c8000 118 8 5893 8
7f127f3b2000 56 5 5954 9
7f127f19a000 24 0 5978 9
7f127f3b1000 40 1 6019 9
7f127f3b0000 39 2 6060 9
7f127f3af000 65 2 6127 9
7f127f1d7000 63 1 6191 9
7f127f1d6000 60 3 6254 9
7f127ece8000 62 5 6321 9
7f127ece4000 82 7 6411 9
7f127ece3000 57 9 6478 9
7f127ecde000 54 6 6539 9
7f127ecdd000 79 10 6629 9
7f127ecdc000 64 6 6699 9
7f127ebf2000 130 1 6830 9
7f127ecdb000 48 1 6879 9
7f127ecda000 45 1 6926 9
7f127ec6f000 86 8 7021 9
7f127ec6e000 91 4 7116 9
7f127ed2f000 106 4 7227 10
7234 10
0x496000
496000 53 33 86 4
5a0000 1113 158 1358 4
4fa000 96 27 1482 5
499000 77 26 1585 6
5a4000 1116 117 2819 6
498000 76 20 2916 7
497000 65 13 2995 7
5a3000 1117 94 4207 7
4e5000 76 14 4298 8
4e4000 55 5 4359 8
462000 20 2 4382 8
55a000 96 9 4488 8
7f127f3c8000 119 8 4616 8
7f127f3b2000 55 5 4677 9
7f127f19a000 23 0 4701 9
7f127f3b1000 40 0 4742 9
7f127f3b0000 39 1 4783 9
7f127f3af000 65 1 4850 9
7f127f1d7000 62 2 4915 9
7f127f1d6000 60 2 4977 9
7f127ece8000 62 5 5045 9
7f127ece4000 82 7 5135 9
7f127ece3000 57 9 5202 9
7f127ecde000 55 6 5263 9
7f127ecdd000 79 11 5353 9
7f127ecdc000 63 6 5422 9
7f127ebf2000 129 2 5554 9
7f127ecdb000 48 1 5603 9
7f127ecda000 46 0 5649 9
7f127ec6f000 87 7 5744 9
7f127ec6e000 91 5 5840 9
7f127ed2f000 106 4 5950 10
5956 10
0x5a3000
5a3000 1115 231 1347 1
4e5000 76 39 1463 5
4e4000 55 14 1533 6
5a0000 1112 121 2766 7
4fa000 95 14 2876 8
499000 77 9 2962 8
5a4000 1108 75 4146 8
498000 76 9 4231 8
497000 65 7 4304 8
496000 52 6 4363 8
462000 20 2 4386 8
463000 22 2 4411 8
7f127efd4000 105 8 4525 8
7f127efc4000 16 2 4543 8
7f127efc5000 17 1 4561 8
59f000 1111 72 5745 8
5a2000 1114 76 6935 8
571000 81 13 7030 8
570000 132 9 7172 8
56f000 34 3 7210 8
56e000 70 5 7286 8
5a1000 1114 70 8471 8
7f127ec8b000 64 21 8557 9
7f127ec8a000 103 7 8668 9
5a5000 828 34 9532 9
59e000 51 3 9587 9
7f127e9be000 44 4 9636 9
7f127e9bd000 61 3 9700 9
7f127e9bc000 72 3 9776 9
7f127e9c5000 58 5 9840 10
9848 10
0x4e5000
4e5000 76 42 119 4
4e4000 55 15 190 5
5a0000 1113 140 1444 6
4fa000 96 17 1557 8
499000 77 9 1643 8
5a4000 1109 74 2827 8
498000 76 9 2913 8
497000 65 7 2986 8
496000 52 6 3045 8
5a3000 1110 71 4227 8
572000 47 4 4279 8
5a1000 1109 71 5460 8
462000 21 2 5483 8
463000 22 2 5508 8
7f127efd4000 105 8 5622 8
7f127efc4000 16 2 5640 8
7f127efc5000 16 2 5659 8
59f000 1116 72 6847 8
573000 85 7 6940 9
55a000 96 4 7041 9
7f127f3c8000 118 3 7163 9
7f127f3b2000 56 2 7222 9
7f127f19a000 24 0 7246 9
7f127f3b1000 40 1 7287 9
7f127f3b0000 39 1 7327 9
7f127f3af000 65 1 7394 9
7f127f1d7000 62 2 7458 9
7f127f1d6000 60 2 7520 9
7f127ece8000 61 6 7588 9
7f127ece4000 82 7 7677 9
7f127ece3000 57 9 7743 9
7f127ecde000 54 6 7804 9
7f127ecdd000 78 11 7894 9
7f127ecdc000 63 6 7963 9
7f127ebf2000 129 1 8093 9
7f127ecdb000 48 1 8142 9
7f127ecda000 45 0 8188 9
7f127ec6f000 86 8 8283 9
7f127ec6e000 91 4 8378 9
7f127ed2f000 106 3 8487 10
8495 10
0x4e4000
4e4000 55 28 84 3
5a0000 1110 185 1380 4
4fa000 95 29 1505 6
499000 77 22 1604 7
5a4000 1108 98 2811 7
498000 76 16 2903 7
497000 65 12 2981 7
496000 52 11 3045 7
5a3000 1107 94 4247 7
4e5000 76 14 4338 8
55a000 96 9 4444 8
7f127f3c8000 119 8 4571 8
7f127f3b2000 56 4 4631 9
7f127f19a000 23 1 4656 9
7f127f3b1000 40 1 4697 9
7f127f3b0000 39 1 4737 9
7f127f3af000 65 1 4804 9
7f127f1d7000 62 1 4868 9
7f127f1d6000 59 3 4931 9
7f127ece8000 62 5 4998 9
7f127ece4000 81 8 5088 9
7f127ece3000 57 9 5154 9
7f127ecde000 54 6 5215 9
7f127ecdd000 79 10 5304 9
7f127ecdc000 63 5 5373 9
7f127ebf2000 130 1 5505 9
7f127ecdb000 49 0 5554 9
7f127ecda000 45 1 5601 9
7f127ec6f000 86 8 5695 9
7f127ec6e000 91 4 5790 9
7f127ed2f000 107 3 5900 10
5907 10
0x462000
462000 21 16 37 0
37 0
0x55a000
55a000 96 47 143 4
7f127f3c8000 118 25 287 4
7f127f3b2000 56 16 360 7
7f127f19a000 23 4 388 7
7f127f3b1000 40 5 434 8
7f127f3b0000 39 5 479 8
7f127f3af000 65 5 549 8
7f127f1d7000 63 5 617 8
7f127f1d6000 60 7 684 8
7f127ece8000 61 13 759 8
7f127ece4000 82 16 857 8
7f127ece3000 57 19 933 8
7f127ecde000 54 14 1002 8
7f127ecdd000 79 21 1102 8
7f127ecdc000 63 13 1179 8
7f127ebf2000 129 5 1314 8
7f127ecdb000 48 4 1366 8
7f127ecda000 46 4 1416 8
7f127ec6f000 87 16 1519 8
7f127ec6e000 91 11 1621 8
7f127ed2f000 106 9 1736 9
7f127ec6d000 63 6 1806 9
7f127ec6c000 86 6 1898 9
7f127ec64000 159 8 2065 9
7f127ec6b000 100 4 2169 9
7f127ec6a000 71 7 2248 9
7f127ec65000 63 7 2318 9
7f127ec31000 58 4 2381 9
7f127ecff000 94 6 2482 9
7f127ecfe000 113 5 2601 9
7f127ecfd000 69 11 2682 9
7f127ecfb000 78 4 2765 9
7f127ecd9000 56 4 2825 9
7f127ecd8000 50 4 2880 9
7f127ecd7000 36 3 2920 9
7f127ecd6000 48 4 2973 9
7f127ecd5000 40 4 3017 9
7f127ecd4000 45 4 3066 9
7f127ed0e000 55 4 3126 9
7f127ecf0000 68 14 3209 9
7f127ec5d000 63 5 3277 9
7f127ec5c000 49 6 3333 9
7f127ec63000 86 7 3426 9
7f127ecd2000 56 7 3490 9
7f127ec56000 31 5 3526 9
7f127ec62000 117 6 3649 9
7f127ec46000 77 5 3732 9
7f127ec5b000 49 4 3785 9
7f127ed0c000 70 8 3864 9
7f127ed0b000 46 4 3914 9
7f127ed0a000 40 4 3959 9
7f127ed09000 50 4 4013 9
7f127ed14000 47 5 4065 9
7f127ed13000 60 6 4131 9
7f127ed12000 50 5 4186 9
7f127ed11000 66 5 4258 9
7f127ed10000 92 5 4355 9
7f127ed0f000 58 5 4418 9
7f127ec51000 60 5 4484 9
7f127ec50000 60 4 4548 9
7f127ec57000 89 6 4644 10
4648 10
0x463000
463000 22 17 40 2
462000 20 14 75 2
7f127efd4000 105 35 216 5
7f127efc4000 16 8 240 5
7f127efc5000 17 7 264 5
59f000 1106 135 1506 5
1506 5
0x59f000
59f000 1109 235 1345 1
1345 1
0x5a2000
5a2000 1117 244 1362 1
571000 81 57 1501 5
5a3000 1116 134 2752 5
4e5000 76 21 2850 6
4e4000 55 10 2916 7
5a0000 1107 99 4123 7
4fa000 96 14 4234 8
499000 77 10 4322 8
5a4000 1144 74 5541 8
498000 76 9 5627 8
497000 65 7 5700 8
496000 52 6 5759 8
462000 21 2 5783 8
463000 22 2 5807 8
7f127efd4000 105 8 5921 8
7f127efc4000 16 2 5939 8
7f127efc5000 16 2 5958 8
59f000 1110 72 7140 8
7f127ec8b000 64 22 7227 9
7f127ec8a000 106 8 7342 9
5a5000 833 34 8209 9
59e000 51 3 8264 9
7f127e9be000 44 3 8313 9
7f127e9bd000 61 3 8378 9
7f127e9bc000 72 3 8454 9
7f127e9c5000 58 6 8519 10
8526 10
0x571000
571000 80 65 145 5
5a3000 1115 134 1394 5
4e5000 76 21 1492 6
4e4000 55 10 1558 7
5a0000 1115 98 2771 7
4fa000 106 14 2892 8
499000 83 9 2984 8
5a4000 1117 78 4180 8
498000 81 9 4271 8
497000 66 7 4345 8
496000 53 6 4405 8
462000 20 2 4428 8
463000 22 2 4453 8
7f127efd4000 106 8 4568 8
7f127efc4000 16 2 4587 8
7f127efc5000 17 2 4606 8
59f000 1134 72 5813 8
5a2000 1128 75 7017 8
4d4000 136 9 7163 9
4d3000 84 2 7250 9
4d2000 39 1 7291 9
5a1000 1115 50 8457 9
5a5000 836 32 9326 10
9333 10
0x570000
570000 132 46 179 4
56f000 34 12 226 4
59f000 1127 158 1512 5
56e000 71 14 1597 5
462000 20 8 1626 5
5a4000 1128 140 2895 5
5a0000 1113 140 4149 5
4fa000 96 23 4269 6
499000 77 19 4365 6
498000 76 19 4461 7
497000 66 12 4540 7
496000 52 10 4603 7
5a3000 1131 96 5831 7
4e5000 76 13 5921 8
4e4000 55 5 5982 8
55a000 96 9 6088 8
7f127f3c8000 118 8 6215 8
7f127f3b2000 56 5 6276 9
7f127f19a000 23 1 6300 9
7f127f3b1000 40 1 6341 9
7f127f3b0000 39 1 6381 9
7f127f3af000 67 1 6450 9
7f127f1d7000 64 1 6515 9
7f127f1d6000 60 2 6577 9
7f127ece8000 62 6 6646 9
7f127ece4000 82 8 6736 9
7f127ece3000 57 10 6803 9
7f127ecde000 55 6 6864 9
7f127ecdd000 80 10 6954 9
7f127ecdc000 63 6 7024 9
7f127ebf2000 131 1 7156 9
7f127ecdb000 48 0 7205 9
7f127ecda000 46 0 7252 9
7f127ec6f000 88 7 7348 9
7f127ec6e000 103 5 7457 9
7f127ed2f000 106 3 7566 10
7574 10
0x56f000
56f000 34 20 54 1
59f000 1143 220 1417 2
570000 133 38 1589 5
56e000 79 14 1683 5
462000 21 8 1713 5
5a4000 1135 140 2988 5
5a0000 1122 141 4252 5
4fa000 103 23 4379 6
499000 78 19 4476 6
498000 76 20 4573 7
497000 66 14 4654 7
496000 55 10 4721 7
5a3000 1124 94 5941 7
4e5000 76 13 6031 8
4e4000 56 4 6092 8
55a000 100 9 6202 8
7f127f3c8000 118 7 6328 8
7f127f3b2000 56 4 6389 9
7f127f19a000 23 1 6414 9
7f127f3b1000 39 1 6454 9
7f127f3b0000 39 1 6495 9
7f127f3af000 65 1 6561 9
7f127f1d7000 62 1 6625 9
7f127f1d6000 60 2 6687 9
7f127ece8000 61 6 6755 9
7f127ece4000 82 7 6844 9
7f127ece3000 57 9 6910 9
7f127ecde000 54 7 6972 9
7f127ecdd000 82 11 7065 9
7f127ecdc000 68 6 7140 9
7f127ebf2000 129 1 7271 9
7f127ecdb000 48 0 7320 9
7f127ecda000 46 0 7367 9
7f127ec6f000 89 10 7467 9
7f127ec6e000 105 5 7577 9
7f127ed2f000 108 3 7688 10
7696 10
0x56e000
56e000 71 28 99 2
462000 21 14 135 2
5a4000 1133 206 1475 3
59f000 1139 183 2798 3
5a0000 1120 181 4100 3
4fa000 96 32 4229 5
499000 77 26 4332 6
498000 77 20 4429 7
497000 67 12 4508 7
496000 58 12 4579 7
5a3000 1134 95 5809 7
4e5000 82 13 5905 8
4e4000 60 4 5970 8
55a000 96 9 6076 8
7f127f3c8000 118 8 6203 8
7f127f3b2000 55 5 6264 9
7f127f19a000 24 0 6288 9
7f127f3b1000 44 1 6334 9
7f127f3b0000 44 1 6380 9
7f127f3af000 65 1 6447 9
7f127f1d7000 62 2 6512 9
7f127f1d6000 60 3 6575 9
7f127ece8000 62 6 6643 9
7f127ece4000 82 8 6733 9
7f127ece3000 57 9 6799 9
7f127ecde000 55 6 6861 9
7f127ecdd000 79 11 6951 9
7f127ecdc000 67 7 7025 9
7f127ebf2000 136 2 7164 9
7f127ecdb000 48 1 7213 9
7f127ecda000 46 1 7260 9
7f127ec6f000 87 8 7355 9
7f127ec6e000 91 5 7451 9
7f127ed2f000 117 5 7574 10
7583 10
