0x402000
402000 47 16 64 3
7fa986365000 71 20 156 4
401000 30 7 193 4
7fa98671b000 64 33 290 5
403000 47 5 343 5
7fa9863ae000 50 7 402 5
7fa9863ad000 58 14 475 5
7fa98640f000 45 8 529 5
7fa98640e000 59 10 599 5
7fa986369000 90 12 701 5
7fa98642a000 104 11 816 5
7fa986368000 63 9 888 5
7fa986367000 84 10 983 5
7fa98635f000 157 13 1153 5
7fa986366000 98 8 1259 5
7fa986360000 62 13 1335 5
7fa9862ed000 126 6 1468 5
7fa98632c000 58 7 1533 5
7fa9863fa000 94 10 1638 5
7fa9863f9000 112 9 1759 5
7fa9863f8000 70 19 1849 5
7fa9863f6000 77 7 1934 5
7fa98640d000 50 9 1993 5
7fa98640c000 65 9 2067 6
7fa98640b000 89 4 2161 6
7fa98640a000 58 3 2222 7
2224 7
0x401000
401000 30 13 43 2
43 2
0x403000
403000 47 15 62 3
401000 30 8 101 3
402000 43 9 154 4
7fa986365000 70 15 241 4
7fa98671b000 63 34 339 5
7fa9863ae000 50 7 396 5
7fa9863ad000 58 14 469 5
7fa98640f000 46 8 524 5
7fa98640e000 60 9 593 5
7fa986369000 90 12 696 5
7fa98642a000 104 11 811 5
7fa986368000 63 9 884 5
7fa986367000 84 10 979 5
7fa98635f000 157 13 1149 5
7fa986366000 98 8 1256 5
7fa986360000 63 13 1332 5
7fa9862ed000 128 5 1465 5
7fa98632c000 57 7 1530 5
7fa9863fa000 94 10 1635 5
7fa9863f9000 112 9 1756 5
7fa9863f8000 71 19 1846 5
7fa9863f6000 77 7 1930 5
7fa98640d000 50 9 1990 5
7fa98640c000 66 9 2065 6
7fa98640b000 91 3 2159 6
7fa98640a000 57 3 2220 7
2223 7
