0x408000
408000 60 22 83 3
420000 232 20 336 4
404000 17 4 357 4
7f97e15fa000 60 10 428 4
7f97e15f7000 63 11 502 4
7f97e15f1000 209 12 723 4
7f97e15f9000 75 17 815 4
405000 120 20 955 4
7f97e114e000 57 10 1023 4
7f97e114d000 50 5 1079 4
7f97e114c000 46 5 1131 4
7f97e1158000 62 35 1229 4
7f97e1157000 99 21 1349 4
406000 70 13 1433 5
7f97e11cb000 109 8 1551 5
7f97e11ca000 68 18 1638 5
7f97e11c8000 75 6 1720 5
407000 51 5 1777 5
416000 64 6 1848 6
417000 50 5 1904 6
7f97e1182000 42 4 1951 6
415000 76 4 2032 6
418000 62 5 2099 6
419000 46 3 2150 6
7f97e1329000 87 7 2245 6
7f97e135a000 61 5 2312 6
7f97e1359000 69 3 2384 6
7f97e1358000 75 3 2463 6
7f97e1357000 69 4 2537 6
7f97e1356000 60 4 2602 6
7f97e1355000 58 4 2665 6
7f97e12b6000 132 4 2802 6
7f97e1321000 84 5 2892 6
7f97e1320000 37 3 2932 6
7f97e131f000 40 3 2975 6
7f97e131e000 95 5 3076 6
7f97e1310000 72 5 3153 6
7f97e135c000 87 4 3244 6
7f97e135b000 85 4 3334 6
7f97e1328000 65 4 3403 6
7f97e1327000 72 4 3479 6
7f97e1326000 70 4 3554 6
7f97e1325000 63 5 3622 6
7f97e1324000 42 4 3668 6
7f97e1322000 39 3 3710 6
7f97e1323000 35 3 3748 6
7f97e12e3000 71 8 3828 6
7f97e12e2000 58 4 3891 6
7f97e12e1000 70 6 3967 6
7f97e12dd000 55 3 4025 6
7f97e12de000 27 2 4055 6
7f97e12e0000 51 3 4110 6
7f97e12dc000 39 3 4153 6
7f97e12db000 61 3 4218 6
7f97e12da000 59 11 4288 6
7f97e12df000 42 3 4334 6
41a000 41 4 4380 6
41b000 73 5 4459 7
4462 7
0x420000
420000 231 31 262 3
262 3
0x404000
404000 17 9 26 1
26 1
0x405000
405000 120 44 164 2
404000 17 7 189 3
7f97e114e000 57 13 260 3
7f97e114d000 50 8 319 3
7f97e114c000 46 7 372 3
7f97e1158000 63 45 481 3
7f97e1157000 99 27 608 3
406000 71 17 697 4
420000 231 15 944 5
7f97e11cb000 109 8 1062 5
7f97e11ca000 69 18 1149 5
7f97e11c8000 76 6 1231 5
407000 52 5 1288 5
416000 64 6 1359 6
417000 51 4 1415 6
7f97e1182000 41 4 1462 6
415000 76 4 1543 6
418000 61 5 1610 6
419000 46 3 1661 6
7f97e1329000 87 7 1756 6
7f97e135a000 61 5 1823 6
7f97e1359000 69 4 1896 6
7f97e1358000 75 4 1975 6
7f97e1357000 70 3 2048 6
7f97e1356000 60 5 2114 6
7f97e1355000 58 4 2176 6
7f97e12b6000 132 5 2314 6
7f97e1321000 84 4 2402 6
7f97e1320000 37 3 2443 6
7f97e131f000 40 3 2486 6
7f97e131e000 96 5 2587 6
7f97e1310000 72 5 2664 6
7f97e135c000 87 4 2755 6
7f97e135b000 85 4 2845 6
7f97e1328000 65 4 2914 6
7f97e1327000 72 4 2990 6
7f97e1326000 70 4 3065 6
7f97e1325000 62 5 3133 6
7f97e1324000 43 3 3179 6
7f97e1322000 39 3 3222 6
7f97e1323000 35 3 3260 6
7f97e12e3000 71 8 3340 6
7f97e12e2000 58 3 3402 6
7f97e12e1000 70 6 3479 6
7f97e12dd000 55 3 3537 6
7f97e12de000 28 2 3567 6
7f97e12e0000 51 3 3622 6
7f97e12dc000 39 3 3665 6
7f97e12db000 62 3 3730 6
7f97e12da000 59 11 3800 6
7f97e12df000 42 3 3846 6
41a000 41 4 3892 6
41b000 73 5 3971 7
3974 7
0x406000
406000 71 29 100 3
405000 120 27 248 4
404000 17 4 270 4
7f97e114e000 57 11 339 4
7f97e114d000 50 6 395 4
7f97e114c000 45 6 447 4
7f97e1158000 63 34 545 4
7f97e1157000 99 21 666 4
420000 232 15 914 5
7f97e11cb000 109 8 1032 5
7f97e11ca000 69 18 1119 5
7f97e11c8000 76 6 1201 5
407000 51 5 1258 5
416000 64 6 1329 6
417000 50 5 1386 6
7f97e1182000 42 4 1433 6
415000 77 4 1514 6
418000 61 6 1581 6
419000 46 4 1632 6
7f97e1329000 87 7 1727 6
7f97e135a000 61 5 1794 6
7f97e1359000 69 4 1867 6
7f97e1358000 76 3 1946 6
7f97e1357000 69 4 2020 6
7f97e1356000 60 5 2086 6
7f97e1355000 59 4 2149 6
7f97e12b6000 133 4 2286 6
7f97e1321000 85 4 2375 6
7f97e1320000 37 3 2416 6
7f97e131f000 40 3 2459 6
7f97e131e000 96 5 2560 6
7f97e1310000 72 5 2637 6
7f97e135c000 88 3 2728 6
7f97e135b000 85 5 2819 6
7f97e1328000 65 4 2888 6
7f97e1327000 73 4 2965 6
7f97e1326000 71 4 3041 6
7f97e1325000 62 5 3108 6
7f97e1324000 42 3 3154 6
7f97e1322000 38 3 3196 6
7f97e1323000 35 2 3234 6
7f97e12e3000 71 8 3314 6
7f97e12e2000 58 3 3376 6
7f97e12e1000 69 6 3452 6
7f97e12dd000 55 3 3510 6
7f97e12de000 27 3 3540 6
7f97e12e0000 51 3 3595 6
7f97e12dc000 38 4 3638 6
7f97e12db000 61 3 3702 6
7f97e12da000 59 10 3772 6
7f97e12df000 42 3 3818 6
41a000 41 4 3864 6
41b000 72 5 3942 7
3945 7
0x407000
407000 51 16 67 3
406000 70 18 156 4
405000 119 21 297 4
404000 16 5 319 4
7f97e114e000 57 10 387 4
7f97e114d000 49 6 443 4
7f97e114c000 45 6 495 4
7f97e1158000 62 35 593 4
7f97e1157000 99 21 713 4
420000 233 15 962 5
7f97e11cb000 109 8 1080 5
7f97e11ca000 69 17 1166 5
7f97e11c8000 75 6 1248 5
416000 64 6 1318 6
417000 50 5 1375 6
7f97e1182000 41 5 1422 6
415000 76 4 1502 6
418000 61 6 1569 6
419000 46 4 1620 6
7f97e1329000 86 7 1714 6
7f97e135a000 61 5 1781 6
7f97e1359000 69 3 1853 6
7f97e1358000 75 3 1932 6
7f97e1357000 69 4 2006 6
7f97e1356000 60 5 2071 6
7f97e1355000 58 4 2133 6
7f97e12b6000 131 5 2270 6
7f97e1321000 84 5 2359 6
7f97e1320000 37 3 2399 6
7f97e131f000 40 3 2442 6
7f97e131e000 95 5 2542 6
7f97e1310000 72 4 2618 6
7f97e135c000 86 4 2709 6
7f97e135b000 85 4 2799 6
7f97e1328000 64 4 2867 6
7f97e1327000 71 5 2944 6
7f97e1326000 71 4 3019 6
7f97e1325000 63 4 3086 6
7f97e1324000 42 3 3132 6
7f97e1322000 38 4 3175 6
7f97e1323000 35 2 3212 6
7f97e12e3000 71 9 3293 6
7f97e12e2000 58 3 3354 6
7f97e12e1000 70 5 3430 6
7f97e12dd000 54 3 3488 6
7f97e12de000 27 3 3519 6
7f97e12e0000 51 3 3573 6
7f97e12dc000 38 4 3616 6
7f97e12db000 61 3 3680 6
7f97e12da000 59 10 3750 6
7f97e12df000 42 3 3796 6
41a000 41 4 3842 6
41b000 72 6 3921 7
3923 7
0x416000
416000 64 18 83 3
417000 50 15 149 4
7f97e1182000 42 9 201 5
404000 16 4 222 5
415000 75 7 305 5
420000 230 12 547 5
418000 61 9 617 5
405000 119 15 753 5
7f97e114e000 57 8 819 5
7f97e114d000 50 5 874 5
7f97e114c000 46 4 924 5
7f97e1158000 63 25 1013 5
7f97e1157000 98 16 1128 5
406000 71 10 1209 6
7f97e11cb000 108 6 1324 6
7f97e11ca000 68 12 1404 6
7f97e11c8000 75 4 1483 6
407000 51 4 1539 6
41d000 67 5 1612 6
41c000 82 6 1701 6
7f97e11aa000 77 14 1793 6
7f97e11ab000 54 10 1857 6
7f97e1131000 151 8 2016 6
7f97e11cc000 91 6 2113 6
7f97e11a9000 62 9 2184 6
7f97e10bf000 123 4 2311 6
7f97e11a8000 46 3 2360 6
7f97e11a7000 43 3 2407 6
7f97e113c000 83 11 2502 6
7f97e113b000 86 7 2596 6
7f97e11fc000 100 7 2704 6
7f97e113a000 61 6 2771 6
7f97e1139000 83 6 2860 6
7f97e1138000 94 5 2959 6
7f97e1137000 69 6 3034 6
7f97e1132000 60 8 3103 6
7f97e10fe000 56 4 3164 6
7f97e11a6000 54 3 3221 6
7f97e11a5000 49 3 3274 6
7f97e11a4000 35 3 3313 6
7f97e11a3000 46 4 3364 6
7f97e11a2000 39 3 3407 6
7f97e11a1000 43 4 3455 6
7f97e11db000 53 4 3513 6
7f97e11bd000 69 15 3597 6
7f97e112a000 61 5 3663 6
7f97e11b5000 60 8 3732 6
7f97e11b1000 79 10 3822 6
7f97e11b0000 56 13 3892 6
7f97e11b3000 94 8 3995 6
7f97e11b2000 62 10 4067 6
7f97e11b4000 49 6 4122 6
7f97e112b000 78 7 4208 6
7f97e112e000 104 8 4321 6
7f97e10ff000 32 5 4358 6
7f97e1128000 48 4 4410 6
7f97e1180000 49 5 4464 6
7f97e117f000 57 9 4530 6
7f97e11e1000 45 5 4580 6
7f97e11e0000 58 6 4645 6
7f97e11df000 49 6 4700 6
7f97e11de000 64 5 4769 7
4772 7
0x417000
417000 50 22 72 2
416000 65 14 152 4
7f97e1182000 42 10 205 5
404000 17 4 226 5
415000 77 6 309 5
420000 232 11 553 5
418000 61 9 624 5
405000 120 16 761 5
7f97e114e000 57 8 827 5
7f97e114d000 51 4 882 5
7f97e114c000 46 4 933 5
7f97e1158000 63 25 1022 5
7f97e1157000 99 16 1138 5
406000 71 10 1220 6
7f97e11cb000 109 6 1336 6
7f97e11ca000 69 11 1416 6
7f97e11c8000 75 4 1496 6
407000 52 3 1552 6
41d000 68 5 1626 6
41c000 82 7 1716 6
7f97e11aa000 78 14 1808 6
7f97e11ab000 55 9 1872 6
7f97e1131000 152 8 2032 6
7f97e11cc000 92 6 2130 6
7f97e11a9000 62 9 2201 6
7f97e10bf000 124 3 2329 6
7f97e11a8000 46 3 2379 6
7f97e11a7000 45 3 2427 6
7f97e113c000 84 11 2522 6
7f97e113b000 87 7 2616 6
7f97e11fc000 101 7 2725 6
7f97e113a000 62 5 2792 6
7f97e1139000 82 6 2881 6
7f97e1138000 95 5 2982 6
7f97e1137000 69 6 3057 6
7f97e1132000 61 8 3127 6
7f97e10fe000 56 5 3188 6
7f97e11a6000 54 4 3246 6
7f97e11a5000 49 3 3299 6
7f97e11a4000 35 3 3338 6
7f97e11a3000 46 4 3389 6
7f97e11a2000 39 4 3432 6
7f97e11a1000 44 3 3479 6
7f97e11db000 53 4 3537 6
7f97e11bd000 69 15 3622 6
7f97e112a000 61 5 3689 6
7f97e11b5000 61 8 3758 6
7f97e11b1000 80 11 3850 6
7f97e11b0000 57 14 3921 6
7f97e11b3000 95 7 4023 6
7f97e11b2000 61 10 4095 6
7f97e11b4000 49 7 4151 6
7f97e112b000 77 8 4236 6
7f97e112e000 104 7 4347 6
7f97e10ff000 31 5 4384 6
7f97e1128000 47 5 4436 6
7f97e1180000 49 4 4489 6
7f97e117f000 56 9 4555 6
7f97e11e1000 45 5 4605 6
7f97e11e0000 58 6 4669 6
7f97e11df000 48 6 4723 6
7f97e11de000 64 5 4792 7
4795 7
0x415000
415000 76 17 93 2
93 2
0x418000
418000 61 26 87 2
417000 50 17 155 2
416000 64 15 234 4
7f97e1182000 41 10 286 5
404000 17 4 307 5
415000 76 6 389 5
420000 230 12 632 5
405000 119 15 766 5
7f97e114e000 56 8 832 5
7f97e114d000 50 4 887 5
7f97e114c000 45 5 938 5
7f97e1158000 63 25 1026 5
7f97e1157000 99 15 1141 5
406000 70 10 1222 6
7f97e11cb000 109 5 1337 6
7f97e11ca000 68 11 1417 6
7f97e11c8000 75 4 1497 6
407000 51 3 1552 6
41d000 68 4 1625 6
41c000 82 7 1715 6
7f97e11aa000 77 14 1806 6
7f97e11ab000 54 9 1870 6
7f97e1131000 151 8 2029 6
7f97e11cc000 91 6 2127 6
7f97e11a9000 61 9 2197 6
7f97e10bf000 123 4 2325 6
7f97e11a8000 46 4 2375 6
7f97e11a7000 45 3 2423 6
7f97e113c000 85 11 2519 6
7f97e113b000 88 7 2614 6
7f97e11fc000 102 7 2723 6
7f97e113a000 62 6 2791 6
7f97e1139000 105 6 2902 6
7f97e1138000 95 5 3002 6
7f97e1137000 69 6 3077 6
7f97e1132000 61 8 3147 6
7f97e10fe000 56 5 3208 6
7f97e11a6000 54 3 3265 6
7f97e11a5000 49 4 3319 6
7f97e11a4000 35 3 3358 6
7f97e11a3000 46 4 3409 6
7f97e11a2000 40 3 3452 6
7f97e11a1000 44 4 3500 6
7f97e11db000 54 4 3558 6
7f97e11bd000 68 16 3642 6
7f97e112a000 61 5 3708 6
7f97e11b5000 60 9 3778 6
7f97e11b1000 80 11 3869 6
7f97e11b0000 56 13 3939 6
7f97e11b3000 94 7 4041 6
7f97e11b2000 62 10 4113 6
7f97e11b4000 49 6 4168 6
7f97e112b000 78 7 4254 6
7f97e112e000 105 7 4366 6
7f97e10ff000 32 4 4403 6
7f97e1128000 47 4 4455 6
7f97e1180000 48 5 4509 6
7f97e117f000 57 9 4575 6
7f97e11e1000 45 5 4625 6
7f97e11e0000 58 5 4689 6
7f97e11df000 49 5 4744 6
7f97e11de000 63 6 4814 7
4817 7
0x419000
419000 46 14 60 1
417000 51 19 131 2
416000 65 14 211 4
7f97e1182000 42 9 263 5
404000 17 4 285 5
415000 76 7 368 5
420000 232 11 611 5
418000 61 9 682 5
405000 120 15 818 5
7f97e114e000 56 8 884 5
7f97e114d000 50 5 940 5
7f97e114c000 46 4 990 5
7f97e1158000 63 25 1079 5
7f97e1157000 99 16 1195 5
406000 71 10 1276 6
7f97e11cb000 109 6 1392 6
7f97e11ca000 69 11 1472 6
7f97e11c8000 75 5 1553 6
407000 51 4 1608 6
41d000 68 5 1682 6
41c000 82 6 1771 6
7f97e11aa000 77 14 1863 6
7f97e11ab000 54 9 1927 6
7f97e1131000 152 8 2087 6
7f97e11cc000 103 6 2197 6
7f97e11a9000 61 9 2268 6
7f97e10bf000 122 4 2395 6
7f97e11a8000 46 3 2444 6
7f97e11a7000 43 3 2491 6
7f97e113c000 83 11 2586 6
7f97e113b000 86 7 2679 6
7f97e11fc000 100 7 2787 6
7f97e113a000 61 5 2853 6
7f97e1139000 82 6 2942 6
7f97e1138000 94 5 3041 6
7f97e1137000 68 6 3116 6
7f97e1132000 60 8 3185 6
7f97e10fe000 56 4 3246 6
7f97e11a6000 54 3 3303 6
7f97e11a5000 49 3 3356 6
7f97e11a4000 35 3 3395 6
7f97e11a3000 46 4 3446 6
7f97e11a2000 39 3 3488 6
7f97e11a1000 43 4 3536 6
7f97e11db000 53 3 3593 6
7f97e11bd000 67 16 3677 6
7f97e112a000 61 5 3743 6
7f97e11b5000 60 9 3812 6
7f97e11b1000 79 11 3902 6
7f97e11b0000 56 13 3971 6
7f97e11b3000 93 8 4073 6
7f97e11b2000 61 10 4144 6
7f97e11b4000 49 6 4199 6
7f97e112b000 77 7 4284 6
7f97e112e000 103 8 4396 6
7f97e10ff000 32 4 4432 6
7f97e1128000 47 4 4484 6
7f97e1180000 48 5 4538 6
7f97e117f000 56 9 4603 6
7f97e11e1000 45 5 4653 6
7f97e11e0000 58 6 4717 6
7f97e11df000 48 6 4771 6
7f97e11de000 63 6 4840 7
4843 7
0x41a000
41a000 40 18 59 4
418000 61 13 134 4
417000 50 12 197 4
416000 63 10 271 4
7f97e1182000 42 9 323 5
404000 16 4 344 5
415000 75 7 427 5
420000 230 11 668 5
405000 119 15 803 5
7f97e114e000 56 8 868 5
7f97e114d000 49 5 923 5
7f97e114c000 45 4 973 5
7f97e1158000 63 25 1062 5
7f97e1157000 99 15 1176 5
406000 70 10 1257 6
7f97e11cb000 108 5 1372 6
7f97e11ca000 68 11 1452 6
7f97e11c8000 74 5 1532 6
407000 51 4 1587 6
41d000 67 5 1660 6
41c000 82 6 1749 6
7f97e11aa000 76 14 1840 6
7f97e11ab000 54 9 1904 6
7f97e1131000 150 8 2062 6
7f97e11cc000 90 6 2159 6
7f97e11a9000 61 9 2230 6
7f97e10bf000 122 4 2357 6
7f97e11a8000 46 3 2406 6
7f97e11a7000 44 3 2454 6
7f97e113c000 83 11 2549 6
7f97e113b000 86 7 2642 6
7f97e11fc000 101 6 2749 6
7f97e113a000 61 5 2816 6
7f97e1139000 82 6 2904 6
7f97e1138000 95 4 3003 6
7f97e1137000 68 6 3078 6
7f97e1132000 60 8 3147 6
7f97e10fe000 56 5 3208 6
7f97e11a6000 53 4 3265 6
7f97e11a5000 48 4 3318 6
7f97e11a4000 35 3 3357 6
7f97e11a3000 45 4 3407 6
7f97e11a2000 39 3 3450 6
7f97e11a1000 43 3 3497 6
7f97e11db000 53 4 3555 6
7f97e11bd000 67 15 3638 6
7f97e112a000 60 5 3704 6
7f97e11b5000 60 8 3773 6
7f97e11b1000 78 11 3863 6
7f97e11b0000 56 13 3933 6
7f97e11b3000 94 7 4034 6
7f97e11b2000 61 10 4105 6
7f97e11b4000 48 6 4160 6
7f97e112b000 77 8 4246 6
7f97e112e000 104 7 4357 6
7f97e10ff000 31 5 4394 6
7f97e1128000 49 4 4447 6
7f97e1180000 49 4 4500 6
7f97e117f000 56 9 4566 6
7f97e11e1000 45 5 4616 6
7f97e11e0000 58 6 4680 6
7f97e11df000 49 5 4734 6
7f97e11de000 64 5 4803 7
4807 7
0x41b000
41b000 72 25 97 3
41a000 41 10 149 5
418000 61 8 219 5
417000 50 7 277 5
416000 65 6 349 5
7f97e1182000 42 5 397 6
404000 17 1 416 6
415000 76 2 495 6
420000 232 5 733 6
405000 120 7 861 6
7f97e114e000 57 3 922 6
7f97e114d000 50 2 975 6
7f97e114c000 45 2 1023 6
7f97e1158000 63 12 1099 6
7f97e1157000 99 7 1206 6
406000 71 4 1282 7
1285 7
0x411000
411000 79 30 109 4
405000 120 19 249 4
404000 17 4 271 4
7f97e114e000 57 9 337 4
7f97e114d000 50 4 392 4
7f97e114c000 46 4 443 4
7f97e1158000 63 32 539 4
7f97e1157000 99 19 658 4
406000 71 12 742 5
420000 232 9 984 6
7f97e11cb000 109 3 1097 6
7f97e11ca000 68 8 1174 6
7f97e11c8000 75 2 1252 6
407000 51 1 1305 6
416000 65 2 1373 7
1375 7
0x410000
410000 63 20 83 2
7f97e15f6000 44 15 143 3
405000 120 27 290 4
404000 17 5 313 4
7f97e114e000 57 10 381 4
7f97e114d000 50 5 437 4
7f97e114c000 46 6 490 4
7f97e1158000 62 35 588 4
7f97e1157000 99 21 709 4
406000 71 13 794 4
420000 233 15 1043 5
7f97e11cb000 109 8 1161 5
7f97e11ca000 69 18 1248 5
7f97e11c8000 75 6 1330 5
407000 51 5 1387 5
416000 65 6 1459 6
417000 50 5 1515 6
7f97e1182000 42 4 1562 6
415000 76 4 1643 6
418000 61 6 1711 6
419000 46 4 1762 6
7f97e1329000 87 7 1857 6
7f97e135a000 61 5 1924 6
7f97e1359000 69 4 1998 6
7f97e1358000 75 3 2076 6
7f97e1357000 70 3 2150 6
7f97e1356000 61 4 2216 6
7f97e1355000 59 4 2279 6
7f97e12b6000 133 4 2416 6
7f97e1321000 84 4 2505 6
7f97e1320000 36 4 2546 6
7f97e131f000 40 3 2589 6
7f97e131e000 95 5 2689 6
7f97e1310000 72 5 2767 6
7f97e135c000 88 4 2859 6
7f97e135b000 86 4 2949 6
7f97e1328000 65 4 3018 6
7f97e1327000 73 4 3095 6
7f97e1326000 71 4 3170 6
7f97e1325000 63 5 3238 6
7f97e1324000 42 4 3284 6
7f97e1322000 39 3 3326 6
7f97e1323000 35 2 3364 6
7f97e12e3000 71 9 3445 6
7f97e12e2000 58 4 3507 6
7f97e12e1000 70 5 3583 6
7f97e12dd000 54 3 3641 6
7f97e12de000 27 3 3672 6
7f97e12e0000 51 3 3727 6
7f97e12dc000 38 4 3770 6
7f97e12db000 61 4 3835 6
7f97e12da000 59 11 3905 6
7f97e12df000 42 3 3951 6
41a000 41 4 3997 6
41b000 72 5 4076 7
4080 7
0x40d000
40d000 53 18 71 3
40c000 37 8 117 3
405000 120 26 264 4
404000 17 5 287 5
7f97e114e000 57 7 351 5
7f97e114d000 51 3 405 5
7f97e114c000 46 3 455 5
7f97e1158000 63 24 543 5
7f97e1157000 100 14 657 5
406000 71 9 738 5
420000 232 10 981 5
7f97e11cb000 110 8 1099 5
7f97e11ca000 68 18 1185 5
7f97e11c8000 75 6 1267 5
407000 51 5 1324 5
416000 65 6 1396 6
417000 50 5 1452 6
7f97e1182000 42 4 1499 6
415000 76 4 1580 6
418000 61 6 1647 6
419000 47 3 1698 6
7f97e1329000 87 7 1793 6
7f97e135a000 61 5 1860 6
7f97e1359000 69 4 1933 6
7f97e1358000 75 4 2012 6
7f97e1357000 69 4 2086 6
7f97e1356000 60 4 2151 6
7f97e1355000 58 4 2214 6
7f97e12b6000 132 4 2351 6
7f97e1321000 85 4 2440 6
7f97e1320000 37 4 2481 6
7f97e131f000 40 3 2524 6
7f97e131e000 95 5 2624 6
7f97e1310000 72 5 2701 6
7f97e135c000 87 4 2792 6
7f97e135b000 85 4 2882 6
7f97e1328000 65 3 2951 6
7f97e1327000 72 4 3028 6
7f97e1326000 70 4 3103 6
7f97e1325000 62 5 3171 6
7f97e1324000 43 3 3217 6
7f97e1322000 39 3 3260 6
7f97e1323000 35 3 3298 6
7f97e12e3000 70 9 3378 6
7f97e12e2000 58 3 3440 6
7f97e12e1000 70 6 3517 6
7f97e12dd000 55 3 3575 6
7f97e12de000 28 2 3605 6
7f97e12e0000 51 3 3660 6
7f97e12dc000 39 3 3703 6
7f97e12db000 61 3 3768 6
7f97e12da000 59 11 3838 6
7f97e12df000 42 3 3884 6
41a000 41 4 3930 6
41b000 72 5 4009 7
4014 7
0x4d075000
0 0
0x40c000
40c000 37 13 50 1
405000 120 40 211 2
404000 17 8 236 3
7f97e114e000 57 14 307 3
7f97e114d000 51 7 365 3
7f97e114c000 45 7 418 3
7f97e1158000 63 45 527 3
7f97e1157000 100 27 654 3
406000 71 17 743 4
420000 233 15 992 5
7f97e11cb000 110 7 1110 5
7f97e11ca000 68 18 1197 5
7f97e11c8000 75 6 1279 5
407000 51 5 1336 5
416000 64 6 1407 6
417000 50 5 1464 6
7f97e1182000 42 4 1511 6
415000 77 4 1592 6
418000 61 6 1659 6
419000 47 3 1710 6
7f97e1329000 87 7 1805 6
7f97e135a000 61 5 1872 6
7f97e1359000 69 3 1944 6
7f97e1358000 75 4 2024 6
7f97e1357000 70 3 2097 6
7f97e1356000 61 4 2163 6
7f97e1355000 59 4 2226 6
7f97e12b6000 132 5 2363 6
7f97e1321000 84 5 2452 6
7f97e1320000 37 3 2492 6
7f97e131f000 39 3 2535 6
7f97e131e000 95 5 2636 6
7f97e1310000 72 5 2713 6
7f97e135c000 88 3 2804 6
7f97e135b000 85 4 2894 6
7f97e1328000 64 4 2963 6
7f97e1327000 71 5 3040 6
7f97e1326000 70 4 3114 6
7f97e1325000 62 4 3181 6
7f97e1324000 42 3 3227 6
7f97e1322000 39 3 3269 6
7f97e1323000 34 3 3307 6
7f97e12e3000 70 9 3387 6
7f97e12e2000 58 3 3448 6
7f97e12e1000 69 6 3524 6
7f97e12dd000 55 3 3582 6
7f97e12de000 27 3 3612 6
7f97e12e0000 50 3 3666 6
7f97e12dc000 39 3 3709 6
7f97e12db000 61 3 3773 6
7f97e12da000 59 10 3843 6
7f97e12df000 43 3 3890 6
41a000 41 4 3936 6
41b000 72 5 4014 7
4018 7
0x40b000
40b000 48 17 65 2
7f97e11b5000 60 31 157 5
7f97e11b1000 79 18 254 5
7f97e11b0000 56 22 332 5
7f97e11ab000 54 15 401 5
7f97e11aa000 77 24 502 5
7f97e11a9000 61 15 578 5
7f97e10bf000 123 6 708 5
7f97e11a8000 46 5 759 5
7f97e11a7000 44 4 807 5
7f97e113c000 83 19 910 5
7f97e113b000 86 12 1008 5
7f97e11fc000 100 11 1120 5
7f97e113a000 61 9 1190 5
7f97e1139000 81 10 1282 5
7f97e1131000 151 13 1446 5
7f97e1138000 95 8 1549 5
7f97e1137000 68 11 1628 5
7f97e1132000 61 13 1702 5
7f97e10fe000 56 7 1765 5
7f97e11cc000 90 10 1866 5
7f97e11cb000 109 9 1984 5
7f97e11ca000 68 19 2071 5
7f97e11c8000 74 7 2153 5
7f97e11a6000 53 5 2212 6
7f97e11a5000 49 4 2266 6
7f97e11a4000 35 3 2304 6
7f97e11a3000 46 4 2355 6
7f97e11a2000 39 3 2397 6
7f97e11a1000 43 4 2445 6
7f97e11db000 53 4 2503 6
7f97e11bd000 68 15 2586 6
7f97e112a000 62 5 2653 6
7f97e1129000 48 6 2707 6
7f97e1130000 82 7 2797 7
2800 7
0x40a000
40a000 55 19 75 2
405000 119 33 228 2
404000 17 7 253 3
7f97e114e000 56 14 324 3
7f97e114d000 50 7 381 3
7f97e114c000 45 7 434 3
7f97e1158000 62 45 542 3
7f97e1157000 98 28 669 3
406000 71 17 757 4
420000 231 15 1004 5
7f97e11cb000 109 8 1121 5
7f97e11ca000 68 18 1207 5
7f97e11c8000 75 6 1288 5
407000 51 5 1345 5
416000 64 6 1416 6
417000 50 5 1472 6
7f97e1182000 41 4 1518 6
415000 75 5 1599 6
418000 61 5 1665 6
419000 46 4 1716 6
7f97e1329000 87 7 1811 6
7f97e135a000 61 5 1877 6
7f97e1359000 68 4 1949 6
7f97e1358000 75 3 2027 6
7f97e1357000 69 3 2100 6
7f97e1356000 60 4 2165 6
7f97e1355000 58 4 2228 6
7f97e12b6000 132 4 2364 6
7f97e1321000 83 5 2453 6
7f97e1320000 37 3 2493 6
7f97e131f000 40 3 2536 6
7f97e131e000 94 5 2635 6
7f97e1310000 71 5 2712 6
7f97e135c000 87 3 2802 6
7f97e135b000 85 4 2892 6
7f97e1328000 64 4 2960 6
7f97e1327000 71 4 3036 6
7f97e1326000 69 5 3111 6
7f97e1325000 62 5 3178 6
7f97e1324000 42 3 3223 6
7f97e1322000 38 4 3266 6
7f97e1323000 35 3 3304 6
7f97e12e3000 71 8 3383 6
7f97e12e2000 57 4 3445 6
7f97e12e1000 69 6 3521 6
7f97e12dd000 54 3 3578 6
7f97e12de000 27 3 3609 6
7f97e12e0000 51 3 3663 6
7f97e12dc000 38 4 3706 6
7f97e12db000 60 4 3770 6
7f97e12da000 59 11 3840 6
7f97e12df000 42 3 3885 6
41a000 41 4 3931 6
41b000 72 5 4009 7
4013 7
0x409000
409000 70 22 92 2
408000 53 17 163 3
420000 230 19 413 4
404000 16 5 435 4
7f97e15fa000 60 10 505 4
7f97e15f7000 62 11 578 4
7f97e15f1000 206 12 797 4
7f97e15f9000 74 17 888 4
405000 118 21 1028 4
7f97e114e000 56 10 1095 4
7f97e114d000 49 6 1151 4
7f97e114c000 46 5 1202 4
7f97e1158000 62 34 1299 4
7f97e1157000 99 21 1419 4
406000 70 13 1502 5
7f97e11cb000 109 8 1620 5
7f97e11ca000 68 18 1706 5
7f97e11c8000 75 6 1787 5
407000 51 5 1844 5
416000 64 6 1915 6
417000 50 5 1971 6
7f97e1182000 42 4 2018 6
415000 76 4 2099 6
418000 61 6 2166 6
419000 46 4 2217 6
7f97e1329000 87 6 2311 6
7f97e135a000 61 5 2378 6
7f97e1359000 68 4 2450 6
7f97e1358000 74 4 2529 6
7f97e1357000 70 3 2602 6
7f97e1356000 60 4 2667 6
7f97e1355000 58 4 2730 6
7f97e12b6000 132 4 2866 6
7f97e1321000 84 4 2954 6
7f97e1320000 37 3 2995 6
7f97e131f000 40 3 3038 6
7f97e131e000 95 5 3138 6
7f97e1310000 72 5 3215 6
7f97e135c000 87 3 3305 6
7f97e135b000 85 4 3395 6
7f97e1328000 64 4 3464 6
7f97e1327000 72 4 3540 6
7f97e1326000 71 4 3615 6
7f97e1325000 62 5 3682 6
7f97e1324000 42 4 3728 6
7f97e1322000 39 3 3770 6
7f97e1323000 35 3 3808 6
7f97e12e3000 70 9 3888 6
7f97e12e2000 58 3 3950 6
7f97e12e1000 70 5 4026 6
7f97e12dd000 54 3 4084 6
7f97e12de000 27 2 4114 6
7f97e12e0000 51 3 4169 6
7f97e12dc000 38 4 4212 6
7f97e12db000 61 3 4276 6
7f97e12da000 59 11 4346 6
7f97e12df000 42 3 4391 6
41a000 40 4 4437 6
41b000 71 6 4516 7
4519 7
0x41c000
41c000 82 29 112 3
112 3
0x40e000
40e000 57 13 70 1
40d000 52 17 140 3
40c000 36 8 185 3
405000 130 27 343 4
404000 17 4 365 5
7f97e114e000 56 7 429 5
7f97e114d000 49 4 483 5
7f97e114c000 45 4 533 5
7f97e1158000 62 24 620 5
7f97e1157000 99 14 733 5
406000 70 9 813 5
420000 228 11 1054 5
7f97e11cb000 109 7 1170 5
7f97e11ca000 68 18 1257 5
7f97e11c8000 76 6 1339 5
407000 52 5 1396 5
416000 64 6 1467 6
417000 51 5 1524 6
7f97e1182000 42 4 1571 6
415000 77 4 1652 6
418000 61 6 1719 6
419000 47 3 1770 6
7f97e1329000 87 7 1865 6
7f97e135a000 62 5 1932 6
7f97e1359000 69 3 2004 6
7f97e1358000 75 3 2083 6
7f97e1357000 70 3 2157 6
7f97e1356000 61 4 2223 6
7f97e1355000 58 4 2286 6
7f97e12b6000 133 4 2423 6
7f97e1321000 84 5 2512 6
7f97e1320000 37 3 2552 6
7f97e131f000 39 3 2595 6
7f97e131e000 95 5 2696 6
7f97e1310000 72 5 2773 6
7f97e135c000 87 4 2864 6
7f97e135b000 84 4 2953 6
7f97e1328000 64 4 3022 6
7f97e1327000 71 5 3098 6
7f97e1326000 70 4 3172 6
7f97e1325000 62 5 3240 6
7f97e1324000 42 3 3285 6
7f97e1322000 38 4 3328 6
7f97e1323000 35 3 3366 6
7f97e12e3000 70 9 3446 6
7f97e12e2000 58 4 3508 6
7f97e12e1000 70 5 3583 6
7f97e12dd000 54 3 3641 6
7f97e12de000 26 3 3671 6
7f97e12e0000 51 3 3726 6
7f97e12dc000 38 4 3769 6
7f97e12db000 61 3 3833 6
7f97e12da000 59 11 3903 6
7f97e12df000 42 3 3949 6
41a000 41 4 3995 6
41b000 71 6 4074 7
4079 7
0x40f000
40f000 90 20 110 3
7f97e1159000 65 30 206 4
7f97e1158000 63 34 303 4
7f97e1157000 99 21 424 4
404000 17 5 446 4
40e000 57 6 509 4
40d000 52 8 570 5
40c000 37 4 612 5
405000 119 14 746 5
7f97e114e000 56 7 811 5
7f97e114d000 50 3 865 5
7f97e114c000 45 4 915 5
406000 71 9 996 5
420000 231 10 1238 5
7f97e11cb000 109 8 1355 5
7f97e11ca000 68 18 1441 5
7f97e11c8000 79 6 1526 5
407000 52 4 1582 5
416000 64 6 1654 6
417000 51 5 1711 6
7f97e1182000 41 5 1758 6
415000 76 4 1838 6
418000 61 6 1906 6
419000 47 3 1957 6
7f97e1329000 87 7 2052 6
7f97e135a000 61 5 2118 6
7f97e1359000 69 4 2191 6
7f97e1358000 75 3 2269 6
7f97e1357000 69 4 2343 6
7f97e1356000 59 5 2408 6
7f97e1355000 58 4 2470 6
7f97e12b6000 131 5 2607 6
7f97e1321000 84 4 2695 6
7f97e1320000 36 4 2736 6
7f97e131f000 39 3 2778 6
7f97e131e000 94 5 2878 6
7f97e1310000 72 5 2955 6
7f97e135c000 87 3 3045 6
7f97e135b000 85 4 3135 6
7f97e1328000 64 4 3203 6
7f97e1327000 71 4 3279 6
7f97e1326000 70 4 3354 6
7f97e1325000 62 5 3422 6
7f97e1324000 43 3 3468 6
7f97e1322000 39 3 3510 6
7f97e1323000 35 3 3549 6
7f97e12e3000 71 8 3628 6
7f97e12e2000 58 3 3690 6
7f97e12e1000 69 6 3766 6
7f97e12dd000 54 3 3823 6
7f97e12de000 27 3 3854 6
7f97e12e0000 51 3 3909 6
7f97e12dc000 39 3 3951 6
7f97e12db000 60 3 4015 6
7f97e12da000 59 10 4085 6
7f97e12df000 42 3 4131 6
41a000 41 4 4177 6
41b000 71 6 4256 7
4262 7
0x41d000
41d000 67 22 89 1
41c000 82 26 198 3
405000 119 29 346 4
404000 17 5 369 4
7f97e114e000 56 12 438 4
7f97e114d000 50 6 494 4
7f97e114c000 45 7 547 4
7f97e1158000 62 36 646 4
7f97e1157000 99 22 768 4
406000 70 15 854 5
420000 231 11 1097 6
7f97e11cb000 108 6 1212 6
7f97e11ca000 69 11 1292 6
7f97e11c8000 75 5 1372 6
407000 51 4 1427 6
416000 64 5 1497 6
417000 50 5 1553 6
7f97e1182000 42 4 1600 6
415000 76 4 1680 6
418000 61 6 1747 6
419000 46 4 1798 6
7f97e1329000 86 7 1892 6
7f97e135a000 61 5 1958 6
7f97e1359000 69 4 2031 6
7f97e1358000 75 3 2109 6
7f97e1357000 69 3 2182 6
7f97e1356000 60 5 2248 6
7f97e1355000 58 4 2310 6
7f97e12b6000 131 5 2446 6
7f97e1321000 83 5 2534 6
7f97e1320000 37 3 2574 6
7f97e131f000 39 3 2617 6
7f97e131e000 95 5 2717 6
7f97e1310000 72 4 2793 6
7f97e135c000 87 3 2884 6
7f97e135b000 84 5 2974 6
7f97e1328000 64 4 3042 6
7f97e1327000 72 4 3118 6
7f97e1326000 70 4 3192 6
7f97e1325000 62 5 3260 6
7f97e1324000 42 3 3306 6
7f97e1322000 39 3 3348 6
7f97e1323000 34 3 3386 6
7f97e12e3000 70 9 3466 6
7f97e12e2000 57 4 3528 6
7f97e12e1000 70 5 3603 6
7f97e12dd000 54 3 3661 6
7f97e12de000 27 3 3691 6
7f97e12e0000 51 2 3745 6
7f97e12dc000 39 3 3788 6
7f97e12db000 60 3 3852 6
7f97e12da000 59 11 3923 6
7f97e12df000 43 2 3968 6
41a000 40 4 4014 6
41b000 72 5 4093 7
4096 7
0x41e000
41e000 37 16 54 2
41d000 67 17 139 2
41c000 82 22 243 3
405000 119 28 391 4
404000 17 5 414 4
7f97e114e000 57 11 483 4
7f97e114d000 50 6 539 4
7f97e114c000 46 6 592 4
7f97e1158000 62 37 692 4
7f97e1157000 99 22 813 4
406000 70 14 898 5
420000 230 12 1142 6
7f97e11cb000 108 6 1257 6
7f97e11ca000 69 11 1337 6
7f97e11c8000 74 5 1417 6
407000 51 4 1472 6
416000 64 5 1542 6
417000 50 5 1598 6
7f97e1182000 41 4 1644 6
415000 75 5 1725 6
418000 61 5 1791 6
419000 46 3 1842 6
7f97e1329000 87 6 1936 6
7f97e135a000 61 5 2003 6
7f97e1359000 69 3 2075 6
7f97e1358000 74 4 2154 6
7f97e1357000 70 3 2227 6
7f97e1356000 60 5 2293 6
7f97e1355000 58 4 2355 6
7f97e12b6000 131 5 2491 6
7f97e1321000 84 4 2579 6
7f97e1320000 36 4 2620 6
7f97e131f000 39 3 2662 6
7f97e131e000 95 5 2763 6
7f97e1310000 72 4 2839 6
7f97e135c000 86 4 2930 6
7f97e135b000 85 4 3019 6
7f97e1328000 64 3 3087 6
7f97e1327000 71 5 3164 6
7f97e1326000 70 4 3238 6
7f97e1325000 63 4 3305 6
7f97e1324000 42 3 3351 6
7f97e1322000 38 4 3394 6
7f97e1323000 35 3 3432 6
7f97e12e3000 71 8 3511 6
7f97e12e2000 58 3 3573 6
7f97e12e1000 69 6 3649 6
7f97e12dd000 54 3 3706 6
7f97e12de000 27 3 3737 6
7f97e12e0000 50 3 3791 6
7f97e12dc000 38 4 3834 6
7f97e12db000 61 3 3898 6
7f97e12da000 59 11 3968 6
7f97e12df000 43 3 4014 6
41a000 41 4 4060 6
41b000 72 5 4138 7
4142 7
0x41f000
41f000 55 14 69 2
69 2
0x412000
412000 34 13 47 1
411000 78 27 153 4
405000 119 19 292 4
404000 17 4 314 4
7f97e114e000 56 9 380 4
7f97e114d000 50 5 435 4
7f97e114c000 46 4 485 4
7f97e1158000 62 33 581 4
7f97e1157000 99 19 699 4
406000 70 12 782 5
420000 234 9 1026 6
7f97e11cb000 111 3 1140 6
7f97e11ca000 69 8 1217 6
7f97e11c8000 76 1 1295 6
407000 52 1 1349 6
416000 64 2 1416 7
1419 7
0x18659000
0 0
0x413000
413000 70 34 105 4
405000 119 21 246 4
404000 17 4 268 4
7f97e114e000 57 10 336 4
7f97e114d000 51 5 392 4
7f97e114c000 50 5 447 4
7f97e1158000 62 40 550 4
7f97e1157000 99 21 671 4
406000 71 13 756 5
420000 232 10 999 5
7f97e11cb000 108 8 1116 5
7f97e11ca000 68 18 1203 5
7f97e11c8000 75 6 1284 5
407000 51 5 1341 5
416000 64 5 1411 6
417000 50 5 1468 6
7f97e1182000 41 4 1514 6
415000 76 4 1595 6
418000 61 6 1662 6
419000 46 4 1713 6
7f97e1329000 87 7 1808 6
7f97e135a000 61 5 1874 6
7f97e1359000 68 4 1947 6
7f97e1358000 75 3 2025 6
7f97e1357000 69 4 2099 6
7f97e1356000 60 4 2164 6
7f97e1355000 57 4 2226 6
7f97e12b6000 132 4 2363 6
7f97e1321000 84 5 2452 6
7f97e1320000 37 3 2492 6
7f97e131f000 39 3 2535 6
7f97e131e000 95 5 2636 6
7f97e1310000 72 4 2713 6
7f97e135c000 87 4 2805 6
7f97e135b000 85 4 2895 6
7f97e1328000 70 4 2969 6
7f97e1327000 71 5 3045 6
7f97e1326000 71 4 3120 6
7f97e1325000 62 5 3187 6
7f97e1324000 43 3 3233 6
7f97e1322000 39 3 3275 6
7f97e1323000 35 3 3313 6
7f97e12e3000 70 9 3393 6
7f97e12e2000 57 4 3455 6
7f97e12e1000 70 5 3531 6
7f97e12dd000 54 3 3589 6
7f97e12de000 27 2 3619 6
7f97e12e0000 51 3 3674 6
7f97e12dc000 38 4 3717 6
7f97e12db000 61 3 3781 6
7f97e12da000 59 11 3851 6
7f97e12df000 42 3 3896 6
41a000 40 4 3942 6
41b000 71 6 4021 7
4024 7
0x414000
414000 52 15 68 2
413000 71 25 165 4
405000 119 20 305 4
404000 17 4 327 4
7f97e114e000 57 9 394 4
7f97e114d000 50 5 450 4
7f97e114c000 45 5 501 4
7f97e1158000 62 35 599 4
7f97e1157000 99 21 719 4
406000 70 13 803 5
420000 230 10 1044 5
7f97e11cb000 109 8 1162 5
7f97e11ca000 68 18 1248 5
7f97e11c8000 76 6 1330 5
407000 51 5 1386 5
416000 64 6 1457 6
417000 50 4 1513 6
7f97e1182000 41 4 1560 6
415000 76 4 1641 6
418000 62 5 1708 6
419000 46 3 1759 6
7f97e1329000 91 7 1859 6
7f97e135a000 62 4 1925 6
7f97e1359000 69 3 1998 6
7f97e1358000 75 3 2077 6
7f97e1357000 70 3 2151 6
7f97e1356000 61 4 2217 6
7f97e1355000 59 4 2280 6
7f97e12b6000 132 4 2417 6
7f97e1321000 84 4 2506 6
7f97e1320000 41 3 2551 6
7f97e131f000 40 3 2594 6
7f97e131e000 95 5 2695 6
7f97e1310000 72 5 2772 6
7f97e135c000 88 3 2863 6
7f97e135b000 86 4 2954 6
7f97e1328000 65 5 3024 6
7f97e1327000 74 4 3103 6
7f97e1326000 70 4 3178 6
7f97e1325000 62 5 3246 6
7f97e1324000 43 3 3292 6
7f97e1322000 39 3 3335 6
7f97e1323000 35 3 3373 6
7f97e12e3000 71 9 3454 6
7f97e12e2000 58 4 3516 6
7f97e12e1000 70 5 3592 6
7f97e12dd000 54 3 3650 6
7f97e12de000 27 2 3680 6
7f97e12e0000 56 3 3740 6
7f97e12dc000 39 4 3784 6
7f97e12db000 61 3 3848 6
7f97e12da000 59 10 3918 6
7f97e12df000 42 3 3964 6
41a000 41 4 4010 6
41b000 72 5 4088 7
4093 7
