0x408000
408000 39 12 53 2
407000 20 6 80 3
7ffec6ffd000 34 10 124 3
42d000 454 29 608 3
7f53b8672000 66 17 692 3
7f53b86b5000 66 17 776 4
7f53b86b4000 28 4 809 4
7f53b86b3000 35 6 851 4
7f53b86b2000 27 5 884 4
7f53b86b0000 44 6 934 4
7f53b86af000 42 6 982 4
7f53b86ac000 56 8 1047 4
7f53b86a9000 52 9 1109 4
7f53b8738000 96 16 1221 4
7f53b8737000 97 14 1332 4
7f53b85fa000 119 7 1458 4
7f53b8707000 90 13 1561 4
7f53b8706000 106 10 1677 4
7f53b8705000 68 26 1772 4
7f53b8703000 73 8 1853 4
7f53b860b000 75 11 1940 4
7f53b860a000 47 8 1996 5
7f53b8609000 52 3 2051 5
7f53b8608000 83 6 2140 6
7f53b8607000 33 1 2174 6
7f53b85ff000 45 2 2222 6
7f53b85fe000 42 2 2267 6
7f53b85fd000 61 2 2330 6
7f53b865a000 73 3 2406 6
7f53b8667000 83 2 2492 6
7f53b8666000 75 5 2573 6
7f53b86eb000 56 9 2638 6
7f53b86e6000 53 6 2698 7
2699 7
0x407000
407000 19 8 27 1
27 1
0x42d000
42d000 406 48 454 3
455 3
0x409000
409000 39 16 55 3
42d000 413 29 498 4
408000 34 5 538 4
407000 18 4 561 4
7ffec6ffd000 33 8 603 4
7f53b8672000 67 14 684 4
7f53b86b5000 67 14 766 4
7f53b86b4000 28 5 799 4
7f53b86b3000 37 6 842 4
7f53b86b2000 26 6 875 4
7f53b86b0000 44 5 925 4
7f53b86af000 41 6 973 4
7f53b86ac000 53 9 1036 4
7f53b86a9000 54 8 1098 4
7f53b8738000 96 15 1210 4
7f53b8737000 96 14 1320 4
7f53b85fa000 120 6 1446 4
7f53b8707000 88 13 1548 4
7f53b8706000 105 11 1664 4
7f53b8705000 70 25 1760 4
7f53b8703000 73 8 1842 4
7f53b860b000 76 12 1931 4
7f53b860a000 36 8 1975 5
7f53b8609000 51 3 2030 5
7f53b8608000 81 6 2118 6
7f53b8607000 33 1 2152 6
7f53b85ff000 44 2 2199 6
7f53b85fe000 41 3 2243 6
7f53b85fd000 61 1 2305 6
7f53b865a000 72 4 2381 6
7f53b8667000 84 2 2467 6
7f53b8666000 75 5 2548 6
7f53b86eb000 57 9 2614 6
7f53b86e6000 54 6 2674 7
2677 7
0x414000
414000 52 18 70 2
7f53b8672000 66 22 159 4
408000 34 6 199 4
407000 18 5 223 4
7ffec6ffd000 33 8 264 4
42d000 408 23 696 4
7f53b86b5000 67 13 778 4
7f53b86b4000 28 5 812 4
7f53b86b3000 35 7 855 4
7f53b86b2000 27 5 887 4
7f53b86b0000 45 5 938 4
7f53b86af000 40 6 985 4
7f53b86ac000 53 9 1048 4
7f53b86a9000 52 9 1109 4
7f53b8738000 97 15 1221 4
7f53b8737000 97 14 1333 4
7f53b85fa000 119 6 1458 4
7f53b8707000 88 12 1559 4
7f53b8706000 105 11 1676 4
7f53b8705000 68 25 1769 4
7f53b8703000 72 8 1850 4
7f53b860b000 72 11 1934 4
7f53b860a000 37 7 1978 5
7f53b8609000 51 4 2034 5
7f53b8608000 82 6 2122 6
7f53b8607000 34 1 2157 6
7f53b85ff000 49 2 2208 6
7f53b85fe000 42 2 2252 6
7f53b85fd000 61 1 2314 6
7f53b865a000 71 4 2390 6
7f53b8667000 83 3 2476 6
7f53b8666000 76 5 2558 6
7f53b86eb000 57 9 2624 6
7f53b86e6000 54 6 2685 7
2688 7
0x419000
419000 45 18 64 3
42d000 410 31 506 5
40c000 51 5 563 5
7f53b8689000 57 8 629 5
7f53b8688000 49 5 683 5
7f53b8687000 45 4 733 5
407000 19 4 757 5
7f53b8682000 76 6 839 5
408000 34 5 878 5
7ffec6ffd000 33 7 919 5
7f53b8672000 68 10 997 5
7f53b86b5000 67 11 1076 5
7f53b86b4000 28 5 1109 5
7f53b86b3000 35 6 1151 5
7f53b86b2000 26 4 1182 5
7f53b86b0000 45 4 1232 5
7f53b86af000 40 5 1278 5
7f53b86ac000 53 7 1339 5
7f53b86a9000 52 7 1398 5
7f53b8738000 98 12 1509 5
7f53b8737000 97 10 1617 5
7f53b85fa000 118 6 1742 5
7f53b8707000 89 9 1840 5
7f53b8706000 105 9 1955 5
7f53b8705000 68 19 2042 5
7f53b8703000 73 6 2122 5
7f53b860b000 73 9 2205 5
7f53b860a000 37 6 2248 6
7f53b8609000 52 2 2303 6
7f53b8608000 82 4 2389 7
2392 7
0x40c000
40c000 51 14 66 2
7f53b8689000 58 15 140 3
7f53b8688000 50 7 198 3
7f53b8687000 46 6 251 3
407000 19 6 277 3
7f53b8682000 77 12 366 3
408000 33 8 407 4
7ffec6ffd000 35 7 449 4
42d000 407 23 880 4
7f53b8672000 67 14 962 4
7f53b86b5000 68 13 1043 4
7f53b86b4000 28 5 1077 4
7f53b86b3000 37 6 1121 4
7f53b86b2000 26 5 1153 4
7f53b86b0000 45 6 1205 4
7f53b86af000 40 7 1252 4
7f53b86ac000 53 9 1315 4
7f53b86a9000 53 9 1378 4
7f53b8738000 100 15 1493 4
7f53b8737000 99 13 1606 4
7f53b85fa000 119 7 1733 4
7f53b8707000 89 12 1834 4
7f53b8706000 106 11 1952 4
7f53b8705000 70 26 2048 4
7f53b8703000 74 8 2130 4
7f53b860b000 74 11 2216 4
7f53b860a000 37 7 2261 5
7f53b8609000 53 3 2318 5
7f53b8608000 81 6 2406 6
7f53b8607000 33 1 2441 6
7f53b85ff000 46 1 2488 6
7f53b85fe000 42 2 2533 6
7f53b85fd000 62 1 2597 6
7f53b865a000 73 3 2674 6
7f53b8667000 84 2 2761 6
7f53b8666000 76 4 2842 6
7f53b86eb000 57 9 2909 6
7f53b86e6000 54 6 2970 7
2972 7
0x40d000
40d000 36 14 51 1
7f53b8693000 63 65 180 2
7f53b8692000 96 33 310 2
407000 19 7 337 3
42d000 417 30 784 4
408000 33 6 824 4
7ffec6ffd000 33 8 866 4
7f53b8672000 67 14 947 4
7f53b86b5000 67 14 1028 4
7f53b86b4000 28 5 1061 4
7f53b86b3000 36 6 1104 4
7f53b86b2000 31 6 1142 4
7f53b86b0000 45 5 1192 4
7f53b86af000 40 7 1240 4
7f53b86ac000 52 9 1302 4
7f53b86a9000 52 9 1364 4
7f53b8738000 96 16 1476 4
7f53b8737000 97 14 1587 4
7f53b85fa000 118 8 1713 4
7f53b8707000 91 13 1817 4
7f53b8706000 105 11 1933 4
7f53b8705000 68 26 2027 4
7f53b8703000 73 9 2109 4
7f53b860b000 77 12 2198 4
7f53b860a000 37 8 2243 5
7f53b8609000 52 4 2299 5
7f53b8608000 82 6 2387 6
7f53b8607000 34 1 2422 6
7f53b85ff000 45 2 2469 6
7f53b85fe000 42 2 2513 6
7f53b85fd000 60 1 2575 6
7f53b865a000 72 3 2650 6
7f53b8667000 83 3 2737 6
7f53b8666000 75 4 2816 6
7f53b86eb000 56 9 2882 6
7f53b86e6000 53 6 2942 7
2945 7
0x427000
427000 39 16 55 1
55 1
0x41d000
41d000 41 16 57 2
41c000 57 13 128 3
7f53b8672000 65 18 212 4
408000 33 5 251 4
407000 19 4 275 4
7ffec6ffd000 33 9 317 4
42d000 410 24 751 4
7f53b86b5000 68 13 833 4
7f53b86b4000 28 5 866 4
7f53b86b3000 37 6 909 4
7f53b86b2000 26 5 941 4
7f53b86b0000 45 6 993 4
7f53b86af000 41 6 1040 4
7f53b86ac000 53 9 1103 4
7f53b86a9000 53 9 1165 4
7f53b8738000 99 16 1280 4
7f53b8737000 97 14 1391 4
7f53b85fa000 124 6 1521 4
7f53b8707000 90 12 1623 4
7f53b8706000 106 11 1741 4
7f53b8705000 69 26 1837 4
7f53b8703000 74 8 1919 4
7f53b860b000 73 12 2005 4
7f53b860a000 38 8 2051 5
7f53b8609000 53 3 2108 5
7f53b8608000 83 6 2198 6
7f53b8607000 34 1 2234 6
7f53b85ff000 47 2 2284 6
7f53b85fe000 43 2 2329 6
7f53b85fd000 62 1 2393 6
7f53b865a000 74 3 2471 6
7f53b8667000 85 3 2559 6
7f53b8666000 77 4 2640 6
7f53b86eb000 58 9 2708 6
7f53b86e6000 55 6 2770 7
2776 7
0x41c000
41c000 59 16 76 3
7f53b8672000 67 19 163 4
408000 34 6 203 4
407000 20 4 228 4
7ffec6ffd000 34 8 270 4
42d000 409 24 704 4
7f53b86b5000 68 13 786 4
7f53b86b4000 29 5 821 4
7f53b86b3000 37 6 865 4
7f53b86b2000 26 5 897 4
7f53b86b0000 44 6 947 4
7f53b86af000 40 6 993 4
7f53b86ac000 53 8 1055 4
7f53b86a9000 51 9 1116 4
7f53b8738000 100 15 1231 4
7f53b8737000 99 14 1344 4
7f53b85fa000 120 7 1472 4
7f53b8707000 89 13 1574 4
7f53b8706000 106 10 1690 4
7f53b8705000 67 26 1784 4
7f53b8703000 77 8 1869 4
7f53b860b000 74 12 1955 4
7f53b860a000 38 8 2001 5
7f53b8609000 52 4 2058 5
7f53b8608000 83 6 2148 6
7f53b8607000 35 1 2184 6
7f53b85ff000 46 3 2233 6
7f53b85fe000 43 2 2278 6
7f53b85fd000 63 2 2343 6
7f53b865a000 74 3 2420 6
7f53b8667000 86 2 2509 6
7f53b8666000 74 5 2589 6
7f53b86eb000 56 9 2654 6
7f53b86e6000 53 6 2714 7
2717 7
0x41b000
41b000 38 17 56 3
7f53b8689000 57 13 127 3
7f53b8688000 50 6 183 3
7f53b8687000 45 6 235 3
407000 19 5 260 3
41f000 30 8 299 4
41e000 35 6 341 4
42d000 410 24 776 5
41d000 40 7 824 5
41c000 58 5 887 5
7f53b8672000 67 10 965 5
408000 34 4 1003 5
7ffec6ffd000 34 5 1042 5
7f53b86b5000 70 9 1121 5
7f53b86b4000 28 5 1155 5
7f53b86b3000 35 4 1195 5
7f53b86b2000 27 3 1226 5
7f53b86b0000 45 4 1276 5
7f53b86af000 41 4 1321 5
7f53b86ac000 54 6 1382 5
7f53b86a9000 52 6 1441 5
7f53b8738000 97 10 1549 5
7f53b8737000 97 10 1657 5
7f53b85fa000 120 5 1782 5
7f53b8707000 90 9 1881 5
7f53b8706000 105 8 1994 5
7f53b8705000 69 18 2081 5
7f53b8703000 75 6 2162 5
7f53b860b000 73 8 2243 5
7f53b860a000 36 7 2287 6
7f53b8609000 52 2 2341 6
7f53b8608000 82 3 2426 6
7f53b8607000 33 1 2460 6
7f53b85ff000 45 2 2508 6
7f53b85fe000 43 2 2553 6
7f53b85fd000 60 1 2615 6
7f53b865a000 72 4 2692 6
7f53b8667000 88 3 2783 6
7f53b8666000 75 5 2864 6
7f53b86eb000 59 9 2932 6
7f53b86e6000 55 6 2994 7
3002 7
0x41f000
41f000 30 14 44 3
41e000 35 8 88 3
42d000 417 30 536 5
41d000 40 5 582 5
41c000 59 9 651 5
7f53b8672000 66 10 728 5
408000 33 4 765 5
407000 19 3 788 5
7ffec6ffd000 33 6 827 5
7f53b86b5000 68 10 905 5
7f53b86b4000 28 3 936 5
7f53b86b3000 36 5 978 5
7f53b86b2000 26 3 1008 5
7f53b86b0000 46 4 1059 5
7f53b86af000 42 4 1105 5
7f53b86ac000 54 6 1166 5
7f53b86a9000 52 6 1224 5
7f53b8738000 100 10 1335 5
7f53b8737000 96 10 1442 5
7f53b85fa000 119 5 1566 5
7f53b8707000 90 10 1666 5
7f53b8706000 107 7 1780 5
7f53b8705000 68 18 1867 5
7f53b8703000 74 6 1947 5
7f53b860b000 72 8 2027 5
7f53b860a000 37 6 2070 6
7f53b8609000 53 1 2124 6
7f53b8608000 84 2 2211 6
7f53b8607000 33 2 2247 6
7f53b85ff000 45 1 2293 6
7f53b85fe000 42 2 2338 6
7f53b85fd000 61 1 2401 6
7f53b865a000 73 3 2478 6
7f53b8667000 84 3 2565 6
7f53b8666000 77 4 2646 6
7f53b86eb000 57 9 2713 6
7f53b86e6000 55 6 2775 7
2781 7
0x41e000
41e000 35 12 47 0
42d000 410 48 506 3
41d000 40 10 557 4
41c000 57 7 622 4
7f53b8672000 66 13 702 4
408000 33 5 741 4
407000 19 4 765 4
7ffec6ffd000 33 8 806 4
7f53b86b5000 68 13 887 4
7f53b86b4000 28 5 920 4
7f53b86b3000 35 7 963 4
7f53b86b2000 26 5 995 4
7f53b86b0000 45 5 1046 4
7f53b86af000 41 6 1094 4
7f53b86ac000 54 8 1157 4
7f53b86a9000 52 8 1218 4
7f53b8738000 95 15 1329 4
7f53b8737000 96 14 1440 4
7f53b85fa000 118 6 1564 4
7f53b8707000 87 12 1664 4
7f53b8706000 104 11 1780 4
7f53b8705000 69 26 1876 4
7f53b8703000 73 8 1957 4
7f53b860b000 73 13 2044 4
7f53b860a000 37 7 2089 5
7f53b8609000 51 4 2145 5
7f53b8608000 83 6 2234 6
7f53b8607000 33 1 2268 6
7f53b85ff000 45 1 2315 6
7f53b85fe000 42 2 2360 6
7f53b85fd000 61 1 2422 6
7f53b865a000 75 3 2501 6
7f53b8667000 84 2 2588 6
7f53b8666000 76 4 2669 6
7f53b86eb000 57 9 2736 6
7f53b86e6000 54 6 2796 7
2801 7
0x40f000
40f000 49 25 75 5
76 5
0x420000
420000 45 18 64 4
42d000 417 23 505 4
7f53b86d7000 58 8 572 5
408000 34 3 609 5
407000 19 3 632 5
7ffec6ffd000 33 6 671 5
7f53b8672000 67 9 747 5
7f53b86b5000 67 9 824 5
7f53b86b4000 29 3 856 5
7f53b86b3000 36 4 897 5
7f53b86b2000 27 4 929 5
7f53b86b0000 45 4 978 5
7f53b86af000 40 5 1023 5
7f53b86ac000 57 6 1087 5
7f53b86a9000 52 6 1146 5
7f53b8738000 99 11 1257 5
7f53b8737000 96 10 1363 5
7f53b85fa000 118 5 1486 5
7f53b8707000 87 9 1582 5
7f53b8706000 104 7 1694 5
7f53b8705000 67 18 1780 5
7f53b8703000 73 5 1858 5
7f53b860b000 71 8 1938 5
7f53b860a000 36 6 1981 6
7f53b8609000 52 1 2034 6
7f53b8608000 81 2 2118 6
7f53b8607000 33 1 2153 6
7f53b85ff000 45 2 2200 6
7f53b85fe000 42 2 2244 6
7f53b85fd000 61 1 2307 6
7f53b865a000 72 4 2383 6
7f53b8667000 84 2 2469 6
7f53b8666000 75 5 2550 6
7f53b86eb000 57 9 2616 6
7f53b86e6000 54 5 2676 7
2679 7
0x421000
421000 40 14 54 2
408000 33 9 97 2
407000 18 7 123 3
7ffec6ffd000 33 10 167 3
42d000 410 29 606 3
7f53b8672000 67 18 692 3
7f53b86b5000 68 17 777 4
7f53b86b4000 28 5 811 4
7f53b86b3000 35 6 853 4
7f53b86b2000 27 5 886 4
7f53b86b0000 45 6 937 4
7f53b86af000 41 6 984 4
7f53b86ac000 52 9 1046 4
7f53b86a9000 52 9 1108 4
7f53b8738000 97 15 1220 4
7f53b8737000 96 14 1331 4
7f53b85fa000 119 7 1457 4
7f53b8707000 88 13 1558 4
7f53b8706000 106 10 1675 4
7f53b8705000 67 26 1769 4
7f53b8703000 76 8 1853 4
7f53b860b000 73 11 1937 4
7f53b860a000 36 8 1982 5
7f53b8609000 52 3 2037 5
7f53b8608000 81 6 2125 6
7f53b8607000 33 1 2160 6
7f53b85ff000 45 2 2207 6
7f53b85fe000 41 2 2251 6
7f53b85fd000 61 2 2315 6
7f53b865a000 73 4 2392 6
7f53b8667000 84 2 2478 6
7f53b8666000 78 5 2562 6
7f53b86eb000 57 9 2628 6
7f53b86e6000 54 5 2687 7
2690 7
0x422000
422000 60 23 83 4
421000 40 7 131 4
408000 33 5 170 4
407000 19 4 194 5
7ffec6ffd000 33 6 233 5
42d000 405 17 655 5
7f53b8672000 66 9 731 5
7f53b86b5000 66 9 807 5
7f53b86b4000 27 4 839 5
7f53b86b3000 35 5 880 5
7f53b86b2000 29 3 912 5
7f53b86b0000 45 4 962 5
7f53b86af000 41 4 1008 5
7f53b86ac000 53 6 1068 5
7f53b86a9000 52 6 1127 5
7f53b8738000 96 11 1235 5
7f53b8737000 99 10 1344 5
7f53b85fa000 119 4 1467 5
7f53b8707000 88 9 1565 5
7f53b8706000 106 8 1680 5
7f53b8705000 69 17 1766 5
7f53b8703000 74 5 1846 5
7f53b860b000 72 8 1927 5
7f53b860a000 36 5 1969 6
7f53b8609000 51 1 2022 6
7f53b8608000 82 2 2107 6
7f53b8607000 33 1 2142 6
7f53b85ff000 44 2 2188 6
7f53b85fe000 41 2 2232 6
7f53b85fd000 60 1 2294 6
7f53b865a000 71 3 2369 6
7f53b8667000 84 2 2455 6
7f53b8666000 75 5 2536 6
7f53b86eb000 57 9 2602 6
7f53b86e6000 54 5 2662 7
2667 7
0x423000
423000 41 13 54 2
408000 33 9 97 3
407000 19 5 122 4
7ffec6ffd000 33 8 164 4
42d000 410 23 597 4
7f53b8672000 66 13 677 4
7f53b86b5000 66 13 757 4
7f53b86b4000 28 4 790 4
7f53b86b3000 36 6 833 4
7f53b86b2000 26 5 865 4
7f53b86b0000 45 5 915 4
7f53b86af000 41 7 964 4
7f53b86ac000 52 9 1026 4
7f53b86a9000 53 9 1088 4
7f53b8738000 98 16 1202 4
7f53b8737000 100 14 1316 4
7f53b85fa000 119 7 1442 4
7f53b8707000 89 12 1543 4
7f53b8706000 106 11 1661 4
7f53b8705000 69 25 1755 4
7f53b8703000 73 8 1836 4
7f53b860b000 72 11 1920 4
7f53b860a000 37 8 1966 5
7f53b8609000 52 3 2021 5
7f53b8608000 81 6 2109 6
7f53b8607000 33 1 2144 6
7f53b85ff000 45 2 2191 6
7f53b85fe000 41 2 2235 6
7f53b85fd000 63 2 2301 6
7f53b865a000 74 3 2378 6
7f53b8667000 85 2 2466 6
7f53b8666000 77 5 2549 6
7f53b86eb000 58 10 2617 6
7f53b86e6000 55 6 2678 7
2682 7
0x424000
424000 30 14 45 1
45 1
0x418000
418000 60 22 82 3
7f53b8672000 69 18 170 4
408000 35 6 211 4
407000 19 5 236 4
7ffec6ffd000 35 7 278 4
42d000 409 23 711 4
7f53b86b5000 69 13 795 4
7f53b86b4000 29 5 829 4
7f53b86b3000 37 6 873 4
7f53b86b2000 28 5 907 4
7f53b86b0000 46 6 959 4
7f53b86af000 40 6 1005 4
7f53b86ac000 54 10 1070 4
7f53b86a9000 54 8 1133 4
7f53b8738000 98 15 1246 4
7f53b8737000 98 14 1359 4
7f53b85fa000 120 7 1486 4
7f53b8707000 91 12 1589 4
7f53b8706000 106 11 1707 4
7f53b8705000 70 26 1803 4
7f53b8703000 74 9 1886 4
7f53b860b000 73 12 1971 4
7f53b860a000 38 8 2017 5
7f53b8609000 53 4 2074 5
7f53b8608000 84 6 2164 6
7f53b8607000 33 1 2198 6
7f53b85ff000 44 2 2245 6
7f53b85fe000 42 2 2289 6
7f53b85fd000 60 2 2352 6
7f53b865a000 72 4 2428 6
7f53b8667000 84 2 2514 6
7f53b8666000 76 4 2595 6
7f53b86eb000 56 9 2661 6
7f53b86e6000 57 5 2724 7
2727 7
0x416000
416000 43 13 56 4
415000 36 5 97 4
40c000 50 6 154 4
7f53b8689000 57 8 220 4
7f53b8688000 50 4 275 4
7f53b8687000 46 4 325 4
407000 18 3 347 4
7f53b8682000 75 7 430 4
408000 35 5 470 5
7ffec6ffd000 33 4 508 5
42d000 409 15 933 5
7f53b8672000 67 8 1009 5
7f53b86b5000 70 8 1088 5
7f53b86b4000 28 2 1118 5
7f53b86b3000 35 3 1157 5
7f53b86b2000 26 3 1187 5
7f53b86b0000 45 2 1234 5
7f53b86af000 40 3 1278 5
7f53b86ac000 52 5 1336 5
7f53b86a9000 52 5 1393 5
7f53b8738000 96 9 1498 5
7f53b8737000 97 8 1603 5
7f53b85fa000 118 3 1724 5
7f53b8707000 88 7 1820 5
7f53b8706000 105 7 1932 5
7f53b8705000 68 16 2016 5
7f53b8703000 73 4 2093 5
7f53b860b000 72 6 2172 5
7f53b860a000 37 4 2214 5
7f53b8609000 52 3 2270 5
7f53b8608000 82 6 2359 6
7f53b8607000 34 1 2394 6
7f53b85ff000 45 1 2440 6
7f53b85fe000 42 2 2485 6
7f53b85fd000 61 1 2547 6
7f53b865a000 72 3 2623 6
7f53b8667000 83 2 2709 6
7f53b8666000 75 5 2790 6
7f53b86eb000 57 9 2856 6
7f53b86e6000 55 6 2917 7
2923 7
0x415000
415000 35 15 50 2
40c000 50 11 113 2
7f53b8689000 59 16 189 3
7f53b8688000 51 6 246 3
7f53b8687000 46 6 299 3
407000 18 6 324 3
7f53b8682000 76 10 410 3
408000 33 8 452 4
7ffec6ffd000 34 8 495 4
42d000 406 23 924 4
7f53b8672000 70 14 1010 4
7f53b86b5000 67 13 1090 4
7f53b86b4000 28 5 1123 4
7f53b86b3000 35 6 1165 4
7f53b86b2000 27 5 1198 4
7f53b86b0000 45 5 1248 4
7f53b86af000 40 6 1295 4
7f53b86ac000 53 8 1357 4
7f53b86a9000 52 9 1419 4
7f53b8738000 96 15 1530 4
7f53b8737000 97 14 1641 4
7f53b85fa000 118 7 1766 4
7f53b8707000 88 12 1866 4
7f53b8706000 105 10 1981 4
7f53b8705000 68 25 2075 4
7f53b8703000 73 8 2156 4
7f53b860b000 72 12 2241 4
7f53b860a000 37 7 2285 5
7f53b8609000 51 4 2341 5
7f53b8608000 82 6 2429 6
7f53b8607000 33 1 2463 6
7f53b85ff000 44 2 2510 6
7f53b85fe000 41 3 2555 6
7f53b85fd000 61 1 2617 6
7f53b865a000 72 3 2693 6
7f53b8667000 84 2 2779 6
7f53b8666000 75 4 2859 6
7f53b86eb000 57 9 2926 6
7f53b86e6000 54 6 2986 7
2990 7
0x429000
429000 52 13 66 1
42d000 408 43 518 3
428000 41 7 567 3
427000 40 9 617 3
7f53b8672000 66 18 701 3
408000 33 7 742 3
407000 18 6 767 3
7ffec6ffd000 33 10 810 3
7f53b86b5000 66 17 894 4
7f53b86b4000 28 4 927 4
7f53b86b3000 36 6 970 4
7f53b86b2000 26 5 1002 4
7f53b86b0000 44 5 1052 4
7f53b86af000 40 6 1099 4
7f53b86ac000 53 8 1161 4
7f53b86a9000 52 9 1223 4
7f53b8738000 97 16 1336 4
7f53b8737000 97 14 1447 4
7f53b85fa000 119 7 1573 4
7f53b8707000 88 13 1674 4
7f53b8706000 105 11 1790 4
7f53b8705000 68 25 1884 4
7f53b8703000 73 8 1966 4
7f53b860b000 73 11 2050 4
7f53b860a000 37 8 2096 5
7f53b8609000 52 4 2152 5
7f53b8608000 82 6 2240 6
7f53b8607000 34 1 2275 6
7f53b85ff000 45 2 2322 6
7f53b85fe000 42 2 2367 6
7f53b85fd000 61 2 2430 6
7f53b865a000 72 4 2506 6
7f53b8667000 88 3 2597 6
7f53b8666000 76 5 2678 6
7f53b86eb000 57 9 2744 6
7f53b86e6000 54 6 2805 7
2809 7
0x428000
428000 42 11 53 1
42d000 408 43 505 3
427000 39 9 554 3
7f53b8672000 66 17 638 3
408000 33 7 679 3
407000 18 6 704 3
7ffec6ffd000 33 10 747 3
7f53b86b5000 71 17 836 4
7f53b86b4000 28 5 869 4
7f53b86b3000 36 6 912 4
7f53b86b2000 26 6 945 4
7f53b86b0000 44 6 996 4
7f53b86af000 40 6 1043 4
7f53b86ac000 54 9 1107 4
7f53b86a9000 54 8 1170 4
7f53b8738000 98 16 1285 4
7f53b8737000 98 13 1396 4
7f53b85fa000 118 7 1522 4
7f53b8707000 93 12 1627 4
7f53b8706000 106 11 1744 4
7f53b8705000 69 25 1838 4
7f53b8703000 73 9 1921 4
7f53b860b000 73 12 2006 4
7f53b860a000 37 8 2051 5
7f53b8609000 52 4 2107 5
7f53b8608000 82 6 2195 6
7f53b8607000 33 1 2230 6
7f53b85ff000 50 1 2282 6
7f53b85fe000 42 2 2327 6
7f53b85fd000 61 1 2390 6
7f53b865a000 73 3 2466 6
7f53b8667000 85 2 2553 6
7f53b8666000 76 4 2634 6
7f53b86eb000 57 9 2701 6
7f53b86e6000 54 6 2761 7
2764 7
0x42a000
42a000 51 14 65 1
42d000 412 47 525 3
408000 33 8 567 3
407000 19 5 591 3
7ffec6ffd000 34 10 635 3
7f53b8672000 66 18 719 3
7f53b86b5000 69 17 805 4
7f53b86b4000 28 4 838 4
7f53b86b3000 36 6 881 4
7f53b86b2000 26 5 913 4
7f53b86b0000 46 5 964 4
7f53b86af000 40 6 1011 4
7f53b86ac000 52 9 1073 4
7f53b86a9000 53 8 1134 4
7f53b8738000 95 16 1246 4
7f53b8737000 98 14 1358 4
7f53b85fa000 119 6 1483 4
7f53b8707000 93 13 1589 4
7f53b8706000 105 11 1705 4
7f53b8705000 68 28 1801 4
7f53b8703000 73 8 1882 4
7f53b860b000 73 11 1966 4
7f53b860a000 37 7 2011 5
7f53b8609000 51 4 2067 5
7f53b8608000 82 6 2155 6
7f53b8607000 33 1 2190 6
7f53b85ff000 45 2 2237 6
7f53b85fe000 42 2 2281 6
7f53b85fd000 61 2 2344 6
7f53b865a000 72 3 2419 6
7f53b8667000 84 2 2506 6
7f53b8666000 75 5 2587 6
7f53b86eb000 57 9 2653 6
7f53b86e6000 54 6 2714 7
2716 7
0x40b000
40b000 35 14 50 1
50 1
0x425000
425000 44 18 62 2
62 2
0x42b000
42b000 38 12 51 2
42d000 417 36 505 3
42a000 52 8 566 3
408000 33 8 608 3
407000 18 5 632 3
7ffec6ffd000 34 10 677 3
7f53b8672000 67 18 763 3
7f53b86b5000 68 17 848 4
7f53b86b4000 28 5 881 4
7f53b86b3000 35 7 924 4
7f53b86b2000 26 5 956 4
7f53b86b0000 44 6 1007 4
7f53b86af000 40 6 1053 4
7f53b86ac000 53 9 1116 4
7f53b86a9000 55 8 1180 4
7f53b8738000 97 15 1293 4
7f53b8737000 97 14 1404 4
7f53b85fa000 119 6 1529 4
7f53b8707000 88 13 1631 4
7f53b8706000 108 11 1750 4
7f53b8705000 68 25 1844 4
7f53b8703000 73 9 1926 4
7f53b860b000 72 11 2009 4
7f53b860a000 37 7 2054 5
7f53b8609000 52 4 2111 5
7f53b8608000 82 6 2199 6
7f53b8607000 33 1 2234 6
7f53b85ff000 46 1 2281 6
7f53b85fe000 42 2 2326 6
7f53b85fd000 61 2 2389 6
7f53b865a000 71 4 2464 6
7f53b8667000 83 3 2550 6
7f53b8666000 76 4 2630 6
7f53b86eb000 57 10 2698 6
7f53b86e6000 54 6 2758 7
2762 7
0x42c000
42c000 26 10 37 2
42d000 413 37 488 4
42b000 38 6 533 4
42a000 52 6 592 4
408000 33 5 631 4
407000 18 5 655 4
7ffec6ffd000 33 9 698 4
7f53b8672000 67 13 778 4
7f53b86b5000 67 14 860 4
7f53b86b4000 30 4 894 4
7f53b86b3000 36 6 937 4
7f53b86b2000 27 5 970 4
7f53b86b0000 45 6 1022 4
7f53b86af000 41 6 1069 4
7f53b86ac000 54 9 1133 4
7f53b86a9000 53 9 1195 4
7f53b8738000 98 18 1311 4
7f53b8737000 98 14 1423 4
7f53b85fa000 119 6 1548 4
7f53b8707000 88 13 1650 4
7f53b8706000 106 10 1766 4
7f53b8705000 69 25 1861 4
7f53b8703000 74 8 1943 4
7f53b860b000 73 11 2028 4
7f53b860a000 38 8 2074 5
7f53b8609000 53 3 2130 5
7f53b8608000 83 6 2220 6
7f53b8607000 34 1 2255 6
7f53b85ff000 46 1 2302 6
7f53b85fe000 43 2 2348 6
7f53b85fd000 61 2 2412 6
7f53b865a000 73 4 2489 6
7f53b8667000 85 2 2576 6
7f53b8666000 77 5 2659 6
7f53b86eb000 58 9 2726 6
7f53b86e6000 55 5 2786 7
2792 7
0x41a000
41a000 56 21 78 4
7f53b8689000 59 9 147 4
7f53b8688000 50 5 203 4
7f53b8687000 45 5 254 4
407000 18 4 277 4
7f53b86b5000 69 14 360 4
7f53b86b4000 28 6 394 4
7f53b86b3000 36 6 436 4
7f53b86b2000 27 5 469 4
7f53b86b0000 45 6 521 4
7f53b86af000 41 7 569 4
7f53b86ac000 52 10 632 4
7f53b86a9000 52 9 693 4
7f53b8738000 100 15 808 4
7f53b8737000 98 14 920 4
7f53b85fa000 119 6 1045 4
7f53b8707000 89 12 1147 4
7f53b8706000 104 11 1263 4
7f53b8705000 68 25 1357 4
7f53b8703000 73 9 1439 4
7f53b860b000 72 12 1523 4
7f53b860a000 37 9 1569 5
7f53b8609000 52 4 1626 5
7f53b8608000 82 6 1714 6
7f53b8607000 33 1 1748 6
7f53b85ff000 45 1 1795 6
7f53b85fe000 42 2 1840 6
7f53b85fd000 61 1 1902 6
7f53b865a000 71 4 1978 6
7f53b8667000 83 3 2064 6
7f53b8666000 75 4 2144 6
7f53b86eb000 57 9 2211 6
7f53b86e6000 54 6 2271 7
2273 7
0x426000
426000 42 13 55 3
42d000 410 30 496 4
7f53b8689000 56 10 563 5
7f53b8688000 49 4 616 5
7f53b8687000 45 3 665 5
407000 18 3 687 5
7f53b8672000 66 10 763 5
408000 33 4 800 5
7ffec6ffd000 33 6 840 5
7f53b86b5000 67 10 917 5
7f53b86b4000 28 3 948 5
7f53b86b3000 35 5 989 5
7f53b86b2000 27 3 1019 5
7f53b86b0000 44 4 1068 5
7f53b86af000 40 4 1112 5
7f53b86ac000 52 6 1171 5
7f53b86a9000 52 6 1230 5
7f53b8738000 98 11 1339 5
7f53b8737000 97 9 1446 5
7f53b85fa000 119 4 1570 5
7f53b8707000 87 9 1667 5
7f53b8706000 105 7 1780 5
7f53b8705000 70 18 1869 5
7f53b8703000 73 6 1949 5
7f53b860b000 73 8 2030 5
7f53b860a000 36 6 2073 6
7f53b8609000 52 2 2127 6
7f53b8608000 82 3 2212 6
7f53b8607000 34 1 2247 6
7f53b85ff000 45 1 2293 6
7f53b85fe000 45 2 2341 6
7f53b85fd000 62 1 2404 6
7f53b865a000 73 3 2481 6
7f53b8667000 85 3 2570 6
7f53b8666000 76 5 2651 6
7f53b86eb000 58 9 2718 6
7f53b86e6000 54 6 2779 7
2782 7
0x410000
410000 47 15 62 3
42d000 406 30 499 5
7f53b8672000 69 9 578 5
408000 33 4 615 5
407000 19 2 637 5
7ffec6ffd000 34 6 678 5
7f53b86b5000 69 12 759 5
7f53b86b4000 28 3 790 5
7f53b86b3000 36 4 831 5
7f53b86b2000 27 4 863 5
7f53b86b0000 46 3 912 5
7f53b86af000 41 4 958 5
7f53b86ac000 53 7 1019 5
7f53b86a9000 53 6 1078 5
7f53b8738000 97 11 1186 5
7f53b8737000 98 9 1293 5
7f53b85fa000 119 5 1418 5
7f53b8707000 89 9 1516 5
7f53b8706000 108 7 1631 5
7f53b8705000 68 18 1718 5
7f53b8703000 74 6 1798 5
7f53b860b000 73 8 1879 5
7f53b860a000 36 7 1923 6
7f53b8609000 51 2 1976 6
7f53b8608000 84 2 2062 6
7f53b8607000 33 1 2097 6
7f53b85ff000 46 1 2144 6
7f53b85fe000 42 3 2190 6
7f53b85fd000 61 3 2254 6
7f53b865a000 72 4 2330 6
7f53b8667000 85 2 2417 6
7f53b8666000 76 5 2499 6
7f53b86eb000 59 9 2567 6
7f53b86e6000 54 6 2628 7
2630 7
0x413000
413000 42 17 60 2
7f53b8672000 70 23 154 4
408000 33 7 194 4
407000 18 5 218 4
7ffec6ffd000 34 8 260 4
42d000 408 23 692 4
7f53b86b5000 68 13 775 4
7f53b86b4000 28 6 810 4
7f53b86b3000 35 6 852 4
7f53b86b2000 27 5 885 4
7f53b86b0000 45 7 938 4
7f53b86af000 40 6 985 4
7f53b86ac000 54 9 1049 4
7f53b86a9000 53 10 1112 4
7f53b8738000 96 16 1224 4
7f53b8737000 98 13 1335 4
7f53b85fa000 119 7 1462 4
7f53b8707000 89 12 1563 4
7f53b8706000 105 11 1680 4
7f53b8705000 69 25 1774 4
7f53b8703000 74 8 1856 4
7f53b860b000 73 12 1942 4
7f53b860a000 37 7 1987 5
7f53b8609000 52 3 2043 5
7f53b8608000 82 6 2132 6
7f53b8607000 34 1 2167 6
7f53b85ff000 45 2 2214 6
7f53b85fe000 42 2 2258 6
7f53b85fd000 60 2 2321 6
7f53b865a000 72 3 2396 6
7f53b8667000 83 3 2483 6
7f53b8666000 76 4 2563 6
7f53b86eb000 57 9 2630 6
7f53b86e6000 54 6 2690 7
2693 7
0x412000
412000 22 10 32 1
7f53b8677000 82 46 161 3
7f53b8676000 84 20 265 3
7f53b8737000 98 18 382 3
7f53b8675000 59 16 458 4
7f53b8674000 80 12 550 4
7f53b866c000 145 16 711 4
7f53b8673000 91 9 811 4
7f53b8672000 66 13 891 4
7f53b866d000 60 16 968 4
7f53b85fa000 119 6 1094 4
7f53b8639000 55 8 1157 4
7f53b8707000 90 15 1263 4
7f53b8706000 106 11 1380 4
7f53b8705000 68 26 1474 4
7f53b8703000 73 9 1556 4
407000 19 4 1579 4
411000 33 4 1616 4
408000 33 6 1656 4
7ffec6ffd000 34 9 1700 4
42d000 414 23 2137 4
7f53b86b5000 69 13 2221 4
7f53b86b4000 28 5 2255 4
7f53b86b3000 36 6 2298 4
7f53b86b2000 27 5 2331 4
7f53b86b0000 45 5 2382 4
7f53b86af000 41 6 2430 4
7f53b86ac000 53 9 2493 4
7f53b86a9000 52 9 2555 4
7f53b8738000 96 16 2667 4
7f53b860b000 80 11 2758 4
7f53b860a000 37 7 2803 5
7f53b8609000 51 3 2858 5
7f53b8608000 81 6 2946 6
7f53b8607000 33 1 2981 6
7f53b85ff000 44 2 3027 6
7f53b85fe000 41 2 3071 6
7f53b85fd000 60 2 3134 6
7f53b865a000 73 3 3210 6
7f53b8667000 85 3 3299 6
7f53b8666000 75 5 3379 6
7f53b86eb000 57 9 3445 6
7f53b86e6000 54 6 3505 7
3508 7
0x411000
411000 32 9 41 0
7f53b8672000 66 30 138 3
408000 33 8 179 3
407000 20 5 205 3
7ffec6ffd000 34 10 249 3
42d000 405 30 684 3
7f53b86b5000 68 17 770 4
7f53b86b4000 30 4 804 4
7f53b86b3000 35 7 847 4
7f53b86b2000 26 5 879 4
7f53b86b0000 46 5 930 4
7f53b86af000 40 6 977 4
7f53b86ac000 52 8 1038 4
7f53b86a9000 52 8 1099 4
7f53b8738000 98 16 1214 4
7f53b8737000 97 13 1324 4
7f53b85fa000 118 6 1448 4
7f53b8707000 90 12 1551 4
7f53b8706000 106 11 1669 4
7f53b8705000 71 26 1766 4
7f53b8703000 75 9 1850 4
7f53b860b000 74 11 1935 4
7f53b860a000 36 9 1981 5
7f53b8609000 52 3 2037 5
7f53b8608000 82 6 2126 6
7f53b8607000 34 1 2161 6
7f53b85ff000 47 1 2210 6
7f53b85fe000 41 2 2254 6
7f53b85fd000 62 1 2318 6
7f53b865a000 71 4 2394 6
7f53b8667000 84 3 2481 6
7f53b8666000 76 5 2562 6
7f53b86eb000 57 9 2628 6
7f53b86e6000 54 7 2690 7
2692 7
0x40e000
40e000 40 11 51 1
51 1
0x417000
417000 44 14 59 2
59 2
0x40a000
40a000 34 9 43 1
42d000 415 43 502 3
7ffec6ffd000 33 10 546 3
408000 33 7 587 3
407000 18 6 612 3
7f53b8672000 66 18 696 3
7f53b86b5000 67 17 780 4
7f53b86b4000 28 6 815 4
7f53b86b3000 44 7 867 4
7f53b86b2000 28 5 901 4
7f53b86b0000 44 6 952 4
7f53b86af000 40 6 998 4
7f53b86ac000 53 9 1061 4
7f53b86a9000 53 8 1122 4
7f53b8738000 97 16 1236 4
7f53b8737000 97 14 1347 4
7f53b85fa000 126 6 1479 4
7f53b8707000 87 13 1580 4
7f53b8706000 105 11 1696 4
7f53b8705000 68 26 1790 4
7f53b8703000 76 8 1874 4
7f53b860b000 73 12 1959 4
7f53b860a000 39 8 2007 5
7f53b8609000 51 4 2063 5
7f53b8608000 82 7 2152 6
7f53b8607000 34 1 2187 6
7f53b85ff000 45 1 2234 6
7f53b85fe000 43 2 2280 6
7f53b85fd000 61 1 2343 6
7f53b865a000 75 5 2423 6
7f53b8667000 83 3 2510 6
7f53b8666000 75 4 2590 6
7f53b86eb000 56 9 2656 6
7f53b86e6000 53 6 2716 7
2718 7
