0x433000
433000 46 13 60 3
430000 19 5 85 3
440000 37 13 136 3
455000 28 14 178 3
453000 45 11 236 3
7f1f7352b000 68 14 319 6
471000 35 2 356 6
470000 34 2 393 6
7f1f7351f000 38 2 434 6
7f1f7351e000 42 1 478 6
7f1f7351d000 46 3 528 6
7f1f7351c000 73 4 606 7
611 7
0x430000
430000 18 12 31 1
31 1
0x440000
440000 38 20 58 2
58 2
0x455000
455000 24 17 42 2
453000 38 15 96 2
7f1f7352b000 63 17 176 6
430000 19 1 196 6
471000 35 2 233 6
470000 34 2 270 6
7f1f7351f000 39 1 311 6
7f1f7351e000 42 1 355 6
7f1f7351d000 47 2 405 6
7f1f7351c000 72 3 481 7
485 7
0x453000
453000 39 22 62 0
62 0
0x471000
471000 35 11 47 1
470000 35 10 93 1
7f1f7351f000 39 10 143 2
7f1f7351e000 41 9 194 2
7f1f7351d000 46 13 254 2
7f1f7351c000 71 15 341 3
7f1f7351b000 70 16 428 4
7f1f7351a000 68 9 506 4
7f1f733ad000 57 11 575 4
7f1f733ac000 50 6 631 4
7f1f733ab000 46 5 682 4
7f1f73519000 34 6 723 5
7f1f7352a000 58 7 789 6
7f1f73535000 107 5 902 6
7f1f73534000 80 3 986 6
7f1f73533000 103 5 1095 6
7f1f73501000 29 2 1127 6
7f1f73527000 58 2 1187 6
7f1f7340a000 55 6 1249 7
1258 7
0x470000
470000 34 13 48 0
7f1f7351f000 38 11 98 1
7f1f7351e000 43 10 152 1
7f1f7351d000 47 16 216 2
7f1f7351c000 74 15 306 3
7f1f7351b000 70 14 391 4
7f1f7351a000 67 9 468 4
7f1f733ad000 58 10 537 4
7f1f733ac000 50 6 593 4
7f1f733ab000 45 5 644 4
7f1f73519000 36 6 688 5
7f1f7352a000 58 7 754 6
7f1f73535000 106 4 865 6
7f1f73534000 79 3 949 6
7f1f73533000 102 5 1057 6
7f1f73501000 29 2 1089 6
7f1f73527000 58 3 1150 6
7f1f7340a000 56 6 1213 7
1225 7
0x431000
431000 25 9 34 0
430000 18 9 62 1
62 1
0x44f000
44f000 56 23 79 2
7f1f73522000 51 21 152 5
7f1f73521000 69 6 228 5
7f1f73520000 77 6 312 5
7f1f7351d000 46 4 363 5
7f1f7351c000 72 5 441 6
7f1f7351b000 72 3 517 6
7f1f7351a000 67 2 587 6
7f1f733ad000 58 2 648 6
7f1f733ac000 50 0 699 6
7f1f733ab000 45 0 746 6
7f1f73519000 33 1 782 6
7f1f7352a000 57 3 844 6
7f1f73535000 107 5 957 6
7f1f73534000 80 2 1040 6
7f1f73533000 101 5 1148 6
7f1f73501000 28 2 1180 6
7f1f73527000 58 2 1241 6
7f1f7340a000 54 6 1303 7
1314 7
0x465000
465000 35 19 55 1
55 1
0x43c000
43c000 33 17 51 1
430000 19 8 80 2
7f1f7352a000 57 17 155 5
7f1f73535000 106 10 272 6
7f1f73534000 80 3 356 6
7f1f73533000 102 5 464 6
7f1f73519000 33 1 500 6
7f1f7351a000 67 2 570 6
7f1f733ad000 58 2 631 6
7f1f733ac000 50 0 682 6
7f1f733ab000 45 1 729 6
7f1f7351f000 38 1 769 6
7f1f7351e000 42 0 812 6
7f1f7351d000 47 2 862 6
7f1f7351c000 71 2 936 6
7f1f7351b000 70 3 1010 6
7f1f733b8000 65 7 1084 6
7f1f733b7000 65 11 1160 6
7f1f733b6000 98 6 1264 6
7f1f73520000 77 3 1345 6
7f1f733a8000 72 5 1423 6
7f1f73501000 29 2 1454 6
7f1f73344000 32 2 1488 7
1496 7
0x43b000
43b000 38 23 61 2
430000 19 7 89 3
43a000 55 13 157 3
471000 35 8 201 3
470000 35 8 244 3
7f1f7351f000 38 7 290 3
7f1f7351e000 42 7 340 3
7f1f7351d000 46 10 397 3
7f1f7351c000 72 12 482 4
7f1f7351b000 70 11 564 4
7f1f7351a000 68 9 642 4
7f1f733ad000 58 10 711 4
7f1f733ac000 50 5 767 4
7f1f733ab000 45 6 819 4
7f1f73519000 33 7 860 5
7f1f7352a000 57 7 925 6
7f1f73535000 107 5 1038 6
7f1f73534000 79 3 1121 6
7f1f73533000 102 5 1229 6
7f1f73501000 28 2 1261 6
7f1f73527000 58 2 1322 6
7f1f7340a000 55 6 1384 7
1394 7
0x43a000
43a000 55 21 77 2
471000 35 9 122 3
470000 35 8 166 3
7f1f7351f000 39 7 213 3
7f1f7351e000 43 7 264 3
7f1f7351d000 46 11 322 3
7f1f7351c000 71 12 406 4
7f1f7351b000 70 10 487 4
7f1f7351a000 68 8 564 4
7f1f733ad000 57 10 633 4
7f1f733ac000 50 5 689 4
7f1f733ab000 46 5 741 4
7f1f73519000 33 7 782 5
7f1f7352a000 58 7 848 6
7f1f73535000 107 5 961 6
7f1f73534000 80 3 1045 6
7f1f73533000 102 5 1153 6
7f1f73501000 29 2 1185 6
7f1f73527000 59 2 1246 6
7f1f7340a000 55 6 1308 7
1318 7
0x43d000
43d000 48 20 68 2
430000 19 7 95 3
7f1f73522000 52 16 163 5
7f1f73521000 70 6 240 5
7f1f73520000 76 7 325 5
7f1f7351d000 47 3 376 5
7f1f7351c000 71 5 454 6
7f1f7351b000 70 3 528 6
7f1f7351a000 67 2 598 6
7f1f733ad000 58 2 659 6
7f1f733ac000 51 1 711 6
7f1f733ab000 45 0 757 6
7f1f73519000 33 1 793 6
7f1f7352a000 57 3 854 6
7f1f73535000 111 7 973 6
7f1f73534000 82 2 1059 6
7f1f73533000 102 5 1167 6
7f1f73501000 28 2 1199 6
7f1f73527000 58 2 1259 6
7f1f7340a000 55 6 1321 7
1332 7
0x490000
490000 25 11 36 1
430000 19 8 64 2
441000 54 17 136 2
440000 37 15 189 3
472000 42 10 242 3
471000 35 7 285 4
470000 34 6 326 4
7f1f7351f000 39 5 371 4
7f1f7351e000 43 5 420 4
7f1f7351d000 46 8 475 4
7f1f7351c000 76 9 561 5
7f1f7351b000 70 8 640 5
7f1f7351a000 67 6 714 5
7f1f733ad000 58 7 780 5
7f1f733ac000 50 4 834 5
7f1f733ab000 46 3 884 5
7f1f73519000 34 4 923 5
7f1f7352a000 63 7 994 6
7f1f73535000 107 5 1107 6
7f1f73534000 80 3 1191 6
7f1f73533000 102 6 1300 6
7f1f73501000 28 2 1331 6
7f1f73527000 58 2 1391 6
7f1f7340a000 55 6 1453 7
1465 7
0x441000
441000 54 22 76 1
440000 38 18 133 2
472000 42 12 188 2
471000 35 9 233 3
470000 35 8 276 3
7f1f7351f000 38 7 322 3
7f1f7351e000 41 7 371 3
7f1f7351d000 46 10 428 3
7f1f7351c000 72 12 512 4
7f1f7351b000 69 10 592 5
7f1f7351a000 67 6 666 5
7f1f733ad000 57 7 731 5
7f1f733ac000 50 4 785 5
7f1f733ab000 46 3 834 5
7f1f73519000 33 5 873 5
7f1f7352a000 57 7 938 6
7f1f73535000 106 4 1049 6
7f1f73534000 80 3 1133 6
7f1f73533000 101 5 1240 6
7f1f73501000 28 2 1272 6
7f1f73527000 59 2 1333 6
7f1f7340a000 54 6 1394 7
1404 7
0x472000
472000 42 15 58 0
471000 36 11 106 1
470000 34 11 152 1
7f1f7351f000 38 10 201 2
7f1f7351e000 42 9 253 2
7f1f7351d000 45 13 312 2
7f1f7351c000 71 15 399 3
7f1f7351b000 70 14 484 4
7f1f7351a000 67 8 560 4
7f1f733ad000 60 10 632 4
7f1f733ac000 50 5 688 4
7f1f733ab000 45 6 740 4
7f1f73519000 33 7 781 5
7f1f7352a000 57 7 846 6
7f1f73535000 107 5 959 6
7f1f73534000 79 3 1042 6
7f1f73533000 102 6 1151 6
7f1f73501000 28 2 1182 6
7f1f73527000 58 2 1243 6
7f1f7340a000 54 6 1304 7
1314 7
0x46c000
46c000 34 16 51 2
7f1f733b8000 65 37 154 3
7f1f733b7000 63 44 261 3
7f1f733b6000 98 26 386 3
430000 18 6 411 4
7f1f7352a000 58 10 479 6
7f1f73535000 106 5 591 6
7f1f73534000 79 3 674 6
7f1f73533000 101 5 781 6
7f1f73519000 33 2 817 6
7f1f7351a000 67 2 887 6
7f1f733ad000 57 2 947 6
7f1f733ac000 50 1 999 6
7f1f733ab000 46 0 1045 6
7f1f7351f000 38 1 1086 6
7f1f7351e000 41 1 1129 6
7f1f7351d000 46 2 1178 6
7f1f7351c000 71 3 1253 6
7f1f7351b000 72 3 1329 6
7f1f73520000 77 3 1410 6
7f1f733a8000 73 4 1488 6
7f1f73501000 29 2 1520 6
7f1f73344000 32 3 1556 7
1564 7
0x46b000
46b000 38 20 58 2
430000 19 7 85 3
7f1f73481000 57 16 158 3
450000 32 10 201 3
44f000 56 15 273 3
7f1f73522000 51 17 342 5
7f1f73521000 69 7 419 5
7f1f73520000 77 7 504 5
7f1f7351d000 46 4 555 5
7f1f7351c000 71 6 633 6
7f1f7351b000 69 3 706 6
7f1f7351a000 67 2 776 6
7f1f733ad000 57 3 837 6
7f1f733ac000 51 0 888 6
7f1f733ab000 45 1 935 6
7f1f73519000 34 1 971 6
7f1f7352a000 57 3 1032 6
7f1f73535000 106 5 1144 6
7f1f73534000 80 3 1228 6
7f1f73533000 101 5 1335 6
7f1f73501000 28 2 1367 6
7f1f73527000 57 2 1427 6
7f1f7340a000 56 5 1489 7
1502 7
0x450000
450000 33 16 49 2
44f000 56 17 123 2
7f1f73522000 51 21 196 5
7f1f73521000 69 7 273 5
7f1f73520000 77 6 357 5
7f1f7351d000 46 3 408 5
7f1f7351c000 71 5 486 6
7f1f7351b000 69 3 559 6
7f1f7351a000 67 2 629 6
7f1f733ad000 57 3 690 6
7f1f733ac000 50 1 741 6
7f1f733ab000 45 1 788 6
7f1f73519000 33 2 824 6
7f1f7352a000 57 3 884 6
7f1f73535000 106 5 996 6
7f1f73534000 79 3 1079 6
7f1f73533000 102 5 1187 6
7f1f73501000 31 2 1222 6
7f1f73527000 58 2 1283 6
7f1f7340a000 54 6 1344 7
1356 7
0x44d000
44d000 95 32 127 2
7f1f73522000 52 21 201 4
7f1f73521000 69 11 282 4
7f1f73520000 79 10 372 5
7f1f7351d000 46 4 423 5
7f1f7351c000 72 5 501 6
7f1f7351b000 69 3 574 6
7f1f7351a000 67 2 644 6
7f1f733ad000 57 3 705 6
7f1f733ac000 50 1 756 6
7f1f733ab000 46 0 803 6
7f1f73519000 36 1 841 6
7f1f7352a000 58 2 902 6
7f1f73535000 107 4 1014 6
7f1f73534000 80 3 1098 6
7f1f73533000 101 5 1205 6
7f1f73501000 29 2 1237 6
7f1f73527000 58 2 1297 6
7f1f7340a000 57 6 1361 7
1372 7
0x432000
432000 21 9 30 0
430000 19 8 58 1
59 1
0x451000
451000 33 14 48 2
7f1f7352a000 57 16 122 4
7f1f73535000 107 14 244 6
7f1f73534000 83 4 332 6
7f1f73533000 109 6 449 6
7f1f73519000 33 1 484 6
7f1f7351a000 68 2 555 6
7f1f733ad000 59 3 618 6
7f1f733ac000 50 1 669 6
7f1f733ab000 45 1 716 6
7f1f7351f000 39 0 756 6
7f1f7351e000 42 1 800 6
7f1f7351d000 46 1 848 6
7f1f7351c000 75 2 926 6
7f1f7351b000 69 3 1000 6
7f1f733b8000 66 7 1075 6
7f1f733b7000 63 11 1149 6
7f1f733b6000 98 6 1254 6
7f1f73520000 78 3 1336 6
7f1f733a8000 75 4 1416 6
7f1f73501000 28 2 1447 6
7f1f73344000 32 2 1482 7
1490 7
0x487000
487000 49 18 68 2
486000 38 9 116 2
7f1f73522000 52 20 189 5
7f1f73521000 70 6 266 5
7f1f73520000 76 7 351 5
7f1f7351d000 48 4 404 5
7f1f7351c000 72 5 482 6
7f1f7351b000 70 2 555 6
7f1f7351a000 67 2 625 6
7f1f733ad000 57 3 686 6
7f1f733ac000 50 1 737 6
7f1f733ab000 45 1 784 6
7f1f73519000 33 1 819 6
7f1f7352a000 58 2 880 6
7f1f73535000 109 4 994 6
7f1f73534000 80 3 1078 6
7f1f73533000 102 5 1186 6
7f1f73501000 29 2 1218 6
7f1f73527000 58 3 1279 6
7f1f7340a000 54 6 1340 7
1352 7
0x486000
486000 39 14 54 2
7f1f73522000 52 20 127 5
7f1f73521000 70 6 204 5
7f1f73520000 76 7 288 5
7f1f7351d000 46 4 339 5
7f1f7351c000 72 5 417 6
7f1f7351b000 70 3 491 6
7f1f7351a000 69 2 563 6
7f1f733ad000 58 2 624 6
7f1f733ac000 51 0 675 6
7f1f733ab000 47 0 723 6
7f1f73519000 34 1 759 6
7f1f7352a000 57 3 820 6
7f1f73535000 106 5 932 6
7f1f73534000 79 3 1015 6
7f1f73533000 102 5 1123 6
7f1f73501000 28 2 1155 6
7f1f73527000 58 2 1216 6
7f1f7340a000 54 6 1277 7
1288 7
0x485000
485000 36 21 58 2
58 2
0x488000
488000 38 15 53 1
53 1
0x464000
464000 52 24 77 1
7f1f733ad000 57 19 154 3
7f1f733ac000 50 6 211 3
7f1f733ab000 45 7 264 3
430000 18 6 289 3
463000 104 18 412 4
462000 22 5 440 4
472000 42 8 491 4
471000 35 6 533 4
470000 34 6 574 4
7f1f7351f000 38 6 619 4
7f1f7351e000 42 5 667 4
7f1f7351d000 46 8 722 4
7f1f7351c000 71 9 803 5
7f1f7351b000 69 7 881 5
7f1f7351a000 66 6 955 5
7f1f73519000 33 5 994 5
7f1f7352a000 58 7 1060 6
7f1f73535000 107 4 1172 6
7f1f73534000 80 3 1256 6
7f1f73533000 101 6 1364 6
7f1f73501000 28 2 1395 6
7f1f73527000 58 2 1456 6
7f1f7340a000 55 6 1518 7
1531 7
0x463000
463000 105 28 133 2
430000 19 7 160 3
462000 22 6 189 3
472000 46 10 246 3
471000 35 7 289 4
470000 35 6 330 4
7f1f7351f000 38 5 374 4
7f1f7351e000 42 5 422 4
7f1f7351d000 47 7 477 4
7f1f7351c000 72 9 559 5
7f1f7351b000 70 8 638 5
7f1f7351a000 68 5 712 5
7f1f733ad000 58 7 778 5
7f1f733ac000 50 4 832 5
7f1f733ab000 46 3 881 5
7f1f73519000 34 4 920 5
7f1f7352a000 57 7 985 6
7f1f73535000 107 4 1097 6
7f1f73534000 80 3 1181 6
7f1f73533000 101 6 1289 6
7f1f73501000 28 2 1320 6
7f1f73527000 58 2 1381 6
7f1f7340a000 54 6 1442 7
1453 7
0x462000
462000 22 10 33 0
472000 42 16 92 0
471000 35 12 140 1
470000 35 10 185 1
7f1f7351f000 39 9 234 2
7f1f7351e000 42 9 286 2
7f1f7351d000 46 15 348 2
7f1f7351c000 71 16 436 3
7f1f7351b000 69 14 520 4
7f1f7351a000 67 9 597 4
7f1f733ad000 57 10 665 4
7f1f733ac000 50 5 721 4
7f1f733ab000 45 5 772 4
7f1f73519000 33 7 813 5
7f1f7352a000 57 7 878 6
7f1f73535000 107 4 990 6
7f1f73534000 80 2 1073 6
7f1f73533000 102 6 1182 6
7f1f73501000 28 2 1213 6
7f1f73527000 57 3 1274 6
7f1f7340a000 55 7 1337 7
1350 7
0x43e000
43e000 58 23 81 2
7f1f733ad000 57 16 155 4
7f1f733ac000 50 5 210 4
7f1f733ab000 45 5 261 4
430000 19 4 285 4
43d000 47 10 343 4
7f1f73522000 51 13 408 5
7f1f73521000 69 7 485 5
7f1f73520000 77 6 569 5
7f1f7351d000 47 4 621 5
7f1f7351c000 72 5 699 6
7f1f7351b000 70 2 772 6
7f1f7351a000 70 2 845 6
7f1f73519000 34 1 881 6
7f1f7352a000 58 3 943 6
7f1f73535000 109 5 1058 6
7f1f73534000 79 3 1141 6
7f1f73533000 102 5 1249 6
7f1f73501000 29 2 1281 6
7f1f73527000 59 2 1342 6
7f1f7340a000 58 6 1407 7
1419 7
0x438000
438000 43 18 61 2
471000 35 9 106 3
470000 35 7 148 3
7f1f7351f000 39 6 194 3
7f1f7351e000 42 7 244 3
7f1f7351d000 46 10 301 3
7f1f7351c000 72 12 386 4
7f1f7351b000 73 10 470 5
7f1f7351a000 67 6 544 5
7f1f733ad000 60 7 612 5
7f1f733ac000 49 4 666 5
7f1f733ab000 45 3 715 5
7f1f73519000 33 5 754 5
7f1f7352a000 57 7 819 6
7f1f73535000 106 4 930 6
7f1f73534000 80 3 1014 6
7f1f73533000 101 6 1122 6
7f1f73501000 28 2 1153 6
7f1f73527000 58 2 1214 6
7f1f7340a000 54 6 1275 7
1285 7
0x437000
437000 24 11 35 0
35 0
0x436000
436000 34 15 49 1
435000 32 14 96 1
434000 54 12 163 2
430000 18 8 190 3
7f1f7352b000 65 14 269 5
46e000 53 8 331 6
46d000 38 3 373 6
44f000 56 3 432 6
7f1f73522000 51 4 489 6
7f1f73521000 70 4 564 6
7f1f73520000 81 4 651 6
7f1f7351d000 46 3 701 6
7f1f7351c000 71 3 776 7
786 7
0x435000
435000 31 16 47 1
434000 53 11 112 2
430000 19 7 139 3
7f1f7352b000 62 15 216 5
46e000 54 8 278 6
46d000 38 2 319 6
44f000 56 3 379 6
7f1f73522000 52 4 436 6
7f1f73521000 73 4 514 6
7f1f73520000 76 4 595 6
7f1f7351d000 46 3 645 6
7f1f7351c000 71 3 720 7
728 7
0x434000
434000 54 12 66 1
430000 19 8 94 2
7f1f7352b000 62 17 173 5
46e000 53 8 235 6
46d000 39 2 277 6
44f000 56 4 337 6
7f1f73522000 51 5 394 6
7f1f73521000 70 4 469 6
7f1f73520000 77 4 551 6
7f1f7351d000 46 3 601 6
7f1f7351c000 76 3 681 7
689 7
0x46e000
46e000 56 27 83 2
46d000 38 11 133 3
44f000 56 14 203 3
7f1f73522000 52 16 272 5
7f1f73521000 71 6 350 5
7f1f73520000 82 7 440 5
7f1f7351d000 46 4 491 5
7f1f7351c000 71 5 568 6
7f1f7351b000 70 2 641 6
7f1f7351a000 68 2 712 6
7f1f733ad000 57 2 772 6
7f1f733ac000 50 1 824 6
7f1f733ab000 46 1 872 6
7f1f73519000 35 1 910 6
7f1f7352a000 57 2 971 6
7f1f73535000 110 4 1086 6
7f1f73534000 80 3 1170 6
7f1f73533000 101 6 1278 6
7f1f73501000 29 2 1310 6
7f1f73527000 59 2 1371 6
7f1f7340a000 56 6 1434 7
1448 7
0x46d000
46d000 38 16 55 2
55 2
0x469000
469000 59 27 86 1
7f1f7352a000 57 20 164 4
7f1f73535000 107 15 287 6
7f1f73534000 80 3 371 6
7f1f73533000 101 6 479 6
7f1f73519000 33 1 514 6
7f1f7351a000 70 2 587 6
7f1f733ad000 58 2 648 6
7f1f733ac000 50 1 699 6
7f1f733ab000 45 1 746 6
7f1f7351f000 39 1 787 6
7f1f7351e000 41 1 830 6
7f1f7351d000 46 2 879 6
7f1f7351c000 72 2 954 6
7f1f7351b000 69 3 1027 6
7f1f733b8000 65 7 1101 6
7f1f733b7000 63 11 1176 6
7f1f733b6000 98 6 1280 6
7f1f73520000 77 3 1361 6
7f1f733a8000 74 4 1440 6
7f1f73501000 31 2 1474 6
7f1f73344000 32 3 1510 7
1517 7
0x47f000
47f000 57 23 80 1
47e000 31 13 125 1
430000 19 9 153 2
432000 21 8 182 2
471000 35 9 227 3
470000 34 8 270 3
7f1f7351f000 39 7 317 3
7f1f7351e000 45 7 370 3
7f1f7351d000 46 10 427 3
7f1f7351c000 72 12 512 4
7f1f7351b000 70 10 593 4
7f1f7351a000 68 8 670 4
7f1f733ad000 58 10 739 4
7f1f733ac000 50 6 795 4
7f1f733ab000 47 7 849 4
7f1f73519000 34 7 891 5
7f1f7352a000 57 7 956 6
7f1f73535000 110 4 1071 6
7f1f73534000 81 3 1156 6
7f1f73533000 102 5 1264 6
7f1f73501000 29 2 1296 6
7f1f73527000 59 2 1357 6
7f1f7340a000 56 6 1420 7
1434 7
0x47e000
47e000 32 13 45 0
430000 19 8 73 1
432000 21 8 103 1
471000 35 10 148 2
470000 34 9 192 2
7f1f7351f000 38 8 239 3
7f1f7351e000 42 7 289 3
7f1f7351d000 46 10 346 3
7f1f7351c000 72 12 431 4
7f1f7351b000 70 11 513 4
7f1f7351a000 67 9 590 4
7f1f733ad000 58 10 659 4
7f1f733ac000 51 5 715 4
7f1f733ab000 46 5 767 4
7f1f73519000 33 7 808 5
7f1f7352a000 57 7 873 6
7f1f73535000 106 5 985 6
7f1f73534000 79 3 1068 6
7f1f73533000 102 5 1176 6
7f1f73501000 29 2 1208 6
7f1f73527000 59 2 1269 6
7f1f7340a000 54 6 1330 7
1340 7
0x442000
442000 48 27 75 1
441000 54 21 151 1
440000 37 18 207 2
472000 43 12 262 2
471000 36 9 308 3
470000 34 8 351 3
7f1f7351f000 39 7 397 3
7f1f7351e000 42 6 446 3
7f1f7351d000 47 9 503 3
7f1f7351c000 72 12 588 4
7f1f7351b000 70 10 669 5
7f1f7351a000 67 6 743 5
7f1f733ad000 57 7 808 5
7f1f733ac000 49 4 862 5
7f1f733ab000 45 3 911 5
7f1f73519000 34 4 950 5
7f1f7352a000 57 8 1016 6
7f1f73535000 106 5 1128 6
7f1f73534000 80 3 1212 6
7f1f73533000 102 5 1320 6
7f1f73501000 28 2 1352 6
7f1f73527000 58 2 1413 6
7f1f7340a000 54 6 1474 7
1486 7
0x443000
443000 39 19 58 3
471000 35 7 101 3
470000 34 8 144 3
7f1f7351f000 39 7 191 3
7f1f7351e000 41 7 240 3
7f1f7351d000 45 12 298 3
7f1f7351c000 73 12 385 4
7f1f7351b000 69 11 466 5
7f1f7351a000 67 6 540 5
7f1f733ad000 57 7 605 5
7f1f733ac000 50 3 658 5
7f1f733ab000 46 3 708 5
7f1f73519000 33 5 747 5
7f1f7352a000 59 7 814 6
7f1f73535000 106 4 925 6
7f1f73534000 80 2 1008 6
7f1f73533000 102 6 1117 6
7f1f73501000 28 2 1148 6
7f1f73527000 58 2 1209 6
7f1f7340a000 55 5 1270 7
1281 7
0x44c000
44c000 22 12 34 1
471000 35 11 81 2
470000 34 10 126 2
7f1f7351f000 38 9 174 2
7f1f7351e000 42 8 225 2
7f1f7351d000 46 13 285 2
7f1f7351c000 72 15 373 3
7f1f7351b000 69 14 457 4
7f1f7351a000 67 9 534 4
7f1f733ad000 57 10 602 4
7f1f733ac000 51 5 658 4
7f1f733ab000 45 5 709 4
7f1f73519000 33 7 750 5
7f1f7352a000 58 7 816 6
7f1f73535000 106 5 928 6
7f1f73534000 80 3 1012 6
7f1f73533000 101 5 1119 6
7f1f73501000 29 2 1151 6
7f1f73527000 58 2 1212 6
7f1f7340a000 55 5 1273 7
1284 7
0x439000
439000 39 22 61 1
7f1f733b7000 63 66 191 2
7f1f733b6000 98 34 323 2
430000 19 7 349 3
438000 42 12 404 4
471000 35 5 445 4
470000 34 6 486 4
7f1f7351f000 39 5 531 4
7f1f7351e000 42 5 579 4
7f1f7351d000 46 7 633 4
7f1f7351c000 71 10 715 5
7f1f7351b000 69 7 792 5
7f1f7351a000 67 6 866 5
7f1f733ad000 57 6 930 5
7f1f733ac000 49 4 984 5
7f1f733ab000 46 3 1034 5
7f1f73519000 33 5 1073 5
7f1f7352a000 57 7 1138 6
7f1f73535000 106 5 1250 6
7f1f73534000 79 3 1333 6
7f1f73533000 101 6 1441 6
7f1f73501000 28 2 1472 6
7f1f73527000 58 2 1533 6
7f1f7340a000 55 6 1595 7
1605 7
0x480000
480000 37 13 51 1
51 1
0x468000
468000 96 32 128 2
463000 105 21 255 3
430000 19 5 280 3
462000 22 6 309 3
472000 42 10 362 3
471000 35 7 405 4
470000 34 6 446 4
7f1f7351f000 39 5 491 4
7f1f7351e000 42 5 539 4
7f1f7351d000 46 8 594 4
7f1f7351c000 71 10 676 5
7f1f7351b000 69 8 754 5
7f1f7351a000 67 5 827 5
7f1f733ad000 58 7 893 5
7f1f733ac000 54 3 951 5
7f1f733ab000 46 3 1001 5
7f1f73519000 33 4 1039 5
7f1f7352a000 58 7 1105 6
7f1f73535000 106 5 1217 6
7f1f73534000 80 2 1300 6
7f1f73533000 105 6 1412 6
7f1f73501000 29 2 1444 6
7f1f73527000 58 2 1505 6
7f1f7340a000 55 6 1567 7
1579 7
0x45a000
45a000 99 27 126 1
440000 37 18 182 2
7f1f73522000 52 20 254 5
7f1f73521000 71 6 332 5
7f1f73520000 84 7 424 5
7f1f7351d000 46 4 475 5
7f1f7351c000 72 5 553 6
7f1f7351b000 69 2 625 6
7f1f7351a000 69 2 697 6
7f1f733ad000 57 2 757 6
7f1f733ac000 50 1 809 6
7f1f733ab000 45 1 855 6
7f1f73519000 34 1 891 6
7f1f7352a000 57 2 951 6
7f1f73535000 108 5 1065 6
7f1f73534000 80 2 1148 6
7f1f73533000 101 5 1256 6
7f1f73501000 29 2 1288 6
7f1f73527000 58 2 1349 6
7f1f7340a000 54 6 1410 7
1421 7
0x45b000
45b000 35 17 53 1
430000 18 9 81 2
7f1f73522000 51 21 153 4
7f1f73521000 69 11 234 4
7f1f73520000 76 10 321 5
7f1f7351d000 47 3 372 5
7f1f7351c000 70 6 450 6
7f1f7351b000 69 3 523 6
7f1f7351a000 70 2 596 6
7f1f733ad000 57 2 656 6
7f1f733ac000 50 1 707 6
7f1f733ab000 45 1 754 6
7f1f73519000 33 1 789 6
7f1f7352a000 58 2 850 6
7f1f73535000 107 5 963 6
7f1f73534000 81 2 1047 6
7f1f73533000 102 6 1156 6
7f1f73501000 28 3 1188 6
7f1f73527000 58 2 1248 6
7f1f7340a000 55 6 1310 7
1321 7
0x45c000
45c000 30 12 42 1
471000 35 11 89 2
470000 34 10 134 2
7f1f7351f000 38 9 182 2
7f1f7351e000 41 9 234 2
7f1f7351d000 46 13 294 2
7f1f7351c000 72 15 382 3
7f1f7351b000 70 13 466 4
7f1f7351a000 68 9 544 4
7f1f733ad000 57 10 612 4
7f1f733ac000 54 6 673 4
7f1f733ab000 45 6 725 4
7f1f73519000 33 7 766 5
7f1f7352a000 57 7 831 6
7f1f73535000 107 5 944 6
7f1f73534000 80 3 1028 6
7f1f73533000 101 6 1136 6
7f1f73501000 28 2 1167 6
7f1f73527000 57 3 1228 6
7f1f7340a000 54 6 1289 7
1299 7
0x458000
458000 28 18 47 2
47 2
0x45e000
45e000 31 11 42 0
471000 34 12 89 1
470000 34 10 134 1
7f1f7351f000 39 10 184 2
7f1f7351e000 42 8 235 2
7f1f7351d000 46 12 294 2
7f1f7351c000 72 15 382 3
7f1f7351b000 69 14 466 4
7f1f7351a000 67 9 543 4
7f1f733ad000 57 10 611 4
7f1f733ac000 50 5 666 4
7f1f733ab000 46 5 718 4
7f1f73519000 33 7 759 5
7f1f7352a000 58 6 824 6
7f1f73535000 107 5 938 6
7f1f73534000 79 3 1021 6
7f1f73533000 102 5 1129 6
7f1f73501000 29 2 1161 6
7f1f73527000 59 2 1222 6
7f1f7340a000 55 6 1284 7
1294 7
0x45d000
45d000 37 11 49 0
49 0
0x45f000
45f000 42 17 59 1
7f1f733a6000 76 15 151 1
430000 19 9 179 2
7f1f7352b000 63 17 259 5
7f1f7352a000 57 7 324 7
326 7
0x44a000
44a000 40 13 53 0
471000 37 14 105 1
470000 35 11 151 1
7f1f7351f000 39 10 200 2
7f1f7351e000 43 8 252 2
7f1f7351d000 46 13 312 2
7f1f7351c000 72 16 401 3
7f1f7351b000 70 13 486 4
7f1f7351a000 67 10 565 4
7f1f733ad000 58 10 634 4
7f1f733ac000 50 6 691 4
7f1f733ab000 46 5 743 4
7f1f73519000 35 6 785 5
7f1f7352a000 58 7 851 6
7f1f73535000 108 5 965 6
7f1f73534000 80 3 1049 6
7f1f73533000 103 5 1158 6
7f1f73501000 29 2 1191 6
7f1f73527000 59 2 1252 6
7f1f7340a000 55 6 1315 7
1326 7
0x489000
489000 27 12 39 0
39 0
0x460000
460000 50 20 71 2
45a000 99 20 191 2
440000 38 15 245 2
7f1f73522000 52 20 317 5
7f1f73521000 69 7 395 5
7f1f73520000 77 7 480 5
7f1f7351d000 46 4 531 5
7f1f7351c000 72 5 609 6
7f1f7351b000 70 2 683 6
7f1f7351a000 69 2 755 6
7f1f733ad000 58 2 816 6
7f1f733ac000 50 0 867 6
7f1f733ab000 46 1 915 6
7f1f73519000 34 1 951 6
7f1f7352a000 57 2 1011 6
7f1f73535000 106 5 1124 6
7f1f73534000 81 3 1209 6
7f1f73533000 105 5 1320 6
7f1f73501000 28 2 1352 6
7f1f73527000 58 2 1413 6
7f1f7340a000 54 6 1474 7
1486 7
0x444000
444000 57 25 82 2
7f1f733b7000 64 56 202 3
7f1f733b6000 97 27 327 3
430000 18 6 352 4
431000 22 4 378 4
7f1f7352a000 58 10 447 6
7f1f73535000 108 5 561 6
7f1f73534000 81 3 646 6
7f1f73533000 106 5 758 6
7f1f73519000 34 1 794 6
7f1f7351a000 69 1 866 6
7f1f733ad000 57 3 928 6
7f1f733ac000 51 1 980 6
7f1f733ab000 46 1 1028 6
7f1f7351f000 38 1 1069 6
7f1f7351e000 42 1 1113 6
7f1f7351d000 47 2 1163 6
7f1f7351c000 71 3 1238 6
7f1f7351b000 69 3 1311 6
7f1f733b8000 67 7 1387 6
7f1f73520000 76 4 1468 6
7f1f733a8000 72 5 1546 6
7f1f73501000 29 2 1578 6
7f1f73344000 32 3 1613 7
1621 7
0x456000
456000 32 13 45 0
471000 35 11 92 1
470000 34 11 138 1
7f1f7351f000 38 10 187 2
7f1f7351e000 42 8 238 2
7f1f7351d000 46 12 297 2
7f1f7351c000 71 16 385 3
7f1f7351b000 69 14 469 4
7f1f7351a000 67 9 546 4
7f1f733ad000 57 10 614 4
7f1f733ac000 50 5 670 4
7f1f733ab000 45 5 721 4
7f1f73519000 34 6 762 5
7f1f7352a000 58 7 828 6
7f1f73535000 107 5 941 6
7f1f73534000 80 3 1025 6
7f1f73533000 101 6 1133 6
7f1f73501000 29 2 1165 6
7f1f73527000 58 3 1226 6
7f1f7340a000 54 6 1287 7
1297 7
0x457000
457000 30 15 46 2
456000 31 9 87 2
471000 35 9 132 3
470000 34 8 175 3
7f1f7351f000 38 7 221 3
7f1f7351e000 42 7 271 3
7f1f7351d000 46 10 328 3
7f1f7351c000 72 12 413 4
7f1f7351b000 70 10 494 5
7f1f7351a000 67 6 568 5
7f1f733ad000 57 7 633 5
7f1f733ac000 50 3 686 5
7f1f733ab000 46 3 736 5
7f1f73519000 34 4 775 5
7f1f7352a000 57 7 840 6
7f1f73535000 106 4 952 6
7f1f73534000 79 2 1035 6
7f1f73533000 101 5 1143 6
7f1f73501000 29 2 1175 6
7f1f73527000 58 2 1235 6
7f1f7340a000 55 6 1297 7
1308 7
0x48b000
48b000 36 14 50 0
433000 41 13 105 3
430000 19 5 130 3
440000 37 12 180 3
455000 25 10 215 3
453000 38 12 266 3
7f1f7352b000 62 14 342 6
471000 36 1 379 6
470000 35 1 416 6
7f1f7351f000 38 2 458 6
7f1f7351e000 42 1 502 6
7f1f7351d000 47 2 552 6
7f1f7351c000 71 3 627 7
633 7
0x48a000
48a000 35 13 48 1
471000 35 11 95 2
470000 35 9 139 2
7f1f7351f000 39 8 187 2
7f1f7351e000 42 9 239 2
7f1f7351d000 46 13 299 2
7f1f7351c000 71 16 387 3
7f1f7351b000 69 14 471 4
7f1f7351a000 67 9 548 4
7f1f733ad000 57 10 616 4
7f1f733ac000 50 5 672 4
7f1f733ab000 45 5 723 4
7f1f73519000 34 6 764 5
7f1f7352a000 58 7 830 6
7f1f73535000 106 5 942 6
7f1f73534000 79 3 1025 6
7f1f73533000 102 5 1133 6
7f1f73501000 29 2 1165 6
7f1f73527000 58 2 1225 6
7f1f7340a000 55 6 1287 7
1297 7
0x449000
449000 31 10 41 0
41 0
0x48d000
48d000 54 15 69 0
431000 22 9 101 0
430000 18 9 129 1
7f1f7354f000 80 25 235 3
441000 55 13 303 3
440000 38 11 353 3
472000 43 9 406 3
471000 36 7 450 4
470000 37 5 493 4
7f1f7351f000 39 5 538 4
7f1f7351e000 42 5 586 4
7f1f7351d000 46 8 641 4
7f1f7351c000 71 10 723 5
7f1f7351b000 70 7 801 5
7f1f7351a000 67 6 875 5
7f1f733ad000 58 7 941 5
7f1f733ac000 53 4 998 5
7f1f733ab000 45 3 1047 5
7f1f73519000 33 5 1087 5
7f1f7352a000 57 7 1152 6
7f1f73535000 108 5 1266 6
7f1f73534000 80 3 1350 6
7f1f73533000 103 5 1459 6
7f1f73501000 29 2 1491 6
7f1f73527000 58 2 1551 6
7f1f7340a000 55 6 1614 7
1625 7
0x48e000
48e000 37 14 52 0
52 0
0xffffffffe9106000
0 0
0x44b000
44b000 49 22 71 0
7f1f7354f000 79 29 180 3
430000 19 5 204 3
471000 35 7 247 4
470000 34 6 288 4
7f1f7351f000 39 5 333 4
7f1f7351e000 43 5 382 4
7f1f7351d000 45 8 436 4
7f1f7351c000 71 9 517 5
7f1f7351b000 70 7 595 5
7f1f7351a000 67 5 668 5
7f1f733ad000 57 7 733 5
7f1f733ac000 50 3 787 5
7f1f733ab000 46 3 837 5
7f1f73519000 33 4 875 5
7f1f7352a000 58 7 941 6
7f1f73535000 106 4 1052 6
7f1f73534000 80 2 1135 6
7f1f73533000 102 5 1243 6
7f1f73501000 29 2 1275 6
7f1f73527000 58 2 1335 6
7f1f7340a000 55 6 1397 7
1407 7
0x494000
494000 49 21 70 2
493000 49 14 134 3
7f1f7354f000 80 17 232 4
430000 18 5 256 4
441000 54 10 320 4
440000 37 9 368 4
472000 42 8 419 4
471000 35 5 460 4
470000 35 5 501 4
7f1f7351f000 39 5 546 4
7f1f7351e000 42 5 594 4
7f1f7351d000 46 8 649 4
7f1f7351c000 72 9 731 5
7f1f7351b000 70 7 809 5
7f1f7351a000 67 6 883 5
7f1f733ad000 57 7 948 5
7f1f733ac000 50 4 1002 5
7f1f733ab000 46 3 1051 5
7f1f73519000 33 5 1090 5
7f1f7352a000 57 7 1155 6
7f1f73535000 106 5 1267 6
7f1f73534000 79 3 1350 6
7f1f73533000 102 6 1459 6
7f1f73501000 28 2 1490 6
7f1f73527000 58 2 1551 6
7f1f7340a000 55 6 1613 7
1625 7
0x493000
493000 49 19 68 2
7f1f7354f000 80 22 171 4
430000 19 4 194 4
441000 54 11 259 4
440000 37 9 306 4
472000 42 7 356 4
471000 35 5 398 4
470000 34 6 439 4
7f1f7351f000 39 5 484 4
7f1f7351e000 42 5 532 4
7f1f7351d000 45 8 586 4
7f1f7351c000 71 9 667 5
7f1f7351b000 70 7 745 5
7f1f7351a000 67 6 819 5
7f1f733ad000 58 7 885 5
7f1f733ac000 51 3 939 5
7f1f733ab000 45 4 989 5
7f1f73519000 33 5 1028 5
7f1f7352a000 57 7 1093 6
7f1f73535000 107 5 1206 6
7f1f73534000 80 3 1290 6
7f1f73533000 101 5 1397 6
7f1f73501000 28 2 1429 6
7f1f73527000 60 2 1492 6
7f1f7340a000 54 6 1553 7
1564 7
0x492000
492000 28 12 40 0
40 0
0x47d000
47d000 42 22 64 1
64 1
0x43f000
43f000 72 32 105 1
430000 18 9 133 2
7f1f73522000 52 20 205 4
7f1f73521000 70 11 287 4
7f1f73520000 77 10 375 5
7f1f7351d000 47 3 426 5
7f1f7351c000 72 5 504 6
7f1f7351b000 70 2 577 6
7f1f7351a000 67 2 647 6
7f1f733ad000 57 2 708 6
7f1f733ac000 50 1 760 6
7f1f733ab000 47 0 808 6
7f1f73519000 34 1 844 6
7f1f7352a000 57 2 904 6
7f1f73535000 107 5 1017 6
7f1f73534000 80 2 1100 6
7f1f73533000 104 5 1210 6
7f1f73501000 29 2 1242 6
7f1f73527000 58 3 1303 6
7f1f7340a000 54 6 1364 7
1375 7
0x478000
478000 61 23 85 1
430000 19 9 114 2
7f1f73522000 51 21 186 4
7f1f73521000 71 10 268 4
7f1f73520000 78 10 357 5
7f1f7351d000 51 4 413 5
7f1f7351c000 72 5 492 6
7f1f7351b000 69 3 565 6
7f1f7351a000 67 2 635 6
7f1f733ad000 57 2 695 6
7f1f733ac000 50 0 746 6
7f1f733ab000 46 0 793 6
7f1f73519000 34 1 829 6
7f1f7352a000 57 3 890 6
7f1f73535000 106 5 1002 6
7f1f73534000 79 3 1085 6
7f1f73533000 102 6 1194 6
7f1f73501000 28 2 1225 6
7f1f73527000 58 2 1286 6
7f1f7340a000 55 6 1348 7
1359 7
0x461000
461000 80 29 109 2
431000 21 7 138 2
430000 18 7 164 3
7f1f73522000 52 16 232 5
7f1f73521000 69 7 309 5
7f1f73520000 76 7 393 5
7f1f7351d000 46 4 444 5
7f1f7351c000 71 5 521 6
7f1f7351b000 69 3 594 6
7f1f7351a000 67 2 664 6
7f1f733ad000 57 2 724 6
7f1f733ac000 50 0 775 6
7f1f733ab000 46 0 822 6
7f1f73519000 34 1 858 6
7f1f7352a000 57 3 919 6
7f1f73535000 106 5 1031 6
7f1f73534000 81 3 1116 6
7f1f73533000 102 5 1224 6
7f1f73501000 29 2 1256 6
7f1f73527000 58 2 1316 6
7f1f7340a000 55 6 1378 7
1388 7
0x479000
479000 32 15 48 0
471000 35 11 95 1
470000 34 11 141 1
7f1f7351f000 38 10 190 2
7f1f7351e000 41 9 241 2
7f1f7351d000 46 12 300 2
7f1f7351c000 72 15 388 3
7f1f7351b000 69 14 472 4
7f1f7351a000 67 9 549 4
7f1f733ad000 57 10 617 4
7f1f733ac000 50 7 675 4
7f1f733ab000 46 5 726 4
7f1f73519000 33 7 767 5
7f1f7352a000 57 7 832 6
7f1f73535000 107 4 944 6
7f1f73534000 80 3 1028 6
7f1f73533000 101 6 1136 6
7f1f73501000 28 2 1167 6
7f1f73527000 58 2 1228 6
7f1f7340a000 54 6 1289 7
1299 7
0x454000
454000 33 16 50 2
442000 48 20 119 2
441000 54 16 190 2
440000 38 14 243 2
472000 42 12 298 2
471000 35 9 343 3
470000 35 8 387 3
7f1f7351f000 39 6 433 3
7f1f7351e000 42 7 483 3
7f1f7351d000 46 10 540 3
7f1f7351c000 71 12 624 4
7f1f7351b000 70 10 705 5
7f1f7351a000 68 5 779 5
7f1f733ad000 58 7 845 5
7f1f733ac000 50 4 899 5
7f1f733ab000 46 3 948 5
7f1f73519000 34 4 987 5
7f1f7352a000 57 7 1052 6
7f1f73535000 107 4 1165 6
7f1f73534000 81 2 1249 6
7f1f73533000 102 6 1358 6
7f1f73501000 30 2 1391 6
7f1f73527000 58 2 1451 6
7f1f7340a000 55 5 1512 7
1525 7
0x473000
473000 57 21 79 1
433000 41 12 133 3
430000 19 5 158 3
440000 37 12 208 3
455000 25 10 243 3
453000 39 11 294 3
7f1f7352b000 61 14 370 6
471000 34 2 407 6
470000 34 2 444 6
7f1f7351f000 38 2 485 6
7f1f7351e000 42 1 529 6
7f1f7351d000 46 3 579 6
7f1f7351c000 71 3 654 7
660 7
0x474000
474000 53 15 69 1
7f1f733b7000 63 66 199 2
7f1f733b6000 97 33 329 2
430000 19 7 356 3
473000 56 14 427 3
433000 41 9 478 4
440000 37 9 525 4
455000 24 8 558 4
453000 39 9 607 4
7f1f7352b000 62 10 679 6
471000 35 1 716 6
470000 34 2 753 6
7f1f7351f000 39 1 794 6
7f1f7351e000 42 1 838 6
7f1f7351d000 46 3 888 6
7f1f7351c000 71 3 963 7
970 7
0x475000
475000 46 17 63 1
63 1
0x47a000
47a000 35 19 54 3
471000 35 7 97 3
470000 35 8 141 3
7f1f7351f000 40 6 188 3
7f1f7351e000 42 7 238 3
7f1f7351d000 46 10 295 3
7f1f7351c000 72 12 380 4
7f1f7351b000 75 12 468 5
7f1f7351a000 67 6 542 5
7f1f733ad000 57 7 607 5
7f1f733ac000 50 3 660 5
7f1f733ab000 46 3 710 5
7f1f73519000 33 5 749 5
7f1f7352a000 57 7 814 6
7f1f73535000 108 4 927 6
7f1f73534000 80 3 1011 6
7f1f73533000 102 5 1119 6
7f1f73501000 29 2 1151 6
7f1f73527000 58 2 1211 6
7f1f7340a000 54 6 1273 7
1283 7
0x477000
477000 40 14 54 1
430000 18 9 82 2
432000 21 7 111 2
7f1f733ad000 59 16 187 3
7f1f733ac000 50 6 244 3
7f1f733ab000 45 7 297 3
43b000 38 14 350 3
43a000 55 13 419 3
471000 35 8 463 3
470000 35 8 506 3
7f1f7351f000 38 8 553 3
7f1f7351e000 42 7 603 3
7f1f7351d000 48 10 662 3
7f1f7351c000 71 13 747 4
7f1f7351b000 69 11 828 4
7f1f7351a000 67 9 905 4
7f1f73519000 33 7 946 5
7f1f7352a000 57 7 1011 6
7f1f73535000 106 5 1123 6
7f1f73534000 82 3 1209 6
7f1f73533000 101 6 1317 6
7f1f73501000 29 2 1349 6
7f1f73527000 58 2 1409 6
7f1f7340a000 55 5 1470 7
1482 7
0x46f000
46f000 27 15 42 0
471000 35 12 90 1
470000 35 10 135 1
7f1f7351f000 40 10 186 2
7f1f7351e000 42 8 237 2
7f1f7351d000 46 12 296 2
7f1f7351c000 72 15 384 3
7f1f7351b000 69 14 468 4
7f1f7351a000 67 9 545 4
7f1f733ad000 57 10 613 4
7f1f733ac000 52 5 670 4
7f1f733ab000 45 6 722 4
7f1f73519000 33 7 763 5
7f1f7352a000 57 7 828 6
7f1f73535000 107 5 941 6
7f1f73534000 80 3 1025 6
7f1f73533000 115 5 1146 6
7f1f73501000 29 2 1178 6
7f1f73527000 58 2 1239 6
7f1f7340a000 55 6 1301 7
1311 7
0x46a000
46a000 82 20 103 1
43e000 59 20 183 2
7f1f733ad000 58 16 258 4
7f1f733ac000 51 4 313 4
7f1f733ab000 50 5 369 4
430000 19 4 393 4
43d000 48 9 450 4
7f1f73522000 52 12 515 5
7f1f73521000 70 7 593 5
7f1f73520000 76 7 677 5
7f1f7351d000 46 4 728 5
7f1f7351c000 72 5 806 6
7f1f7351b000 70 2 879 6
7f1f7351a000 72 2 954 6
7f1f73519000 33 1 989 6
7f1f7352a000 58 2 1050 6
7f1f73535000 106 5 1163 6
7f1f73534000 79 3 1246 6
7f1f73533000 102 5 1354 6
7f1f73501000 29 2 1386 6
7f1f73527000 58 2 1447 6
7f1f7340a000 54 6 1508 7
1520 7
0x459000
459000 45 17 63 1
440000 37 18 119 2
7f1f73529000 84 23 226 5
7f1f73501000 29 4 260 5
7f1f73519000 33 3 297 5
7f1f7352a000 61 6 365 6
7f1f73535000 107 5 478 6
7f1f73534000 81 3 562 6
7f1f73533000 102 6 671 6
7f1f73527000 59 2 733 6
7f1f7340a000 55 6 795 7
803 7
0x47b000
47b000 51 20 71 1
471000 38 11 121 2
470000 34 10 166 2
7f1f7351f000 39 9 215 2
7f1f7351e000 42 8 266 2
7f1f7351d000 46 13 326 2
7f1f7351c000 72 15 414 3
7f1f7351b000 70 14 499 4
7f1f7351a000 71 9 580 4
7f1f733ad000 58 10 649 4
7f1f733ac000 51 5 705 4
7f1f733ab000 45 6 757 4
7f1f73519000 34 6 798 5
7f1f7352a000 58 7 864 6
7f1f73535000 108 4 977 6
7f1f73534000 81 3 1062 6
7f1f73533000 106 6 1175 6
7f1f73501000 29 2 1207 6
7f1f73527000 59 2 1268 6
7f1f7340a000 55 6 1330 7
1340 7
0x49d000
49d000 44 20 64 4
450000 33 7 105 4
44f000 57 11 174 4
7f1f73522000 54 13 242 5
7f1f73521000 69 7 319 5
7f1f73520000 77 6 403 5
7f1f7351d000 47 4 455 5
7f1f7351c000 72 5 533 6
7f1f7351b000 70 2 606 6
7f1f7351a000 68 2 677 6
7f1f733ad000 58 2 738 6
7f1f733ac000 50 0 789 6
7f1f733ab000 45 1 836 6
7f1f73519000 33 1 871 6
7f1f7352a000 58 2 932 6
7f1f73535000 106 5 1044 6
7f1f73534000 79 3 1127 6
7f1f73533000 101 6 1235 6
7f1f73501000 28 2 1266 6
7f1f73527000 58 2 1327 6
7f1f7340a000 54 6 1389 7
1402 7
0x47c000
47c000 43 19 62 1
431000 22 8 93 1
430000 19 8 121 2
471000 35 9 166 3
470000 34 8 209 3
7f1f7351f000 39 7 256 3
7f1f7351e000 46 8 311 3
7f1f7351d000 46 10 368 3
7f1f7351c000 72 13 454 4
7f1f7351b000 70 11 536 4
7f1f7351a000 67 9 613 4
7f1f733ad000 58 10 682 4
7f1f733ac000 50 5 738 4
7f1f733ab000 46 6 791 4
7f1f73519000 36 6 835 5
7f1f7352a000 58 7 901 6
7f1f73535000 109 4 1015 6
7f1f73534000 81 3 1100 6
7f1f73533000 101 6 1208 6
7f1f73501000 28 2 1239 6
7f1f73527000 58 2 1300 6
7f1f7340a000 55 6 1362 7
1372 7
0x49e000
49e000 26 11 38 2
471000 35 9 83 3
470000 34 8 126 3
7f1f7351f000 38 8 173 3
7f1f7351e000 41 7 222 3
7f1f7351d000 47 10 280 3
7f1f7351c000 71 12 364 4
7f1f7351b000 70 11 446 4
7f1f7351a000 67 9 523 4
7f1f733ad000 57 10 591 4
7f1f733ac000 51 5 647 4
7f1f733ab000 45 5 698 4
7f1f73519000 33 7 739 5
7f1f7352a000 58 7 805 6
7f1f73535000 106 5 917 6
7f1f73534000 80 3 1001 6
7f1f73533000 101 6 1109 6
7f1f73501000 29 2 1141 6
7f1f73527000 58 2 1202 6
7f1f7340a000 55 6 1264 7
1274 7
0x467000
467000 50 22 73 1
471000 35 10 119 2
470000 34 10 164 2
7f1f7351f000 39 9 213 2
7f1f7351e000 42 8 264 2
7f1f7351d000 46 12 323 2
7f1f7351c000 72 15 411 3
7f1f7351b000 70 14 496 4
7f1f7351a000 67 8 572 4
7f1f733ad000 58 10 641 4
7f1f733ac000 51 5 697 4
7f1f733ab000 46 5 749 4
7f1f73519000 33 7 790 5
7f1f7352a000 58 7 856 6
7f1f73535000 107 5 969 6
7f1f73534000 80 3 1053 6
7f1f73533000 101 6 1161 6
7f1f73501000 29 2 1193 6
7f1f73527000 58 2 1254 6
7f1f7340a000 54 6 1315 7
1325 7
0x484000
484000 41 34 75 2
7f1f733b8000 66 36 178 3
7f1f733b7000 63 44 286 3
7f1f733b6000 97 27 411 3
430000 19 5 435 4
483000 42 7 485 4
7f1f733ad000 57 10 553 4
7f1f733ac000 50 4 608 4
7f1f733ab000 45 5 659 4
7f1f73396000 67 14 742 4
7f1f7352a000 58 10 810 6
7f1f73535000 108 4 923 6
7f1f73534000 80 3 1007 6
7f1f73533000 104 5 1117 6
7f1f73519000 34 1 1153 6
7f1f7351a000 67 2 1223 6
7f1f7351f000 39 1 1264 6
7f1f7351e000 42 1 1308 6
7f1f7351d000 45 2 1356 6
7f1f7351c000 72 2 1431 6
7f1f7351b000 70 2 1504 6
7f1f73520000 77 3 1586 6
7f1f733a8000 73 4 1664 6
7f1f73501000 28 2 1695 6
7f1f73344000 32 3 1731 7
1738 7
0x483000
483000 42 16 59 1
484000 41 30 131 2
7f1f733b8000 66 36 234 3
7f1f733b7000 63 45 342 3
7f1f733b6000 97 27 467 3
430000 18 6 492 4
7f1f733ad000 57 10 559 4
7f1f733ac000 49 5 614 4
7f1f733ab000 46 5 666 4
7f1f73396000 68 13 748 4
7f1f7352a000 57 10 816 6
7f1f73535000 107 4 928 6
7f1f73534000 80 3 1012 6
7f1f73533000 102 5 1120 6
7f1f73519000 34 1 1156 6
7f1f7351a000 67 2 1226 6
7f1f7351f000 38 1 1267 6
7f1f7351e000 42 1 1311 6
7f1f7351d000 47 1 1359 6
7f1f7351c000 72 2 1434 6
7f1f7351b000 69 3 1507 6
7f1f73520000 76 4 1589 6
7f1f733a8000 72 4 1666 6
7f1f73501000 29 2 1698 6
7f1f73344000 32 3 1733 7
1740 7
0x452000
452000 41 14 56 1
430000 19 8 84 2
7f1f73481000 56 20 161 2
471000 35 9 206 3
470000 34 8 249 3
7f1f7351f000 38 8 296 3
7f1f7351e000 41 7 345 3
7f1f7351d000 46 10 402 3
7f1f7351c000 72 13 488 4
7f1f7351b000 69 11 569 4
7f1f7351a000 69 9 648 4
7f1f733ad000 58 10 717 4
7f1f733ac000 50 5 773 4
7f1f733ab000 46 5 825 4
7f1f73519000 34 6 867 5
7f1f7352a000 58 7 933 6
7f1f73535000 108 5 1047 6
7f1f73534000 81 3 1132 6
7f1f73533000 102 5 1240 6
7f1f73501000 28 2 1272 6
7f1f73527000 59 2 1334 6
7f1f7340a000 55 6 1397 7
1407 7
0x44e000
44e000 47 14 61 0
430000 19 9 90 1
431000 22 8 120 1
433000 42 11 174 3
440000 38 13 226 3
455000 25 10 262 3
453000 39 12 314 3
7f1f7352b000 62 15 391 6
471000 36 1 428 6
470000 35 2 466 6
7f1f7351f000 39 2 508 6
7f1f7351e000 43 1 553 6
7f1f7351d000 47 2 603 6
7f1f7351c000 71 3 679 7
685 7
0x48f000
48f000 25 12 37 0
477000 39 15 92 1
430000 19 8 120 2
432000 21 7 149 2
7f1f733ad000 58 16 224 3
7f1f733ac000 51 7 282 3
7f1f733ab000 46 6 335 3
43b000 38 15 390 3
43a000 55 13 459 3
471000 36 7 504 3
470000 35 8 548 3
7f1f7351f000 39 8 596 3
7f1f7351e000 42 7 646 3
7f1f7351d000 46 10 703 3
7f1f7351c000 72 13 790 4
7f1f7351b000 70 11 872 4
7f1f7351a000 68 9 950 4
7f1f73519000 34 7 992 5
7f1f7352a000 57 7 1057 6
7f1f73535000 108 4 1170 6
7f1f73534000 81 2 1255 6
7f1f73533000 102 5 1364 6
7f1f73501000 28 2 1396 6
7f1f73527000 59 2 1458 6
7f1f7340a000 55 6 1521 7
1533 7
0x491000
491000 29 14 44 2
490000 26 9 80 2
430000 19 7 107 3
441000 55 13 175 3
440000 38 13 227 3
472000 43 10 280 3
471000 35 7 323 4
470000 34 6 364 4
7f1f7351f000 40 5 410 4
7f1f7351e000 43 5 459 4
7f1f7351d000 46 7 513 4
7f1f7351c000 72 9 596 5
7f1f7351b000 69 7 674 5
7f1f7351a000 68 6 750 5
7f1f733ad000 58 6 815 5
7f1f733ac000 50 4 870 5
7f1f733ab000 46 4 921 5
7f1f73519000 34 5 961 5
7f1f7352a000 57 7 1026 6
7f1f73535000 107 5 1140 6
7f1f73534000 80 3 1224 6
7f1f73533000 102 6 1333 6
7f1f73501000 29 2 1365 6
7f1f73527000 60 2 1427 6
7f1f7340a000 55 6 1489 7
1502 7
