0x555c81c3b000
555c81c3b000 57 18 76 3
555c81ca2000 783 88 948 4
555c81ca1000 429 35 1413 4
555c81c3a000 33 5 1453 4
555c81c68000 55 9 1518 4
555c81c67000 55 7 1581 4
555c81c66000 28 4 1614 4
555c81c97000 59 9 1683 5
555c81c96000 40 7 1731 6
555c81c7a000 43 3 1778 6
555c81c79000 39 3 1821 6
555c81c7b000 52 2 1876 6
555c81c39000 17 1 1896 6
555c81c4e000 43 3 1943 6
555c81c70000 39 2 1985 6
555c81c8c000 31 2 2020 6
555c81c8b000 40 3 2064 6
555c81c8a000 50 3 2118 6
555c81c89000 50 3 2172 6
555c81c6d000 47 2 2222 6
555c81c4d000 41 2 2265 6
555c81c4c000 38 2 2306 6
555c81c7d000 54 2 2364 6
555c81c7c000 47 3 2415 6
555c81c6e000 46 2 2464 6
555c81c8e000 47 2 2514 6
555c81c8d000 28 1 2544 7
2570 7
0x555c81ca2000
555c81ca2000 785 135 920 3
555c81ca1000 427 45 1392 4
555c81c3a000 33 5 1431 4
555c81c68000 56 8 1496 4
555c81c67000 55 7 1559 4
555c81c66000 27 5 1592 4
555c81c97000 59 8 1660 5
555c81c96000 41 6 1708 6
555c81c7a000 44 3 1756 6
555c81c79000 40 2 1798 6
555c81c7b000 52 3 1854 6
555c81c39000 17 1 1873 6
555c81c4e000 44 2 1920 6
555c81c70000 40 2 1963 6
555c81c8c000 32 2 1998 6
555c81c8b000 41 2 2041 6
555c81c8a000 51 2 2095 6
555c81c89000 50 3 2150 6
555c81c6d000 47 2 2200 6
555c81c4d000 41 2 2243 6
555c81c4c000 38 1 2283 6
555c81c7d000 54 2 2342 6
555c81c7c000 47 3 2393 6
555c81c3b000 53 2 2449 6
555c81c60000 58 3 2511 6
555c81c82000 39 2 2553 6
555c81c8f000 46 3 2603 6
555c81c8e000 46 2 2652 6
555c81c8d000 28 1 2682 7
2710 7
0x555c81ca1000
555c81ca1000 431 72 503 1
503 1
0x555c81c3a000
555c81c3a000 33 11 45 1
555c81c68000 56 16 118 2
555c81ca1000 431 54 604 3
555c81ca2000 790 88 1483 4
555c81c67000 55 7 1546 4
555c81c66000 28 4 1579 4
555c81c97000 60 8 1648 5
555c81c96000 40 7 1696 6
555c81c7a000 43 3 1743 6
555c81c79000 39 3 1786 6
555c81c7b000 52 2 1841 6
555c81c39000 17 1 1861 6
555c81c4e000 43 3 1908 6
555c81c70000 39 2 1950 6
555c81c8c000 31 2 1985 6
555c81c8b000 40 2 2028 6
555c81c8a000 51 2 2082 6
555c81c89000 51 3 2137 6
555c81c6d000 46 3 2187 6
555c81c4d000 41 2 2230 6
555c81c4c000 38 1 2270 6
555c81c7d000 53 3 2329 6
555c81c7c000 46 4 2380 6
555c81c3b000 53 3 2436 6
555c81c60000 57 3 2497 6
555c81c82000 38 2 2539 6
555c81c8f000 47 2 2589 6
555c81c8e000 47 1 2638 6
555c81c8d000 28 2 2669 7
2697 7
0x555c81c68000
555c81c68000 56 17 73 2
555c81ca1000 427 54 555 3
555c81ca2000 784 88 1428 4
555c81c3a000 33 5 1467 4
555c81c3b000 54 8 1530 4
555c81c60000 57 10 1598 4
555c81c97000 60 8 1666 5
555c81c96000 40 7 1714 6
555c81c7a000 43 3 1761 6
555c81c79000 39 3 1804 6
555c81c7b000 52 3 1860 6
555c81c39000 17 1 1879 6
555c81c4e000 43 3 1926 6
555c81c70000 39 3 1969 6
555c81c8c000 31 2 2003 6
555c81c8b000 40 3 2047 6
555c81c8a000 51 2 2101 6
555c81c89000 51 3 2156 6
555c81c6d000 46 3 2206 6
555c81c4d000 41 2 2249 6
555c81c4c000 37 2 2289 6
555c81c7d000 54 3 2348 6
555c81c7c000 47 3 2398 6
555c81c6e000 46 2 2448 6
555c81c8e000 47 1 2497 6
555c81c8d000 28 2 2528 7
2550 7
0x555c81c67000
555c81c67000 56 15 71 3
555c81ca2000 787 88 947 4
555c81ca1000 427 35 1410 4
555c81c3a000 34 5 1450 4
555c81c68000 55 8 1514 4
555c81c9a000 61 10 1586 4
555c81c73000 48 8 1643 5
555c81c4a000 52 6 1702 5
555c81c5c000 45 3 1751 5
555c81c99000 48 3 1803 5
555c81c75000 69 7 1880 5
555c81c74000 52 3 1936 5
555c81c4d000 41 4 1982 5
555c81c4c000 37 3 2023 5
555c81c97000 59 4 2088 6
555c81c96000 41 3 2133 6
555c81c7a000 43 3 2180 6
555c81c79000 39 3 2223 6
555c81c7b000 52 2 2278 6
555c81c39000 18 1 2298 6
555c81c4e000 44 3 2345 6
555c81c70000 39 3 2388 6
555c81c8c000 31 2 2422 6
555c81c8b000 40 3 2466 6
555c81c8a000 51 2 2520 6
555c81c89000 51 3 2575 6
555c81c6d000 47 2 2625 6
555c81c85000 35 3 2663 6
555c81c84000 37 3 2704 6
555c81c83000 60 3 2768 7
2797 7
0x555c81c66000
555c81c66000 28 10 38 1
555c81c97000 59 16 114 3
555c81ca2000 789 90 994 4
555c81ca1000 427 36 1458 5
555c81c3a000 34 4 1497 5
555c81c68000 56 6 1560 5
555c81c67000 55 6 1622 5
555c81c39000 17 4 1644 5
555c81c4e000 44 6 1695 6
555c81c70000 40 2 1738 6
555c81c8c000 31 2 1772 6
555c81c8b000 40 3 1816 6
555c81c8a000 50 3 1870 6
555c81c89000 51 2 1924 6
555c81c6d000 47 2 1974 6
555c81c4d000 41 2 2018 6
555c81c4c000 37 2 2058 6
555c81c7d000 54 2 2116 6
555c81c7c000 47 3 2167 6
555c81c3b000 53 3 2224 6
555c81c60000 57 3 2285 6
555c81c82000 38 2 2327 6
555c81c8f000 46 3 2377 6
555c81c8e000 46 2 2426 6
555c81c8d000 28 2 2457 7
2480 7
0x555c81c97000
555c81c97000 59 18 78 3
555c81ca2000 786 90 955 4
555c81ca1000 428 36 1420 5
555c81c3a000 34 4 1459 5
555c81c68000 55 7 1522 5
555c81c67000 55 6 1584 5
555c81c66000 28 4 1617 5
555c81c73000 48 7 1673 6
555c81c4a000 51 3 1728 6
555c81c5c000 45 2 1777 6
555c81c99000 47 2 1827 6
555c81c75000 69 4 1901 6
555c81c74000 52 3 1957 6
555c81c4d000 40 3 2001 6
555c81c4c000 37 2 2041 6
555c81c7d000 54 2 2099 6
555c81c7c000 47 3 2150 6
555c81c3b000 53 3 2207 6
555c81c60000 57 3 2268 6
555c81c4e000 44 3 2316 6
555c81c70000 39 3 2359 6
555c81c39000 17 1 2378 6
555c81c8c000 31 2 2412 6
555c81c8b000 40 3 2456 6
555c81c8a000 50 3 2510 6
555c81c89000 51 3 2565 6
555c81c6d000 46 3 2615 6
555c81c85000 35 3 2653 6
555c81c84000 37 2 2693 6
555c81c83000 61 3 2758 7
2786 7
0x555c81c96000
555c81c96000 41 18 59 4
555c81c68000 56 7 123 4
555c81ca1000 426 34 584 4
555c81ca2000 785 69 1439 5
555c81c3a000 34 2 1475 5
555c81c3b000 53 4 1533 5
555c81c60000 57 5 1597 5
555c81c97000 60 4 1662 6
555c81c49000 38 2 1703 6
555c81c6c000 51 3 1758 6
555c81c91000 56 2 1816 6
555c81c90000 63 3 1883 6
555c81c8f000 46 3 1933 6
555c81c8e000 46 2 1982 6
555c81c8d000 28 1 2012 7
2025 7
0x555c81c7a000
555c81c7a000 43 18 62 2
555c81ca2000 786 107 955 4
555c81ca1000 427 37 1420 5
555c81c3a000 34 4 1459 5
555c81c68000 55 7 1522 5
555c81c67000 55 6 1584 5
555c81c66000 27 5 1617 5
555c81c97000 60 6 1683 5
555c81c96000 41 6 1731 6
555c81c95000 37 2 1771 6
555c81c4e000 44 3 1819 6
555c81c70000 39 2 1861 6
555c81c39000 17 2 1881 6
555c81c8c000 31 2 1914 6
555c81c8b000 41 2 1958 6
555c81c8a000 51 2 2012 6
555c81c89000 51 3 2067 6
555c81c6d000 47 2 2117 6
555c81c4d000 40 3 2161 6
555c81c4c000 37 2 2201 6
555c81c7d000 54 3 2260 6
555c81c7c000 47 3 2310 6
555c81c3b000 54 2 2367 6
555c81c60000 58 3 2429 6
555c81c82000 39 2 2471 6
555c81c8f000 46 3 2521 6
555c81c8e000 46 2 2570 6
555c81c8d000 28 2 2601 7
2629 7
0x555c81c79000
555c81c79000 39 19 58 2
555c81ca1000 426 55 540 2
555c81c3a000 34 8 583 2
555c81c68000 55 14 653 3
555c81ca2000 787 89 1530 4
555c81c67000 55 8 1593 4
555c81c66000 28 5 1626 4
555c81c97000 59 8 1694 5
555c81c96000 41 6 1742 6
555c81c7a000 44 2 1789 6
555c81c39000 18 1 1809 6
555c81c4e000 45 2 1856 6
555c81c70000 40 2 1899 6
555c81c8c000 31 2 1933 6
555c81c8b000 40 3 1977 6
555c81c8a000 51 2 2031 6
555c81c89000 51 3 2086 6
555c81c6d000 47 2 2136 6
555c81c4d000 40 3 2180 6
555c81c4c000 37 2 2220 6
555c81c7d000 54 2 2278 6
555c81c7c000 47 3 2329 6
555c81c3b000 53 3 2386 6
555c81c60000 57 3 2447 6
555c81c82000 38 2 2489 6
555c81c8f000 47 2 2539 6
555c81c8e000 47 1 2588 6
555c81c8d000 28 2 2619 7
2646 7
0x555c81c7b000
555c81c7b000 52 18 70 2
555c81c3a000 34 8 112 2
555c81c68000 56 13 182 3
555c81ca1000 427 45 655 3
555c81ca2000 787 88 1531 4
555c81c67000 55 7 1594 4
555c81c66000 28 5 1628 4
555c81c97000 59 8 1696 5
555c81c96000 40 7 1744 6
555c81c7a000 43 3 1791 6
555c81c79000 39 3 1834 6
555c81c3c000 48 2 1885 6
555c81c51000 56 3 1946 6
555c81c50000 37 1 1985 6
555c81c4f000 53 3 2042 6
555c81c39000 17 2 2062 6
555c81c8b000 40 3 2106 6
555c81c8a000 50 3 2160 6
555c81c4e000 44 2 2207 6
555c81c70000 40 2 2250 6
555c81c8c000 31 2 2284 6
555c81c8d000 29 1 2315 7
2340 7
0x555c81c39000
555c81c39000 17 9 26 1
26 1
0x555c81c4e000
555c81c4e000 44 17 61 3
555c81c3a000 34 5 101 3
555c81c68000 56 10 168 3
555c81ca1000 426 43 637 4
555c81ca2000 785 69 1492 5
555c81c67000 55 4 1551 5
555c81c66000 28 2 1582 5
555c81c97000 59 4 1646 6
555c81c96000 41 3 1691 6
555c81c7a000 43 3 1738 6
555c81c79000 40 3 1781 6
555c81c7b000 51 3 1836 6
555c81c39000 18 1 1856 6
555c81c6c000 51 3 1911 6
555c81c3c000 48 2 1962 6
555c81c51000 56 3 2022 6
555c81c50000 37 2 2062 6
555c81c4f000 52 3 2118 6
555c81c8b000 40 2 2163 6
555c81c8a000 51 3 2218 6
555c81c89000 51 3 2273 6
555c81c6d000 46 3 2323 6
555c81c4d000 41 3 2367 6
555c81c4c000 38 2 2407 6
555c81c7d000 54 2 2465 6
555c81c7c000 47 3 2516 6
555c81c3b000 53 3 2573 6
555c81c60000 57 3 2634 6
555c81c82000 38 2 2676 6
555c81c8f000 46 3 2726 6
555c81c8e000 47 1 2775 6
555c81c8d000 28 2 2806 7
2836 7
0x555c81c70000
555c81c70000 39 14 54 2
555c81ca2000 787 105 947 3
555c81ca1000 428 45 1421 4
555c81c3a000 33 5 1460 4
555c81c68000 56 8 1525 4
555c81c67000 55 7 1588 4
555c81c66000 28 5 1622 4
555c81c97000 60 8 1690 5
555c81c96000 40 7 1738 6
555c81c7a000 43 3 1785 6
555c81c79000 39 3 1828 6
555c81c7b000 52 3 1884 6
555c81c39000 17 1 1903 6
555c81c4e000 44 3 1951 6
555c81c99000 48 2 2002 6
555c81c75000 69 4 2076 6
555c81c74000 52 2 2131 6
555c81c4d000 41 2 2175 6
555c81c4c000 38 2 2216 6
555c81c7d000 54 2 2274 6
555c81c7c000 47 3 2325 6
555c81c3b000 53 3 2382 6
555c81c60000 58 3 2444 6
555c81c82000 38 2 2486 6
555c81c8f000 46 3 2536 6
555c81c8e000 47 1 2585 6
555c81c8d000 28 2 2616 7
2643 7
0x555c81c8c000
555c81c8c000 31 14 45 1
555c81c8b000 41 15 101 3
555c81c8a000 50 10 162 5
555c81ca2000 784 52 999 5
555c81ca1000 427 23 1449 5
555c81c3a000 34 2 1486 5
555c81c68000 55 5 1547 5
555c81c67000 56 3 1606 5
555c81c66000 28 2 1637 5
555c81c97000 59 5 1702 6
555c81c96000 40 3 1746 6
555c81c7a000 43 3 1793 6
555c81c79000 39 3 1836 6
555c81c7b000 52 3 1892 6
555c81c39000 17 1 1911 6
555c81c4e000 44 2 1958 6
555c81c70000 40 2 2001 6
555c81c71000 45 3 2051 6
555c81c77000 45 2 2099 6
555c81c76000 44 2 2146 6
555c81c75000 69 4 2220 6
555c81c74000 52 2 2275 6
555c81c4d000 41 2 2319 6
555c81c4c000 38 2 2360 6
555c81c7d000 54 2 2418 6
555c81c7c000 47 3 2469 6
555c81c3b000 53 3 2526 6
555c81c60000 57 3 2587 6
555c81c82000 38 2 2629 6
555c81c8f000 46 3 2679 6
555c81c8e000 47 2 2729 6
555c81c8d000 28 1 2759 7
2792 7
0x555c81c8b000
555c81c8b000 40 17 58 3
555c81c8a000 50 10 119 5
555c81ca2000 784 52 956 5
555c81ca1000 426 24 1407 5
555c81c3a000 33 3 1444 5
555c81c68000 56 5 1505 5
555c81c67000 55 4 1565 5
555c81c66000 28 2 1595 5
555c81c97000 59 5 1660 6
555c81c96000 40 3 1704 6
555c81c7a000 43 3 1751 6
555c81c79000 39 3 1794 6
555c81c7b000 52 2 1849 6
555c81c39000 17 1 1869 6
555c81c4e000 44 2 1916 6
555c81c70000 40 2 1959 6
555c81c8c000 32 2 1994 6
555c81c8d000 28 1 2024 7
2044 7
0x555c81c8a000
555c81c8a000 50 17 68 3
555c81ca2000 784 85 938 4
555c81ca1000 426 33 1398 5
555c81c3a000 33 3 1435 5
555c81c68000 55 4 1495 5
555c81c67000 55 4 1555 5
555c81c66000 28 2 1586 5
555c81c97000 59 4 1650 6
555c81c96000 41 2 1694 6
555c81c7a000 44 3 1742 6
555c81c79000 40 3 1785 6
555c81c7b000 52 2 1840 6
555c81c39000 18 1 1860 6
555c81c4e000 44 2 1907 6
555c81c70000 40 2 1950 6
555c81c8c000 31 2 1984 6
555c81c8b000 41 2 2028 6
555c81c93000 50 3 2083 6
555c81c47000 38 2 2123 6
555c81c46000 45 2 2171 6
555c81c73000 48 2 2223 6
555c81c4a000 52 3 2279 6
555c81c5c000 45 3 2328 6
555c81c99000 47 2 2378 6
555c81c75000 69 4 2452 6
555c81c74000 52 2 2507 6
555c81c4d000 41 2 2551 6
555c81c4c000 37 2 2591 6
555c81c7d000 53 3 2650 6
555c81c7c000 46 4 2701 6
555c81c3b000 54 2 2757 6
555c81c60000 58 3 2819 6
555c81c82000 38 2 2861 6
555c81c8f000 46 3 2911 6
555c81c8e000 47 2 2961 6
555c81c8d000 28 1 2991 7
3027 7
0x555c81c89000
555c81c89000 51 18 69 4
555c81ca1000 430 34 534 4
555c81c3a000 34 4 573 4
555c81c68000 56 7 637 4
555c81ca2000 796 68 1502 5
555c81c67000 56 3 1562 5
555c81c66000 28 2 1593 5
555c81c97000 60 4 1658 6
555c81c96000 41 3 1703 6
555c81c7a000 44 3 1750 6
555c81c79000 39 3 1793 6
555c81c7b000 53 3 1850 6
555c81c39000 17 2 1870 6
555c81c4e000 45 2 1917 6
555c81c70000 40 2 1960 6
555c81c8c000 31 2 1995 6
555c81c8b000 41 2 2039 6
555c81c8a000 52 2 2094 6
555c81c93000 51 3 2151 6
555c81c47000 39 2 2192 6
555c81c46000 45 2 2240 6
555c81c73000 48 3 2292 6
555c81c4a000 51 4 2348 6
555c81c5c000 45 2 2396 6
555c81c99000 48 2 2447 6
555c81c75000 69 4 2521 6
555c81c74000 52 2 2576 6
555c81c4d000 41 2 2620 6
555c81c4c000 38 2 2661 6
555c81c7d000 54 2 2719 6
555c81c7c000 47 3 2770 6
555c81c3b000 53 2 2826 6
555c81c60000 57 3 2888 6
555c81c82000 38 2 2930 6
555c81c8f000 46 3 2980 6
555c81c8e000 47 1 3029 6
555c81c8d000 28 2 3060 7
3095 7
0x555c81c6d000
555c81c6d000 46 16 62 3
62 3
0x555c81c4d000
555c81c4d000 41 15 56 3
555c81c4c000 38 6 101 4
555c81ca2000 787 68 957 5
555c81ca1000 427 23 1408 5
555c81c3a000 34 2 1445 5
555c81c68000 55 5 1506 5
555c81c67000 56 3 1565 5
555c81c66000 28 2 1596 5
555c81c97000 59 5 1661 6
555c81c96000 41 2 1705 6
555c81c7a000 44 3 1753 6
555c81c79000 39 3 1796 6
555c81c7b000 52 2 1851 6
555c81c39000 17 1 1871 6
555c81c4e000 43 3 1918 6
555c81c70000 39 3 1961 6
555c81c8c000 31 2 1995 6
555c81c8b000 40 3 2039 6
555c81c8a000 51 2 2093 6
555c81c89000 51 2 2147 6
555c81c6d000 46 3 2198 6
555c81c75000 69 5 2272 6
555c81c74000 51 3 2327 6
555c81c73000 48 3 2379 6
555c81c4a000 51 3 2434 6
555c81c5c000 45 3 2483 6
555c81c99000 47 2 2533 6
555c81c5e000 51 2 2587 6
555c81c5d000 52 3 2643 6
555c81c78000 41 4 2689 6
555c81c6c000 50 3 2743 6
555c81c7d000 54 2 2800 6
555c81c7c000 47 3 2851 6
555c81c3b000 53 3 2908 6
555c81c60000 57 4 2970 6
555c81c82000 39 2 3012 6
555c81c8f000 46 3 3062 6
555c81c8e000 46 2 3111 6
555c81c8d000 28 1 3141 7
3180 7
0x555c81c4c000
555c81c4c000 38 12 50 2
555c81ca2000 785 104 940 3
555c81ca1000 429 45 1415 4
555c81c3a000 34 4 1454 4
555c81c68000 56 9 1520 4
555c81c67000 56 7 1583 4
555c81c66000 28 5 1617 4
555c81c97000 59 9 1686 5
555c81c96000 40 7 1734 6
555c81c7a000 44 2 1781 6
555c81c79000 40 3 1825 6
555c81c7b000 52 3 1881 6
555c81c39000 17 1 1900 6
555c81c4e000 44 3 1948 6
555c81c70000 39 2 1990 6
555c81c8c000 31 2 2025 6
555c81c8b000 41 2 2069 6
555c81c8a000 51 3 2124 6
555c81c89000 51 3 2179 6
555c81c6d000 47 2 2229 6
555c81c4d000 41 3 2273 6
555c81c7d000 54 2 2330 6
555c81c7c000 48 3 2382 6
555c81c3b000 53 3 2439 6
555c81c60000 58 3 2501 6
555c81c82000 39 3 2544 6
555c81c8f000 46 3 2594 6
555c81c8e000 47 1 2643 6
555c81c8d000 29 1 2674 7
2703 7
0x555c81c7d000
555c81c7d000 54 16 71 2
555c81c3a000 34 9 114 2
555c81c68000 56 14 184 2
555c81ca1000 430 55 670 3
555c81ca2000 791 88 1550 4
555c81c67000 55 7 1613 4
555c81c66000 28 5 1647 4
555c81c97000 59 8 1715 5
555c81c96000 41 6 1763 6
555c81c7a000 44 2 1810 6
555c81c79000 40 2 1853 6
555c81c7b000 51 3 1909 6
555c81c39000 17 2 1929 6
555c81c4e000 44 3 1976 6
555c81c70000 39 2 2018 6
555c81c8c000 31 2 2053 6
555c81c8b000 40 3 2097 6
555c81c8a000 51 2 2151 6
555c81c89000 51 3 2206 6
555c81c6d000 47 2 2256 6
555c81c4d000 40 3 2300 6
555c81c4c000 37 2 2340 6
555c81c5d000 52 3 2398 6
555c81c78000 41 4 2444 6
555c81c75000 69 4 2518 6
555c81c74000 53 2 2574 6
555c81c73000 48 3 2626 6
555c81c4a000 52 3 2682 6
555c81c5c000 45 2 2731 6
555c81c99000 48 3 2783 6
555c81c5e000 51 2 2837 6
555c81c64000 46 3 2888 6
555c81c63000 45 2 2936 6
555c81c77000 44 3 2985 6
555c81c76000 44 2 3032 6
555c81c85000 36 2 3072 6
555c81c84000 38 2 3113 6
555c81c83000 61 4 3179 7
3215 7
0x555c81c7c000
555c81c7c000 48 20 68 1
555c81c3b000 53 17 139 3
555c81ca2000 795 88 1022 4
555c81ca1000 431 35 1489 4
555c81c3a000 34 5 1529 4
555c81c68000 56 8 1594 4
555c81c67000 56 7 1658 4
555c81c66000 28 4 1691 4
555c81c97000 60 8 1760 5
555c81c96000 41 7 1809 6
555c81c7a000 44 2 1856 6
555c81c79000 40 3 1900 6
555c81c7b000 52 3 1956 6
555c81c39000 17 1 1975 6
555c81c4e000 44 3 2023 6
555c81c70000 40 2 2066 6
555c81c8c000 31 2 2100 6
555c81c8b000 41 3 2145 6
555c81c8a000 51 2 2199 6
555c81c89000 51 3 2254 6
555c81c6d000 47 3 2305 6
555c81c4d000 42 2 2349 6
555c81c4c000 38 1 2389 6
555c81c7d000 54 2 2448 6
555c81c73000 49 3 2501 6
555c81c4a000 51 4 2557 6
555c81c5c000 45 3 2606 6
555c81c99000 47 3 2657 6
555c81c75000 69 4 2731 6
555c81c74000 52 2 2786 6
555c81c42000 52 3 2842 6
555c81c71000 45 3 2892 6
555c81c77000 44 3 2940 6
555c81c76000 45 2 2987 6
555c81c85000 35 2 3026 6
555c81c84000 38 2 3067 6
555c81c83000 60 4 3132 7
3168 7
0x555c81c6e000
555c81c6e000 46 14 60 2
555c81ca1000 428 56 545 3
555c81c6d000 47 11 604 4
555c81ca2000 786 74 1464 5
555c81c3a000 34 4 1502 5
555c81c68000 56 6 1565 5
555c81c67000 55 6 1627 5
555c81c66000 28 4 1660 5
555c81c97000 59 7 1727 5
555c81c96000 40 7 1775 6
555c81c7a000 43 3 1822 6
555c81c79000 39 3 1865 6
555c81c7b000 52 2 1920 6
555c81c39000 17 1 1940 6
555c81c4e000 44 2 1987 6
555c81c70000 40 2 2030 6
555c81c8c000 31 2 2064 6
555c81c8b000 41 2 2108 6
555c81c8a000 51 2 2162 6
555c81c89000 51 2 2216 6
555c81c4d000 40 3 2261 6
555c81c4c000 38 2 2301 6
555c81c7d000 54 2 2359 6
555c81c7c000 47 3 2410 6
555c81c3b000 53 3 2467 6
555c81c60000 57 3 2528 6
555c81c82000 38 2 2570 6
555c81c8f000 46 3 2620 6
555c81c8e000 47 1 2669 6
555c81c8d000 29 1 2700 7
2730 7
0x555c81c8e000
555c81c8e000 46 13 60 1
555c81ca2000 790 121 972 3
555c81ca1000 430 44 1447 4
555c81c3a000 34 5 1487 4
555c81c68000 56 8 1552 4
555c81c67000 55 7 1615 4
555c81c66000 28 5 1649 4
555c81c97000 60 8 1718 5
555c81c96000 40 7 1766 6
555c81c7a000 44 3 1814 6
555c81c79000 40 3 1857 6
555c81c7b000 52 3 1913 6
555c81c39000 17 1 1932 6
555c81c4e000 44 2 1979 6
555c81c70000 40 2 2022 6
555c81c8c000 31 2 2057 6
555c81c8b000 41 2 2101 6
555c81c8a000 51 3 2156 6
555c81c89000 51 3 2211 6
555c81c6d000 47 3 2262 6
555c81c4d000 41 2 2305 6
555c81c4c000 38 2 2346 6
555c81c7d000 54 3 2405 6
555c81c7c000 48 3 2456 6
555c81c3b000 53 3 2513 6
555c81c60000 58 3 2575 6
555c81c82000 39 2 2617 6
555c81c8f000 47 2 2667 6
555c81c9b000 42 3 2713 6
555c81c83000 61 3 2779 7
2808 7
0x555c81c8d000
555c81c8d000 28 11 39 1
555c81c8c000 31 12 83 2
555c81c8b000 41 13 137 4
555c81c8a000 51 7 196 6
555c81ca2000 793 35 1025 6
555c81ca1000 430 15 1471 6
555c81c3a000 33 1 1506 6
555c81c68000 56 2 1565 6
555c81c67000 55 1 1622 6
555c81c66000 28 1 1652 6
555c81c97000 60 2 1714 7
1727 7
0x555c81c80000
555c81c80000 51 14 66 1
555c81c3a000 34 10 111 1
555c81c68000 56 17 184 2
555c81ca1000 430 55 670 3
555c81ca2000 795 88 1554 4
555c81c67000 55 8 1618 4
555c81c66000 27 5 1651 4
555c81c97000 60 8 1720 5
555c81c96000 41 7 1769 6
555c81c7a000 43 3 1816 6
555c81c79000 39 3 1859 6
555c81c7b000 52 3 1915 6
555c81c39000 17 2 1935 6
555c81c4e000 45 2 1982 6
555c81c70000 40 2 2025 6
555c81c8c000 32 2 2060 6
555c81c8b000 41 3 2104 6
555c81c8a000 50 3 2158 6
555c81c89000 51 3 2213 6
555c81c6d000 47 3 2264 6
555c81c4d000 41 2 2307 6
555c81c4c000 38 2 2348 6
555c81c7d000 54 3 2407 6
555c81c7c000 47 3 2458 6
555c81c3b000 53 3 2515 6
555c81c60000 58 3 2577 6
555c81c82000 38 2 2619 6
555c81c8f000 47 3 2670 6
555c81c8e000 47 1 2719 6
555c81c8d000 29 1 2750 7
2780 7
0x555c81c7f000
555c81c7f000 41 12 53 1
555c81c41000 60 17 131 3
555c81c97000 60 11 203 4
555c81ca2000 794 74 1072 5
555c81ca1000 430 27 1530 5
555c81c3a000 33 5 1570 5
555c81c68000 56 7 1633 5
555c81c67000 55 6 1695 5
555c81c66000 28 4 1728 5
555c81c73000 48 7 1784 6
555c81c4a000 52 3 1840 6
555c81c5c000 46 2 1889 6
555c81c99000 48 2 1940 6
555c81c75000 70 4 2015 6
555c81c74000 52 2 2070 6
555c81c4d000 40 3 2115 6
555c81c4c000 37 2 2155 6
555c81c7d000 54 2 2214 6
555c81c7c000 47 3 2265 6
555c81c3b000 54 2 2322 6
555c81c60000 57 4 2385 6
555c81c4e000 44 3 2433 6
555c81c70000 40 2 2476 6
555c81c39000 17 1 2495 6
555c81c8c000 31 2 2529 6
555c81c8b000 41 2 2573 6
555c81c8a000 51 3 2628 6
555c81c89000 51 3 2683 6
555c81c6d000 47 2 2733 6
555c81c85000 35 3 2772 6
555c81c84000 38 2 2813 6
555c81c83000 61 3 2878 7
2909 7
0x555c81c41000
555c81c41000 61 18 79 3
555c81c97000 60 11 151 4
555c81ca2000 789 74 1015 5
555c81ca1000 428 27 1470 5
555c81c3a000 34 4 1509 5
555c81c68000 56 6 1572 5
555c81c67000 55 6 1634 5
555c81c66000 28 4 1667 5
555c81c73000 48 6 1722 6
555c81c4a000 52 3 1778 6
555c81c5c000 45 3 1827 6
555c81c99000 47 3 1878 6
555c81c75000 68 5 1952 6
555c81c74000 51 3 2007 6
555c81c4d000 40 3 2051 6
555c81c4c000 37 2 2091 6
555c81c7d000 54 2 2149 6
555c81c7c000 47 3 2200 6
555c81c3b000 53 3 2257 6
555c81c60000 57 4 2319 6
555c81c4e000 44 3 2367 6
555c81c70000 39 2 2409 6
555c81c39000 18 1 2429 6
555c81c8c000 32 2 2463 6
555c81c8b000 40 3 2507 6
555c81c8a000 51 2 2561 6
555c81c89000 51 3 2616 6
555c81c6d000 47 2 2666 6
555c81c85000 35 2 2704 6
555c81c84000 38 2 2745 6
555c81c83000 61 3 2810 7
2840 7
0x555c81c40000
555c81c40000 43 20 64 5
555c81c3a000 33 4 102 5
555c81c68000 55 6 164 5
555c81ca1000 430 26 621 5
555c81ca2000 795 55 1473 5
555c81c67000 56 5 1535 5
555c81c66000 27 4 1567 5
555c81c97000 60 5 1633 6
555c81c96000 41 4 1679 7
1690 7
0x555c81c69000
555c81c69000 52 21 73 4
555c81ca2000 787 71 932 5
555c81ca1000 428 25 1385 6
555c81c3a000 34 1 1421 6
555c81c68000 56 2 1480 6
555c81c67000 55 3 1539 6
555c81c66000 27 2 1569 6
555c81c97000 59 3 1632 6
555c81c96000 40 3 1676 6
555c81c7a000 43 3 1723 6
555c81c79000 39 3 1766 6
555c81c7b000 52 3 1822 6
555c81c39000 17 1 1841 6
555c81c4e000 44 2 1888 6
555c81c70000 40 2 1931 6
555c81c8c000 32 2 1966 6
555c81c8b000 40 3 2010 6
555c81c8a000 51 2 2064 6
555c81c89000 51 3 2119 6
555c81c6d000 47 2 2169 6
555c81c4d000 41 2 2213 6
555c81c4c000 37 2 2253 6
555c81c7d000 54 3 2312 6
555c81c7c000 47 3 2363 6
555c81c3b000 53 3 2420 6
555c81c60000 57 4 2482 6
555c81c82000 39 2 2524 6
555c81c8f000 46 3 2574 6
555c81c8e000 46 2 2623 6
555c81c8d000 28 1 2653 7
2683 7
0x555c81c43000
555c81c43000 55 21 76 3
555c81c3a000 33 6 116 3
555c81c68000 56 9 182 3
555c81ca1000 430 42 655 4
555c81ca2000 791 68 1515 5
555c81c67000 55 4 1575 5
555c81c66000 27 2 1605 5
555c81c97000 60 4 1670 6
555c81c96000 40 3 1714 6
555c81c7a000 44 2 1761 6
555c81c79000 40 2 1804 6
555c81c7b000 51 3 1860 6
555c81c39000 17 2 1880 6
555c81c4e000 44 3 1927 6
555c81c70000 39 2 1969 6
555c81c8c000 31 2 2004 6
555c81c8b000 40 3 2048 6
555c81c8a000 51 2 2102 6
555c81c89000 51 3 2157 6
555c81c6d000 46 3 2207 6
555c81c4d000 41 3 2251 6
555c81c4c000 37 2 2291 6
555c81c7d000 54 2 2349 6
555c81c7c000 47 3 2400 6
555c81c3b000 54 2 2457 6
555c81c60000 58 3 2519 6
555c81c82000 38 2 2561 6
555c81c8f000 46 3 2611 6
555c81c8e000 47 1 2660 6
555c81c8d000 29 1 2691 7
2720 7
0x555c81c42000
555c81c42000 53 20 73 4
555c81c3a000 34 4 112 4
555c81c68000 55 7 175 4
555c81ca1000 428 33 637 4
555c81ca2000 786 69 1493 5
555c81c67000 55 3 1552 5
555c81c66000 28 2 1583 5
555c81c97000 59 5 1648 6
555c81c96000 40 3 1692 6
555c81c7a000 43 3 1739 6
555c81c79000 39 3 1782 6
555c81c7b000 52 3 1838 6
555c81c39000 17 2 1858 6
555c81c4e000 44 3 1905 6
555c81c70000 39 3 1948 6
555c81c8c000 31 2 1982 6
555c81c8b000 41 2 2026 6
555c81c8a000 51 2 2080 6
555c81c89000 51 3 2135 6
555c81c6d000 47 2 2185 6
555c81c4d000 40 3 2229 6
555c81c4c000 37 2 2269 6
555c81c7d000 54 3 2328 6
555c81c7c000 47 3 2378 6
555c81c3b000 53 3 2435 6
555c81c60000 58 3 2497 6
555c81c82000 39 2 2539 6
555c81c8f000 46 3 2589 6
555c81c8e000 46 2 2638 6
555c81c8d000 28 2 2669 7
2698 7
0x555c81c71000
555c81c71000 46 17 63 2
555c81ca2000 785 104 953 3
555c81ca1000 429 44 1427 4
555c81c3a000 33 5 1467 4
555c81c68000 55 9 1532 4
555c81c67000 55 7 1595 4
555c81c66000 27 5 1628 4
555c81c97000 59 9 1697 5
555c81c96000 40 7 1745 6
555c81c7a000 43 3 1792 6
555c81c79000 39 3 1835 6
555c81c7b000 52 3 1891 6
555c81c39000 17 1 1910 6
555c81c4e000 44 2 1957 6
555c81c70000 40 2 2000 6
555c81c8c000 31 2 2034 6
555c81c8b000 41 2 2078 6
555c81c8a000 51 2 2132 6
555c81c89000 50 3 2187 6
555c81c6d000 47 2 2237 6
555c81c4d000 40 3 2281 6
555c81c4c000 37 2 2321 6
555c81c7d000 54 3 2380 6
555c81c7c000 46 4 2431 6
555c81c3b000 53 2 2487 6
555c81c60000 58 3 2549 6
555c81c82000 38 2 2591 6
555c81c8f000 46 3 2641 6
555c81c8e000 47 2 2691 6
555c81c8d000 29 1 2721 7
2751 7
0x555c81c77000
555c81c77000 45 14 59 3
555c81c76000 45 9 113 3
555c81c75000 69 16 199 4
555c81ca1000 426 34 660 4
555c81ca2000 787 69 1517 5
555c81c3a000 34 2 1553 5
555c81c68000 56 4 1614 5
555c81c67000 55 4 1674 5
555c81c66000 27 2 1704 5
555c81c97000 60 4 1769 6
555c81c96000 40 3 1813 6
555c81c7a000 44 2 1860 6
555c81c79000 39 3 1903 6
555c81c7b000 52 3 1959 6
555c81c39000 17 2 1979 6
555c81c4e000 44 3 2026 6
555c81c70000 39 2 2068 6
555c81c8c000 32 2 2103 6
555c81c8b000 40 3 2147 6
555c81c8a000 51 2 2201 6
555c81c89000 51 3 2256 6
555c81c6d000 46 3 2306 6
555c81c4d000 41 2 2349 6
555c81c4c000 38 2 2390 6
555c81c7d000 54 2 2448 6
555c81c7c000 47 3 2499 6
555c81c3b000 53 3 2556 6
555c81c60000 57 4 2618 6
555c81c82000 39 2 2660 6
555c81c8f000 46 3 2710 6
555c81c8e000 46 2 2759 6
555c81c8d000 28 1 2789 7
2821 7
0x555c81c76000
555c81c76000 45 14 59 1
555c81c75000 69 23 152 3
555c81ca1000 427 42 622 4
555c81ca2000 785 69 1477 5
555c81c3a000 33 2 1513 5
555c81c68000 56 5 1575 5
555c81c67000 55 3 1634 5
555c81c66000 29 2 1666 5
555c81c97000 59 4 1730 6
555c81c96000 41 2 1774 6
555c81c7a000 44 3 1822 6
555c81c79000 40 2 1864 6
555c81c7b000 51 3 1920 6
555c81c39000 17 2 1940 6
555c81c4e000 44 3 1987 6
555c81c70000 40 2 2030 6
555c81c8c000 31 2 2064 6
555c81c8b000 41 2 2108 6
555c81c8a000 52 2 2163 6
555c81c89000 51 3 2218 6
555c81c6d000 48 3 2270 6
555c81c4d000 41 3 2314 6
555c81c4c000 37 2 2354 6
555c81c7d000 54 3 2413 6
555c81c7c000 48 3 2464 6
555c81c3b000 53 2 2520 6
555c81c60000 58 3 2582 6
555c81c82000 38 2 2624 6
555c81c8f000 47 3 2675 6
555c81c8e000 46 2 2724 6
555c81c8d000 28 2 2755 7
2786 7
0x555c81c75000
555c81c75000 69 26 95 3
555c81ca1000 428 43 567 4
555c81ca2000 787 69 1424 5
555c81c3a000 34 2 1460 5
555c81c68000 56 4 1521 5
555c81c67000 55 4 1581 5
555c81c66000 27 2 1611 5
555c81c97000 60 4 1676 6
555c81c96000 41 3 1721 6
555c81c7a000 43 3 1768 6
555c81c79000 39 3 1811 6
555c81c7b000 52 3 1867 6
555c81c39000 17 1 1886 6
555c81c4e000 44 2 1933 6
555c81c70000 40 2 1976 6
555c81c8c000 32 2 2011 6
555c81c8b000 41 2 2054 6
555c81c8a000 51 3 2109 6
555c81c89000 51 3 2164 6
555c81c6d000 47 2 2214 6
555c81c4d000 40 3 2258 6
555c81c4c000 37 2 2298 6
555c81c7d000 54 3 2357 6
555c81c7c000 48 3 2408 6
555c81c3b000 53 3 2465 6
555c81c60000 57 4 2527 6
555c81c82000 39 2 2569 6
555c81c8f000 46 3 2619 6
555c81c8e000 47 1 2668 6
555c81c8d000 29 1 2699 7
2728 7
0x555c81c74000
555c81c74000 52 14 67 1
555c81ca1000 427 64 559 2
555c81ca2000 786 104 1450 4
555c81c3a000 34 5 1490 4
555c81c68000 55 9 1555 4
555c81c67000 55 7 1618 4
555c81c66000 28 4 1651 4
555c81c97000 60 8 1720 5
555c81c96000 40 7 1768 6
555c81c7a000 44 3 1816 6
555c81c79000 39 3 1859 6
555c81c7b000 52 2 1914 6
555c81c39000 17 1 1934 6
555c81c4e000 43 3 1981 6
555c81c70000 39 3 2024 6
555c81c8c000 31 2 2058 6
555c81c8b000 41 2 2102 6
555c81c8a000 51 2 2156 6
555c81c89000 51 3 2211 6
555c81c6d000 47 2 2261 6
555c81c4d000 41 2 2305 6
555c81c4c000 38 1 2345 6
555c81c7d000 54 2 2404 6
555c81c7c000 47 3 2455 6
555c81c3b000 53 3 2512 6
555c81c60000 57 4 2574 6
555c81c82000 38 3 2616 6
555c81c8f000 46 3 2666 6
555c81c8e000 46 2 2715 6
555c81c8d000 28 1 2745 7
2775 7
0x555c81c73000
555c81c73000 48 18 66 3
555c81c4a000 51 12 130 4
555c81c3a000 34 4 168 4
555c81c68000 56 7 232 4
555c81ca1000 428 33 694 4
555c81ca2000 788 69 1552 5
555c81c67000 55 3 1611 5
555c81c66000 28 2 1642 5
555c81c97000 59 5 1707 6
555c81c96000 40 3 1751 6
555c81c7a000 43 3 1798 6
555c81c79000 39 3 1841 6
555c81c7b000 52 3 1897 6
555c81c39000 17 1 1916 6
555c81c4e000 44 3 1964 6
555c81c70000 39 2 2006 6
555c81c8c000 31 2 2041 6
555c81c8b000 40 3 2085 6
555c81c8a000 51 2 2139 6
555c81c89000 51 3 2194 6
555c81c6d000 47 2 2244 6
555c81c4d000 40 3 2288 6
555c81c4c000 37 2 2328 6
555c81c7d000 54 2 2386 6
555c81c7c000 47 3 2437 6
555c81c3b000 53 3 2494 6
555c81c60000 58 3 2556 6
555c81c82000 39 2 2598 6
555c81c8f000 46 3 2648 6
555c81c8e000 46 2 2697 6
555c81c8d000 28 2 2728 7
2758 7
0x555c81c4a000
555c81c4a000 52 20 72 4
555c81c3a000 34 4 111 4
555c81c68000 55 8 175 4
555c81ca1000 428 33 636 4
555c81ca2000 784 69 1490 5
555c81c67000 55 4 1550 5
555c81c66000 27 2 1580 5
555c81c97000 60 4 1645 6
555c81c96000 40 3 1689 6
555c81c7a000 43 3 1736 6
555c81c79000 39 3 1779 6
555c81c7b000 52 3 1835 6
555c81c39000 17 1 1854 6
555c81c4e000 44 2 1901 6
555c81c70000 39 3 1944 6
555c81c8c000 31 2 1978 6
555c81c8b000 40 3 2022 6
555c81c8a000 50 3 2076 6
555c81c89000 51 2 2130 6
555c81c6d000 46 3 2181 6
555c81c4d000 41 3 2225 6
555c81c4c000 37 2 2265 6
555c81c7d000 54 2 2323 6
555c81c7c000 47 3 2374 6
555c81c3b000 53 3 2431 6
555c81c60000 57 4 2493 6
555c81c82000 39 2 2535 6
555c81c8f000 49 3 2588 6
555c81c8e000 46 2 2637 6
555c81c8d000 28 1 2667 7
2697 7
0x555c81c5c000
555c81c5c000 44 17 62 1
555c81ca2000 787 121 971 3
555c81ca1000 427 44 1443 4
555c81c3a000 34 5 1483 4
555c81c68000 55 9 1548 4
555c81c67000 55 7 1611 4
555c81c66000 27 5 1644 4
555c81c97000 59 8 1712 5
555c81c96000 41 7 1761 6
555c81c7a000 44 2 1807 6
555c81c79000 39 3 1850 6
555c81c7b000 52 3 1906 6
555c81c39000 17 1 1925 6
555c81c4e000 44 3 1973 6
555c81c70000 40 2 2015 6
555c81c8c000 31 2 2049 6
555c81c8b000 41 2 2093 6
555c81c8a000 51 2 2147 6
555c81c89000 51 3 2202 6
555c81c6d000 46 3 2252 6
555c81c4d000 41 2 2295 6
555c81c4c000 38 2 2336 6
555c81c7d000 54 2 2394 6
555c81c7c000 47 3 2445 6
555c81c3b000 53 2 2501 6
555c81c60000 57 3 2563 6
555c81c82000 38 2 2605 6
555c81c8f000 47 2 2655 6
555c81c8e000 47 1 2704 6
555c81c8d000 28 2 2735 7
2765 7
0x555c81c99000
555c81c99000 47 16 64 3
555c81ca2000 789 85 939 4
555c81ca1000 428 33 1400 5
555c81c3a000 33 3 1437 5
555c81c68000 55 4 1497 5
555c81c67000 55 4 1557 5
555c81c66000 28 2 1588 5
555c81c97000 60 4 1652 6
555c81c96000 40 3 1696 6
555c81c7a000 43 3 1743 6
555c81c79000 39 3 1786 6
555c81c7b000 52 2 1841 6
555c81c39000 17 1 1861 6
555c81c4e000 43 3 1908 6
555c81c70000 39 2 1950 6
555c81c8c000 31 2 1985 6
555c81c8b000 40 3 2029 6
555c81c8a000 51 3 2083 6
555c81c89000 51 2 2137 6
555c81c6d000 47 3 2188 6
555c81c4d000 41 2 2231 6
555c81c4c000 37 2 2271 6
555c81c7d000 54 3 2330 6
555c81c7c000 46 3 2380 6
555c81c3b000 53 3 2437 6
555c81c60000 58 3 2499 6
555c81c82000 39 2 2541 6
555c81c8f000 46 3 2591 6
555c81c8e000 46 2 2640 6
555c81c8d000 28 1 2670 7
2699 7
0x555c81c5e000
555c81c5e000 50 16 67 2
555c81c5d000 52 13 133 3
555c81ca1000 426 45 605 3
555c81c3a000 34 7 647 3
555c81c68000 55 11 714 3
555c81ca2000 784 89 1588 4
555c81c67000 55 7 1651 4
555c81c66000 27 5 1684 4
555c81c97000 59 8 1752 5
555c81c96000 41 6 1800 6
555c81c7a000 44 2 1847 6
555c81c79000 39 3 1890 6
555c81c7b000 52 3 1946 6
555c81c39000 17 1 1965 6
555c81c4e000 43 3 2012 6
555c81c70000 39 3 2055 6
555c81c8c000 31 2 2089 6
555c81c8b000 40 3 2133 6
555c81c8a000 50 3 2187 6
555c81c89000 51 2 2241 6
555c81c6d000 46 3 2292 6
555c81c4d000 41 2 2335 6
555c81c4c000 37 2 2375 6
555c81c7d000 54 3 2434 6
555c81c7c000 47 3 2484 6
555c81c3b000 53 3 2541 6
555c81c60000 57 4 2603 6
555c81c82000 39 2 2645 6
555c81c8f000 46 3 2695 6
555c81c8e000 46 2 2744 6
555c81c8d000 28 1 2774 7
2805 7
0x555c81c5d000
555c81c5d000 52 18 70 3
555c81ca1000 428 45 543 3
555c81c3a000 33 7 584 3
555c81c68000 56 11 652 3
555c81ca2000 786 88 1527 4
555c81c67000 55 7 1590 4
555c81c66000 27 5 1623 4
555c81c97000 59 8 1691 5
555c81c96000 41 6 1739 6
555c81c7a000 44 2 1786 6
555c81c79000 39 3 1829 6
555c81c7b000 52 3 1885 6
555c81c39000 17 1 1904 6
555c81c4e000 44 2 1951 6
555c81c70000 39 3 1994 6
555c81c8c000 31 2 2028 6
555c81c8b000 40 3 2072 6
555c81c8a000 50 3 2126 6
555c81c89000 51 2 2180 6
555c81c6d000 46 3 2231 6
555c81c4d000 41 2 2274 6
555c81c4c000 37 2 2314 6
555c81c7d000 54 3 2373 6
555c81c7c000 48 3 2424 6
555c81c3b000 53 2 2480 6
555c81c60000 57 3 2542 6
555c81c82000 40 2 2586 6
555c81c8f000 46 3 2636 6
555c81c8e000 46 2 2685 6
555c81c8d000 28 1 2715 7
2745 7
0x555c81c78000
555c81c78000 41 22 64 4
555c81c3a000 34 4 103 4
555c81c68000 55 7 166 4
555c81ca1000 430 34 631 4
555c81ca2000 791 68 1491 5
555c81c67000 55 4 1551 5
555c81c66000 28 2 1582 5
555c81c97000 59 4 1646 6
555c81c96000 41 3 1691 6
555c81c7a000 43 3 1738 6
555c81c79000 39 3 1781 6
555c81c7b000 51 3 1836 6
555c81c39000 17 2 1856 6
555c81c4e000 44 3 1903 6
555c81c70000 39 2 1945 6
555c81c8c000 31 2 1980 6
555c81c8b000 40 3 2024 6
555c81c8a000 50 3 2078 6
555c81c89000 51 2 2132 6
555c81c6d000 46 3 2183 6
555c81c4d000 41 2 2226 6
555c81c4c000 37 2 2266 6
555c81c7d000 54 3 2325 6
555c81c7c000 47 3 2375 6
555c81c3b000 53 3 2432 6
555c81c60000 57 4 2494 6
555c81c82000 39 2 2536 6
555c81c8f000 46 3 2586 6
555c81c8e000 46 2 2635 6
555c81c8d000 28 1 2665 7
2695 7
0x555c81c6c000
555c81c6c000 50 19 70 1
70 1
0x555c81c6a000
555c81c6a000 31 11 42 1
555c81ca1000 427 64 534 2
555c81ca2000 787 104 1427 4
555c81c3a000 34 5 1467 4
555c81c68000 55 8 1531 4
555c81c67000 55 8 1595 4
555c81c66000 28 5 1628 4
555c81c97000 59 8 1696 5
555c81c96000 41 7 1745 6
555c81c7a000 43 3 1792 6
555c81c79000 39 3 1835 6
555c81c7b000 52 3 1891 6
555c81c39000 17 1 1910 6
555c81c4e000 44 2 1957 6
555c81c70000 40 2 2000 6
555c81c8c000 31 2 2034 6
555c81c8b000 41 2 2078 6
555c81c8a000 51 3 2133 6
555c81c89000 50 3 2187 6
555c81c6d000 47 2 2237 6
555c81c4d000 40 3 2281 6
555c81c4c000 37 2 2321 6
555c81c7d000 54 2 2379 6
555c81c7c000 47 3 2430 6
555c81c3b000 53 3 2487 6
555c81c60000 57 4 2549 6
555c81c82000 39 2 2591 6
555c81c8f000 46 2 2640 6
555c81c8e000 47 2 2690 6
555c81c8d000 28 1 2720 7
2749 7
0x555c81c6b000
555c81c6b000 65 18 83 3
555c81c3a000 34 6 124 3
555c81c68000 56 11 192 3
555c81ca1000 428 45 666 3
555c81ca2000 787 88 1542 4
555c81c67000 55 7 1605 4
555c81c66000 28 5 1639 4
555c81c97000 59 8 1707 5
555c81c96000 40 7 1755 6
555c81c7a000 43 3 1802 6
555c81c79000 39 3 1845 6
555c81c7b000 52 3 1901 6
555c81c39000 17 1 1920 6
555c81c4e000 43 3 1967 6
555c81c70000 39 3 2010 6
555c81c8c000 31 2 2044 6
555c81c8b000 40 3 2088 6
555c81c8a000 51 2 2142 6
555c81c89000 51 3 2197 6
555c81c6d000 46 3 2247 6
555c81c4d000 41 2 2290 6
555c81c4c000 38 2 2331 6
555c81c7d000 54 2 2389 6
555c81c7c000 47 3 2440 6
555c81c3b000 53 2 2496 6
555c81c60000 58 3 2558 6
555c81c82000 39 2 2600 6
555c81c8f000 46 3 2650 6
555c81c8e000 46 2 2699 6
555c81c8d000 28 1 2729 7
2759 7
0x555c81c82000
555c81c82000 38 14 52 1
555c81c8f000 46 16 115 2
555c81c3a000 34 8 158 2
555c81c68000 56 13 228 2
555c81ca1000 430 54 713 3
555c81ca2000 790 88 1592 4
555c81c67000 55 8 1656 4
555c81c66000 28 5 1689 4
555c81c97000 60 8 1757 5
555c81c96000 40 7 1805 6
555c81c7a000 43 3 1852 6
555c81c79000 39 3 1895 6
555c81c7b000 52 2 1950 6
555c81c39000 17 1 1970 6
555c81c4e000 44 2 2017 6
555c81c70000 40 2 2060 6
555c81c8c000 31 2 2094 6
555c81c8b000 41 2 2138 6
555c81c8a000 51 2 2192 6
555c81c89000 51 3 2247 6
555c81c6d000 46 3 2297 6
555c81c4d000 41 2 2340 6
555c81c4c000 38 1 2380 6
555c81c7d000 53 3 2439 6
555c81c7c000 47 3 2490 6
555c81c3b000 53 2 2546 6
555c81c60000 58 3 2608 6
555c81c4b000 61 2 2672 6
555c81c4a000 51 4 2728 6
555c81c5c000 45 2 2776 6
555c81c99000 47 3 2827 6
555c81c75000 69 4 2901 6
555c81c74000 52 2 2956 6
555c81c73000 48 3 3008 6
555c81c9c000 50 2 3061 6
555c81c71000 45 3 3110 6
555c81c77000 45 2 3158 6
555c81c76000 44 2 3205 6
555c81c85000 35 3 3245 6
555c81c84000 38 2 3285 6
555c81c83000 60 4 3350 7
3390 7
0x555c81c8f000
555c81c8f000 46 18 64 2
555c81c3a000 33 9 107 2
555c81c68000 56 14 177 2
555c81ca1000 427 54 659 3
555c81ca2000 786 89 1535 4
555c81c67000 55 8 1598 4
555c81c66000 28 5 1631 4
555c81c97000 59 8 1699 5
555c81c96000 40 7 1747 6
555c81c7a000 44 2 1794 6
555c81c79000 39 3 1837 6
555c81c7b000 52 3 1893 6
555c81c39000 17 1 1912 6
555c81c4e000 44 3 1960 6
555c81c70000 40 2 2002 6
555c81c8c000 31 2 2036 6
555c81c8b000 41 2 2080 6
555c81c8a000 51 2 2134 6
555c81c89000 51 3 2189 6
555c81c6d000 46 3 2239 6
555c81c4d000 41 2 2282 6
555c81c4c000 37 2 2322 6
555c81c7d000 54 3 2381 6
555c81c7c000 46 4 2432 6
555c81c3b000 53 3 2488 6
555c81c60000 57 4 2550 6
555c81c82000 38 3 2592 6
555c81c5d000 52 2 2647 6
555c81c78000 41 4 2693 6
555c81c75000 69 4 2767 6
555c81c74000 52 2 2822 6
555c81c73000 48 3 2874 6
555c81c4a000 51 3 2929 6
555c81c5c000 44 3 2978 6
555c81c99000 47 2 3028 6
555c81c5e000 51 3 3083 6
555c81c64000 45 3 3133 6
555c81c63000 44 3 3181 6
555c81c77000 45 2 3229 6
555c81c76000 44 2 3276 6
555c81c85000 35 2 3315 6
555c81c84000 38 2 3356 6
555c81c83000 60 4 3421 7
3462 7
0x555c81c9b000
555c81c9b000 41 20 61 2
555c81c3a000 34 8 103 2
555c81c68000 56 13 173 2
555c81ca1000 429 55 658 3
555c81ca2000 790 88 1537 4
555c81c67000 55 7 1600 4
555c81c66000 28 4 1633 4
555c81c97000 60 8 1702 5
555c81c96000 40 7 1750 6
555c81c7a000 43 3 1797 6
555c81c79000 39 2 1839 6
555c81c7b000 51 3 1895 6
555c81c39000 17 2 1915 6
555c81c4e000 44 3 1962 6
555c81c70000 39 2 2004 6
555c81c8c000 32 2 2039 6
555c81c8b000 41 2 2082 6
555c81c8a000 51 2 2136 6
555c81c89000 51 3 2191 6
555c81c6d000 46 3 2241 6
555c81c4d000 41 2 2284 6
555c81c4c000 37 2 2324 6
555c81c7d000 54 2 2382 6
555c81c7c000 47 3 2433 6
555c81c3b000 53 3 2490 6
555c81c60000 57 4 2552 6
555c81c82000 38 2 2593 6
555c81c8f000 47 2 2643 6
555c81c8e000 47 1 2692 6
555c81c8d000 28 2 2723 7
2752 7
0x555c81c83000
555c81c83000 61 21 82 4
555c81ca2000 786 72 941 5
555c81ca1000 426 26 1393 5
555c81c3a000 34 3 1431 5
555c81c68000 55 6 1493 5
555c81c67000 55 5 1554 5
555c81c66000 28 3 1586 5
555c81c97000 59 6 1652 6
555c81c96000 41 4 1698 7
1708 7
0x555c81c3e000
555c81c3e000 48 17 65 2
555c81ca2000 785 105 956 3
555c81ca1000 428 46 1431 4
555c81c3a000 33 5 1470 4
555c81c68000 56 8 1535 4
555c81c67000 55 7 1598 4
555c81c66000 28 4 1631 4
555c81c97000 59 9 1700 5
555c81c96000 41 7 1748 6
555c81c7a000 43 3 1795 6
555c81c79000 39 3 1838 6
555c81c7b000 53 3 1895 6
555c81c39000 17 1 1914 6
555c81c4e000 44 3 1962 6
555c81c70000 39 2 2004 6
555c81c8c000 31 2 2039 6
555c81c8b000 40 3 2083 6
555c81c8a000 50 3 2137 6
555c81c89000 51 2 2191 6
555c81c6d000 47 2 2241 6
555c81c4d000 40 3 2285 6
555c81c4c000 37 2 2325 6
555c81c7d000 54 2 2383 6
555c81c7c000 47 3 2434 6
555c81c3b000 53 3 2491 6
555c81c60000 57 3 2552 6
555c81c82000 38 2 2594 6
555c81c8f000 46 3 2644 6
555c81c8e000 46 2 2693 6
555c81c8d000 28 2 2724 7
2753 7
0x555c81c3d000
555c81c3d000 45 18 64 2
555c81c3a000 33 9 107 2
555c81c68000 56 14 177 3
555c81ca1000 427 46 650 3
555c81ca2000 786 88 1525 4
555c81c67000 55 7 1588 4
555c81c66000 28 5 1622 4
555c81c97000 60 8 1690 5
555c81c96000 40 7 1738 6
555c81c7a000 43 3 1785 6
555c81c79000 39 3 1828 6
555c81c7b000 52 2 1883 6
555c81c39000 17 1 1903 6
555c81c4e000 43 3 1950 6
555c81c70000 39 3 1993 6
555c81c8c000 31 2 2027 6
555c81c8b000 40 3 2071 6
555c81c8a000 50 3 2125 6
555c81c89000 51 3 2180 6
555c81c6d000 47 2 2230 6
555c81c4d000 41 3 2274 6
555c81c4c000 37 2 2314 6
555c81c7d000 54 2 2372 6
555c81c7c000 47 3 2423 6
555c81c3b000 53 3 2480 6
555c81c60000 58 3 2542 6
555c81c82000 39 2 2584 6
555c81c8f000 47 3 2635 6
555c81c8e000 46 2 2684 6
555c81c8d000 28 2 2715 7
2744 7
0x555c81c60000
555c81c60000 58 21 79 3
555c81c97000 60 11 151 4
555c81ca2000 794 74 1019 4
555c81ca1000 430 37 1487 5
555c81c3a000 34 5 1527 5
555c81c68000 56 7 1590 5
555c81c67000 56 6 1653 5
555c81c66000 28 5 1686 5
555c81c73000 49 7 1742 6
555c81c4a000 53 3 1798 6
555c81c5c000 45 3 1847 6
555c81c99000 47 3 1898 6
555c81c75000 69 4 1972 6
555c81c74000 52 3 2028 6
555c81c4d000 41 2 2072 6
555c81c4c000 38 2 2113 6
555c81c7d000 54 3 2172 6
555c81c7c000 48 3 2223 6
555c81c3b000 53 3 2280 6
555c81c72000 40 2 2324 6
555c81c71000 45 3 2373 6
555c81c70000 40 2 2416 6
555c81c39000 18 1 2436 6
555c81c8c000 32 2 2470 6
555c81c8b000 40 3 2514 6
555c81c8a000 51 2 2568 6
555c81c4e000 45 2 2616 6
555c81c91000 57 2 2677 6
555c81c90000 63 3 2744 6
555c81c8f000 47 2 2794 6
555c81c8e000 47 2 2844 6
555c81c8d000 28 2 2875 7
2906 7
0x555c81c4b000
555c81c4b000 61 16 78 2
555c81ca2000 795 106 980 3
555c81ca1000 432 44 1456 4
555c81c3a000 34 5 1496 4
555c81c68000 56 8 1561 4
555c81c67000 56 7 1625 4
555c81c66000 28 5 1659 4
555c81c97000 60 8 1727 5
555c81c96000 41 7 1776 6
555c81c7a000 44 2 1823 6
555c81c79000 40 3 1867 6
555c81c7b000 52 2 1922 6
555c81c39000 17 1 1942 6
555c81c4e000 44 3 1990 6
555c81c70000 39 2 2032 6
555c81c8c000 31 2 2067 6
555c81c8b000 41 2 2111 6
555c81c8a000 51 3 2166 6
555c81c89000 51 2 2220 6
555c81c6d000 46 3 2271 6
555c81c4d000 41 3 2315 6
555c81c4c000 37 2 2355 6
555c81c7d000 54 3 2414 6
555c81c7c000 47 3 2465 6
555c81c3b000 54 2 2522 6
555c81c60000 58 4 2585 6
555c81c82000 39 2 2627 6
555c81c8f000 47 2 2677 6
555c81c8e000 47 2 2727 6
555c81c8d000 28 2 2758 7
2787 7
0x555c81c58000
555c81c58000 59 18 77 2
555c81c3a000 34 8 120 2
555c81c68000 56 14 191 2
555c81ca1000 430 55 677 3
555c81ca2000 793 89 1560 4
555c81c67000 56 7 1623 4
555c81c66000 28 5 1657 4
555c81c97000 61 8 1726 5
555c81c96000 40 7 1774 6
555c81c7a000 44 3 1822 6
555c81c79000 40 3 1865 6
555c81c7b000 52 3 1921 6
555c81c39000 17 2 1941 6
555c81c4e000 44 3 1988 6
555c81c70000 40 2 2031 6
555c81c8c000 32 2 2066 6
555c81c8b000 40 3 2110 6
555c81c8a000 51 3 2165 6
555c81c89000 51 3 2220 6
555c81c6d000 47 2 2270 6
555c81c4d000 41 2 2314 6
555c81c4c000 38 2 2355 6
555c81c7d000 54 2 2413 6
555c81c7c000 47 4 2465 6
555c81c3b000 54 3 2522 6
555c81c60000 57 4 2584 6
555c81c82000 39 2 2626 6
555c81c8f000 47 2 2676 6
555c81c8e000 47 2 2726 6
555c81c8d000 28 2 2757 7
2786 7
0x555c81c57000
555c81c57000 46 12 58 1
58 1
0x555c81c59000
555c81c59000 27 11 38 0
555c81ca2000 794 136 969 3
555c81ca1000 432 45 1446 4
555c81c3a000 34 5 1486 4
555c81c68000 56 8 1551 4
555c81c67000 55 8 1615 4
555c81c66000 28 5 1648 4
555c81c97000 60 8 1717 5
555c81c96000 41 7 1766 6
555c81c7a000 43 3 1813 6
555c81c79000 39 3 1856 6
555c81c7b000 53 2 1912 6
555c81c39000 18 1 1932 6
555c81c4e000 44 2 1979 6
555c81c70000 40 2 2022 6
555c81c8c000 32 2 2057 6
555c81c8b000 41 3 2101 6
555c81c8a000 51 2 2155 6
555c81c89000 51 3 2210 6
555c81c6d000 47 3 2261 6
555c81c4d000 41 2 2304 6
555c81c4c000 38 2 2345 6
555c81c7d000 54 3 2404 6
555c81c7c000 47 3 2455 6
555c81c3b000 53 3 2512 6
555c81c60000 58 3 2574 6
555c81c82000 39 2 2617 6
555c81c8f000 46 3 2667 6
555c81c8e000 47 2 2717 6
555c81c8d000 28 2 2748 7
2777 7
0x555c81c5b000
555c81c5b000 26 10 36 0
555c81c97000 60 18 115 3
555c81ca2000 792 91 998 4
555c81ca1000 431 37 1467 5
555c81c3a000 33 5 1506 5
555c81c68000 56 6 1569 5
555c81c67000 56 6 1632 5
555c81c66000 28 4 1665 5
555c81c73000 48 7 1721 6
555c81c4a000 52 3 1777 6
555c81c5c000 45 3 1826 6
555c81c99000 47 2 1876 6
555c81c75000 70 4 1951 6
555c81c74000 52 2 2006 6
555c81c4d000 42 2 2051 6
555c81c4c000 38 1 2091 6
555c81c7d000 54 2 2150 6
555c81c7c000 48 3 2202 6
555c81c3b000 53 3 2259 6
555c81c60000 58 3 2321 6
555c81c4e000 44 3 2369 6
555c81c70000 40 2 2412 6
555c81c39000 17 2 2432 6
555c81c8c000 31 2 2465 6
555c81c8b000 41 3 2510 6
555c81c8a000 52 2 2564 6
555c81c89000 51 3 2619 6
555c81c6d000 47 3 2670 6
555c81c85000 36 2 2708 6
555c81c84000 38 2 2749 6
555c81c83000 61 3 2814 7
2844 7
0x555c81c5a000
555c81c5a000 24 10 34 1
555c81c3a000 34 10 79 1
555c81c68000 55 17 152 2
555c81ca1000 430 55 638 3
555c81ca2000 793 89 1521 4
555c81c67000 55 8 1585 4
555c81c66000 28 5 1618 4
555c81c97000 60 8 1687 5
555c81c96000 41 6 1735 6
555c81c7a000 44 3 1783 6
555c81c79000 40 3 1826 6
555c81c7b000 52 3 1882 6
555c81c39000 17 2 1902 6
555c81c4e000 44 3 1949 6
555c81c70000 40 2 1992 6
555c81c8c000 31 3 2027 6
555c81c8b000 41 2 2070 6
555c81c8a000 52 2 2125 6
555c81c89000 51 3 2180 6
555c81c6d000 47 2 2230 6
555c81c4d000 41 2 2274 6
555c81c4c000 38 2 2315 6
555c81c7d000 54 3 2374 6
555c81c7c000 47 3 2425 6
555c81c3b000 53 3 2482 6
555c81c60000 58 3 2544 6
555c81c82000 38 2 2586 6
555c81c8f000 47 3 2637 6
555c81c8e000 47 1 2686 6
555c81c8d000 28 2 2717 7
2747 7
0x555c81c47000
555c81c47000 38 16 55 5
555c81c46000 45 6 106 6
555c81ca2000 793 38 938 6
555c81ca1000 432 16 1386 6
555c81c3a000 34 2 1423 6
555c81c68000 56 3 1482 6
555c81c67000 56 2 1541 6
555c81c66000 28 1 1571 6
555c81c97000 60 3 1635 6
555c81c96000 40 3 1679 6
555c81c7a000 44 3 1727 6
555c81c79000 40 3 1770 6
555c81c7b000 52 3 1826 6
555c81c39000 18 1 1846 6
555c81c4e000 45 2 1893 6
555c81c70000 40 2 1936 6
555c81c8c000 32 2 1971 6
555c81c8b000 40 3 2015 6
555c81c8a000 51 3 2070 6
555c81c89000 51 3 2125 6
555c81c6d000 47 2 2175 6
555c81c4d000 41 2 2219 6
555c81c4c000 38 2 2260 6
555c81c7d000 54 3 2319 6
555c81c7c000 47 3 2370 6
555c81c3b000 54 2 2427 6
555c81c60000 58 3 2489 6
555c81c82000 38 2 2531 6
555c81c8f000 46 3 2581 6
555c81c8e000 46 2 2630 6
555c81c8d000 28 2 2661 7
2691 7
0x555c81c46000
555c81c46000 45 15 60 3
555c81ca2000 786 85 932 4
555c81ca1000 430 33 1396 5
555c81c3a000 33 3 1433 5
555c81c68000 56 4 1493 5
555c81c67000 55 4 1553 5
555c81c66000 28 2 1584 5
555c81c97000 59 4 1648 6
555c81c96000 41 2 1692 6
555c81c7a000 44 3 1740 6
555c81c79000 40 2 1782 6
555c81c7b000 53 2 1838 6
555c81c39000 18 1 1858 6
555c81c4e000 44 3 1905 6
555c81c70000 39 2 1947 6
555c81c8c000 31 2 1982 6
555c81c8b000 40 3 2026 6
555c81c8a000 50 3 2080 6
555c81c89000 51 2 2134 6
555c81c6d000 46 3 2185 6
555c81c4d000 41 2 2228 6
555c81c4c000 37 2 2268 6
555c81c7d000 53 3 2327 6
555c81c7c000 47 3 2378 6
555c81c3b000 53 2 2434 6
555c81c60000 58 3 2496 6
555c81c82000 38 2 2538 6
555c81c8f000 46 3 2588 6
555c81c8e000 46 2 2637 6
555c81c8d000 28 2 2668 7
2697 7
0x555c81c91000
555c81c91000 56 17 73 3
555c81c90000 62 12 148 4
555c81c8f000 46 7 202 4
555c81c3a000 34 4 241 4
555c81c68000 55 7 304 4
555c81ca1000 427 33 765 4
555c81ca2000 786 69 1621 5
555c81c67000 55 3 1680 5
555c81c66000 28 2 1711 5
555c81c97000 59 4 1775 6
555c81c96000 41 3 1820 6
555c81c7a000 44 3 1867 6
555c81c79000 40 2 1909 6
555c81c7b000 52 3 1965 6
555c81c39000 17 2 1985 6
555c81c4e000 44 3 2032 6
555c81c70000 39 2 2074 6
555c81c8c000 32 1 2108 6
555c81c8b000 43 3 2155 6
555c81c8a000 51 2 2209 6
555c81c89000 51 3 2264 6
555c81c6d000 46 3 2314 6
555c81c4d000 41 2 2357 6
555c81c4c000 38 1 2397 6
555c81c7d000 53 3 2456 6
555c81c7c000 46 4 2507 6
555c81c3b000 54 3 2564 6
555c81c60000 57 3 2625 6
555c81c82000 38 2 2667 6
555c81c5d000 52 3 2723 6
555c81c78000 41 4 2769 6
555c81c75000 69 4 2843 6
555c81c74000 52 2 2898 6
555c81c73000 48 3 2950 6
555c81c4a000 51 3 3005 6
555c81c5c000 45 3 3055 6
555c81c99000 47 3 3106 6
555c81c5e000 51 2 3160 6
555c81c64000 46 3 3212 6
555c81c63000 44 2 3259 6
555c81c77000 44 3 3308 6
555c81c76000 44 2 3355 6
555c81c85000 35 3 3395 6
555c81c84000 37 3 3436 6
555c81c83000 61 3 3501 7
3544 7
0x555c81c90000
555c81c90000 63 20 84 3
555c81c8f000 47 11 143 3
555c81c3a000 34 7 185 3
555c81c68000 56 12 253 3
555c81ca1000 431 45 729 3
555c81ca2000 792 89 1611 4
555c81c67000 55 8 1675 4
555c81c66000 28 5 1708 4
555c81c97000 60 8 1777 5
555c81c96000 41 7 1826 6
555c81c7a000 44 3 1873 6
555c81c79000 39 3 1916 6
555c81c7b000 52 3 1972 6
555c81c39000 17 2 1992 6
555c81c4e000 44 3 2039 6
555c81c70000 40 2 2082 6
555c81c8c000 32 2 2117 6
555c81c8b000 41 3 2161 6
555c81c8a000 52 2 2215 6
555c81c89000 51 3 2270 6
555c81c6d000 47 3 2321 6
555c81c4d000 42 2 2365 6
555c81c4c000 37 2 2405 6
555c81c7d000 55 2 2464 6
555c81c7c000 47 3 2515 6
555c81c3b000 53 3 2572 6
555c81c60000 58 3 2634 6
555c81c82000 38 3 2677 6
555c81c5d000 52 3 2733 6
555c81c78000 41 3 2778 6
555c81c75000 69 4 2853 6
555c81c74000 52 3 2909 6
555c81c73000 48 3 2961 6
555c81c4a000 52 3 3017 6
555c81c5c000 45 3 3066 6
555c81c99000 47 3 3117 6
555c81c5e000 51 3 3172 6
555c81c64000 46 3 3223 6
555c81c63000 44 3 3271 6
555c81c77000 45 2 3319 6
555c81c76000 45 2 3367 6
555c81c85000 35 3 3407 6
555c81c84000 37 3 3448 6
555c81c83000 62 3 3513 7
3556 7
0x555c81c54000
555c81c54000 54 17 72 2
555c81ca2000 795 105 973 3
555c81ca1000 432 45 1451 4
555c81c3a000 34 5 1491 4
555c81c68000 56 9 1556 4
555c81c67000 55 7 1619 4
555c81c66000 28 5 1653 4
555c81c97000 60 8 1722 5
555c81c96000 40 7 1770 6
555c81c7a000 44 3 1818 6
555c81c79000 40 3 1861 6
555c81c7b000 52 3 1917 6
555c81c39000 17 1 1936 6
555c81c4e000 44 3 1984 6
555c81c70000 39 3 2027 6
555c81c8c000 31 2 2061 6
555c81c8b000 41 2 2105 6
555c81c8a000 51 3 2160 6
555c81c89000 51 3 2215 6
555c81c6d000 47 2 2265 6
555c81c4d000 41 2 2309 6
555c81c4c000 37 2 2349 6
555c81c7d000 55 2 2408 6
555c81c7c000 47 3 2459 6
555c81c3b000 54 2 2516 6
555c81c60000 58 4 2579 6
555c81c82000 39 2 2621 6
555c81c8f000 46 3 2671 6
555c81c8e000 47 2 2721 6
555c81c8d000 28 1 2751 7
2781 7
0x555c81c53000
555c81c53000 50 22 72 4
555c81ca2000 797 74 943 5
555c81ca1000 426 28 1398 5
555c81c3a000 33 5 1437 5
555c81c68000 55 7 1500 5
555c81c67000 55 5 1561 5
555c81c66000 28 4 1594 5
555c81c97000 59 7 1661 5
555c81c96000 40 7 1709 6
555c81c7a000 43 3 1756 6
555c81c79000 39 3 1799 6
555c81c7b000 51 3 1854 6
555c81c39000 17 2 1874 6
555c81c4e000 44 3 1921 6
555c81c70000 39 2 1963 6
555c81c8c000 31 2 1997 6
555c81c8b000 41 2 2041 6
555c81c8a000 51 2 2095 6
555c81c89000 51 3 2150 6
555c81c6d000 46 3 2200 6
555c81c4d000 41 2 2243 6
555c81c4c000 38 2 2284 6
555c81c7d000 54 2 2342 6
555c81c7c000 47 3 2393 6
555c81c3b000 53 2 2449 6
555c81c60000 57 3 2511 6
555c81c82000 38 2 2553 6
555c81c8f000 46 3 2603 6
555c81c8e000 46 2 2652 6
555c81c8d000 28 2 2683 7
2712 7
0x555c81c52000
555c81c52000 35 13 48 2
555c81c51000 57 12 118 3
555c81c3a000 33 6 158 3
555c81c68000 55 10 224 3
555c81ca1000 427 42 694 4
555c81ca2000 785 68 1548 5
555c81c67000 55 4 1608 5
555c81c66000 28 2 1639 5
555c81c97000 59 4 1703 6
555c81c96000 41 2 1747 6
555c81c7a000 44 2 1794 6
555c81c79000 39 3 1837 6
555c81c7b000 52 3 1893 6
555c81c39000 17 1 1912 6
555c81c4e000 44 2 1959 6
555c81c70000 40 2 2002 6
555c81c8c000 31 2 2036 6
555c81c8b000 41 2 2080 6
555c81c8a000 51 2 2134 6
555c81c89000 51 3 2189 6
555c81c6d000 46 3 2239 6
555c81c4d000 41 2 2282 6
555c81c4c000 38 2 2323 6
555c81c7d000 54 2 2381 6
555c81c7c000 47 3 2432 6
555c81c3b000 53 2 2488 6
555c81c60000 58 3 2550 6
555c81c82000 38 2 2592 6
555c81c8f000 46 3 2642 6
555c81c8e000 46 2 2691 6
555c81c8d000 28 2 2722 7
2753 7
0x555c81c51000
555c81c51000 57 17 74 2
555c81c3a000 33 9 117 2
555c81c68000 55 14 187 2
555c81ca1000 430 54 672 3
555c81ca2000 792 88 1553 4
555c81c67000 55 7 1616 4
555c81c66000 28 5 1650 4
555c81c97000 60 8 1718 5
555c81c96000 40 7 1766 6
555c81c7a000 44 2 1813 6
555c81c79000 40 2 1856 6
555c81c7b000 53 2 1912 6
555c81c39000 17 1 1932 6
555c81c4e000 43 3 1979 6
555c81c70000 39 3 2022 6
555c81c8c000 31 2 2056 6
555c81c8b000 40 3 2100 6
555c81c8a000 51 2 2154 6
555c81c89000 51 3 2209 6
555c81c6d000 47 2 2259 6
555c81c4d000 41 2 2302 6
555c81c4c000 38 2 2343 6
555c81c7d000 54 2 2401 6
555c81c7c000 47 3 2452 6
555c81c3b000 53 3 2509 6
555c81c60000 57 3 2570 6
555c81c82000 38 2 2612 6
555c81c8f000 47 2 2662 6
555c81c8e000 47 1 2711 6
555c81c8d000 28 2 2742 7
2772 7
0x555c81c50000
555c81c50000 37 11 48 1
555c81ca2000 789 118 956 3
555c81ca1000 429 44 1430 4
555c81c3a000 34 5 1470 4
555c81c68000 55 8 1534 4
555c81c67000 55 8 1598 4
555c81c66000 28 5 1631 4
555c81c97000 59 9 1700 5
555c81c96000 41 7 1748 6
555c81c7a000 43 3 1795 6
555c81c79000 40 2 1837 6
555c81c7b000 51 3 1893 6
555c81c39000 17 2 1913 6
555c81c4e000 44 3 1960 6
555c81c70000 39 2 2002 6
555c81c8c000 31 2 2037 6
555c81c8b000 41 2 2081 6
555c81c8a000 51 3 2136 6
555c81c89000 51 3 2191 6
555c81c6d000 47 2 2241 6
555c81c4d000 41 2 2285 6
555c81c4c000 38 2 2326 6
555c81c7d000 54 2 2384 6
555c81c7c000 48 3 2436 6
555c81c3b000 53 3 2493 6
555c81c60000 58 3 2555 6
555c81c82000 38 2 2597 6
555c81c8f000 47 2 2647 6
555c81c8e000 47 2 2697 6
555c81c8d000 28 2 2728 7
2758 7
0x555c81c4f000
555c81c4f000 54 18 72 2
555c81ca2000 794 106 973 3
555c81ca1000 432 45 1450 4
555c81c3a000 34 5 1490 4
555c81c68000 56 8 1555 4
555c81c67000 55 8 1619 4
555c81c66000 27 5 1652 4
555c81c97000 60 8 1721 5
555c81c96000 41 7 1770 6
555c81c7a000 43 3 1817 6
555c81c79000 39 3 1860 6
555c81c7b000 52 3 1916 6
555c81c39000 17 2 1936 6
555c81c4e000 44 3 1983 6
555c81c70000 40 2 2026 6
555c81c8c000 31 2 2060 6
555c81c8b000 41 3 2105 6
555c81c8a000 52 2 2159 6
555c81c89000 51 3 2214 6
555c81c6d000 47 3 2265 6
555c81c4d000 42 2 2309 6
555c81c4c000 38 2 2350 6
555c81c7d000 54 2 2408 6
555c81c7c000 47 3 2459 6
555c81c3b000 54 2 2516 6
555c81c60000 58 4 2579 6
555c81c82000 39 2 2621 6
555c81c8f000 46 3 2671 6
555c81c8e000 47 2 2721 6
555c81c8d000 29 1 2751 7
2781 7
0x555c81c94000
555c81c94000 47 16 63 4
555c81c93000 51 9 124 4
555c81ca2000 800 72 996 4
555c81ca1000 436 36 1469 4
555c81c3a000 34 5 1509 4
555c81c68000 56 9 1575 4
555c81c67000 58 7 1642 4
555c81c66000 27 5 1676 4
555c81c97000 60 8 1745 5
555c81c96000 40 7 1794 6
555c81c7a000 44 3 1842 6
555c81c79000 39 3 1885 6
555c81c7b000 52 3 1941 6
555c81c39000 17 1 1961 6
555c81c4e000 44 2 2008 6
555c81c70000 39 2 2051 6
555c81c8c000 31 2 2086 6
555c81c8b000 41 2 2130 6
555c81c8a000 51 3 2185 6
555c81c89000 51 3 2240 6
555c81c6d000 47 2 2290 6
555c81c4d000 41 2 2334 6
555c81c4c000 38 2 2375 6
555c81c7d000 54 2 2433 6
555c81c7c000 47 3 2485 6
555c81c3b000 53 3 2542 6
555c81c60000 58 3 2604 6
555c81c82000 38 2 2646 6
555c81c8f000 46 3 2697 6
555c81c8e000 47 1 2746 6
555c81c8d000 28 1 2777 7
2807 7
0x555c81c93000
555c81c93000 50 19 69 3
69 3
0x555c81c7e000
555c81c7e000 34 13 47 3
555c81ca2000 787 84 919 4
555c81ca1000 427 32 1379 5
555c81c3a000 33 3 1417 5
555c81c68000 55 5 1478 5
555c81c67000 55 4 1538 5
555c81c66000 28 2 1569 5
555c81c97000 59 5 1634 6
555c81c96000 40 3 1678 6
555c81c7a000 43 3 1726 6
555c81c79000 39 3 1769 6
555c81c7b000 52 3 1825 6
555c81c39000 17 1 1845 6
555c81c4e000 44 2 1892 6
555c81c70000 39 2 1935 6
555c81c8c000 31 2 1970 6
555c81c8b000 41 2 2014 6
555c81c8a000 51 3 2069 6
555c81c89000 51 3 2124 6
555c81c6d000 47 2 2174 6
555c81c4d000 41 2 2218 6
555c81c4c000 37 2 2259 6
555c81c7d000 54 2 2318 6
555c81c7c000 47 3 2369 6
555c81c3b000 53 2 2426 6
555c81c60000 57 4 2489 6
555c81c82000 39 2 2531 6
555c81c8f000 47 2 2581 6
555c81c8e000 46 2 2631 6
555c81c8d000 28 2 2662 7
2691 7
0x555c81c5f000
555c81c5f000 61 16 77 2
555c81ca2000 787 104 969 4
555c81ca1000 427 35 1432 4
555c81c3a000 33 5 1472 4
555c81c68000 56 8 1537 4
555c81c67000 56 7 1601 4
555c81c66000 28 5 1635 4
555c81c97000 59 8 1703 5
555c81c96000 40 7 1752 6
555c81c7a000 44 2 1799 6
555c81c79000 39 3 1843 6
555c81c7b000 52 3 1899 6
555c81c39000 17 2 1919 6
555c81c4e000 44 2 1966 6
555c81c70000 40 2 2009 6
555c81c8c000 31 2 2044 6
555c81c8b000 41 2 2088 6
555c81c8a000 51 3 2143 6
555c81c89000 51 3 2198 6
555c81c6d000 47 2 2248 6
555c81c4d000 41 2 2292 6
555c81c4c000 38 2 2333 6
555c81c7d000 54 2 2391 6
555c81c7c000 47 3 2443 6
555c81c3b000 53 3 2500 6
555c81c60000 57 3 2562 6
555c81c82000 38 3 2605 6
555c81c8f000 46 3 2655 6
555c81c8e000 47 2 2705 6
555c81c8d000 28 2 2736 7
2765 7
0x555c81c9a000
555c81c9a000 61 20 81 4
555c81ca2000 785 71 938 4
555c81ca1000 427 35 1401 4
555c81c3a000 33 5 1441 4
555c81c68000 56 8 1506 4
555c81c67000 55 7 1570 4
555c81c66000 28 5 1604 4
555c81c97000 60 8 1673 5
555c81c96000 41 6 1721 6
555c81c7a000 43 3 1769 6
555c81c79000 39 3 1812 6
555c81c7b000 52 3 1868 6
555c81c39000 17 1 1888 6
555c81c4e000 44 2 1935 6
555c81c70000 39 2 1978 6
555c81c8c000 31 2 2013 6
555c81c8b000 41 2 2057 6
555c81c8a000 51 2 2112 6
555c81c89000 50 3 2167 6
555c81c6d000 46 3 2218 6
555c81c4d000 41 2 2261 6
555c81c4c000 37 2 2302 6
555c81c7d000 53 3 2361 6
555c81c7c000 47 3 2412 6
555c81c3b000 54 2 2469 6
555c81c60000 57 3 2531 6
555c81c82000 39 2 2574 6
555c81c8f000 47 2 2624 6
555c81c8e000 46 2 2674 6
555c81c8d000 28 2 2705 7
2735 7
0x555c81c6f000
555c81c6f000 56 19 75 3
555c81c97000 60 11 147 4
555c81ca2000 787 75 1010 5
555c81ca1000 428 28 1467 5
555c81c3a000 33 4 1506 5
555c81c68000 55 7 1570 5
555c81c67000 55 6 1632 5
555c81c66000 27 4 1665 5
555c81c73000 48 6 1721 6
555c81c4a000 51 3 1777 6
555c81c5c000 45 2 1826 6
555c81c99000 47 2 1877 6
555c81c75000 69 5 1952 6
555c81c74000 52 2 2007 6
555c81c4d000 40 3 2052 6
555c81c4c000 37 2 2092 6
555c81c7d000 54 2 2151 6
555c81c7c000 47 3 2202 6
555c81c3b000 53 2 2259 6
555c81c60000 57 3 2321 6
555c81c4e000 44 3 2370 6
555c81c70000 40 2 2413 6
555c81c39000 17 1 2433 6
555c81c8c000 32 2 2467 6
555c81c8b000 41 2 2511 6
555c81c8a000 51 3 2566 6
555c81c89000 51 3 2621 6
555c81c6d000 47 2 2671 6
555c81c85000 35 3 2710 6
555c81c84000 38 2 2751 6
555c81c83000 61 3 2816 7
2846 7
0x555c81c81000
555c81c81000 59 17 77 2
555c81ca2000 786 104 969 3
555c81ca1000 428 44 1442 4
555c81c3a000 33 5 1482 4
555c81c68000 55 9 1548 4
555c81c67000 55 7 1611 4
555c81c66000 28 5 1645 4
555c81c97000 59 9 1714 5
555c81c96000 40 7 1762 6
555c81c7a000 44 3 1810 6
555c81c79000 39 3 1853 6
555c81c7b000 52 3 1909 6
555c81c39000 17 1 1929 6
555c81c4e000 44 3 1977 6
555c81c70000 39 3 2020 6
555c81c8c000 32 1 2054 6
555c81c8b000 40 3 2099 6
555c81c8a000 51 2 2153 6
555c81c89000 51 2 2208 6
555c81c6d000 46 3 2259 6
555c81c4d000 41 3 2303 6
555c81c4c000 37 2 2343 6
555c81c7d000 54 2 2402 6
555c81c7c000 47 3 2453 6
555c81c3b000 53 2 2510 6
555c81c60000 57 4 2573 6
555c81c82000 39 2 2615 6
555c81c8f000 47 2 2665 6
555c81c8e000 46 2 2715 6
555c81c8d000 28 2 2746 7
2776 7
0x555c81c48000
555c81c48000 54 15 70 1
555c81ca2000 785 121 977 3
555c81ca1000 428 44 1450 4
555c81c3a000 33 5 1490 4
555c81c68000 55 9 1556 4
555c81c67000 55 7 1619 4
555c81c66000 28 5 1653 4
555c81c97000 60 8 1722 5
555c81c96000 41 6 1770 6
555c81c7a000 43 3 1818 6
555c81c79000 39 3 1861 6
555c81c7b000 52 3 1917 6
555c81c39000 17 1 1937 6
555c81c4e000 44 3 1985 6
555c81c70000 39 3 2028 6
555c81c8c000 31 2 2062 6
555c81c8b000 40 3 2107 6
555c81c8a000 51 2 2161 6
555c81c89000 50 3 2216 6
555c81c6d000 46 3 2267 6
555c81c4d000 41 3 2311 6
555c81c4c000 37 2 2351 6
555c81c7d000 54 2 2410 6
555c81c7c000 47 3 2461 6
555c81c3b000 54 2 2518 6
555c81c60000 57 3 2580 6
555c81c82000 39 2 2623 6
555c81c8f000 46 3 2673 6
555c81c8e000 46 2 2723 6
555c81c8d000 28 2 2754 7
2784 7
0x555c81c85000
555c81c85000 35 16 51 4
555c81ca1000 428 35 515 4
555c81c84000 37 7 560 5
555c81c3a000 34 3 598 5
555c81c68000 56 5 660 5
555c81ca2000 784 55 1501 6
555c81c67000 55 2 1559 6
555c81c66000 27 2 1590 6
555c81c97000 60 2 1653 6
555c81c96000 40 3 1698 6
555c81c7a000 44 2 1745 6
555c81c79000 39 3 1789 6
555c81c7b000 52 3 1845 6
555c81c39000 17 2 1865 6
555c81c4e000 44 3 1912 6
555c81c70000 40 2 1955 6
555c81c8c000 32 2 1990 6
555c81c8b000 41 2 2034 6
555c81c8a000 51 3 2089 6
555c81c89000 51 3 2144 6
555c81c6d000 47 2 2194 6
555c81c4d000 41 2 2238 6
555c81c4c000 38 2 2279 6
555c81c7d000 54 3 2338 6
555c81c7c000 47 3 2389 6
555c81c3b000 53 3 2446 6
555c81c60000 57 3 2508 6
555c81c82000 39 2 2551 6
555c81c8f000 46 3 2601 6
555c81c8e000 47 2 2651 6
555c81c8d000 28 2 2682 7
2713 7
0x555c81c84000
555c81c84000 38 14 52 2
555c81c3a000 33 8 95 2
555c81c68000 55 14 166 2
555c81ca1000 427 55 649 3
555c81ca2000 787 88 1525 4
555c81c67000 56 7 1589 4
555c81c66000 28 4 1622 4
555c81c97000 59 8 1691 5
555c81c96000 41 7 1740 6
555c81c7a000 44 2 1787 6
555c81c79000 39 3 1831 6
555c81c7b000 52 3 1887 6
555c81c39000 18 1 1907 6
555c81c4e000 43 3 1954 6
555c81c70000 40 2 1997 6
555c81c8c000 31 2 2032 6
555c81c8b000 41 2 2076 6
555c81c8a000 51 3 2131 6
555c81c89000 51 3 2186 6
555c81c6d000 47 2 2236 6
555c81c4d000 41 2 2280 6
555c81c4c000 38 2 2321 6
555c81c7d000 54 2 2379 6
555c81c7c000 47 3 2431 6
555c81c3b000 53 3 2488 6
555c81c60000 58 3 2550 6
555c81c82000 38 2 2592 6
555c81c8f000 46 3 2643 6
555c81c8e000 47 2 2693 6
555c81c8d000 28 1 2723 7
2753 7
0x555c81c3f000
555c81c3f000 49 18 67 3
555c81ca2000 787 87 942 4
555c81ca1000 427 36 1406 4
555c81c3a000 34 5 1446 4
555c81c68000 56 8 1511 4
555c81c67000 56 8 1576 4
555c81c66000 28 5 1610 4
555c81c97000 60 8 1679 5
555c81c96000 41 7 1728 6
555c81c7a000 44 2 1775 6
555c81c79000 39 3 1819 6
555c81c7b000 52 3 1875 6
555c81c39000 17 2 1895 6
555c81c4e000 44 3 1942 6
555c81c70000 40 2 1985 6
555c81c8c000 32 2 2020 6
555c81c8b000 40 3 2064 6
555c81c8a000 51 3 2119 6
555c81c89000 51 2 2173 6
555c81c6d000 47 2 2224 6
555c81c4d000 41 2 2268 6
555c81c4c000 37 2 2309 6
555c81c7d000 54 3 2368 6
555c81c7c000 47 3 2419 6
555c81c3b000 53 3 2476 6
555c81c60000 57 3 2538 6
555c81c82000 39 2 2581 6
555c81c8f000 46 3 2631 6
555c81c8e000 47 2 2681 6
555c81c8d000 28 2 2712 7
2741 7
0x555c81c49000
555c81c49000 38 15 54 3
555c81c3a000 33 8 96 3
555c81c68000 56 12 165 3
555c81ca1000 434 47 647 4
555c81ca2000 799 75 1522 5
555c81c67000 55 6 1584 5
555c81c66000 28 4 1617 5
555c81c97000 60 6 1684 5
555c81c96000 40 7 1733 6
555c81c7a000 44 2 1780 6
555c81c79000 39 3 1824 6
555c81c7b000 52 3 1880 6
555c81c39000 17 1 1899 6
555c81c4e000 44 3 1947 6
555c81c70000 39 2 1989 6
555c81c8c000 31 2 2024 6
555c81c8b000 40 3 2068 6
555c81c8a000 51 2 2122 6
555c81c89000 51 3 2177 6
555c81c6d000 46 3 2227 6
555c81c4d000 41 2 2270 6
555c81c4c000 38 2 2311 6
555c81c7d000 54 2 2369 6
555c81c7c000 47 3 2420 6
555c81c3b000 53 3 2477 6
555c81c60000 57 3 2538 6
555c81c82000 39 2 2581 6
555c81c8f000 46 3 2631 6
555c81c8e000 46 2 2680 6
555c81c8d000 28 1 2710 7
2740 7
0x555c81c56000
555c81c56000 45 19 64 3
64 3
0x555c81c87000
555c81c87000 51 19 70 3
555c81c86000 38 7 116 3
555c81c4e000 44 11 172 4
555c81c3a000 33 5 211 4
555c81c68000 56 7 274 4
555c81ca1000 428 34 737 4
555c81ca2000 788 68 1594 5
555c81c67000 55 4 1654 5
555c81c66000 27 2 1684 5
555c81c97000 60 4 1749 6
555c81c96000 40 3 1793 6
555c81c7a000 44 2 1840 6
555c81c79000 39 3 1883 6
555c81c7b000 52 3 1939 6
555c81c39000 17 1 1958 6
555c81c6c000 51 3 2013 6
555c81c3c000 48 2 2064 6
555c81c51000 57 3 2125 6
555c81c50000 37 1 2164 6
555c81c4f000 53 3 2221 6
555c81c8b000 41 2 2266 6
555c81c8a000 51 2 2320 6
555c81c89000 51 3 2375 6
555c81c6d000 47 2 2425 6
555c81c4d000 40 3 2469 6
555c81c4c000 37 2 2509 6
555c81c7d000 54 2 2567 6
555c81c7c000 47 3 2618 6
555c81c3b000 54 2 2675 6
555c81c60000 58 3 2737 6
555c81c82000 39 2 2779 6
555c81c8f000 46 3 2829 6
555c81c8e000 46 2 2878 6
555c81c8d000 28 2 2909 7
2942 7
0x555c81c86000
555c81c86000 38 12 50 1
555c81c4e000 44 16 110 3
555c81c3a000 34 5 150 3
555c81c68000 56 10 217 3
555c81ca1000 426 43 686 4
555c81ca2000 786 69 1542 5
555c81c67000 55 4 1602 5
555c81c66000 27 2 1632 5
555c81c97000 60 4 1697 6
555c81c96000 40 3 1741 6
555c81c7a000 44 2 1788 6
555c81c79000 39 3 1831 6
555c81c7b000 52 3 1887 6
555c81c39000 17 2 1907 6
555c81c6c000 51 3 1961 6
555c81c3c000 48 2 2012 6
555c81c51000 57 2 2073 6
555c81c50000 38 1 2113 6
555c81c4f000 53 3 2170 6
555c81c8b000 41 3 2216 6
555c81c8a000 51 2 2270 6
555c81c89000 52 2 2325 6
555c81c6d000 46 3 2376 6
555c81c4d000 41 3 2420 6
555c81c4c000 37 2 2460 6
555c81c7d000 55 2 2519 6
555c81c7c000 47 4 2571 6
555c81c3b000 53 3 2628 6
555c81c60000 58 3 2690 6
555c81c82000 39 2 2732 6
555c81c8f000 47 3 2783 6
555c81c8e000 46 2 2832 6
555c81c8d000 28 2 2863 7
2895 7
0x555c81c45000
555c81c45000 77 26 103 2
555c81ca2000 793 104 1001 3
555c81ca1000 430 45 1477 4
555c81c3a000 33 5 1517 4
555c81c68000 56 8 1582 4
555c81c67000 56 7 1646 4
555c81c66000 28 5 1680 4
555c81c97000 59 9 1749 5
555c81c96000 40 7 1797 6
555c81c7a000 44 2 1844 6
555c81c79000 40 3 1888 6
555c81c7b000 52 3 1944 6
555c81c39000 17 1 1963 6
555c81c4e000 44 3 2011 6
555c81c70000 39 3 2054 6
555c81c8c000 31 2 2088 6
555c81c8b000 41 3 2133 6
555c81c8a000 52 2 2187 6
555c81c89000 52 2 2242 6
555c81c6d000 47 2 2293 6
555c81c4d000 41 3 2337 6
555c81c4c000 37 2 2377 6
555c81c7d000 54 2 2436 6
555c81c7c000 47 3 2487 6
555c81c3b000 54 2 2544 6
555c81c60000 58 3 2606 6
555c81c82000 39 2 2649 6
555c81c8f000 47 2 2699 6
555c81c8e000 47 2 2749 6
555c81c8d000 28 2 2780 7
2810 7
0x555c81c44000
555c81c44000 73 32 106 4
555c81ca1000 430 33 570 4
555c81c43000 56 8 635 5
555c81c3a000 34 3 673 5
555c81c68000 56 4 734 5
555c81ca2000 792 52 1579 5
555c81c67000 55 4 1639 5
555c81c66000 28 2 1669 5
555c81c97000 60 4 1734 6
555c81c96000 40 3 1778 6
555c81c7a000 44 2 1825 6
555c81c79000 39 3 1868 6
555c81c7b000 52 3 1924 6
555c81c39000 17 2 1944 6
555c81c4e000 44 3 1991 6
555c81c70000 39 2 2033 6
555c81c8c000 32 2 2068 6
555c81c8b000 40 3 2112 6
555c81c8a000 50 3 2166 6
555c81c89000 51 2 2220 6
555c81c6d000 46 3 2271 6
555c81c4d000 41 2 2314 6
555c81c4c000 37 2 2354 6
555c81c7d000 54 2 2413 6
555c81c7c000 47 3 2464 6
555c81c3b000 53 2 2520 6
555c81c60000 57 3 2582 6
555c81c82000 39 2 2624 6
555c81c8f000 46 3 2674 6
555c81c8e000 46 2 2723 6
555c81c8d000 28 2 2754 7
2785 7
0x555c81c64000
555c81c64000 46 19 65 3
555c81c63000 44 9 119 3
555c81ca2000 787 84 991 5
555c81ca1000 428 23 1443 5
555c81c3a000 33 2 1480 5
555c81c68000 56 4 1541 5
555c81c67000 55 4 1601 5
555c81c66000 27 2 1631 5
555c81c97000 60 4 1696 6
555c81c96000 41 3 1741 6
555c81c7a000 44 3 1788 6
555c81c79000 40 3 1831 6
555c81c7b000 52 2 1886 6
555c81c39000 17 1 1906 6
555c81c4e000 44 2 1953 6
555c81c70000 40 2 1996 6
555c81c8c000 31 2 2030 6
555c81c8b000 41 2 2074 6
555c81c8a000 51 3 2129 6
555c81c89000 50 3 2183 6
555c81c6d000 47 2 2233 6
555c81c4d000 40 3 2277 6
555c81c4c000 37 2 2317 6
555c81c7d000 54 2 2375 6
555c81c7c000 47 3 2426 6
555c81c3b000 53 3 2483 6
555c81c60000 58 3 2545 6
555c81c82000 39 2 2587 6
555c81c8f000 46 3 2637 6
555c81c8e000 46 2 2686 6
555c81c8d000 28 2 2717 7
2747 7
0x555c81c63000
555c81c63000 44 16 60 1
555c81ca2000 786 121 968 3
555c81ca1000 428 45 1441 4
555c81c3a000 33 5 1480 4
555c81c68000 56 8 1545 4
555c81c67000 55 7 1608 4
555c81c66000 28 4 1641 4
555c81c97000 60 8 1710 5
555c81c96000 40 7 1758 6
555c81c7a000 44 3 1806 6
555c81c79000 39 3 1849 6
555c81c7b000 52 3 1905 6
555c81c39000 17 1 1924 6
555c81c4e000 44 2 1971 6
555c81c70000 40 2 2014 6
555c81c8c000 31 2 2048 6
555c81c8b000 41 2 2092 6
555c81c8a000 51 3 2147 6
555c81c89000 51 2 2201 6
555c81c6d000 46 3 2252 6
555c81c4d000 41 2 2295 6
555c81c4c000 38 2 2336 6
555c81c7d000 54 2 2394 6
555c81c7c000 47 3 2445 6
555c81c3b000 53 3 2502 6
555c81c60000 57 3 2563 6
555c81c82000 38 2 2605 6
555c81c8f000 47 2 2655 6
555c81c8e000 47 2 2705 6
555c81c8d000 28 1 2735 7
2765 7
0x555c81c62000
555c81c62000 53 20 73 2
555c81ca1000 430 55 559 3
555c81c3a000 34 7 601 3
555c81c68000 56 12 669 3
555c81ca2000 795 88 1553 4
555c81c67000 56 7 1617 4
555c81c66000 28 5 1651 4
555c81c97000 60 8 1720 5
555c81c96000 41 6 1768 6
555c81c7a000 44 3 1816 6
555c81c79000 39 3 1859 6
555c81c7b000 52 3 1915 6
555c81c39000 18 1 1935 6
555c81c4e000 45 2 1982 6
555c81c70000 40 2 2025 6
555c81c8c000 32 2 2060 6
555c81c8b000 41 2 2104 6
555c81c8a000 51 3 2159 6
555c81c89000 51 3 2214 6
555c81c6d000 47 3 2265 6
555c81c4d000 41 2 2308 6
555c81c4c000 38 2 2349 6
555c81c7d000 55 2 2408 6
555c81c7c000 47 3 2459 6
555c81c3b000 54 2 2516 6
555c81c60000 58 3 2579 6
555c81c82000 39 2 2621 6
555c81c8f000 47 3 2672 6
555c81c8e000 47 1 2721 6
555c81c8d000 29 1 2752 7
2782 7
0x555c81c88000
555c81c88000 48 15 63 1
63 1
0x555c81c55000
555c81c55000 69 18 87 4
555c81ca2000 793 75 956 6
555c81ca1000 426 18 1401 6
555c81c3a000 34 3 1439 6
555c81c68000 56 4 1499 6
555c81c67000 55 4 1559 6
555c81c66000 27 3 1590 6
555c81c97000 60 4 1655 6
555c81c96000 40 4 1700 7
1712 7
0x555c81c92000
555c81c92000 41 15 56 4
555c81c91000 56 7 120 4
555c81c90000 62 9 192 4
555c81c8f000 46 7 246 4
555c81c3a000 34 4 285 4
555c81c68000 55 8 349 4
555c81ca1000 427 34 811 4
555c81ca2000 788 69 1669 5
555c81c67000 55 4 1728 5
555c81c66000 28 2 1759 5
555c81c97000 59 4 1823 6
555c81c96000 41 3 1868 6
555c81c7a000 43 3 1915 6
555c81c79000 39 3 1958 6
555c81c7b000 52 3 2014 6
555c81c39000 17 1 2033 6
555c81c4e000 44 2 2080 6
555c81c70000 40 2 2123 6
555c81c8c000 32 2 2158 6
555c81c8b000 41 2 2201 6
555c81c8a000 51 3 2256 6
555c81c89000 51 2 2310 6
555c81c6d000 46 3 2361 6
555c81c4d000 41 2 2404 6
555c81c4c000 38 2 2445 6
555c81c7d000 54 2 2503 6
555c81c7c000 47 3 2554 6
555c81c3b000 53 3 2611 6
555c81c60000 57 3 2672 6
555c81c82000 38 2 2714 6
555c81c5d000 53 2 2770 6
555c81c78000 41 4 2816 6
555c81c75000 69 4 2890 6
555c81c74000 52 3 2946 6
555c81c73000 48 3 2998 6
555c81c4a000 51 3 3053 6
555c81c5c000 44 3 3102 6
555c81c99000 47 3 3153 6
555c81c5e000 51 2 3207 6
555c81c64000 46 3 3258 6
555c81c63000 44 2 3305 6
555c81c77000 44 2 3353 6
555c81c76000 45 2 3401 6
555c81c85000 35 2 3440 6
555c81c84000 38 2 3481 6
555c81c83000 61 3 3546 7
3591 7
0x555c81c72000
555c81c72000 40 14 54 2
555c81c71000 46 13 113 3
555c81ca2000 787 88 989 3
555c81ca1000 426 45 1461 4
555c81c3a000 34 4 1500 4
555c81c68000 56 8 1565 4
555c81c67000 55 7 1628 4
555c81c66000 28 5 1662 4
555c81c97000 60 8 1730 5
555c81c96000 40 7 1778 6
555c81c7a000 43 3 1825 6
555c81c79000 39 3 1868 6
555c81c7b000 52 3 1924 6
555c81c39000 17 2 1944 6
555c81c4e000 44 3 1991 6
555c81c70000 39 2 2033 6
555c81c8c000 32 2 2068 6
555c81c8b000 41 2 2111 6
555c81c8a000 51 3 2166 6
555c81c89000 50 3 2220 6
555c81c6d000 47 2 2270 6
555c81c4d000 41 2 2314 6
555c81c4c000 37 2 2354 6
555c81c7d000 54 3 2413 6
555c81c7c000 47 3 2464 6
555c81c3b000 53 2 2520 6
555c81c60000 57 3 2582 6
555c81c82000 38 2 2624 6
555c81c8f000 47 2 2674 6
555c81c8e000 47 2 2724 6
555c81c8d000 28 2 2754 7
2785 7
0x555c81c98000
555c81c98000 49 18 67 5
67 5
0x555c81c9f000
555c81c9f000 38 10 49 1
555c81ca2000 785 121 956 3
555c81ca1000 429 44 1430 4
555c81c3a000 34 5 1470 4
555c81c68000 55 8 1534 4
555c81c67000 56 7 1598 4
555c81c66000 27 5 1631 4
555c81c97000 59 9 1700 5
555c81c96000 41 7 1748 6
555c81c7a000 43 3 1795 6
555c81c79000 39 3 1838 6
555c81c7b000 52 2 1893 6
555c81c39000 17 1 1913 6
555c81c4e000 44 2 1960 6
555c81c70000 40 2 2003 6
555c81c8c000 31 2 2037 6
555c81c8b000 41 2 2081 6
555c81c8a000 51 3 2136 6
555c81c89000 50 3 2190 6
555c81c6d000 47 3 2241 6
555c81c4d000 41 2 2284 6
555c81c4c000 38 2 2325 6
555c81c7d000 54 2 2383 6
555c81c7c000 47 3 2434 6
555c81c3b000 53 3 2491 6
555c81c60000 58 3 2553 6
555c81c82000 39 2 2595 6
555c81c8f000 46 3 2645 6
555c81c8e000 47 1 2694 6
555c81c8d000 28 2 2725 7
2754 7
0x555c81c9e000
555c81c9e000 61 19 81 4
555c81c9d000 43 7 132 4
555c81c83000 61 11 205 5
555c81ca2000 789 58 1053 6
555c81ca1000 428 18 1500 6
555c81c3a000 34 3 1538 6
555c81c68000 56 4 1598 6
555c81c67000 55 4 1658 6
555c81c66000 27 3 1689 6
555c81c97000 59 5 1754 6
555c81c96000 41 4 1799 7
1812 7
0x555cbf0b6000
0 0
0x555c81c9d000
555c81c9d000 43 13 57 1
555c81c83000 61 19 138 4
555c81ca2000 787 72 998 5
555c81ca1000 428 26 1453 5
555c81c3a000 33 4 1491 5
555c81c68000 55 6 1553 5
555c81c67000 55 5 1614 5
555c81c66000 28 3 1646 5
555c81c97000 60 5 1712 6
555c81c96000 41 4 1758 7
1770 7
0x555c81c61000
555c81c61000 30 10 40 0
555c81c60000 58 20 118 3
555c81c97000 60 10 189 4
555c81ca2000 786 74 1050 4
555c81ca1000 426 37 1514 5
555c81c3a000 34 4 1553 5
555c81c68000 56 6 1616 5
555c81c67000 55 6 1678 5
555c81c66000 28 4 1711 5
555c81c73000 48 7 1767 6
555c81c4a000 52 3 1822 6
555c81c5c000 44 3 1871 6
555c81c99000 47 3 1922 6
555c81c75000 69 4 1996 6
555c81c74000 52 2 2051 6
555c81c4d000 41 2 2095 6
555c81c4c000 38 1 2135 6
555c81c7d000 54 2 2194 6
555c81c7c000 47 3 2245 6
555c81c3b000 53 3 2302 6
555c81c72000 40 2 2345 6
555c81c71000 45 3 2394 6
555c81c70000 40 2 2437 6
555c81c39000 17 1 2456 6
555c81c8c000 31 2 2490 6
555c81c8b000 41 2 2534 6
555c81c8a000 51 2 2588 6
555c81c4e000 43 3 2636 6
555c81c91000 56 2 2696 6
555c81c90000 63 3 2763 6
555c81c8f000 47 2 2813 6
555c81c8e000 47 2 2863 6
555c81c8d000 28 1 2893 7
2926 7
0x555c81c3c000
555c81c3c000 48 13 61 1
555c81ca2000 788 120 970 3
555c81ca1000 427 44 1442 4
555c81c3a000 34 5 1482 4
555c81c68000 55 9 1547 4
555c81c67000 55 7 1610 4
555c81c66000 28 4 1643 4
555c81c97000 60 8 1712 5
555c81c96000 40 7 1760 6
555c81c7a000 44 2 1807 6
555c81c79000 40 2 1850 6
555c81c7b000 52 3 1906 6
555c81c39000 17 2 1926 6
555c81c4e000 44 3 1973 6
555c81c70000 39 2 2015 6
555c81c8c000 31 2 2050 6
555c81c8b000 41 2 2094 6
555c81c8a000 51 2 2148 6
555c81c89000 50 3 2203 6
555c81c6d000 47 3 2254 6
555c81c4d000 41 2 2297 6
555c81c4c000 38 2 2338 6
555c81c7d000 54 2 2396 6
555c81c7c000 47 3 2447 6
555c81c3b000 53 3 2504 6
555c81c60000 57 4 2566 6
555c81c82000 39 2 2608 6
555c81c8f000 46 3 2658 6
555c81c8e000 47 1 2707 6
555c81c8d000 28 2 2738 7
2768 7
0x555c81c95000
555c81c95000 36 13 50 1
555c81ca2000 789 121 961 3
555c81ca1000 430 44 1435 4
555c81c3a000 34 5 1475 4
555c81c68000 56 8 1540 4
555c81c67000 55 7 1603 4
555c81c66000 28 5 1637 4
555c81c97000 59 8 1705 5
555c81c96000 41 7 1754 6
555c81c7a000 43 3 1801 6
555c81c79000 39 3 1844 6
555c81c7b000 52 3 1900 6
555c81c39000 17 1 1919 6
555c81c4e000 44 3 1967 6
555c81c70000 39 2 2009 6
555c81c8c000 31 2 2044 6
555c81c8b000 40 3 2088 6
555c81c8a000 51 2 2142 6
555c81c89000 51 3 2197 6
555c81c6d000 47 2 2247 6
555c81c4d000 40 3 2291 6
555c81c4c000 37 2 2331 6
555c81c7d000 54 3 2390 6
555c81c7c000 47 3 2441 6
555c81c3b000 53 2 2497 6
555c81c60000 57 4 2560 6
555c81c82000 39 2 2602 6
555c81c8f000 46 3 2652 6
555c81c8e000 46 2 2701 6
555c81c8d000 28 1 2731 7
2762 7
0x555c81c9c000
555c81c9c000 50 14 64 2
555c81ca2000 790 104 959 4
555c81ca1000 427 35 1422 4
555c81c3a000 33 5 1462 4
555c81c68000 56 8 1527 4
555c81c67000 55 7 1590 4
555c81c66000 28 4 1623 4
555c81c97000 60 8 1692 5
555c81c96000 40 7 1740 6
555c81c7a000 44 2 1787 6
555c81c79000 40 3 1831 6
555c81c7b000 52 2 1886 6
555c81c39000 17 1 1906 6
555c81c4e000 44 2 1953 6
555c81c70000 39 2 1996 6
555c81c8c000 31 2 2031 6
555c81c8b000 40 3 2075 6
555c81c8a000 50 3 2129 6
555c81c89000 51 3 2184 6
555c81c6d000 47 2 2234 6
555c81c4d000 41 3 2278 6
555c81c4c000 37 2 2318 6
555c81c7d000 54 2 2376 6
555c81c7c000 47 3 2427 6
555c81c3b000 54 2 2484 6
555c81c60000 58 3 2546 6
555c81c82000 38 2 2588 6
555c81c8f000 46 3 2638 6
555c81c8e000 47 2 2688 6
555c81c8d000 28 2 2719 7
2748 7
