0x419000
419000 40 11 52 1
416000 22 9 84 1
413000 17 9 110 2
414000 21 8 140 2
415000 21 8 170 2
417000 34 9 214 3
418000 35 9 259 4
7fdee2cbb000 82 13 355 6
7fdee2cba000 73 10 439 6
7fdee2d1c000 45 5 490 6
7fdee2d1b000 50 5 546 6
7fdee2d2e000 41 2 590 7
597 7
0x416000
416000 21 10 31 0
413000 17 10 58 1
58 1
0x413000
413000 16 10 27 1
27 1
0x414000
414000 21 9 31 0
413000 17 9 58 1
58 1
0x415000
415000 22 9 31 0
413000 17 9 58 1
58 1
0x417000
417000 34 11 45 1
413000 17 9 72 2
72 2
0x418000
418000 35 12 47 2
413000 17 8 73 3
7fdee2cbb000 81 15 169 5
7fdee2cba000 74 15 259 5
7fdee2d1c000 46 6 312 5
7fdee2d1b000 51 7 372 5
7fdee2d2e000 41 4 418 6
7fdee2d21000 47 3 469 6
7fdee2af9000 65 7 542 6
7fdee2af8000 63 11 617 6
7fdee2af7000 101 6 724 6
7fdee2cb9000 18 1 744 6
7fdee2d78000 37 2 783 6
7fdee2d77000 116 5 905 6
7fdee2af4000 84 9 999 6
7fdee2d76000 84 4 1087 6
7fdee2d75000 72 2 1161 6
7fdee2d7a000 108 4 1274 6
7fdee2d79000 73 2 1350 6
7fdee2aee000 56 3 1411 6
7fdee2aed000 51 0 1462 6
7fdee2aec000 46 0 1509 6
7fdee2d68000 76 5 1591 6
7fdee2d63000 72 5 1669 6
7fdee2cbe000 89 4 1763 6
7fdee2d73000 69 2 1835 7
1848 7
0x46d000
46d000 165 33 199 3
46c000 121 14 334 3
415000 22 6 363 3
413000 16 6 386 3
417000 34 6 427 4
416000 21 6 455 4
418000 34 7 497 5
7fdee2cbb000 81 9 588 7
593 7
0x46c000
46c000 122 23 145 1
415000 21 10 177 1
413000 17 9 203 2
417000 34 9 246 3
416000 21 7 275 3
418000 35 9 320 4
7fdee2cbb000 81 12 414 6
7fdee2cba000 73 9 497 6
7fdee2d1c000 46 4 548 6
7fdee2d1b000 51 5 605 6
7fdee2d2e000 40 3 649 7
655 7
0x46b000
46b000 46 14 61 2
7fdee2abf000 75 21 158 4
7fdee2acc000 87 11 256 4
7fdee2acb000 78 16 351 4
7fdee2b50000 56 29 437 4
7fdee2b4b000 54 20 511 5
7fdee2b4a000 77 24 613 5
7fdee2b49000 62 15 690 5
7fdee2a5f000 125 5 821 5
7fdee2b48000 47 5 874 5
7fdee2b47000 44 5 923 5
7fdee2adc000 84 18 1026 5
7fdee2adb000 87 12 1126 5
7fdee2b9c000 103 11 1240 5
7fdee2ada000 62 9 1311 5
7fdee2ad9000 83 10 1404 5
7fdee2ad1000 154 13 1572 5
7fdee2ad8000 96 8 1676 5
7fdee2ad7000 69 11 1756 5
7fdee2ad2000 61 13 1831 5
7fdee2a9e000 57 7 1896 5
7fdee2b6c000 92 10 1998 5
7fdee2b6b000 110 9 2118 5
7fdee2b6a000 69 19 2206 5
7fdee2b68000 77 7 2290 5
7fdee2b46000 54 6 2350 6
7fdee2b45000 50 3 2403 6
7fdee2b44000 36 3 2443 6
7fdee2b43000 46 4 2494 6
7fdee2b42000 40 3 2537 6
7fdee2b41000 44 3 2585 6
7fdee2b7b000 54 4 2644 6
7fdee2b5d000 69 15 2728 6
7fdee2aca000 61 5 2795 6
7fdee2b55000 60 9 2865 6
7fdee2b51000 80 11 2956 6
7fdee2b54000 48 7 3012 6
7fdee2ace000 105 8 3125 6
7fdee2b53000 94 8 3227 6
7fdee2b52000 62 10 3299 6
7fdee2a9f000 32 5 3336 6
7fdee2ac8000 48 4 3388 6
7fdee2b20000 48 5 3442 6
7fdee2b1f000 57 9 3508 6
7fdee2b81000 45 5 3559 6
7fdee2b80000 59 5 3623 6
7fdee2b7f000 49 5 3678 6
7fdee2b7e000 65 5 3748 7
3751 7
0x46a000
46a000 52 16 69 1
417000 34 10 114 2
413000 17 8 140 3
416000 22 7 169 3
418000 34 9 213 4
7fdee2cbb000 81 13 308 6
7fdee2cba000 73 9 391 6
7fdee2d1c000 46 4 442 6
7fdee2d1b000 51 5 499 6
7fdee2d2e000 40 3 543 7
550 7
0x469000
469000 21 11 32 1
466000 28 10 70 2
465000 35 9 115 3
416000 22 6 143 3
413000 16 7 167 4
415000 22 5 194 4
414000 21 5 221 4
417000 34 5 261 5
7fdee2d68000 76 14 352 7
358 7
0x466000
466000 28 11 39 1
465000 35 10 85 2
416000 21 8 115 2
413000 16 8 140 3
415000 22 6 168 3
414000 22 6 197 3
417000 33 8 239 4
7fdee2d68000 75 21 336 7
340 7
0x465000
465000 36 11 47 2
416000 22 7 76 2
413000 17 8 102 3
415000 22 6 130 3
414000 21 7 159 3
417000 34 8 201 4
7fdee2d68000 76 20 297 7
300 7
0x464000
464000 39 13 52 2
416000 21 8 82 2
413000 17 7 107 3
415000 21 7 136 3
463000 32 7 175 3
417000 33 8 217 4
414000 21 6 245 4
7fdee2aee000 58 11 314 4
7fdee2aed000 51 6 371 4
7fdee2aec000 46 6 424 4
46d000 166 17 608 5
46c000 121 9 739 5
418000 34 5 779 5
7fdee2cbb000 82 8 870 7
877 7
0x463000
463000 31 12 44 1
44 1
0x467000
467000 25 11 36 0
46c000 121 23 181 1
415000 21 9 212 1
413000 17 9 239 2
417000 34 9 282 3
416000 21 8 312 3
418000 35 9 356 4
7fdee2cbb000 81 13 451 6
7fdee2cba000 73 9 534 6
7fdee2d1c000 45 5 585 6
7fdee2d1b000 51 4 641 6
7fdee2d2e000 41 3 686 7
693 7
0x468000
468000 23 10 33 0
415000 22 9 65 0
413000 17 9 92 1
466000 28 9 130 2
465000 35 9 175 3
416000 21 6 203 3
414000 22 6 232 3
417000 34 7 274 4
7fdee2d68000 77 20 372 7
378 7
0x43b000
43b000 28 11 39 1
414000 21 9 70 1
413000 17 9 97 2
43a000 34 10 142 3
7fdee2d6a000 58 17 218 4
417000 34 5 258 5
7fdee2d68000 76 15 350 6
7fdee2d63000 72 7 430 6
7fdee2d78000 37 3 470 6
7fdee2cbb000 82 3 556 7
561 7
0x43a000
43a000 35 13 48 3
48 3
0x43c000
43c000 27 11 39 0
43b000 28 11 78 1
414000 22 9 110 1
413000 17 9 136 2
43a000 34 11 181 3
7fdee2d6a000 59 16 256 4
417000 34 5 296 5
7fdee2d68000 75 15 387 6
7fdee2d63000 72 6 466 6
7fdee2d78000 37 3 506 6
7fdee2cbb000 81 4 592 7
598 7
0x43d000
43d000 23 10 33 0
416000 21 10 65 0
413000 16 10 92 1
43c000 27 9 128 1
43b000 28 9 166 2
414000 22 7 196 2
43a000 35 10 242 3
7fdee2d6a000 59 17 318 4
417000 34 5 357 5
7fdee2d68000 76 14 448 6
7fdee2d63000 72 6 527 6
7fdee2d78000 36 3 567 6
7fdee2cbb000 81 4 653 7
661 7
0x43e000
43e000 25 12 37 1
7fdee2cbb000 81 22 141 4
7fdee2cba000 73 23 238 5
7fdee2d1c000 45 7 291 5
7fdee2d1b000 51 7 350 5
7fdee2d2e000 41 4 396 6
7fdee2d21000 48 2 446 6
7fdee2af9000 65 8 520 6
7fdee2af8000 63 11 594 6
7fdee2af7000 100 6 701 6
7fdee2cb9000 17 1 720 6
7fdee2d78000 37 2 760 6
7fdee2d77000 115 5 881 6
7fdee2af4000 84 8 974 6
7fdee2d76000 83 3 1061 6
7fdee2d75000 73 2 1137 6
7fdee2d7a000 107 5 1250 6
7fdee2d79000 72 3 1326 6
7fdee2aee000 57 3 1387 6
7fdee2aed000 50 1 1438 6
7fdee2aec000 46 0 1485 6
7fdee2d68000 76 5 1567 6
7fdee2d63000 72 5 1645 6
7fdee2cbe000 90 4 1739 6
7fdee2d73000 69 2 1811 7
1824 7
0x43f000
43f000 39 12 52 2
418000 35 10 98 3
413000 17 6 122 3
7fdee2cbb000 82 15 219 5
7fdee2cba000 72 16 308 5
7fdee2d1c000 45 7 361 5
7fdee2d1b000 51 7 420 5
7fdee2d2e000 41 4 466 6
7fdee2d21000 47 3 516 6
7fdee2af9000 65 7 589 6
7fdee2af8000 63 11 663 6
7fdee2af7000 100 6 770 6
7fdee2cb9000 18 1 789 6
7fdee2d78000 36 2 828 6
7fdee2d77000 115 5 949 6
7fdee2af4000 84 9 1043 6
7fdee2d76000 83 4 1130 6
7fdee2d75000 72 2 1205 6
7fdee2d7a000 107 5 1318 6
7fdee2d79000 72 3 1394 6
7fdee2aee000 57 2 1454 6
7fdee2aed000 50 1 1506 6
7fdee2aec000 45 1 1553 6
7fdee2d68000 75 6 1635 6
7fdee2d63000 72 5 1713 6
7fdee2cbe000 90 4 1807 6
7fdee2d73000 69 2 1879 7
1894 7
0x440000
440000 30 14 44 3
44 3
0x44d000
44d000 39 12 52 1
52 1
0x42b000
42b000 45 14 60 1
415000 22 9 92 1
413000 16 9 118 2
42a000 47 11 177 2
429000 23 9 209 2
416000 21 8 238 2
414000 21 8 268 2
46d000 165 26 459 3
46c000 121 14 594 3
417000 34 7 636 4
418000 34 7 678 5
7fdee2cbb000 82 9 770 7
777 7
0x42a000
42a000 48 13 61 1
429000 23 9 94 1
416000 21 9 125 1
413000 16 9 151 2
415000 22 7 181 2
414000 21 8 211 2
46d000 165 25 402 3
46c000 121 14 538 3
417000 34 7 580 4
418000 34 7 622 5
7fdee2cbb000 81 9 713 7
719 7
0x429000
429000 23 10 34 0
34 0
0x452000
452000 41 15 56 2
415000 21 8 86 2
413000 16 8 111 3
426000 44 10 166 4
418000 34 7 208 4
7fdee2cbb000 81 12 301 5
7fdee2cba000 73 15 390 5
7fdee2d1c000 46 6 443 5
7fdee2d1b000 51 8 503 5
7fdee2d2e000 40 4 548 6
7fdee2d21000 47 2 598 6
7fdee2af9000 66 7 672 6
7fdee2af8000 63 11 746 6
7fdee2af7000 99 6 852 6
7fdee2cb9000 18 1 872 6
7fdee2d78000 37 2 911 6
7fdee2d77000 115 5 1032 6
7fdee2af4000 84 8 1125 6
7fdee2d76000 82 4 1212 6
7fdee2d75000 72 2 1287 6
7fdee2d7a000 107 5 1400 6
7fdee2d79000 73 3 1477 6
7fdee2aee000 57 2 1537 6
7fdee2aed000 50 1 1589 6
7fdee2aec000 46 1 1636 6
7fdee2d68000 76 5 1718 6
7fdee2d63000 72 5 1796 6
7fdee2cbe000 89 4 1890 6
7fdee2d73000 69 3 1963 7
1977 7
0x426000
426000 44 16 61 2
61 2
0x41a000
41a000 54 15 69 3
419000 33 7 110 3
416000 21 6 138 3
413000 16 6 161 3
414000 21 6 189 3
415000 21 6 217 3
417000 34 7 259 4
418000 35 7 302 5
7fdee2cbb000 82 9 393 7
399 7
0x41b000
41b000 28 11 39 1
39 1
