0x410000
410000 41 14 55 3
40f000 19 6 81 4
7fccec207000 68 13 162 4
7fccec343000 96 16 274 4
7fccec342000 100 14 388 4
7fccec205000 118 6 512 4
7fccec312000 88 12 612 4
7fccec311000 105 14 731 4
7fccec310000 68 27 827 4
7fccec30e000 72 11 911 4
7fccec302000 88 40 1039 5
7fccec300000 47 6 1093 6
7fccec217000 58 6 1157 6
7fccec216000 72 4 1234 6
7fccec215000 41 2 1277 6
7fccec214000 57 2 1337 6
7fccec213000 81 4 1423 7
1424 7
0x40f000
40f000 20 9 29 1
29 1
0x4cd000
4cd000 140 27 167 0
169 0
0x4ce000
4ce000 1003 173 1176 0
1177 0
0x48f000
48f000 45 21 66 2
4cd000 140 20 227 2
48e000 41 16 286 2
4ce000 1006 137 1430 2
7fccec207000 69 21 1521 4
7fccec343000 96 15 1632 4
7fccec342000 99 13 1744 4
7fccec205000 117 6 1868 4
7fccec312000 87 12 1968 4
7fccec311000 108 11 2088 4
7fccec310000 67 26 2182 4
7fccec30e000 73 9 2264 4
7fccec302000 86 40 2390 5
7fccec300000 47 6 2443 6
7fccec217000 55 9 2508 6
7fccec216000 72 4 2584 6
7fccec215000 36 3 2624 6
7fccec214000 52 2 2678 6
7fccec213000 81 4 2763 7
2766 7
0x48e000
48e000 41 21 62 2
4ce000 998 136 1197 2
4cd000 144 20 1362 2
7fccec207000 67 21 1452 4
7fccec343000 96 16 1564 4
7fccec342000 96 14 1674 4
7fccec205000 120 7 1801 4
7fccec312000 87 13 1901 4
7fccec311000 104 11 2016 4
7fccec310000 67 25 2109 4
7fccec30e000 73 8 2190 4
7fccec302000 88 40 2318 5
7fccec300000 47 6 2372 6
7fccec217000 55 7 2435 6
7fccec216000 72 4 2511 6
7fccec215000 36 3 2550 6
7fccec214000 52 2 2604 6
7fccec213000 82 3 2689 7
2691 7
0x4cf000
4cf000 225 43 268 3
4cd000 139 17 425 3
7fccebfd1000 43 10 479 3
7fccebfd0000 58 9 547 3
7fccebfcf000 69 10 627 3
7fccebfd8000 55 19 702 4
7fccebfd7000 53 5 761 4
7fccebfd6000 57 7 826 4
7fccebfd4000 59 6 892 4
7fccebfdb000 231 21 1145 5
7fccebfd3000 90 6 1242 5
7fccebfd2000 34 4 1281 5
7fccebfd9000 35 5 1322 5
7fccebfda000 118 9 1451 5
7fccebfce000 51 4 1507 5
7fccebfd5000 35 3 1546 5
410000 38 4 1591 6
40f000 19 2 1613 6
7fccec207000 68 5 1686 6
7fccec343000 96 5 1787 6
7fccec342000 97 5 1889 6
7fccec205000 119 2 2010 6
7fccec312000 90 4 2105 6
7fccec311000 104 4 2214 6
7fccec310000 68 9 2291 6
7fccec30e000 73 2 2366 6
7fccec302000 85 15 2467 6
7fccec300000 47 2 2517 6
7fccec217000 58 6 2582 6
7fccec216000 72 4 2659 6
7fccec215000 37 2 2698 6
7fccec214000 51 2 2752 6
7fccec213000 81 3 2837 7
2838 7
0x494000
494000 51 18 69 3
4ce000 992 118 1180 3
4cd000 141 18 1340 3
7fccec207000 68 18 1427 4
7fccec343000 95 17 1540 5
7fccec342000 96 11 1647 5
7fccec205000 120 5 1772 5
7fccec312000 88 9 1870 5
7fccec311000 106 9 1986 5
7fccec310000 69 19 2074 5
7fccec30e000 76 6 2156 5
7fccec302000 89 31 2277 5
7fccec300000 48 7 2332 6
7fccec217000 55 7 2394 6
7fccec216000 76 4 2474 6
7fccec215000 37 3 2515 6
7fccec214000 57 3 2575 6
7fccec213000 81 4 2660 7
2662 7
0x496000
496000 57 26 84 1
7fccec362000 66 19 170 1
7fccec361000 77 22 269 2
40f000 20 7 296 3
41a000 35 13 344 4
4ce000 999 95 1439 4
7fccec207000 67 13 1520 4
7fccec343000 98 16 1634 4
7fccec342000 96 14 1744 4
7fccec205000 117 6 1868 4
7fccec312000 87 13 1969 4
7fccec311000 106 11 2086 4
7fccec310000 69 26 2181 4
7fccec30e000 74 8 2263 4
7fccec302000 88 40 2391 5
7fccec300000 48 6 2445 6
7fccec217000 57 7 2509 6
7fccec216000 72 4 2585 6
7fccec215000 36 3 2624 6
7fccec214000 52 3 2679 6
7fccec213000 84 4 2767 7
2770 7
0x41a000
41a000 35 22 57 4
4ce000 998 95 1151 4
7fccec207000 68 13 1233 4
7fccec343000 96 15 1345 4
7fccec342000 96 14 1456 4
7fccec205000 117 7 1580 4
7fccec312000 87 13 1680 4
7fccec311000 104 11 1795 4
7fccec310000 68 25 1888 4
7fccec30e000 72 8 1969 4
7fccec302000 87 40 2096 5
7fccec300000 46 7 2150 6
7fccec217000 56 7 2213 6
7fccec216000 72 4 2289 6
7fccec215000 40 3 2333 6
7fccec214000 52 2 2387 6
7fccec213000 81 4 2472 7
2473 7
0x4a5000
4a5000 53 26 79 2
79 2
0x434000
434000 44 17 61 1
4ce000 995 157 1214 1
7fccec207000 69 25 1308 3
7fccec343000 96 21 1425 4
7fccec342000 97 14 1536 4
7fccec205000 118 6 1661 4
7fccec312000 87 13 1762 4
7fccec311000 105 11 1878 4
7fccec310000 68 25 1971 4
7fccec30e000 72 9 2053 4
7fccec302000 86 40 2179 5
7fccec300000 46 7 2233 6
7fccec217000 56 7 2296 6
7fccec216000 72 4 2372 6
7fccec215000 36 3 2412 6
7fccec214000 54 3 2469 6
7fccec213000 83 4 2556 7
2557 7
0x47d000
47d000 61 24 86 2
4cd000 145 19 251 2
4ce000 1000 137 1390 2
7fccec207000 67 21 1479 4
7fccec343000 95 15 1589 4
7fccec342000 96 14 1700 4
7fccec205000 118 7 1825 4
7fccec312000 88 12 1925 4
7fccec311000 104 11 2041 4
7fccec310000 68 25 2135 4
7fccec30e000 72 8 2216 4
7fccec302000 86 40 2342 5
7fccec300000 46 6 2395 6
7fccec217000 55 7 2458 6
7fccec216000 71 4 2533 6
7fccec215000 36 3 2573 6
7fccec214000 51 2 2626 6
7fccec213000 81 3 2711 7
2713 7
0x4a1000
4a1000 38 17 55 2
4ce000 993 136 1185 2
40f000 20 7 1213 3
49a000 39 13 1265 4
464000 45 8 1319 4
463000 51 9 1380 5
7fccec26f000 47 10 1438 5
7fccec276000 82 12 1532 6
7fccec2e5000 54 6 1592 6
7fccec269000 31 3 1626 6
7fccec275000 106 7 1740 6
7fccec205000 118 2 1861 6
7fccec270000 60 3 1925 6
7fccec2fb000 60 6 1992 6
7fccec2f7000 78 9 2080 6
7fccec2f6000 57 10 2147 6
7fccec2f1000 55 6 2208 6
7fccec2f0000 76 12 2297 6
7fccec2ef000 61 7 2365 6
7fccec2ee000 46 1 2412 6
7fccec2ed000 44 2 2459 6
7fccec282000 84 8 2552 6
7fccec281000 83 5 2641 6
7fccec342000 97 5 2744 6
7fccec280000 60 4 2808 6
7fccec27f000 80 4 2893 6
7fccec277000 145 6 3045 6
7fccec27e000 91 3 3140 6
7fccec27d000 67 4 3212 6
7fccec278000 61 6 3280 6
7fccec244000 55 3 3339 6
7fccec312000 91 5 3435 6
7fccec311000 106 4 3545 6
7fccec310000 69 9 3623 6
7fccec30e000 74 2 3699 6
7fccec2ec000 52 2 3754 7
3760 7
0x49a000
49a000 40 22 62 2
464000 45 14 122 2
463000 52 16 191 3
7fccec26f000 48 17 257 4
7fccec276000 81 17 355 6
7fccec2e5000 55 6 416 6
7fccec269000 30 3 449 6
7fccec275000 107 5 562 6
7fccec205000 121 2 685 6
7fccec270000 61 3 749 6
7fccec2fb000 60 6 816 6
7fccec2f7000 78 8 903 6
7fccec2f6000 58 10 971 6
7fccec2f1000 54 7 1032 6
7fccec2f0000 76 12 1121 6
7fccec2ef000 61 7 1189 6
7fccec2ee000 45 1 1236 6
7fccec2ed000 43 2 1282 6
7fccec282000 82 9 1374 6
7fccec281000 84 5 1463 6
7fccec342000 97 5 1565 6
7fccec280000 62 4 1631 6
7fccec27f000 79 4 1714 6
7fccec277000 143 7 1865 6
7fccec27e000 91 3 1959 6
7fccec27d000 66 5 2030 6
7fccec278000 60 6 2097 6
7fccec244000 56 3 2156 6
7fccec312000 94 5 2255 6
7fccec311000 106 3 2364 6
7fccec310000 69 9 2443 6
7fccec30e000 73 3 2520 6
7fccec2ec000 52 2 2575 7
2579 7
0x464000
464000 45 19 65 1
463000 52 18 136 3
7fccec26f000 47 17 201 4
7fccec276000 86 16 303 6
7fccec2e5000 54 6 364 6
7fccec269000 31 3 398 6
7fccec275000 106 5 509 6
7fccec205000 118 2 630 6
7fccec270000 59 3 693 6
7fccec2fb000 59 7 760 6
7fccec2f7000 77 9 846 6
7fccec2f6000 56 11 913 6
7fccec2f1000 53 7 973 6
7fccec2f0000 77 12 1063 6
7fccec2ef000 60 7 1131 6
7fccec2ee000 44 2 1178 6
7fccec2ed000 43 2 1223 6
7fccec282000 83 8 1314 6
7fccec281000 83 6 1404 6
7fccec342000 98 4 1506 6
7fccec280000 59 4 1570 6
7fccec27f000 80 4 1655 6
7fccec277000 149 6 1811 6
7fccec27e000 90 3 1905 6
7fccec27d000 66 5 1977 6
7fccec278000 60 6 2043 6
7fccec244000 56 3 2102 6
7fccec312000 90 4 2197 6
7fccec311000 105 4 2307 6
7fccec310000 68 9 2384 6
7fccec30e000 72 3 2460 6
7fccec2ec000 52 2 2514 7
2518 7
0x463000
463000 50 20 71 3
7fccec26f000 50 17 139 4
7fccec276000 80 16 235 6
7fccec2e5000 54 6 296 6
7fccec269000 30 4 330 6
7fccec275000 105 5 440 6
7fccec205000 131 2 574 6
7fccec270000 62 4 640 6
7fccec2fb000 59 7 706 6
7fccec2f7000 77 8 791 6
7fccec2f6000 56 10 858 6
7fccec2f1000 54 7 919 6
7fccec2f0000 77 11 1007 6
7fccec2ef000 60 7 1075 6
7fccec2ee000 47 2 1125 6
7fccec2ed000 43 1 1169 6
7fccec282000 82 8 1260 6
7fccec281000 82 5 1348 6
7fccec342000 96 4 1449 6
7fccec280000 59 4 1513 6
7fccec27f000 82 4 1599 6
7fccec277000 149 6 1755 6
7fccec27e000 91 3 1849 6
7fccec27d000 66 5 1921 6
7fccec278000 60 6 1987 6
7fccec244000 56 2 2045 6
7fccec312000 88 4 2138 6
7fccec311000 110 4 2253 6
7fccec310000 68 9 2330 6
7fccec30e000 73 3 2407 6
7fccec2ec000 52 2 2461 7
2463 7
0x4b5000
4b5000 48 19 68 1
68 1
0x43d000
43d000 59 24 83 1
4cd000 138 24 246 1
4ce000 990 156 1393 1
7fccec368000 56 24 1474 2
40f000 20 7 1501 2
7fccec22b000 33 17 1551 4
7fccec22a000 53 20 1625 6
7fccec229000 62 5 1693 6
7fccec205000 118 3 1814 6
7fccec228000 57 2 1874 6
7fccec227000 48 4 1927 6
7fccec312000 88 5 2021 6
7fccec311000 106 5 2132 6
7fccec310000 68 9 2209 6
7fccec30e000 73 2 2285 6
7fccec2c8000 41 2 2329 6
7fccec277000 144 7 2481 6
7fccec216000 72 4 2557 6
7fccec215000 36 3 2597 6
7fccec214000 54 4 2655 6
7fccec213000 81 3 2740 7
2742 7
0x4c7000
4c7000 46 24 70 2
4cd000 138 19 228 2
4ce000 991 137 1358 2
4c6000 78 22 1459 3
7fccec244000 55 11 1526 4
40f000 20 4 1550 4
7fccec207000 69 12 1631 4
7fccec343000 96 15 1743 4
7fccec342000 99 16 1859 4
7fccec205000 119 6 1984 4
7fccec312000 88 12 2085 4
7fccec311000 105 11 2202 4
7fccec310000 69 25 2296 4
7fccec30e000 75 8 2379 4
7fccec302000 86 40 2505 5
7fccec300000 47 6 2558 6
7fccec217000 55 7 2621 6
7fccec216000 72 3 2696 6
7fccec215000 36 3 2736 6
7fccec214000 52 2 2790 6
7fccec213000 81 4 2875 7
2878 7
0x4c6000
4c6000 74 29 103 2
7fccec244000 54 14 172 4
40f000 19 4 196 4
7fccec207000 67 13 277 4
7fccec343000 94 16 388 4
7fccec342000 99 14 501 4
7fccec205000 119 6 626 4
7fccec312000 87 13 727 4
7fccec311000 105 11 843 4
7fccec310000 68 26 937 4
7fccec30e000 72 8 1018 4
7fccec302000 86 40 1144 5
7fccec300000 47 6 1198 6
7fccec217000 56 6 1260 6
7fccec216000 72 4 1337 6
7fccec215000 37 2 1376 6
7fccec214000 51 3 1431 6
7fccec213000 82 3 1516 7
1518 7
0x41e000
41e000 45 22 67 1
4ce000 1000 156 1224 1
4cd000 140 24 1389 1
40f000 20 8 1419 2
7fccec207000 69 21 1509 3
7fccec343000 96 20 1625 4
7fccec342000 97 13 1735 4
7fccec205000 117 6 1859 4
7fccec312000 88 12 1959 4
7fccec311000 108 11 2079 4
7fccec310000 68 25 2172 4
7fccec30e000 73 8 2253 4
7fccec302000 86 40 2379 5
7fccec300000 47 7 2433 6
7fccec217000 56 6 2495 6
7fccec216000 72 3 2571 6
7fccec215000 36 3 2611 6
7fccec214000 52 2 2665 6
7fccec213000 82 3 2750 7
2752 7
0x4b8000
4b8000 48 17 65 1
411000 40 16 122 2
4ce000 994 139 1256 2
4cd000 139 21 1416 2
424000 39 13 1470 3
410000 37 10 1518 4
40f000 19 5 1543 5
7fccec207000 68 9 1621 5
7fccec343000 95 12 1729 5
7fccec342000 97 11 1837 5
7fccec205000 117 5 1959 5
7fccec312000 87 10 2057 5
7fccec311000 105 9 2171 5
7fccec310000 68 18 2257 5
7fccec30e000 73 6 2337 5
7fccec302000 86 30 2454 5
7fccec300000 47 6 2508 6
7fccec217000 56 7 2571 6
7fccec216000 72 4 2647 6
7fccec215000 36 3 2687 6
7fccec214000 51 3 2741 6
7fccec213000 81 3 2825 7
2830 7
0x411000
411000 41 17 58 2
4ce000 997 139 1194 2
4cd000 140 22 1357 2
424000 39 14 1411 3
410000 37 9 1457 4
40f000 20 5 1483 5
7fccec207000 68 10 1561 5
7fccec343000 96 12 1670 5
7fccec342000 101 11 1782 5
7fccec205000 120 5 1907 5
7fccec312000 89 10 2007 5
7fccec311000 107 9 2123 5
7fccec310000 69 19 2211 5
7fccec30e000 73 7 2292 5
7fccec302000 88 30 2410 5
7fccec300000 48 6 2465 6
7fccec217000 57 7 2529 6
7fccec216000 73 4 2606 6
7fccec215000 37 2 2646 6
7fccec214000 52 2 2701 6
7fccec213000 83 3 2788 7
2792 7
0x424000
424000 38 17 56 2
410000 36 11 104 3
40f000 19 5 129 4
7fccec207000 69 12 211 4
7fccec343000 96 15 323 4
7fccec342000 97 13 434 4
7fccec205000 118 7 560 4
7fccec312000 87 13 660 4
7fccec311000 105 10 775 4
7fccec310000 67 25 868 4
7fccec30e000 73 8 950 4
7fccec302000 86 40 1077 5
7fccec300000 47 6 1131 6
7fccec217000 55 7 1194 6
7fccec216000 73 3 1270 6
7fccec215000 37 2 1310 6
7fccec214000 52 2 1365 6
7fccec213000 82 4 1451 7
1453 7
0x44a000
44a000 33 18 51 1
4ce000 1006 156 1214 1
7fccec368000 57 23 1295 2
40f000 19 7 1322 2
7fccec207000 71 21 1415 3
7fccec343000 97 21 1533 4
7fccec342000 99 14 1646 4
7fccec205000 119 7 1772 4
7fccec312000 89 13 1874 4
7fccec311000 106 11 1991 4
7fccec310000 69 26 2087 4
7fccec30e000 76 8 2171 4
7fccec302000 85 41 2298 5
7fccec300000 47 6 2351 6
7fccec217000 55 7 2414 6
7fccec216000 72 4 2490 6
7fccec215000 36 3 2530 6
7fccec214000 52 2 2584 6
7fccec213000 81 4 2670 7
2671 7
0x471000
471000 52 24 76 2
4cf000 222 32 330 3
4cd000 140 16 487 3
7fccebfd1000 43 10 542 3
7fccebfd0000 58 8 609 3
7fccebfcf000 67 10 687 3
7fccebfd8000 56 18 762 4
7fccebfd7000 53 5 821 4
7fccebfd6000 57 7 886 4
7fccebfd4000 60 6 953 4
7fccebfdb000 229 21 1204 5
7fccebfd3000 91 5 1301 5
7fccebfd2000 35 3 1340 5
7fccebfd9000 36 5 1382 5
7fccebfda000 118 10 1512 5
7fccebfce000 51 4 1568 5
7fccebfd5000 35 4 1608 5
410000 38 4 1653 6
40f000 20 1 1674 6
7fccec207000 69 4 1748 6
7fccec343000 95 6 1850 6
7fccec342000 97 5 1952 6
7fccec205000 118 2 2072 6
7fccec312000 88 4 2164 6
7fccec311000 104 4 2272 6
7fccec310000 67 9 2349 6
7fccec30e000 72 3 2425 6
7fccec302000 86 16 2527 6
7fccec300000 47 2 2576 6
7fccec217000 56 6 2639 6
7fccec216000 72 4 2716 6
7fccec215000 37 2 2755 6
7fccec214000 52 2 2810 6
7fccec213000 82 3 2895 7
2897 7
0x4ae000
4ae000 42 16 58 1
410000 37 13 109 3
40f000 21 6 137 4
7fccec207000 68 12 217 4
7fccec343000 95 16 329 4
7fccec342000 96 13 438 4
7fccec205000 121 6 566 4
7fccec312000 88 13 668 4
7fccec311000 109 11 788 4
7fccec310000 68 26 882 4
7fccec30e000 74 8 964 4
7fccec302000 86 40 1091 5
7fccec300000 51 6 1149 6
7fccec217000 56 7 1213 6
7fccec216000 73 3 1289 6
7fccec215000 37 3 1330 6
7fccec214000 51 3 1384 6
7fccec213000 81 4 1470 7
1472 7
0x41f000
41f000 52 21 73 2
73 2
0x449000
449000 41 20 62 1
4cd000 138 26 227 1
4ce000 996 158 1382 1
48d000 38 12 1433 1
7fccec207000 68 26 1528 3
7fccec343000 96 21 1645 4
7fccec342000 97 13 1755 4
7fccec205000 118 6 1880 4
7fccec312000 88 13 1982 4
7fccec311000 105 10 2097 4
7fccec310000 67 26 2191 4
7fccec30e000 73 8 2272 4
7fccec302000 86 40 2398 5
7fccec300000 47 6 2451 6
7fccec217000 56 6 2513 6
7fccec216000 71 4 2589 6
7fccec215000 36 3 2629 6
7fccec214000 52 2 2683 6
7fccec213000 81 4 2769 7
2771 7
0x48d000
48d000 37 13 51 1
4ce000 992 156 1200 1
7fccec207000 68 28 1297 3
7fccec343000 95 21 1413 4
7fccec342000 97 14 1524 4
7fccec205000 118 6 1648 4
7fccec312000 87 12 1748 4
7fccec311000 104 11 1864 4
7fccec310000 68 25 1957 4
7fccec30e000 72 8 2038 4
7fccec302000 86 39 2163 5
7fccec300000 46 7 2217 6
7fccec217000 56 7 2280 6
7fccec216000 72 4 2356 6
7fccec215000 36 3 2396 6
7fccec214000 52 2 2450 6
7fccec213000 82 3 2535 7
2537 7
0x447000
447000 38 16 54 1
54 1
0x443000
443000 40 15 56 2
7fccec207000 68 22 147 3
7fccec343000 96 20 263 4
7fccec342000 97 13 374 4
7fccec205000 117 6 498 4
7fccec312000 87 12 598 4
7fccec311000 105 11 714 4
7fccec310000 67 25 807 4
7fccec30e000 72 9 888 4
7fccec302000 89 40 1017 5
7fccec300000 47 6 1070 6
7fccec217000 56 6 1132 6
7fccec216000 71 4 1208 6
7fccec215000 36 3 1248 6
7fccec214000 51 2 1301 6
7fccec213000 81 3 1386 7
1388 7
0x478000
478000 46 18 65 3
477000 57 13 136 4
4ce000 1002 96 1235 4
4cf000 223 20 1479 4
4cd000 144 12 1636 4
7fccebfd1000 42 8 1688 4
7fccebfd0000 61 7 1757 4
7fccebfcf000 66 8 1832 4
7fccebfd8000 56 14 1903 5
7fccebfd7000 54 3 1961 5
7fccebfd6000 58 4 2024 5
7fccebfd4000 60 4 2089 5
7fccebfdb000 233 15 2338 6
7fccebfd3000 92 3 2433 6
7fccebfd2000 34 3 2471 6
7fccebfd9000 37 2 2511 6
7fccebfda000 124 5 2642 6
7fccebfce000 51 2 2696 6
7fccebfd5000 35 1 2734 6
410000 37 2 2777 6
40f000 19 1 2798 6
7fccec207000 68 5 2872 6
7fccec343000 95 6 2974 6
7fccec342000 96 5 3075 6
7fccec205000 118 2 3196 6
7fccec312000 93 5 3295 6
7fccec311000 106 4 3405 6
7fccec310000 69 9 3483 6
7fccec30e000 75 3 3561 6
7fccec302000 88 15 3664 6
7fccec300000 48 3 3715 6
7fccec217000 56 7 3778 6
7fccec216000 73 3 3854 6
7fccec215000 37 2 3894 6
7fccec214000 56 2 3953 6
7fccec213000 81 3 4038 7
4042 7
0x477000
477000 57 22 79 2
4ce000 998 136 1213 2
4cf000 221 33 1468 3
4cd000 139 17 1624 3
7fccebfd1000 43 10 1678 3
7fccebfd0000 58 7 1744 3
7fccebfcf000 68 10 1823 3
7fccebfd8000 56 19 1899 4
7fccebfd7000 55 5 1960 4
7fccebfd6000 57 8 2026 4
7fccebfd4000 59 7 2093 4
7fccebfdb000 229 21 2344 5
7fccebfd3000 91 5 2441 5
7fccebfd2000 35 4 2481 5
7fccebfd9000 36 5 2523 5
7fccebfda000 122 9 2655 5
7fccebfce000 54 4 2714 5
7fccebfd5000 36 3 2754 5
410000 37 4 2798 6
40f000 19 1 2819 6
7fccec207000 68 4 2892 6
7fccec343000 96 5 2994 6
7fccec342000 96 5 3096 6
7fccec205000 119 2 3217 6
7fccec312000 88 4 3310 6
7fccec311000 105 3 3418 6
7fccec310000 67 9 3495 6
7fccec30e000 72 3 3571 6
7fccec302000 87 15 3673 6
7fccec300000 47 2 3723 6
7fccec217000 55 7 3786 6
7fccec216000 72 4 3862 6
7fccec215000 37 2 3902 6
7fccec214000 51 2 3956 6
7fccec213000 81 4 4042 7
4044 7
0x479000
479000 49 17 67 2
4cd000 139 21 228 2
4ce000 990 139 1359 2
7fccec207000 67 22 1449 4
7fccec343000 95 17 1562 5
7fccec342000 100 10 1673 5
7fccec205000 118 5 1797 5
7fccec312000 88 9 1894 5
7fccec311000 103 9 2007 5
7fccec310000 68 19 2094 5
7fccec30e000 74 7 2175 5
7fccec302000 86 30 2291 5
7fccec300000 47 6 2344 6
7fccec217000 55 6 2406 6
7fccec216000 71 4 2482 6
7fccec215000 36 3 2522 6
7fccec214000 52 2 2576 6
7fccec213000 82 4 2662 7
2663 7
0x47a000
47a000 49 21 70 3
70 3
0x444000
444000 39 17 57 2
57 2
0x46b000
46b000 40 15 56 1
4ce000 1004 157 1217 1
4cd000 145 24 1387 1
40f000 20 8 1417 2
7fccec294000 57 17 1491 3
7fccec293000 50 7 1548 3
7fccec292000 45 7 1601 3
440000 61 13 1676 3
7fccec362000 67 13 1757 3
7fccec361000 78 16 1852 3
49d000 57 16 1926 3
7fccec316000 49 16 1992 4
7fccec327000 45 9 2047 4
7fccec326000 56 12 2116 4
7fccec281000 83 16 2216 4
7fccec342000 97 14 2327 4
7fccec280000 63 11 2401 4
7fccec27f000 80 13 2494 4
7fccec277000 145 16 2655 4
7fccec27e000 91 9 2755 4
7fccec27d000 66 15 2837 4
7fccec278000 61 17 2915 4
7fccec205000 118 7 3040 4
7fccec244000 55 9 3104 4
7fccec312000 89 12 3205 4
7fccec311000 105 11 3321 4
7fccec310000 68 26 3415 4
7fccec30e000 73 9 3497 4
7fccec325000 48 10 3555 4
7fccec324000 62 11 3629 5
7fccec323000 86 5 3720 5
7fccec322000 55 5 3781 6
7fccec321000 53 1 3836 6
7fccec303000 68 11 3916 7
3919 7
0x440000
440000 61 21 82 1
7fccec362000 67 19 169 1
7fccec361000 78 22 269 2
40f000 20 7 296 3
4cd000 141 16 453 3
4ce000 991 117 1563 3
49d000 56 16 1636 3
7fccec316000 48 16 1701 4
7fccec327000 44 9 1754 4
7fccec326000 56 12 1823 4
7fccec281000 81 16 1921 4
7fccec342000 100 14 2035 4
7fccec280000 60 11 2106 4
7fccec27f000 80 12 2198 4
7fccec277000 144 16 2359 4
7fccec27e000 92 9 2461 4
7fccec27d000 66 14 2542 4
7fccec278000 60 17 2619 4
7fccec205000 119 6 2744 4
7fccec244000 55 9 2809 4
7fccec312000 87 13 2909 4
7fccec311000 105 11 3025 4
7fccec310000 67 26 3118 4
7fccec30e000 73 8 3199 4
7fccec325000 48 10 3257 4
7fccec324000 62 10 3330 5
7fccec323000 85 5 3421 5
7fccec322000 55 5 3482 6
7fccec321000 52 2 3537 6
7fccec303000 69 11 3617 7
3619 7
0x49d000
49d000 56 26 83 1
4ce000 994 157 1235 1
40f000 19 9 1264 2
7fccec316000 48 21 1333 3
7fccec327000 45 12 1390 3
7fccec326000 57 16 1463 3
7fccec281000 83 21 1567 4
7fccec342000 96 14 1677 4
7fccec280000 60 11 1748 4
7fccec27f000 81 13 1843 4
7fccec277000 145 16 2004 4
7fccec27e000 91 9 2105 4
7fccec27d000 65 14 2185 4
7fccec278000 60 17 2262 4
7fccec205000 121 6 2390 4
7fccec244000 54 9 2454 4
7fccec312000 87 13 2554 4
7fccec311000 104 11 2669 4
7fccec310000 68 25 2762 4
7fccec30e000 74 8 2844 4
7fccec325000 48 10 2902 4
7fccec324000 62 11 2976 5
7fccec323000 85 6 3067 5
7fccec322000 55 5 3127 6
7fccec321000 51 2 3181 6
7fccec303000 68 10 3259 7
3261 7
0x4ab000
4ab000 48 20 68 1
4aa000 39 13 121 1
4ce000 1004 156 1282 1
7fccec207000 68 25 1376 3
7fccec343000 95 20 1491 4
7fccec342000 96 14 1602 4
7fccec205000 119 6 1727 4
7fccec312000 87 13 1828 4
7fccec311000 105 11 1944 4
7fccec310000 68 26 2038 4
7fccec30e000 73 9 2120 4
7fccec302000 86 40 2246 5
7fccec300000 47 6 2300 6
7fccec217000 56 6 2363 6
7fccec216000 72 4 2440 6
7fccec215000 37 2 2480 6
7fccec214000 52 2 2535 6
7fccec213000 82 3 2621 7
2624 7
0x6af000
0 0
0x15af000
0 0
0x4aa000
4aa000 40 13 53 1
4ce000 996 156 1206 1
7fccec207000 68 25 1300 3
7fccec343000 96 20 1416 4
7fccec342000 97 13 1527 4
7fccec205000 117 7 1652 4
7fccec312000 88 13 1753 4
7fccec311000 106 11 1870 4
7fccec310000 67 25 1963 4
7fccec30e000 76 8 2048 4
7fccec302000 85 41 2175 5
7fccec300000 47 6 2228 6
7fccec217000 55 7 2291 6
7fccec216000 72 4 2367 6
7fccec215000 36 3 2407 6
7fccec214000 56 3 2467 6
7fccec213000 82 3 2552 7
2554 7
0x470000
470000 43 14 57 1
4ce000 991 157 1206 1
45d000 39 17 1263 1
7fccec207000 67 25 1356 3
7fccec343000 95 21 1473 4
7fccec342000 96 14 1583 4
7fccec205000 117 7 1707 4
7fccec312000 88 13 1808 4
7fccec311000 110 11 1929 4
7fccec310000 68 25 2023 4
7fccec30e000 73 8 2105 4
7fccec302000 88 40 2234 5
7fccec300000 46 7 2288 6
7fccec217000 56 7 2351 6
7fccec216000 72 4 2427 6
7fccec215000 37 2 2466 6
7fccec214000 51 3 2521 6
7fccec213000 82 4 2607 7
2609 7
0x45d000
45d000 39 19 58 1
4ce000 1003 157 1219 1
7fccec207000 68 25 1313 3
7fccec343000 95 21 1430 4
7fccec342000 96 14 1540 4
7fccec205000 121 7 1668 4
7fccec312000 88 13 1769 4
7fccec311000 104 11 1884 4
7fccec310000 67 25 1977 4
7fccec30e000 72 8 2058 4
7fccec302000 85 40 2184 5
7fccec300000 47 6 2237 6
7fccec217000 56 6 2300 6
7fccec216000 72 4 2377 6
7fccec215000 36 2 2416 6
7fccec214000 51 2 2470 6
7fccec213000 83 3 2557 7
2559 7
0x4b3000
4b3000 53 22 76 2
4ce000 990 137 1204 2
41a000 34 17 1256 4
7fccec207000 68 13 1338 4
7fccec343000 95 16 1450 4
7fccec342000 97 13 1560 4
7fccec205000 118 7 1686 4
7fccec312000 87 13 1787 4
7fccec311000 104 11 1902 4
7fccec310000 67 26 1996 4
7fccec30e000 77 8 2081 4
7fccec302000 87 41 2210 5
7fccec300000 49 6 2265 6
7fccec217000 58 6 2329 6
7fccec216000 73 4 2407 6
7fccec215000 37 3 2448 6
7fccec214000 54 2 2504 6
7fccec213000 82 4 2591 7
2595 7
0x442000
442000 29 16 45 2
4cd000 141 20 207 2
7fccec29f000 66 36 311 3
7fccec29e000 63 45 419 3
7fccec29d000 97 27 543 3
40f000 21 5 569 4
7fccec244000 56 9 635 4
4ce000 999 96 1731 4
459000 26 7 1765 4
7fccec362000 68 10 1843 4
7fccec361000 77 12 1932 4
430000 39 8 1979 4
454000 46 8 2034 4
4a2000 45 9 2089 4
7fccec207000 68 13 2170 4
7fccec343000 97 15 2282 4
7fccec342000 98 13 2394 4
7fccec205000 121 7 2523 4
7fccec312000 89 12 2624 4
7fccec311000 105 11 2741 4
7fccec310000 68 25 2834 4
7fccec30e000 73 8 2916 4
7fccec302000 86 40 3043 5
7fccec300000 47 7 3097 6
7fccec217000 57 6 3160 6
7fccec216000 72 4 3237 6
7fccec215000 36 3 3277 6
7fccec214000 52 2 3331 6
7fccec213000 83 4 3418 7
3422 7
0x459000
459000 27 14 41 1
7fccec362000 67 19 128 1
7fccec361000 79 22 229 2
40f000 19 7 256 3
430000 39 12 307 3
454000 47 11 366 3
4cd000 140 16 523 3
4a2000 45 12 582 3
7fccec207000 67 17 667 3
7fccec343000 95 21 784 4
7fccec342000 97 14 895 4
7fccec205000 118 7 1020 4
7fccec312000 88 12 1120 4
7fccec311000 104 11 1236 4
7fccec310000 67 26 1330 4
7fccec30e000 73 8 1411 4
7fccec302000 86 40 1537 5
7fccec300000 46 7 1591 6
7fccec217000 56 6 1653 6
7fccec216000 72 4 1730 6
7fccec215000 37 2 1769 6
7fccec214000 51 3 1824 6
7fccec213000 81 4 1909 7
1913 7
0x430000
430000 39 17 56 1
454000 46 16 119 1
4cd000 140 24 284 1
4a2000 45 17 348 1
7fccec207000 68 26 442 3
7fccec343000 96 21 559 4
7fccec342000 96 14 669 4
7fccec205000 119 6 794 4
7fccec312000 88 13 895 4
7fccec311000 105 11 1011 4
7fccec310000 68 25 1104 4
7fccec30e000 72 9 1186 4
7fccec302000 86 40 1312 5
7fccec300000 46 6 1365 6
7fccec217000 56 6 1428 6
7fccec216000 73 4 1506 6
7fccec215000 37 2 1546 6
7fccec214000 52 2 1601 6
7fccec213000 82 4 1688 7
1691 7
0x454000
454000 45 19 65 1
4cd000 142 24 232 1
4a2000 45 17 296 1
7fccec207000 68 25 389 3
7fccec343000 96 20 505 4
7fccec342000 100 14 620 4
7fccec205000 119 6 745 4
7fccec312000 88 12 846 4
7fccec311000 104 11 962 4
7fccec310000 67 25 1054 4
7fccec30e000 74 8 1137 4
7fccec302000 88 40 1266 5
7fccec300000 49 6 1321 6
7fccec217000 57 6 1385 6
7fccec216000 74 4 1464 6
7fccec215000 38 3 1505 6
7fccec214000 54 2 1561 6
7fccec213000 83 4 1649 7
1650 7
0x4a2000
4a2000 46 19 66 1
66 1
0x42a000
42a000 47 19 67 1
410000 37 13 118 3
40f000 20 6 145 4
7fccec207000 70 13 228 4
7fccec343000 97 16 341 4
7fccec342000 96 14 451 4
7fccec205000 118 6 575 4
7fccec312000 87 12 675 4
7fccec311000 103 11 790 4
7fccec310000 68 25 884 4
7fccec30e000 72 8 965 4
7fccec302000 85 40 1091 5
7fccec300000 47 6 1144 6
7fccec217000 55 7 1207 6
7fccec216000 72 4 1283 6
7fccec215000 36 3 1322 6
7fccec214000 52 2 1376 6
7fccec213000 82 3 1461 7
1465 7
0x462000
462000 50 24 74 4
461000 56 10 141 4
410000 37 7 185 4
40f000 19 5 210 5
7fccec207000 68 10 288 5
7fccec343000 95 12 395 5
7fccec342000 97 11 503 5
7fccec205000 117 6 626 5
7fccec312000 88 9 723 5
7fccec311000 104 9 837 5
7fccec310000 68 19 924 5
7fccec30e000 73 7 1004 5
7fccec302000 86 30 1120 5
7fccec300000 46 6 1173 6
7fccec217000 56 6 1236 6
7fccec216000 72 4 1313 6
7fccec215000 37 2 1352 6
7fccec214000 51 3 1407 6
7fccec213000 86 3 1496 7
1500 7
0x461000
461000 56 19 75 2
410000 36 12 124 4
40f000 20 5 149 5
7fccec207000 68 11 229 5
7fccec343000 98 12 339 5
7fccec342000 98 12 449 5
7fccec205000 121 5 575 5
7fccec312000 88 10 673 5
7fccec311000 105 8 787 5
7fccec310000 68 19 875 5
7fccec30e000 76 7 958 5
7fccec302000 89 30 1077 5
7fccec300000 48 6 1131 6
7fccec217000 56 7 1195 6
7fccec216000 73 4 1272 6
7fccec215000 36 3 1312 6
7fccec214000 53 2 1367 6
7fccec213000 81 4 1453 7
1456 7
0x456000
456000 47 17 65 1
4ce000 1003 156 1225 1
40f000 20 8 1254 2
7fccec207000 68 21 1343 3
7fccec343000 99 21 1464 4
7fccec342000 97 14 1575 4
7fccec205000 121 6 1702 4
7fccec312000 88 13 1804 4
7fccec311000 106 11 1921 4
7fccec310000 69 25 2015 4
7fccec30e000 74 8 2097 4
7fccec302000 87 40 2225 5
7fccec300000 48 6 2279 6
7fccec217000 57 7 2343 6
7fccec216000 72 4 2419 6
7fccec215000 36 3 2459 6
7fccec214000 53 2 2514 6
7fccec213000 83 3 2601 7
2603 7
0x45e000
45e000 43 16 59 1
4ce000 1003 158 1221 1
410000 36 13 1271 3
40f000 20 5 1296 4
7fccec207000 70 13 1380 4
7fccec343000 99 15 1495 4
7fccec342000 96 14 1606 4
7fccec205000 119 6 1731 4
7fccec312000 88 12 1832 4
7fccec311000 104 11 1948 4
7fccec310000 68 25 2041 4
7fccec30e000 72 8 2122 4
7fccec302000 85 40 2248 5
7fccec300000 47 6 2301 6
7fccec217000 55 7 2364 6
7fccec216000 72 4 2440 6
7fccec215000 36 2 2479 6
7fccec214000 51 2 2533 6
7fccec213000 81 3 2618 7
2621 7
0x450000
450000 32 18 50 2
4ce000 989 135 1175 2
4cd000 142 20 1339 2
7fccec2f1000 54 31 1425 5
7fccec2f0000 77 24 1527 5
7fccec2ef000 61 15 1604 5
7fccec205000 121 5 1731 5
7fccec2ee000 44 6 1782 5
7fccec2ed000 43 4 1829 5
7fccec282000 83 18 1931 5
7fccec281000 83 12 2027 5
7fccec342000 97 11 2135 5
7fccec280000 62 9 2206 5
7fccec27f000 81 9 2296 5
7fccec277000 148 12 2457 5
7fccec27e000 91 7 2555 5
7fccec27d000 66 10 2632 5
7fccec278000 61 13 2707 5
7fccec244000 54 7 2769 5
7fccec312000 88 10 2867 5
7fccec311000 104 9 2980 5
7fccec310000 67 19 3066 5
7fccec30e000 72 6 3145 5
7fccec2ec000 53 5 3204 6
7fccec2eb000 47 4 3256 6
7fccec2ea000 34 3 3294 6
7fccec2e9000 45 4 3344 6
7fccec2e8000 40 3 3387 6
7fccec2e7000 42 3 3433 6
7fccec321000 52 4 3490 6
7fccec303000 71 15 3576 6
7fccec270000 61 4 3642 6
7fccec2fb000 62 8 3713 6
7fccec2f7000 77 11 3802 6
7fccec2f6000 57 13 3873 6
7fccec2f9000 93 8 3974 6
7fccec2f8000 60 10 4044 6
7fccec2fa000 48 6 4099 6
7fccec271000 88 9 4196 6
7fccec274000 100 7 4303 6
7fccec245000 32 4 4340 6
7fccec26e000 50 4 4394 6
7fccec2c6000 47 5 4447 6
7fccec2c5000 56 8 4511 6
7fccec327000 43 5 4560 6
7fccec326000 56 6 4622 6
7fccec325000 48 5 4675 6
7fccec324000 69 5 4750 7
4752 7
0x445000
445000 44 15 60 1
444000 40 15 116 2
7fccec27d000 66 22 205 4
410000 36 7 249 4
40f000 20 4 273 4
7fccec207000 68 13 355 4
7fccec343000 96 16 468 4
7fccec342000 104 14 586 4
7fccec205000 119 6 712 4
7fccec312000 89 12 814 4
7fccec311000 106 11 932 4
7fccec310000 69 25 1026 4
7fccec30e000 74 8 1108 4
7fccec302000 86 40 1234 5
7fccec300000 47 7 1289 6
7fccec217000 57 6 1352 6
7fccec216000 73 4 1429 6
7fccec215000 38 2 1469 6
7fccec214000 52 2 1524 6
7fccec213000 86 4 1615 7
1617 7
0x413000
413000 45 16 62 2
4ce000 996 136 1194 2
40f000 19 7 1221 3
46a000 53 12 1286 4
451000 42 10 1339 5
7fccec362000 69 7 1416 5
7fccec361000 77 8 1502 5
4cd000 139 10 1652 5
7fccec294000 57 8 1719 5
7fccec293000 50 4 1773 5
7fccec292000 45 4 1823 5
456000 46 7 1877 5
7fccec207000 68 11 1957 5
7fccec343000 96 12 2065 5
7fccec342000 96 10 2172 5
7fccec205000 118 5 2295 5
7fccec312000 91 9 2396 5
7fccec311000 105 8 2510 5
7fccec310000 67 19 2597 5
7fccec30e000 72 7 2677 5
7fccec302000 86 30 2793 5
7fccec300000 47 6 2847 6
7fccec217000 56 7 2911 6
7fccec216000 74 5 2990 6
7fccec215000 36 3 3030 6
7fccec214000 51 3 3084 6
7fccec213000 81 4 3169 7
3173 7
0x46a000
46a000 53 21 74 2
74 2
0x451000
451000 42 21 64 3
4ce000 1006 118 1188 3
7fccec362000 66 14 1269 3
7fccec361000 78 16 1363 4
40f000 19 5 1388 5
4cd000 139 10 1537 5
7fccec294000 57 7 1603 5
7fccec293000 50 4 1658 5
7fccec292000 47 4 1709 5
456000 48 7 1765 5
7fccec207000 69 10 1845 5
7fccec343000 99 11 1955 5
7fccec342000 98 10 2064 5
7fccec205000 119 6 2190 5
7fccec312000 89 9 2288 5
7fccec311000 105 9 2403 5
7fccec310000 69 19 2491 5
7fccec30e000 74 7 2572 5
7fccec302000 86 31 2689 5
7fccec300000 48 7 2744 6
7fccec217000 56 6 2806 6
7fccec216000 74 4 2884 6
7fccec215000 36 3 2924 6
7fccec214000 53 2 2979 6
7fccec213000 83 3 3065 7
3068 7
0x4cb000
4cb000 41 20 62 2
7fccec29f000 68 37 168 3
7fccec29e000 62 44 274 3
7fccec29d000 96 26 397 3
40f000 20 5 422 4
4ce000 1000 96 1519 4
410000 36 7 1563 4
7fccec207000 68 13 1644 4
7fccec343000 96 15 1755 4
7fccec342000 100 13 1869 4
7fccec205000 117 7 1994 4
7fccec312000 89 12 2095 4
7fccec311000 105 11 2212 4
7fccec310000 68 25 2305 4
7fccec30e000 72 9 2387 4
7fccec302000 86 40 2513 5
7fccec300000 47 6 2567 6
7fccec217000 60 6 2633 6
7fccec216000 73 3 2710 6
7fccec215000 38 2 2751 6
7fccec214000 51 2 2805 6
7fccec213000 81 4 2891 7
2893 7
0x4b4000
4b4000 57 18 75 0
7ffc95f2c000 33 17 127 1
40f000 20 9 156 2
4ce000 999 137 1292 2
7fccec2b3000 62 18 1373 4
4cd000 139 12 1524 4
7fccec207000 67 13 1607 5
7fccec343000 95 11 1714 5
7fccec342000 96 10 1820 5
7fccec205000 119 4 1943 5
7fccec312000 88 9 2041 5
7fccec311000 105 8 2154 5
7fccec310000 72 18 2244 5
7fccec30e000 73 6 2323 5
7fccec302000 87 29 2439 6
7fccec300000 48 4 2491 7
2493 7
0x452000
452000 47 15 63 1
4cd000 143 24 231 1
4ce000 1006 157 1396 1
7fccec207000 72 25 1493 3
7fccec343000 97 20 1611 4
7fccec342000 100 14 1726 4
7fccec205000 119 6 1851 4
7fccec312000 89 12 1953 4
7fccec311000 106 11 2071 4
7fccec310000 74 26 2171 4
7fccec30e000 75 8 2254 4
7fccec302000 86 42 2383 5
7fccec300000 47 6 2436 6
7fccec217000 56 6 2499 6
7fccec216000 71 4 2575 6
7fccec215000 36 3 2615 6
7fccec214000 55 2 2672 6
7fccec213000 81 3 2757 7
2759 7
0x48a000
48a000 59 23 83 2
4ce000 1001 136 1221 2
7fccec207000 68 22 1311 3
7fccec343000 98 21 1430 4
7fccec342000 96 14 1540 4
7fccec205000 119 6 1665 4
7fccec312000 87 13 1766 4
7fccec311000 104 11 1881 4
7fccec310000 67 27 1976 4
7fccec30e000 72 8 2057 4
7fccec302000 86 40 2184 5
7fccec300000 47 6 2237 6
7fccec217000 55 7 2300 6
7fccec216000 72 4 2376 6
7fccec215000 37 2 2416 6
7fccec214000 51 2 2470 6
7fccec213000 81 3 2555 7
2557 7
0x4ba000
4ba000 37 13 51 2
7fccec2f1000 56 32 140 4
7fccec2f0000 75 34 250 5
7fccec2ef000 60 15 325 5
7fccec205000 118 6 450 5
7fccec2ee000 45 4 499 5
7fccec2ed000 42 5 547 5
7fccec282000 81 18 647 5
7fccec281000 82 12 742 5
7fccec342000 97 10 850 5
7fccec280000 59 8 918 5
7fccec27f000 79 9 1007 5
7fccec277000 147 12 1166 5
7fccec27e000 89 8 1264 5
7fccec27d000 66 10 1340 5
7fccec278000 60 12 1412 5
7fccec244000 54 7 1474 5
7fccec312000 88 9 1571 5
7fccec311000 104 8 1684 5
7fccec310000 67 19 1771 5
7fccec30e000 73 7 1851 5
7fccec2ec000 52 5 1908 6
7fccec2eb000 47 4 1960 6
7fccec2ea000 34 3 1998 6
7fccec2e9000 45 4 2047 6
7fccec2e8000 40 3 2090 6
7fccec2e7000 44 3 2137 6
7fccec321000 53 4 2195 6
7fccec303000 69 15 2279 6
7fccec270000 59 5 2344 6
7fccec2fb000 59 9 2413 6
7fccec2f7000 78 11 2502 6
7fccec2f6000 57 13 2572 6
7fccec2f9000 92 8 2673 6
7fccec2f8000 61 10 2744 6
7fccec2fa000 48 7 2799 6
7fccec271000 76 7 2882 6
7fccec274000 100 7 2990 6
7fccec245000 32 5 3027 6
7fccec26e000 47 4 3078 6
7fccec2c6000 49 4 3131 6
7fccec2c5000 56 8 3196 6
7fccec327000 44 5 3246 6
7fccec326000 57 5 3308 6
7fccec325000 47 5 3361 6
7fccec324000 67 5 3434 7
3436 7
0x4bb000
4bb000 50 18 68 2
7fccec294000 57 15 141 4
7fccec293000 50 5 196 4
7fccec292000 45 5 247 4
40f000 20 4 271 4
7fccec29e000 63 34 368 4
7fccec29d000 95 20 484 4
410000 36 7 528 4
7fccec207000 68 13 610 4
7fccec343000 97 16 723 4
7fccec342000 99 13 835 4
7fccec205000 121 6 962 4
7fccec312000 90 12 1064 4
7fccec311000 106 11 1182 4
7fccec310000 70 25 1277 4
7fccec30e000 74 8 1360 4
7fccec302000 88 40 1489 5
7fccec300000 49 6 1545 6
7fccec217000 57 7 1609 6
7fccec216000 74 4 1687 6
7fccec215000 38 3 1729 6
7fccec214000 51 2 1782 6
7fccec213000 85 3 1871 7
1874 7
0x4bc000
4bc000 39 13 52 1
7fccec22b000 33 21 107 4
7fccec22a000 55 20 183 6
7fccec229000 63 5 251 6
7fccec205000 120 2 374 6
7fccec228000 59 3 436 6
7fccec227000 48 5 490 6
7fccec312000 90 4 584 6
7fccec311000 107 3 695 6
7fccec310000 69 10 775 6
7fccec30e000 76 2 853 6
7fccec2c8000 42 3 899 6
7fccec277000 146 6 1051 6
7fccec216000 73 4 1129 6
7fccec215000 38 3 1171 6
7fccec214000 53 2 1226 6
7fccec213000 83 3 1313 7
1315 7
0x4bd000
4bd000 47 18 66 1
410000 37 13 117 3
40f000 20 5 142 4
7fccec207000 68 13 224 4
7fccec343000 100 15 340 4
7fccec342000 99 14 454 4
7fccec205000 123 6 583 4
7fccec312000 88 13 685 4
7fccec311000 105 11 801 4
7fccec310000 68 25 895 4
7fccec30e000 73 8 977 4
7fccec302000 87 40 1104 5
7fccec300000 48 6 1158 6
7fccec217000 57 6 1221 6
7fccec216000 72 4 1298 6
7fccec215000 36 3 1338 6
7fccec214000 52 2 1392 6
7fccec213000 82 3 1478 7
1480 7
0x448000
448000 40 17 58 1
4cd000 140 23 222 1
4ce000 989 157 1371 1
49c000 35 13 1420 1
410000 37 12 1470 3
40f000 19 6 1496 4
7fccec207000 69 13 1578 4
7fccec343000 97 16 1691 4
7fccec342000 97 15 1803 4
7fccec205000 121 6 1931 4
7fccec312000 89 12 2032 4
7fccec311000 106 11 2150 4
7fccec310000 68 26 2245 4
7fccec30e000 74 8 2327 4
7fccec302000 87 40 2454 5
7fccec300000 47 7 2509 6
7fccec217000 56 7 2572 6
7fccec216000 72 5 2649 6
7fccec215000 36 3 2689 6
7fccec214000 53 3 2745 6
7fccec213000 84 3 2832 7
2835 7
0x49c000
49c000 36 14 51 1
410000 37 12 101 3
40f000 20 5 127 4
7fccec207000 68 13 209 4
7fccec343000 100 16 325 4
7fccec342000 97 14 436 4
7fccec205000 118 7 561 4
7fccec312000 88 13 662 4
7fccec311000 106 10 778 4
7fccec310000 68 25 872 4
7fccec30e000 74 8 955 4
7fccec302000 87 40 1082 5
7fccec300000 47 7 1137 6
7fccec217000 56 7 1200 6
7fccec216000 73 4 1277 6
7fccec215000 37 3 1317 6
7fccec214000 53 3 1373 6
7fccec213000 82 3 1458 7
1461 7
0x439000
439000 41 19 60 1
60 1
0x4c8000
4c8000 49 21 70 2
451000 43 15 129 4
4ce000 1000 99 1229 4
7fccec362000 68 11 1308 4
7fccec361000 78 13 1399 4
40f000 20 5 1424 5
4cd000 141 10 1575 5
7fccec294000 56 8 1641 5
7fccec293000 49 5 1695 5
7fccec292000 45 4 1744 5
456000 48 6 1799 5
7fccec207000 68 10 1878 5
7fccec343000 97 12 1987 5
7fccec342000 99 13 2099 5
7fccec205000 119 5 2223 5
7fccec312000 88 10 2322 5
7fccec311000 106 8 2436 5
7fccec310000 68 19 2524 5
7fccec30e000 73 7 2604 5
7fccec302000 87 30 2721 5
7fccec300000 47 6 2774 6
7fccec217000 55 7 2837 6
7fccec216000 72 4 2913 6
7fccec215000 37 3 2953 6
7fccec214000 52 2 3007 6
7fccec213000 81 4 3093 7
3097 7
0x4bf000
4bf000 59 27 87 3
7fccec294000 56 12 156 4
7fccec293000 50 4 211 4
7fccec292000 45 5 262 4
40f000 20 4 287 4
4cf000 224 20 531 4
4cd000 139 13 684 4
7fccebfd1000 43 8 736 4
7fccebfd0000 57 6 800 4
7fccebfcf000 69 8 878 4
7fccebfd8000 56 14 949 5
7fccebfd7000 53 4 1007 5
7fccebfd6000 57 4 1069 5
7fccebfd4000 60 4 1134 5
7fccebfdb000 228 15 1378 6
7fccebfd3000 90 3 1472 6
7fccebfd2000 35 1 1509 6
7fccebfd9000 36 3 1549 6
7fccebfda000 119 5 1674 6
7fccebfce000 51 2 1728 6
7fccebfd5000 35 2 1767 6
410000 37 2 1809 6
7fccec207000 68 5 1883 6
7fccec343000 99 6 1988 6
7fccec342000 98 4 2090 6
7fccec205000 120 2 2213 6
7fccec312000 90 5 2308 6
7fccec311000 105 4 2417 6
7fccec310000 68 9 2494 6
7fccec30e000 73 3 2570 6
7fccec302000 87 15 2672 6
7fccec300000 48 2 2722 6
7fccec217000 56 6 2785 6
7fccec216000 72 4 2862 6
7fccec215000 37 2 2902 6
7fccec214000 51 2 2956 6
7fccec213000 81 4 3042 7
3044 7
0x487000
487000 45 21 67 1
4ce000 994 157 1219 1
7fccec2f7000 76 45 1341 5
7fccec2f6000 57 21 1420 5
7fccec2f1000 54 15 1489 5
7fccec2f0000 76 23 1589 5
7fccec2ef000 61 15 1666 5
7fccec205000 119 5 1790 5
7fccec2ee000 45 4 1840 5
7fccec2ed000 44 4 1889 5
7fccec282000 85 18 1993 5
7fccec281000 84 12 2090 5
7fccec342000 98 10 2198 5
7fccec280000 59 9 2267 5
7fccec27f000 86 9 2362 5
7fccec277000 145 13 2521 5
7fccec27e000 92 8 2621 5
7fccec27d000 67 11 2699 5
7fccec278000 66 13 2778 5
7fccec244000 56 6 2840 5
7fccec312000 92 10 2943 5
7fccec311000 105 8 3056 5
7fccec310000 68 19 3144 5
7fccec30e000 73 7 3224 5
7fccec2ec000 51 5 3281 6
7fccec2eb000 47 4 3334 6
7fccec2ea000 34 3 3372 6
7fccec2e9000 45 3 3421 6
7fccec2e8000 39 3 3464 6
7fccec2e7000 42 3 3510 6
7fccec321000 53 3 3567 6
7fccec303000 68 16 3652 6
7fccec270000 60 5 3717 6
7fccec2fb000 60 8 3786 6
7fccec2fa000 48 6 3841 6
7fccec271000 78 8 3928 6
7fccec274000 99 8 4035 6
7fccec2f9000 93 7 4135 6
7fccec2f8000 60 10 4206 6
7fccec245000 32 4 4243 6
7fccec26e000 46 5 4295 6
7fccec2c6000 49 4 4348 6
7fccec2c5000 55 9 4413 6
7fccec327000 44 4 4462 6
7fccec326000 56 6 4525 6
7fccec325000 48 5 4578 6
7fccec324000 62 5 4646 7
4649 7
0x4ac000
4ac000 49 25 75 1
4ce000 995 156 1227 1
7fccec28d000 76 15 1320 1
40f000 21 8 1350 2
459000 27 11 1388 2
7fccec362000 67 17 1473 2
7fccec361000 78 19 1570 3
430000 39 11 1621 3
454000 46 11 1679 3
4cd000 139 17 1836 3
4a2000 45 12 1895 3
7fccec207000 69 17 1982 3
7fccec343000 96 21 2100 4
7fccec342000 97 13 2210 4
7fccec205000 118 7 2336 4
7fccec312000 88 12 2436 4
7fccec311000 105 11 2553 4
7fccec310000 68 25 2647 4
7fccec30e000 73 9 2730 4
7fccec302000 87 40 2857 5
7fccec300000 47 7 2912 6
7fccec217000 56 7 2975 6
7fccec216000 74 4 3053 6
7fccec215000 42 3 3098 6
7fccec214000 53 2 3153 6
7fccec213000 82 3 3239 7
3245 7
0x44f000
44f000 41 17 59 1
4cd000 142 24 226 1
4ce000 996 159 1383 1
7fccec207000 69 25 1478 3
7fccec343000 97 20 1596 4
7fccec342000 98 13 1708 4
7fccec205000 119 7 1835 4
7fccec312000 93 13 1941 4
7fccec311000 109 11 2061 4
7fccec310000 68 25 2154 4
7fccec30e000 72 8 2235 4
7fccec302000 86 40 2362 5
7fccec300000 47 6 2416 6
7fccec217000 56 7 2480 6
7fccec216000 73 3 2556 6
7fccec215000 37 2 2596 6
7fccec214000 51 3 2651 6
7fccec213000 82 3 2736 7
2738 7
0x491000
491000 52 19 71 1
4ce000 996 157 1225 1
41e000 48 19 1293 1
4cd000 139 24 1458 1
40f000 19 9 1488 2
7fccec207000 68 22 1578 3
7fccec343000 96 20 1695 4
7fccec342000 96 14 1806 4
7fccec205000 119 6 1931 4
7fccec312000 90 13 2034 4
7fccec311000 107 10 2151 4
7fccec310000 70 25 2247 4
7fccec30e000 75 8 2331 4
7fccec302000 87 40 2459 5
7fccec300000 49 6 2515 6
7fccec217000 58 7 2580 6
7fccec216000 74 4 2658 6
7fccec215000 37 3 2699 6
7fccec214000 53 2 2755 6
7fccec213000 84 3 2842 7
2846 7
0x417000
417000 40 24 65 2
7fccec2f1000 53 34 153 4
7fccec2f0000 79 33 265 5
7fccec2ef000 62 15 343 5
7fccec205000 122 5 471 5
7fccec2ee000 46 5 522 5
7fccec2ed000 44 4 570 5
7fccec282000 83 18 673 5
7fccec281000 85 12 770 5
7fccec342000 98 11 879 5
7fccec280000 61 9 949 5
7fccec27f000 81 10 1040 5
7fccec277000 146 12 1198 5
7fccec27e000 92 7 1298 5
7fccec27d000 68 10 1377 5
7fccec278000 62 13 1453 5
7fccec244000 57 7 1517 5
7fccec312000 90 9 1616 5
7fccec311000 106 9 1732 5
7fccec310000 70 19 1821 5
7fccec30e000 75 6 1902 5
7fccec2ec000 53 5 1961 6
7fccec2eb000 49 3 2014 6
7fccec2ea000 36 3 2054 6
7fccec2e9000 47 4 2105 6
7fccec2e8000 41 3 2149 6
7fccec2e7000 44 4 2197 6
7fccec321000 53 4 2255 6
7fccec303000 72 15 2342 6
7fccec270000 60 5 2408 6
7fccec2fb000 63 9 2480 6
7fccec2f7000 77 11 2568 6
7fccec2f6000 57 13 2638 6
7fccec2f9000 93 7 2738 6
7fccec2f8000 61 10 2809 6
7fccec2fa000 48 6 2863 6
7fccec271000 75 7 2946 6
7fccec274000 99 8 3054 6
7fccec245000 32 5 3091 6
7fccec26e000 47 4 3142 6
7fccec2c6000 49 4 3195 6
7fccec2c5000 57 9 3261 6
7fccec327000 45 4 3310 6
7fccec326000 56 6 3373 6
7fccec325000 48 5 3426 6
7fccec324000 63 5 3494 7
3497 7
0x484000
484000 43 18 62 1
7fccec368000 56 24 143 2
40f000 20 6 170 2
4ce000 991 138 1300 2
7fccec28d000 75 12 1388 2
7fccec29f000 65 37 1491 4
7fccec29e000 62 34 1588 4
7fccec29d000 96 21 1706 4
7fccec244000 55 9 1770 4
4cd000 145 13 1928 4
7fccec207000 69 13 2012 4
7fccec343000 98 15 2125 4
7fccec342000 98 15 2239 4
7fccec205000 121 6 2367 4
7fccec312000 88 12 2468 4
7fccec311000 104 11 2584 4
7fccec310000 68 25 2678 4
7fccec30e000 77 9 2764 4
7fccec302000 86 40 2890 5
7fccec300000 47 6 2944 6
7fccec217000 56 6 3007 6
7fccec216000 72 4 3084 6
7fccec215000 37 3 3124 6
7fccec214000 52 2 3178 6
7fccec213000 81 4 3264 7
3265 7
0x485000
485000 36 18 54 1
4ce000 1000 156 1211 1
7fccec207000 69 25 1306 3
7fccec343000 95 21 1423 4
7fccec342000 97 13 1533 4
7fccec205000 118 7 1659 4
7fccec312000 88 12 1759 4
7fccec311000 107 10 1876 4
7fccec310000 80 26 1983 4
7fccec30e000 73 8 2064 4
7fccec302000 86 40 2191 5
7fccec300000 47 6 2245 6
7fccec217000 56 6 2308 6
7fccec216000 73 4 2386 6
7fccec215000 36 3 2425 6
7fccec214000 55 2 2482 6
7fccec213000 81 3 2567 7
2569 7
0x428000
428000 45 16 61 1
7fccec2f1000 54 38 154 4
7fccec2f0000 77 33 264 5
7fccec2ef000 61 15 341 5
7fccec205000 122 5 468 5
7fccec2ee000 44 5 518 5
7fccec2ed000 43 4 565 5
7fccec282000 82 18 666 5
7fccec281000 83 12 761 5
7fccec342000 97 11 869 5
7fccec280000 60 9 938 5
7fccec27f000 79 9 1027 5
7fccec277000 144 12 1183 5
7fccec27e000 91 7 1282 5
7fccec27d000 67 11 1361 5
7fccec278000 64 13 1438 5
7fccec244000 57 7 1502 5
7fccec312000 90 10 1602 5
7fccec311000 107 8 1717 5
7fccec310000 69 19 1806 5
7fccec30e000 74 7 1887 5
7fccec2ec000 54 5 1946 6
7fccec2eb000 49 3 1999 6
7fccec2ea000 36 3 2039 6
7fccec2e9000 47 3 2089 6
7fccec2e8000 38 4 2132 6
7fccec2e7000 42 4 2179 6
7fccec321000 53 5 2238 6
7fccec303000 71 15 2324 6
7fccec270000 61 5 2391 6
7fccec2fb000 61 8 2460 6
7fccec2f7000 79 11 2551 6
7fccec2f6000 59 13 2623 6
7fccec2f9000 94 8 2725 6
7fccec2f8000 62 10 2797 6
7fccec2fa000 50 6 2853 6
7fccec271000 78 7 2938 6
7fccec274000 101 8 3047 6
7fccec245000 33 5 3085 6
7fccec26e000 48 4 3137 6
7fccec2c6000 50 4 3192 6
7fccec2c5000 57 9 3258 6
7fccec327000 46 5 3309 6
7fccec326000 59 5 3373 6
7fccec325000 47 5 3426 6
7fccec324000 64 5 3496 7
3499 7
0x429000
429000 40 23 64 2
4ce000 1005 136 1206 2
4cd000 141 20 1368 2
410000 38 11 1419 3
40f000 19 5 1444 4
7fccec207000 71 13 1529 4
7fccec343000 98 15 1642 4
7fccec342000 98 13 1754 4
7fccec205000 123 6 1884 4
7fccec312000 88 12 1984 4
7fccec311000 105 11 2101 4
7fccec310000 68 25 2194 4
7fccec30e000 73 8 2276 4
7fccec302000 86 42 2404 5
7fccec300000 47 6 2458 6
7fccec217000 56 6 2520 6
7fccec216000 71 4 2596 6
7fccec215000 36 3 2636 6
7fccec214000 52 2 2690 6
7fccec213000 82 4 2776 7
2778 7
0x495000
495000 38 17 55 2
4ce000 994 140 1190 2
7fccec207000 68 21 1280 4
7fccec343000 96 16 1392 4
7fccec342000 98 14 1504 4
7fccec205000 121 6 1631 4
7fccec312000 91 12 1734 4
7fccec311000 105 12 1851 4
7fccec310000 68 25 1944 4
7fccec30e000 73 8 2025 4
7fccec302000 86 41 2153 5
7fccec300000 47 6 2207 6
7fccec217000 56 7 2271 6
7fccec216000 72 4 2347 6
7fccec215000 37 2 2387 6
7fccec214000 51 2 2441 6
7fccec213000 81 4 2527 7
2529 7
0x473000
473000 56 19 75 1
4ce000 997 156 1229 1
7fccec207000 69 25 1324 3
7fccec343000 97 20 1441 4
7fccec342000 96 14 1552 4
7fccec205000 119 6 1677 4
7fccec312000 89 12 1779 4
7fccec311000 104 11 1895 4
7fccec310000 68 25 1988 4
7fccec30e000 73 9 2070 4
7fccec302000 86 40 2197 5
7fccec300000 47 7 2251 6
7fccec217000 56 7 2314 6
7fccec216000 72 4 2390 6
7fccec215000 36 3 2430 6
7fccec214000 52 2 2484 6
7fccec213000 84 4 2572 7
2573 7
0x418000
418000 70 17 87 1
4ce000 995 158 1241 1
4cd000 140 24 1406 1
7fccec207000 68 26 1502 3
7fccec343000 100 21 1623 4
7fccec342000 97 14 1734 4
7fccec205000 118 6 1858 4
7fccec312000 87 13 1959 4
7fccec311000 105 11 2075 4
7fccec310000 71 25 2172 4
7fccec30e000 74 8 2254 4
7fccec302000 87 40 2382 5
7fccec300000 47 7 2437 6
7fccec217000 57 6 2500 6
7fccec216000 72 4 2577 6
7fccec215000 37 3 2618 6
7fccec214000 53 2 2673 6
7fccec213000 82 3 2759 7
2761 7
0x43a000
43a000 45 24 69 4
4cd000 139 13 222 4
4ce000 992 96 1311 4
40f000 19 4 1335 4
7fccec294000 57 9 1401 4
7fccec293000 50 4 1456 4
7fccec292000 49 5 1511 4
7fccec207000 69 12 1593 4
7fccec343000 97 16 1707 4
7fccec342000 100 14 1821 4
7fccec205000 118 7 1947 4
7fccec312000 89 12 2048 4
7fccec311000 105 11 2165 4
7fccec310000 68 27 2261 4
7fccec30e000 73 8 2342 4
7fccec302000 86 40 2468 5
7fccec300000 47 6 2522 6
7fccec217000 55 7 2585 6
7fccec216000 73 4 2662 6
7fccec215000 37 2 2701 6
7fccec214000 52 2 2756 6
7fccec213000 82 3 2842 7
2844 7
0x423000
423000 39 15 54 1
4cd000 140 24 219 1
4ce000 994 157 1372 1
422000 46 15 1433 2
42b000 63 20 1517 3
7fccec207000 68 17 1603 5
7fccec343000 96 11 1711 5
7fccec342000 97 10 1818 5
7fccec205000 119 5 1942 5
7fccec312000 88 9 2039 5
7fccec311000 105 8 2152 5
7fccec310000 68 18 2238 5
7fccec30e000 72 6 2317 5
7fccec302000 87 28 2433 6
7fccec300000 47 4 2485 7
2487 7
0x422000
422000 47 15 63 2
4ce000 999 137 1200 2
42b000 61 20 1281 3
4cd000 142 16 1440 3
7fccec207000 71 17 1530 5
7fccec343000 98 10 1638 5
7fccec342000 97 10 1746 5
7fccec205000 120 5 1871 5
7fccec312000 90 8 1969 5
7fccec311000 106 7 2083 5
7fccec310000 69 18 2171 5
7fccec30e000 74 6 2251 5
7fccec302000 88 29 2369 6
7fccec300000 49 4 2422 7
2423 7
0x42b000
42b000 62 26 88 2
88 2
0x433000
433000 49 18 67 2
4ce000 1001 136 1205 2
438000 38 14 1257 2
7fccec362000 68 16 1342 2
7fccec361000 77 19 1438 3
40f000 19 6 1464 4
7fccec207000 68 15 1547 4
7fccec343000 98 16 1661 4
7fccec342000 98 14 1773 4
7fccec205000 121 7 1901 4
7fccec312000 90 13 2004 4
7fccec311000 105 11 2120 4
7fccec310000 67 25 2212 4
7fccec30e000 72 8 2293 4
7fccec302000 85 40 2419 5
7fccec300000 47 6 2473 6
7fccec217000 56 7 2536 6
7fccec216000 72 4 2612 6
7fccec215000 37 2 2651 6
7fccec214000 52 2 2705 6
7fccec213000 81 4 2791 7
2794 7
0x438000
438000 37 19 56 1
7fccec362000 69 19 145 1
7fccec361000 79 22 247 2
40f000 21 7 275 3
7fccec207000 70 18 363 3
7fccec343000 97 21 481 4
7fccec342000 99 14 594 4
7fccec205000 121 6 721 4
7fccec312000 90 13 824 4
7fccec311000 106 11 941 4
7fccec310000 69 25 1036 4
7fccec30e000 74 9 1120 4
7fccec302000 86 41 1248 5
7fccec300000 47 7 1302 6
7fccec217000 56 6 1364 6
7fccec216000 72 4 1441 6
7fccec215000 37 2 1480 6
7fccec214000 51 2 1534 6
7fccec213000 81 4 1620 7
1622 7
0x4a7000
4a7000 43 19 63 1
7fccec2c6000 48 17 129 1
7fccec2c5000 56 35 221 4
7fccec327000 44 10 276 4
7fccec326000 56 13 346 4
7fccec281000 83 17 447 4
7fccec342000 96 15 559 4
7fccec280000 59 13 632 5
7fccec27f000 79 10 721 5
7fccec277000 144 13 878 5
7fccec27e000 91 7 976 5
7fccec27d000 66 11 1054 5
7fccec278000 60 13 1128 5
7fccec205000 119 5 1252 5
7fccec244000 55 7 1315 5
7fccec312000 88 10 1413 5
7fccec311000 107 9 1529 5
7fccec310000 68 19 1617 5
7fccec30e000 73 6 1696 5
7fccec325000 48 8 1753 5
7fccec324000 61 9 1824 6
7fccec323000 85 3 1912 6
7fccec322000 56 3 1972 7
1974 7
0x45c000
45c000 48 20 69 1
69 1
0x4a8000
4a8000 51 17 68 1
4ce000 991 158 1219 1
7fccec28d000 75 15 1310 1
40f000 19 8 1338 2
7fccec207000 68 22 1429 3
7fccec343000 96 21 1547 4
7fccec342000 96 14 1657 4
7fccec205000 117 7 1782 4
7fccec312000 88 13 1883 4
7fccec311000 106 12 2001 4
7fccec310000 71 25 2098 4
7fccec30e000 73 8 2180 4
7fccec302000 86 40 2307 5
7fccec300000 47 6 2360 6
7fccec217000 57 7 2425 6
7fccec216000 75 4 2504 6
7fccec215000 37 2 2544 6
7fccec214000 51 2 2598 6
7fccec213000 81 4 2684 7
2685 7
0x4c0000
4c0000 48 19 67 2
4ba000 37 10 115 3
7fccec2f1000 53 26 196 5
7fccec2f0000 79 23 299 5
7fccec2ef000 60 15 375 5
7fccec205000 117 6 499 5
7fccec2ee000 45 4 548 5
7fccec2ed000 42 4 595 5
7fccec282000 81 17 695 5
7fccec281000 83 12 791 5
7fccec342000 96 11 899 5
7fccec280000 59 8 966 5
7fccec27f000 79 9 1055 5
7fccec277000 143 13 1212 5
7fccec27e000 92 7 1311 5
7fccec27d000 66 11 1389 5
7fccec278000 61 13 1463 5
7fccec244000 55 7 1525 5
7fccec312000 87 10 1622 5
7fccec311000 105 8 1735 5
7fccec310000 69 19 1824 5
7fccec30e000 73 7 1904 5
7fccec2ec000 51 5 1961 6
7fccec2eb000 48 3 2013 6
7fccec2ea000 35 3 2052 6
7fccec2e9000 44 4 2101 6
7fccec2e8000 39 3 2143 6
7fccec2e7000 42 3 2189 6
7fccec321000 52 4 2246 6
7fccec303000 69 15 2331 6
7fccec270000 65 6 2403 6
7fccec2fb000 59 9 2471 6
7fccec2f7000 78 11 2561 6
7fccec2f6000 57 13 2631 6
7fccec2f9000 92 8 2732 6
7fccec2f8000 61 11 2804 6
7fccec2fa000 51 6 2861 6
7fccec271000 75 8 2945 6
7fccec274000 99 7 3051 6
7fccec245000 31 5 3088 6
7fccec26e000 46 4 3138 6
7fccec2c6000 48 4 3191 6
7fccec2c5000 55 9 3256 6
7fccec327000 44 5 3305 6
7fccec326000 56 6 3367 6
7fccec325000 47 5 3419 6
7fccec324000 61 5 3486 7
3490 7
0x49f000
49f000 41 21 63 1
4ce000 998 156 1218 1
7fccec207000 73 25 1317 3
7fccec343000 96 20 1433 4
7fccec342000 97 13 1544 4
7fccec205000 117 7 1669 4
7fccec312000 89 13 1771 4
7fccec311000 106 11 1888 4
7fccec310000 68 25 1981 4
7fccec30e000 73 8 2063 4
7fccec302000 85 41 2190 5
7fccec300000 47 7 2244 6
7fccec217000 59 6 2309 6
7fccec216000 73 4 2387 6
7fccec215000 36 3 2426 6
7fccec214000 53 2 2481 6
7fccec213000 81 3 2566 7
2568 7
0x44d000
44d000 35 17 52 2
52 2
0x4b0000
4b0000 46 22 69 2
4cd000 140 20 230 2
4ce000 993 137 1362 2
7fccec28d000 75 12 1450 2
40f000 19 7 1477 3
47a000 49 13 1540 4
7fccec207000 68 13 1621 4
7fccec343000 96 15 1733 4
7fccec342000 96 14 1844 4
7fccec205000 118 7 1969 4
7fccec312000 88 12 2069 4
7fccec311000 106 11 2187 4
7fccec310000 71 25 2283 4
7fccec30e000 73 8 2364 4
7fccec302000 85 40 2490 5
7fccec300000 47 7 2544 6
7fccec217000 56 6 2606 6
7fccec216000 77 4 2688 6
7fccec215000 36 3 2728 6
7fccec214000 52 2 2782 6
7fccec213000 82 4 2868 7
2869 7
0x4be000
4be000 48 23 71 2
4ce000 1009 136 1217 2
7fccec28d000 79 12 1309 2
40f000 19 7 1336 3
4cd000 139 16 1491 3
7fccec207000 68 17 1578 4
7fccec343000 97 15 1690 4
7fccec342000 97 14 1801 4
7fccec205000 122 6 1929 4
7fccec312000 89 12 2030 4
7fccec311000 105 11 2147 4
7fccec310000 69 25 2241 4
7fccec30e000 75 8 2324 4
7fccec302000 90 40 2454 5
7fccec300000 47 6 2508 6
7fccec217000 56 7 2571 6
7fccec216000 72 4 2647 6
7fccec215000 36 3 2687 6
7fccec214000 52 2 2741 6
7fccec213000 82 3 2826 7
2828 7
0x44b000
44b000 55 26 81 0
7fccec207000 68 28 178 3
7fccec343000 96 20 294 4
7fccec342000 96 13 404 4
7fccec205000 118 6 529 4
7fccec312000 87 13 630 4
7fccec311000 104 11 745 4
7fccec310000 68 25 838 4
7fccec30e000 73 8 919 4
7fccec302000 86 41 1046 5
7fccec300000 47 7 1101 6
7fccec217000 58 6 1165 6
7fccec216000 73 4 1243 6
7fccec215000 36 3 1283 6
7fccec214000 52 2 1337 6
7fccec213000 82 4 1424 7
1426 7
0x44c000
44c000 39 15 54 1
4ce000 1007 156 1218 1
7fccec207000 67 25 1311 3
7fccec343000 95 20 1427 4
7fccec342000 96 13 1537 4
7fccec205000 121 6 1665 4
7fccec312000 87 12 1765 4
7fccec311000 104 11 1881 4
7fccec310000 67 26 1974 4
7fccec30e000 72 9 2055 4
7fccec302000 86 40 2181 5
7fccec300000 46 7 2235 6
7fccec217000 56 6 2297 6
7fccec216000 75 4 2377 6
7fccec215000 37 2 2417 6
7fccec214000 52 3 2472 6
7fccec213000 82 3 2557 7
2559 7
0x492000
492000 37 13 51 0
7fccec29e000 62 76 190 1
7fccec29d000 95 38 324 1
40f000 20 7 352 2
7fccec207000 68 20 441 3
7fccec343000 96 24 562 4
7fccec342000 97 14 674 4
7fccec205000 119 6 800 4
7fccec312000 88 12 901 4
7fccec311000 105 11 1018 4
7fccec310000 71 25 1114 4
7fccec30e000 74 8 1196 4
7fccec302000 87 40 1323 5
7fccec300000 48 6 1377 6
7fccec217000 56 7 1440 6
7fccec216000 72 4 1517 6
7fccec215000 37 3 1557 6
7fccec214000 52 2 1611 6
7fccec213000 82 3 1697 7
1698 7
0x426000
426000 43 19 63 0
7fccec207000 68 28 160 3
7fccec343000 96 20 277 4
7fccec342000 100 14 392 4
7fccec205000 119 7 518 4
7fccec312000 88 12 618 4
7fccec311000 105 11 735 4
7fccec310000 69 26 830 4
7fccec30e000 73 8 911 4
7fccec302000 86 40 1038 5
7fccec300000 47 7 1092 6
7fccec217000 56 7 1155 6
7fccec216000 72 4 1231 6
7fccec215000 36 3 1271 6
7fccec214000 51 3 1325 6
7fccec213000 87 3 1415 7
1417 7
0x425000
425000 35 12 47 1
4ce000 1007 157 1212 1
7fccec362000 68 19 1300 1
7fccec361000 77 23 1400 2
40f000 20 7 1427 3
4b9000 46 11 1484 4
7fccec207000 68 13 1566 4
7fccec343000 96 15 1677 4
7fccec342000 97 13 1787 4
7fccec205000 119 6 1912 4
7fccec312000 88 13 2014 4
7fccec311000 106 11 2131 4
7fccec310000 69 26 2227 4
7fccec30e000 75 8 2310 4
7fccec302000 88 41 2439 5
7fccec300000 49 7 2495 6
7fccec217000 58 6 2559 6
7fccec216000 74 4 2638 6
7fccec215000 38 3 2679 6
7fccec214000 53 2 2734 6
7fccec213000 84 3 2822 7
2826 7
0x4b9000
4b9000 48 18 66 4
4ce000 994 96 1157 4
7fccec207000 70 13 1241 4
7fccec343000 97 15 1353 4
7fccec342000 97 14 1465 4
7fccec205000 120 7 1592 4
7fccec312000 89 13 1694 4
7fccec311000 106 11 1811 4
7fccec310000 69 26 1906 4
7fccec30e000 75 8 1989 4
7fccec302000 87 40 2117 5
7fccec300000 49 7 2174 6
7fccec217000 58 6 2238 6
7fccec216000 74 4 2316 6
7fccec215000 38 3 2357 6
7fccec214000 53 2 2412 6
7fccec213000 83 4 2500 7
2501 7
0x4a6000
4a6000 49 17 67 2
67 2
0x427000
427000 38 14 52 2
4cd000 140 20 213 2
7fccec28d000 77 12 304 2
40f000 20 7 332 2
4ce000 996 137 1466 2
7fccec294000 58 16 1541 3
7fccec293000 50 7 1599 3
7fccec292000 45 6 1651 3
4cf000 220 27 1899 4
7fccebfd1000 45 8 1952 4
7fccebfd0000 57 6 2016 4
7fccebfcf000 68 7 2092 4
7fccebfd8000 56 14 2163 5
7fccebfd7000 53 4 2221 5
7fccebfd6000 56 5 2283 5
7fccebfd4000 59 4 2347 5
7fccebfdb000 231 15 2594 6
7fccebfd3000 92 3 2689 6
7fccebfd2000 35 2 2727 6
7fccebfd9000 36 3 2767 6
7fccebfda000 119 6 2894 6
7fccebfce000 54 2 2951 6
7fccebfd5000 35 2 2990 6
410000 37 2 3032 6
7fccec207000 68 4 3105 6
7fccec343000 96 5 3206 6
7fccec342000 98 4 3309 6
7fccec205000 119 2 3431 6
7fccec312000 89 5 3526 6
7fccec311000 108 4 3638 6
7fccec310000 68 10 3717 6
7fccec30e000 74 2 3793 6
7fccec302000 87 15 3896 6
7fccec300000 48 3 3948 6
7fccec217000 57 7 4012 6
7fccec216000 73 4 4089 6
7fccec215000 36 3 4129 6
7fccec214000 52 2 4183 6
7fccec213000 81 4 4269 7
4271 7
0x4c3000
4c3000 44 12 57 1
57 1
0x480000
480000 49 18 68 2
493000 43 13 126 3
4cd000 139 18 284 3
7fccec28d000 75 11 372 3
40f000 20 6 398 4
4ce000 1000 97 1495 4
470000 43 7 1546 4
45d000 39 11 1597 4
7fccec207000 70 13 1681 4
7fccec343000 99 16 1796 5
7fccec342000 96 9 1902 5
7fccec205000 123 4 2030 5
7fccec312000 88 8 2127 5
7fccec311000 104 8 2240 5
7fccec310000 71 17 2328 5
7fccec30e000 74 5 2408 5
7fccec302000 86 29 2524 6
7fccec300000 47 4 2575 7
2580 7
0x493000
493000 46 17 63 2
4cd000 140 20 224 2
7fccec28d000 75 12 313 2
40f000 19 7 340 3
4ce000 997 116 1454 3
470000 43 9 1507 3
45d000 39 12 1559 3
7fccec207000 72 17 1649 4
7fccec343000 96 15 1761 5
7fccec342000 97 10 1869 5
7fccec205000 120 4 1993 5
7fccec312000 91 8 2093 5
7fccec311000 106 7 2207 5
7fccec310000 68 18 2294 5
7fccec30e000 74 5 2373 5
7fccec302000 86 28 2488 6
7fccec300000 48 4 2541 7
2545 7
0x4ca000
4ca000 56 23 79 1
7fccec226000 57 43 180 4
40f000 19 4 204 4
7fccec207000 69 15 289 4
7fccec343000 97 16 402 4
7fccec342000 97 13 512 4
7fccec205000 117 7 637 4
7fccec312000 87 12 736 4
7fccec311000 104 11 852 4
7fccec310000 67 25 944 4
7fccec30e000 75 8 1028 4
7fccec302000 86 40 1154 5
7fccec300000 47 6 1208 6
7fccec217000 56 6 1270 6
7fccec216000 72 4 1347 6
7fccec215000 36 3 1387 6
7fccec214000 52 2 1441 6
7fccec213000 83 3 1527 7
1529 7
0x46d000
46d000 38 20 58 1
4cd000 141 24 224 1
46c000 53 17 295 2
7fccec207000 69 21 386 4
7fccec343000 96 15 497 4
7fccec342000 97 13 608 4
7fccec205000 119 7 734 4
7fccec312000 91 13 838 4
7fccec311000 105 10 953 4
7fccec310000 67 27 1048 4
7fccec30e000 73 9 1130 4
7fccec302000 86 40 1256 5
7fccec300000 47 7 1310 6
7fccec217000 56 7 1373 6
7fccec216000 75 4 1452 6
7fccec215000 36 3 1491 6
7fccec214000 53 3 1547 6
7fccec213000 82 4 1633 7
1636 7
0x46c000
46c000 53 20 73 2
7fccec207000 68 21 163 4
7fccec343000 98 15 276 4
7fccec342000 104 14 394 4
7fccec205000 119 6 519 4
7fccec312000 88 12 620 4
7fccec311000 104 11 736 4
7fccec310000 69 30 836 4
7fccec30e000 73 8 917 4
7fccec302000 86 40 1044 5
7fccec300000 47 6 1098 6
7fccec217000 56 7 1161 6
7fccec216000 73 4 1238 6
7fccec215000 37 2 1278 6
7fccec214000 52 2 1333 6
7fccec213000 86 3 1423 7
1425 7
0x472000
472000 50 18 69 3
4cd000 139 17 226 3
4ce000 1008 116 1351 3
7fccec368000 57 16 1425 4
40f000 19 5 1449 4
7fccec29f000 69 22 1540 4
7fccec29e000 62 33 1636 4
7fccec29d000 95 21 1753 4
4cf000 221 20 1994 4
7fccebfd1000 42 7 2044 4
7fccebfd0000 57 6 2108 4
7fccebfcf000 68 8 2185 4
7fccebfd8000 57 14 2256 5
7fccebfd7000 54 3 2314 5
7fccebfd6000 57 5 2377 5
7fccebfd4000 59 4 2441 5
7fccebfdb000 232 15 2689 6
7fccebfd3000 93 2 2785 6
7fccebfd2000 35 2 2823 6
7fccebfd9000 35 3 2863 6
7fccebfda000 122 5 2991 6
7fccebfce000 51 2 3045 6
7fccebfd5000 35 2 3084 6
410000 36 2 3125 6
7fccec207000 69 4 3199 6
7fccec343000 97 6 3303 6
7fccec342000 97 5 3405 6
7fccec205000 119 3 3527 6
7fccec312000 89 4 3620 6
7fccec311000 105 4 3730 6
7fccec310000 69 10 3809 6
7fccec30e000 74 3 3886 6
7fccec302000 86 15 3987 6
7fccec300000 46 3 4037 6
7fccec217000 55 6 4099 6
7fccec216000 71 4 4175 6
7fccec215000 36 3 4215 6
7fccec214000 51 2 4268 6
7fccec213000 81 3 4353 7
4355 7
0x420000
420000 42 21 64 1
64 1
0x4c4000
4c4000 41 19 60 1
4ce000 1003 157 1220 1
4cd000 144 24 1389 1
7fccec207000 67 26 1484 3
7fccec343000 96 20 1600 4
7fccec342000 95 14 1710 4
7fccec205000 118 6 1834 4
7fccec312000 87 13 1935 4
7fccec311000 105 11 2051 4
7fccec310000 68 25 2145 4
7fccec30e000 72 9 2227 4
7fccec302000 85 40 2352 5
7fccec300000 48 6 2407 6
7fccec217000 57 7 2471 6
7fccec216000 75 4 2550 6
7fccec215000 38 3 2592 6
7fccec214000 51 3 2646 6
7fccec213000 81 4 2731 7
2732 7
0x469000
469000 44 17 62 1
4ce000 993 156 1212 1
4cf000 222 38 1473 3
4cd000 139 18 1631 3
7fccebfd1000 44 10 1687 3
7fccebfd0000 57 8 1753 3
7fccebfcf000 68 10 1832 3
7fccebfd8000 56 19 1908 4
7fccebfd7000 53 6 1968 4
7fccebfd6000 57 7 2033 4
7fccebfd4000 59 7 2100 4
7fccebfdb000 229 22 2352 5
7fccebfd3000 91 5 2448 5
7fccebfd2000 34 4 2488 5
7fccebfd9000 36 4 2529 5
7fccebfda000 119 10 2660 5
7fccebfce000 51 4 2716 5
7fccebfd5000 35 3 2756 5
410000 37 4 2800 6
40f000 21 1 2823 6
7fccec207000 68 6 2897 6
7fccec343000 98 5 3000 6
7fccec342000 99 4 3103 6
7fccec205000 120 2 3226 6
7fccec312000 95 4 3325 6
7fccec311000 106 3 3434 6
7fccec310000 68 9 3512 6
7fccec30e000 73 3 3589 6
7fccec302000 88 15 3692 6
7fccec300000 47 2 3742 6
7fccec217000 56 6 3805 6
7fccec216000 71 4 3881 6
7fccec215000 36 3 3921 6
7fccec214000 51 2 3974 6
7fccec213000 80 4 4059 7
4062 7
0xffffffff8b8f9000
0 0
0x460000
460000 66 21 87 1
45f000 38 11 137 1
4cd000 139 23 300 1
4ce000 997 155 1454 1
7fccec207000 67 26 1548 3
7fccec343000 97 23 1668 4
7fccec342000 97 13 1778 4
7fccec205000 117 7 1903 4
7fccec312000 87 13 2003 4
7fccec311000 104 11 2118 4
7fccec310000 70 26 2214 4
7fccec30e000 73 8 2295 4
7fccec302000 85 40 2421 5
7fccec300000 46 7 2475 6
7fccec217000 58 6 2539 6
7fccec216000 72 4 2616 6
7fccec215000 37 2 2655 6
7fccec214000 53 2 2711 6
7fccec213000 86 3 2801 7
2803 7
0x45f000
45f000 38 12 50 1
50 1
0x453000
453000 62 21 83 2
4ce000 1002 135 1220 2
7fccec2f1000 54 31 1306 5
7fccec2f0000 76 27 1410 5
7fccec2ef000 61 15 1486 5
7fccec205000 119 5 1611 5
7fccec2ee000 44 5 1661 5
7fccec2ed000 43 4 1708 5
7fccec282000 81 18 1808 5
7fccec281000 86 12 1907 5
7fccec342000 100 10 2018 5
7fccec280000 60 9 2088 5
7fccec27f000 80 9 2177 5
7fccec277000 146 12 2336 5
7fccec27e000 90 8 2435 5
7fccec27d000 66 11 2512 5
7fccec278000 60 13 2585 5
7fccec244000 55 7 2647 5
7fccec312000 88 10 2745 5
7fccec311000 107 9 2861 5
7fccec310000 68 19 2948 5
7fccec30e000 76 7 3032 5
7fccec2ec000 52 5 3090 6
7fccec2eb000 48 3 3141 6
7fccec2ea000 35 3 3180 6
7fccec2e9000 45 4 3229 6
7fccec2e8000 39 3 3271 6
7fccec2e7000 43 4 3318 6
7fccec321000 52 3 3375 6
7fccec303000 69 15 3460 6
7fccec270000 59 4 3524 6
7fccec2fb000 59 8 3592 6
7fccec2f7000 77 11 3681 6
7fccec2f6000 57 13 3751 6
7fccec2f9000 93 8 3852 6
7fccec2f8000 65 9 3926 6
7fccec2fa000 49 6 3982 6
7fccec271000 76 7 4065 6
7fccec274000 100 7 4173 6
7fccec245000 32 4 4210 6
7fccec26e000 46 4 4261 6
7fccec2c6000 48 5 4315 6
7fccec2c5000 56 8 4379 6
7fccec327000 44 4 4428 6
7fccec326000 56 6 4491 6
7fccec325000 48 4 4543 6
7fccec324000 62 5 4611 7
4614 7
0x43f000
43f000 45 17 63 1
63 1
0x43c000
43c000 35 15 51 1
7fccec217000 56 38 147 4
7fccec216000 73 11 231 4
7fccec215000 37 8 277 5
7fccec205000 120 4 401 5
7fccec214000 52 4 457 5
7fccec213000 82 6 546 6
7fccec212000 33 2 582 6
7fccec20a000 45 2 629 6
7fccec209000 42 2 673 6
7fccec208000 64 1 739 6
7fccec342000 97 3 840 6
7fccec312000 88 3 932 6
7fccec311000 104 3 1040 6
7fccec310000 69 8 1118 6
7fccec30e000 77 2 1198 6
7fccec265000 74 4 1277 6
7fccec272000 83 3 1363 6
7fccec271000 76 4 1443 6
7fccec2f6000 57 9 1510 6
7fccec2f1000 54 6 1570 7
1571 7
0x499000
499000 39 19 59 3
4ce000 993 116 1169 3
40f000 19 6 1195 4
410000 37 7 1239 4
7fccec207000 69 13 1321 4
7fccec343000 96 15 1433 4
7fccec342000 97 13 1544 4
7fccec205000 123 7 1675 4
7fccec312000 93 12 1780 4
7fccec311000 105 11 1896 4
7fccec310000 67 26 1990 4
7fccec30e000 74 8 2072 4
7fccec302000 86 40 2199 5
7fccec300000 47 6 2253 6
7fccec217000 56 6 2316 6
7fccec216000 73 3 2393 6
7fccec215000 36 3 2433 6
7fccec214000 52 2 2488 6
7fccec213000 82 4 2574 7
2576 7
0x4b7000
4b7000 53 19 73 1
73 1
0x4c5000
4c5000 42 19 61 1
438000 38 17 117 1
7fccec362000 68 19 205 1
7fccec361000 77 22 305 2
40f000 19 7 332 3
7fccec207000 69 17 419 3
7fccec343000 97 20 536 4
7fccec342000 97 13 647 4
7fccec205000 119 6 773 4
7fccec312000 89 13 875 4
7fccec311000 105 11 991 4
7fccec310000 69 27 1088 4
7fccec30e000 74 8 1170 4
7fccec302000 86 40 1297 5
7fccec300000 47 7 1351 6
7fccec217000 56 7 1414 6
7fccec216000 72 3 1490 6
7fccec215000 37 3 1531 6
7fccec214000 53 2 1586 6
7fccec213000 82 4 1672 7
1674 7
0x4a4000
4a4000 52 24 77 2
77 2
0x46e000
46e000 40 15 55 2
7fccec207000 68 23 147 3
7fccec343000 97 20 264 4
7fccec342000 100 14 379 4
7fccec205000 119 7 505 4
7fccec312000 88 13 606 4
7fccec311000 105 11 722 4
7fccec310000 69 25 817 4
7fccec30e000 73 9 899 4
7fccec302000 86 40 1025 5
7fccec300000 48 6 1079 6
7fccec217000 57 7 1143 6
7fccec216000 73 4 1220 6
7fccec215000 37 3 1260 6
7fccec214000 54 3 1317 6
7fccec213000 82 4 1404 7
1406 7
0x437000
437000 35 17 52 2
4cd000 142 20 215 2
4ce000 997 136 1350 2
7fccec207000 68 21 1440 4
7fccec343000 96 15 1551 4
7fccec342000 96 14 1662 4
7fccec205000 123 7 1792 4
7fccec312000 89 12 1893 4
7fccec311000 108 11 2013 4
7fccec310000 68 26 2107 4
7fccec30e000 73 9 2189 4
7fccec302000 91 40 2320 5
7fccec300000 47 6 2374 6
7fccec217000 56 6 2437 6
7fccec216000 72 4 2514 6
7fccec215000 36 3 2554 6
7fccec214000 52 2 2608 6
7fccec213000 82 3 2694 7
2696 7
0x497000
497000 42 15 57 3
4ce000 998 117 1173 3
7fccec2f1000 54 27 1255 4
7fccec2f0000 77 33 1365 5
7fccec2ef000 61 14 1441 5
7fccec205000 119 6 1567 5
7fccec2ee000 45 4 1616 5
7fccec2ed000 43 4 1664 5
7fccec282000 82 17 1764 5
7fccec281000 82 12 1859 5
7fccec342000 97 10 1967 5
7fccec280000 59 9 2036 5
7fccec27f000 82 9 2127 5
7fccec277000 143 13 2284 5
7fccec27e000 89 8 2382 5
7fccec27d000 66 11 2459 5
7fccec278000 60 12 2531 5
7fccec244000 57 6 2595 5
7fccec312000 88 9 2693 5
7fccec311000 104 9 2807 5
7fccec310000 68 19 2894 5
7fccec30e000 74 6 2974 5
7fccec2ec000 52 5 3032 6
7fccec2eb000 49 4 3086 6
7fccec2ea000 35 3 3125 6
7fccec2e9000 45 3 3173 6
7fccec2e8000 39 3 3216 6
7fccec2e7000 42 4 3262 6
7fccec321000 52 4 3319 6
7fccec303000 70 15 3404 6
7fccec270000 59 5 3469 6
7fccec2fb000 59 9 3537 6
7fccec2f7000 79 11 3627 6
7fccec2f6000 56 12 3696 6
7fccec2f9000 92 7 3796 6
7fccec2f8000 60 10 3867 6
7fccec2fa000 48 7 3922 6
7fccec271000 75 7 4004 6
7fccec274000 101 7 4113 6
7fccec245000 32 4 4150 6
7fccec26e000 46 4 4201 6
7fccec2c6000 48 4 4253 6
7fccec2c5000 56 9 4319 6
7fccec327000 44 5 4369 6
7fccec326000 56 6 4431 6
7fccec325000 48 5 4484 6
7fccec324000 63 5 4552 7
4555 7
0x498000
498000 47 18 65 2
4ce000 995 140 1201 2
4cd000 139 21 1362 2
40f000 19 7 1390 3
7fccec207000 68 17 1475 3
7fccec343000 99 20 1595 4
7fccec342000 96 14 1706 4
7fccec205000 121 7 1834 4
7fccec312000 88 12 1934 4
7fccec311000 104 11 2050 4
7fccec310000 68 25 2143 4
7fccec30e000 73 8 2224 4
7fccec302000 86 40 2350 5
7fccec300000 47 6 2403 6
7fccec217000 55 7 2466 6
7fccec216000 75 4 2546 6
7fccec215000 36 3 2586 6
7fccec214000 51 2 2640 6
7fccec213000 82 3 2726 7
2728 7
0x414000
414000 86 30 116 1
4cd000 142 25 284 1
4ce000 995 157 1439 1
7fccec29f000 65 44 1549 3
7fccec29e000 62 45 1656 3
7fccec29d000 95 27 1779 3
40f000 20 5 1805 4
7fccec244000 55 8 1868 4
413000 44 7 1920 4
46a000 54 10 1985 4
451000 43 9 2037 5
7fccec362000 69 8 2115 5
7fccec361000 77 9 2202 5
7fccec294000 57 7 2266 5
7fccec293000 50 4 2321 5
7fccec292000 44 4 2371 5
456000 47 7 2427 5
7fccec207000 69 10 2507 5
7fccec343000 96 11 2615 5
7fccec342000 96 11 2723 5
7fccec205000 120 5 2848 5
7fccec312000 87 10 2946 5
7fccec311000 105 9 3060 5
7fccec310000 72 19 3151 5
7fccec30e000 74 7 3232 5
7fccec302000 87 30 3349 5
7fccec300000 48 6 3403 6
7fccec217000 55 7 3466 6
7fccec216000 73 4 3543 6
7fccec215000 37 3 3583 6
7fccec214000 51 3 3637 6
7fccec213000 83 4 3724 7
3729 7
0x415000
415000 61 25 87 1
40f000 20 8 116 2
7fccec207000 70 22 208 3
7fccec343000 96 20 324 4
7fccec342000 96 14 435 4
7fccec205000 119 6 560 4
7fccec312000 87 13 661 4
7fccec311000 104 11 776 4
7fccec310000 68 25 869 4
7fccec30e000 73 8 950 4
7fccec302000 86 40 1077 5
7fccec300000 47 6 1130 6
7fccec217000 56 6 1193 6
7fccec216000 72 3 1269 6
7fccec215000 36 3 1309 6
7fccec214000 52 2 1363 6
7fccec213000 81 3 1448 7
1450 7
0x431000
431000 46 18 64 1
4ce000 993 161 1219 1
7fccec207000 70 27 1317 3
7fccec343000 96 21 1435 4
7fccec342000 99 14 1548 4
7fccec205000 123 6 1677 4
7fccec312000 89 12 1779 4
7fccec311000 106 11 1897 4
7fccec310000 70 26 1993 4
7fccec30e000 75 8 2076 4
7fccec302000 87 41 2205 5
7fccec300000 48 7 2260 6
7fccec217000 58 6 2324 6
7fccec216000 73 4 2402 6
7fccec215000 38 2 2443 6
7fccec214000 52 3 2499 6
7fccec213000 84 3 2586 7
2588 7
0x41b000
41b000 49 20 69 2
4ce000 1011 136 1217 2
4b8000 50 13 1281 2
411000 42 13 1337 3
4cd000 141 17 1496 3
424000 40 11 1549 4
410000 36 7 1593 4
40f000 21 5 1620 5
7fccec207000 71 10 1702 5
7fccec343000 97 12 1811 5
7fccec342000 98 11 1920 5
7fccec205000 121 5 2046 5
7fccec312000 90 10 2146 5
7fccec311000 107 9 2262 5
7fccec310000 70 19 2351 5
7fccec30e000 75 7 2433 5
7fccec302000 89 30 2552 5
7fccec300000 48 7 2608 6
7fccec217000 58 6 2672 6
7fccec216000 73 4 2750 6
7fccec215000 38 3 2791 6
7fccec214000 53 2 2846 6
7fccec213000 83 3 2933 7
2941 7
0x47e000
47e000 41 13 55 1
4cd000 143 24 223 1
4ce000 1008 158 1391 1
7fccec294000 59 19 1470 3
7fccec293000 51 7 1528 3
7fccec292000 46 6 1581 3
40f000 20 8 1610 3
7fccec207000 67 17 1695 3
7fccec343000 95 20 1811 4
7fccec342000 96 13 1921 4
7fccec205000 120 6 2048 4
7fccec312000 91 12 2152 4
7fccec311000 106 11 2270 4
7fccec310000 70 25 2365 4
7fccec30e000 75 8 2449 4
7fccec302000 88 40 2577 5
7fccec300000 48 7 2633 6
7fccec217000 58 6 2697 6
7fccec216000 73 4 2775 6
7fccec215000 39 2 2816 6
7fccec214000 53 3 2872 6
7fccec213000 83 3 2958 7
2961 7
0x476000
476000 59 19 79 1
4ce000 1000 156 1236 1
7fccec207000 70 25 1332 3
7fccec343000 97 21 1451 4
7fccec342000 97 14 1562 4
7fccec205000 121 6 1689 4
7fccec312000 89 12 1791 4
7fccec311000 105 11 1908 4
7fccec310000 69 26 2004 4
7fccec30e000 74 9 2087 4
7fccec302000 88 40 2215 5
7fccec300000 48 6 2270 6
7fccec217000 58 6 2335 6
7fccec216000 73 4 2413 6
7fccec215000 38 3 2454 6
7fccec214000 53 3 2510 6
7fccec213000 85 4 2599 7
2601 7
0x47f000
47f000 45 18 63 1
7fccec2f1000 56 37 157 4
7fccec2f0000 77 33 268 5
7fccec2ef000 62 15 346 5
7fccec205000 120 5 471 5
7fccec2ee000 46 4 522 5
7fccec2ed000 44 4 571 5
7fccec282000 83 18 673 5
7fccec281000 85 11 769 5
7fccec342000 98 11 879 5
7fccec280000 61 8 948 5
7fccec27f000 83 10 1042 5
7fccec277000 147 12 1201 5
7fccec27e000 91 8 1301 5
7fccec27d000 67 11 1379 5
7fccec278000 62 13 1454 5
7fccec244000 57 6 1517 5
7fccec312000 90 9 1617 5
7fccec311000 106 8 1732 5
7fccec310000 69 19 1821 5
7fccec30e000 74 7 1903 5
7fccec2ec000 53 5 1961 6
7fccec2eb000 51 3 2016 6
7fccec2ea000 34 3 2054 6
7fccec2e9000 44 4 2103 6
7fccec2e8000 39 3 2145 6
7fccec2e7000 42 3 2191 6
7fccec321000 52 3 2247 6
7fccec303000 69 15 2332 6
7fccec270000 59 5 2396 6
7fccec2fb000 59 8 2464 6
7fccec2f7000 78 11 2554 6
7fccec2f6000 57 13 2624 6
7fccec2f9000 93 7 2724 6
7fccec2f8000 60 10 2795 6
7fccec2fa000 48 6 2850 6
7fccec271000 75 8 2934 6
7fccec274000 104 7 3045 6
7fccec245000 31 5 3082 6
7fccec26e000 46 4 3132 6
7fccec2c6000 49 4 3186 6
7fccec2c5000 57 9 3252 6
7fccec327000 45 4 3301 6
7fccec326000 57 5 3364 6
7fccec325000 48 5 3418 6
7fccec324000 63 5 3486 7
3490 7
0x45a000
45a000 48 23 72 1
72 1
0x41c000
41c000 39 14 53 1
4cd000 139 24 217 1
7fccec207000 68 25 312 3
7fccec343000 95 21 429 4
7fccec342000 101 13 544 4
7fccec205000 118 6 669 4
7fccec312000 88 13 771 4
7fccec311000 106 11 888 4
7fccec310000 69 25 982 4
7fccec30e000 73 9 1065 4
7fccec302000 86 41 1192 5
7fccec300000 48 6 1246 6
7fccec217000 55 6 1308 6
7fccec216000 74 3 1386 6
7fccec215000 36 3 1426 6
7fccec214000 54 2 1482 6
7fccec213000 84 4 1570 7
1571 7
0x457000
457000 52 22 75 3
75 3
0x4b2000
4b2000 53 27 80 1
40f000 19 8 108 2
7fccec207000 69 21 199 3
7fccec343000 97 21 318 4
7fccec342000 97 14 429 4
7fccec205000 120 6 555 4
7fccec312000 89 13 658 4
7fccec311000 105 12 775 4
7fccec310000 69 25 869 4
7fccec30e000 74 9 953 4
7fccec302000 86 40 1079 5
7fccec300000 47 6 1133 6
7fccec217000 56 7 1197 6
7fccec216000 73 4 1274 6
7fccec215000 37 3 1315 6
7fccec214000 52 2 1369 6
7fccec213000 82 4 1456 7
1457 7
0x42d000
42d000 37 14 51 1
51 1
0x421000
421000 49 15 64 1
7fccec29f000 65 43 173 3
7fccec29e000 62 45 280 3
7fccec29d000 96 26 402 3
40f000 20 5 428 4
4ce000 994 96 1518 4
7fccec207000 68 13 1599 4
7fccec343000 95 16 1710 4
7fccec342000 97 13 1820 4
7fccec205000 117 6 1944 4
7fccec312000 88 12 2044 4
7fccec311000 107 11 2162 4
7fccec310000 69 25 2256 4
7fccec30e000 76 9 2342 4
7fccec302000 87 41 2470 5
7fccec300000 48 6 2524 6
7fccec217000 57 7 2588 6
7fccec216000 73 4 2665 6
7fccec215000 37 2 2704 6
7fccec214000 53 3 2761 6
7fccec213000 83 3 2848 7
2851 7
0x41d000
41d000 40 17 58 1
4ce000 997 156 1212 1
7fccec244000 55 16 1284 4
40f000 19 4 1308 4
7fccec294000 57 9 1374 4
7fccec293000 49 8 1432 4
7fccec292000 46 5 1484 4
4bf000 58 12 1555 4
4cf000 225 20 1801 4
4cd000 140 12 1954 4
7fccebfd1000 44 8 2008 4
7fccebfd0000 58 6 2073 4
7fccebfcf000 68 7 2149 4
7fccebfd8000 57 14 2221 5
7fccebfd7000 53 4 2279 5
7fccebfd6000 56 5 2341 5
7fccebfd4000 61 4 2407 5
7fccebfdb000 233 15 2656 6
7fccebfd3000 92 3 2752 6
7fccebfd2000 35 2 2790 6
7fccebfd9000 36 3 2830 6
7fccebfda000 121 6 2958 6
7fccebfce000 51 2 3012 6
7fccebfd5000 35 2 3051 6
410000 37 2 3093 6
7fccec207000 69 5 3168 6
7fccec343000 97 6 3271 6
7fccec342000 97 5 3373 6
7fccec205000 120 2 3495 6
7fccec312000 91 4 3591 6
7fccec311000 105 4 3701 6
7fccec310000 69 9 3779 6
7fccec30e000 74 3 3856 6
7fccec302000 86 16 3958 6
7fccec300000 47 3 4008 6
7fccec217000 57 6 4071 6
7fccec216000 72 4 4148 6
7fccec215000 37 2 4188 6
7fccec214000 51 3 4243 6
7fccec213000 82 3 4328 7
4332 7
0x43e000
43e000 36 13 49 2
4ce000 1002 140 1192 2
4cd000 143 21 1357 2
7fccec362000 67 16 1441 2
7fccec361000 78 19 1538 3
40f000 19 6 1564 3
7fccec294000 57 13 1634 3
7fccec293000 49 7 1691 3
7fccec292000 45 7 1743 3
7fccec22b000 31 15 1790 4
7fccec22a000 53 21 1864 6
7fccec229000 62 5 1931 6
7fccec205000 118 3 2052 6
7fccec228000 58 3 2113 6
7fccec227000 46 4 2164 6
7fccec312000 89 5 2259 6
7fccec311000 104 4 2368 6
7fccec310000 67 10 2445 6
7fccec30e000 72 3 2520 6
7fccec2c8000 41 2 2564 6
7fccec277000 143 7 2715 6
7fccec216000 72 4 2791 6
7fccec215000 37 2 2830 6
7fccec214000 51 2 2884 6
7fccec213000 82 3 2970 7
2972 7
0x416000
416000 50 14 64 1
4cd000 144 24 233 1
4ce000 999 157 1391 1
415000 61 22 1475 1
40f000 19 8 1503 2
7fccec207000 69 21 1594 3
7fccec343000 96 21 1712 4
7fccec342000 96 14 1823 4
7fccec205000 118 6 1948 4
7fccec312000 87 13 2049 4
7fccec311000 110 11 2170 4
7fccec310000 68 25 2263 4
7fccec30e000 72 9 2345 4
7fccec302000 85 41 2471 5
7fccec300000 47 6 2524 6
7fccec217000 56 7 2587 6
7fccec216000 76 4 2667 6
7fccec215000 37 2 2707 6
7fccec214000 52 2 2762 6
7fccec213000 82 4 2848 7
2850 7
0x4af000
4af000 49 21 71 2
71 2
0x46f000
46f000 58 19 77 0
4cd000 141 26 245 0
4cf000 229 43 519 3
7fccebfd1000 43 11 573 3
7fccebfd0000 57 8 638 3
7fccebfcf000 67 10 716 3
7fccebfd8000 56 18 791 4
7fccebfd7000 53 6 851 4
7fccebfd6000 57 7 915 4
7fccebfd4000 59 6 981 4
7fccebfdb000 228 22 1232 5
7fccebfd3000 90 5 1328 5
7fccebfd2000 35 4 1368 5
7fccebfd9000 35 5 1409 5
7fccebfda000 121 10 1542 5
7fccebfce000 50 4 1597 5
7fccebfd5000 36 3 1638 5
410000 36 4 1681 6
40f000 19 1 1703 6
7fccec207000 68 4 1776 6
7fccec343000 96 5 1878 6
7fccec342000 98 5 1982 6
7fccec205000 119 2 2103 6
7fccec312000 89 4 2197 6
7fccec311000 106 4 2308 6
7fccec310000 68 9 2385 6
7fccec30e000 74 2 2461 6
7fccec302000 85 16 2563 6
7fccec300000 47 3 2613 6
7fccec217000 56 7 2676 6
7fccec216000 72 4 2752 6
7fccec215000 37 3 2792 6
7fccec214000 52 2 2846 6
7fccec213000 81 4 2931 7
2934 7
0x4a0000
4a0000 52 17 70 1
4ce000 997 157 1225 1
7fccec207000 69 25 1320 4
7fccec343000 94 18 1433 5
7fccec342000 97 11 1541 5
7fccec205000 119 5 1665 5
7fccec312000 88 10 1763 5
7fccec311000 108 8 1880 5
7fccec310000 68 18 1967 5
7fccec30e000 73 6 2047 5
7fccec302000 86 30 2164 5
7fccec300000 47 7 2218 6
7fccec217000 56 7 2281 6
7fccec216000 77 4 2362 6
7fccec215000 36 3 2402 6
7fccec214000 52 2 2456 6
7fccec213000 81 4 2542 7
2544 7
0x4b6000
4b6000 37 13 50 2
4cd000 139 20 210 2
4ce000 989 136 1337 2
7fccec226000 55 36 1429 4
40f000 20 4 1453 4
4b7000 54 9 1516 4
7fccec207000 68 13 1597 4
7fccec343000 95 16 1709 4
7fccec342000 100 14 1823 4
7fccec205000 117 7 1947 4
7fccec312000 88 12 2047 4
7fccec311000 107 11 2166 4
7fccec310000 69 25 2260 4
7fccec30e000 74 8 2342 4
7fccec302000 85 40 2468 5
7fccec300000 46 6 2521 6
7fccec217000 56 6 2584 6
7fccec216000 72 4 2661 6
7fccec215000 37 3 2701 6
7fccec214000 52 2 2756 6
7fccec213000 81 4 2841 7
2842 7
0x4a9000
4a9000 45 20 65 1
40f000 20 8 94 2
4ce000 998 136 1228 2
7fccec207000 68 22 1319 3
7fccec343000 98 21 1438 4
7fccec342000 99 13 1550 4
7fccec205000 121 7 1679 4
7fccec312000 89 13 1781 4
7fccec311000 110 11 1902 4
7fccec310000 68 26 1996 4
7fccec30e000 74 8 2078 4
7fccec302000 87 40 2206 5
7fccec300000 47 7 2261 6
7fccec217000 55 7 2323 6
7fccec216000 77 4 2404 6
7fccec215000 36 3 2444 6
7fccec214000 53 2 2500 6
7fccec213000 82 4 2586 7
2587 7
0x4a3000
4a3000 34 18 53 2
4ce000 998 136 1188 2
7fccec29f000 65 37 1291 4
7fccec29e000 62 34 1387 4
7fccec29d000 95 21 1504 4
40f000 20 4 1528 5
4cd000 140 8 1677 5
7fccec217000 56 13 1748 5
7fccec216000 74 8 1830 5
7fccec215000 38 5 1873 6
7fccec205000 118 1 1993 6
7fccec214000 51 1 2046 6
7fccec213000 81 3 2131 6
7fccec212000 33 1 2165 6
7fccec20a000 44 2 2212 6
7fccec209000 42 2 2256 6
7fccec208000 61 1 2318 6
7fccec342000 96 4 2419 6
7fccec312000 89 3 2511 6
7fccec311000 104 3 2619 6
7fccec310000 68 8 2696 6
7fccec30e000 76 2 2774 6
7fccec265000 72 3 2850 6
7fccec272000 84 2 2937 6
7fccec271000 75 5 3018 6
7fccec2f6000 57 10 3085 6
7fccec2f1000 55 6 3146 7
3147 7
0x483000
483000 29 14 44 1
4ce000 998 157 1200 1
7fccec362000 67 19 1287 1
7fccec361000 77 22 1386 2
40f000 20 7 1414 3
436000 35 11 1460 4
4b2000 52 12 1525 4
7fccec207000 70 12 1608 4
7fccec343000 99 18 1726 4
7fccec342000 100 13 1840 4
7fccec205000 119 7 1967 4
7fccec312000 88 13 2068 4
7fccec311000 105 11 2184 4
7fccec310000 69 25 2278 4
7fccec30e000 72 8 2359 4
7fccec302000 87 40 2487 5
7fccec300000 47 7 2541 6
7fccec217000 56 7 2604 6
7fccec216000 77 4 2685 6
7fccec215000 36 3 2725 6
7fccec214000 52 2 2779 6
7fccec213000 82 3 2865 7
2869 7
0x436000
436000 35 17 52 2
4b2000 53 20 126 2
40f000 20 7 154 3
7fccec207000 69 19 242 4
7fccec343000 97 15 354 4
7fccec342000 97 14 466 4
7fccec205000 119 6 591 4
7fccec312000 89 13 693 4
7fccec311000 107 11 811 4
7fccec310000 69 27 907 4
7fccec30e000 74 8 989 4
7fccec302000 86 41 1116 5
7fccec300000 48 6 1170 6
7fccec217000 57 7 1234 6
7fccec216000 77 4 1315 6
7fccec215000 36 3 1355 6
7fccec214000 52 2 1409 6
7fccec213000 82 3 1494 7
1497 7
0x419000
419000 40 14 55 1
4ce000 1009 157 1222 1
4cd000 140 28 1390 1
40f000 20 8 1420 2
7fccec26d000 40 16 1476 3
7fccec26c000 84 14 1574 4
410000 38 6 1618 4
7fccec207000 68 14 1701 4
7fccec343000 98 15 1814 4
7fccec342000 98 13 1926 4
7fccec205000 119 6 2052 4
7fccec312000 89 12 2153 4
7fccec311000 106 11 2271 4
7fccec310000 72 25 2368 4
7fccec30e000 74 8 2451 4
7fccec302000 88 40 2579 5
7fccec300000 47 7 2633 6
7fccec217000 56 6 2695 6
7fccec216000 72 4 2772 6
7fccec215000 36 3 2812 6
7fccec214000 52 2 2866 6
7fccec213000 82 4 2953 7
2955 7
0x486000
486000 36 23 59 1
4ce000 1000 157 1217 1
7fccec207000 68 26 1311 3
7fccec343000 96 21 1428 4
7fccec342000 97 13 1538 4
7fccec205000 120 6 1665 4
7fccec312000 88 12 1765 4
7fccec311000 105 11 1882 4
7fccec310000 68 26 1976 4
7fccec30e000 73 9 2058 4
7fccec302000 85 41 2184 5
7fccec300000 47 6 2237 6
7fccec217000 56 7 2301 6
7fccec216000 72 4 2377 6
7fccec215000 36 2 2416 6
7fccec214000 51 2 2470 6
7fccec213000 81 4 2556 7
2557 7
0x4ad000
4ad000 42 17 59 0
4ce000 994 174 1228 0
7fccec207000 68 28 1325 3
7fccec343000 100 21 1447 4
7fccec342000 97 14 1558 4
7fccec205000 118 7 1683 4
7fccec312000 93 12 1788 4
7fccec311000 104 11 1904 4
7fccec310000 67 26 1998 4
7fccec30e000 76 8 2082 4
7fccec302000 85 41 2208 5
7fccec300000 47 7 2262 6
7fccec217000 57 7 2327 6
7fccec216000 73 4 2404 6
7fccec215000 36 3 2444 6
7fccec214000 52 2 2498 6
7fccec213000 81 4 2584 7
2586 7
0x4c1000
4c1000 44 20 64 2
4cd000 140 20 225 2
4ce000 993 136 1355 2
7fccec207000 68 21 1445 4
7fccec343000 95 16 1556 4
7fccec342000 96 14 1666 4
7fccec205000 122 7 1795 4
7fccec312000 87 13 1895 4
7fccec311000 105 10 2010 4
7fccec310000 68 25 2104 4
7fccec30e000 74 8 2186 4
7fccec302000 86 40 2312 5
7fccec300000 47 6 2366 6
7fccec217000 57 6 2429 6
7fccec216000 72 4 2506 6
7fccec215000 37 2 2545 6
7fccec214000 51 3 2600 6
7fccec213000 82 4 2686 7
2687 7
0x465000
465000 44 20 65 0
65 0
0x4c2000
4c2000 42 18 60 1
7fccec207000 69 25 155 3
7fccec343000 96 21 272 4
7fccec342000 98 14 384 4
7fccec205000 122 6 512 4
7fccec312000 89 12 613 4
7fccec311000 106 11 731 4
7fccec310000 69 25 825 4
7fccec30e000 75 10 910 4
7fccec302000 89 40 1039 5
7fccec300000 48 6 1093 6
7fccec217000 57 6 1156 6
7fccec216000 72 4 1233 6
7fccec215000 37 2 1273 6
7fccec214000 51 2 1327 6
7fccec213000 85 4 1417 7
1418 7
0x458000
458000 42 16 58 2
457000 52 16 126 3
4cd000 140 16 282 3
4ce000 1000 116 1399 3
7fccec207000 68 18 1485 4
7fccec343000 96 15 1597 4
7fccec342000 96 13 1707 4
7fccec205000 117 6 1831 4
7fccec312000 87 13 1932 4
7fccec311000 108 11 2051 4
7fccec310000 68 25 2145 4
7fccec30e000 73 9 2227 4
7fccec302000 86 40 2353 5
7fccec300000 47 6 2407 6
7fccec217000 56 7 2470 6
7fccec216000 74 4 2548 6
7fccec215000 36 3 2588 6
7fccec214000 52 2 2642 6
7fccec213000 81 4 2728 7
2730 7
0x43b000
43b000 40 17 58 2
4cd000 138 19 217 2
4ce000 996 137 1352 2
7fccec28d000 76 12 1441 2
40f000 20 6 1468 3
7fccec207000 69 16 1554 4
7fccec343000 95 15 1665 4
7fccec342000 100 16 1782 4
7fccec205000 120 7 1910 4
7fccec312000 89 12 2011 4
7fccec311000 105 11 2128 4
7fccec310000 68 26 2223 4
7fccec30e000 77 8 2308 4
7fccec302000 87 39 2435 5
7fccec300000 48 6 2490 6
7fccec217000 55 7 2553 6
7fccec216000 72 4 2629 6
7fccec215000 36 2 2668 6
7fccec214000 51 3 2723 6
7fccec213000 84 3 2810 7
2812 7
0x488000
488000 25 14 39 0
4cd000 140 27 207 0
4ce000 989 174 1372 0
42d000 36 15 1424 1
4b8000 49 16 1490 1
411000 41 16 1548 2
424000 39 14 1602 3
410000 37 9 1649 4
40f000 20 5 1676 5
7fccec207000 71 10 1757 5
7fccec343000 95 13 1866 5
7fccec342000 103 10 1979 5
7fccec205000 119 6 2105 5
7fccec312000 89 9 2203 5
7fccec311000 105 9 2318 5
7fccec310000 69 19 2406 5
7fccec30e000 74 6 2486 5
7fccec302000 89 31 2607 5
7fccec300000 48 6 2661 6
7fccec217000 56 6 2724 6
7fccec216000 72 4 2801 6
7fccec215000 37 2 2841 6
7fccec214000 52 2 2896 6
7fccec213000 87 3 2987 7
2993 7
0x30890000
0 0
0x4c9000
4c9000 42 20 62 1
4c8000 48 19 130 2
451000 44 16 191 4
4ce000 1010 98 1299 4
7fccec362000 67 10 1377 4
7fccec361000 77 12 1467 4
40f000 20 4 1492 5
4cd000 141 10 1644 5
7fccec294000 57 8 1710 5
7fccec293000 50 4 1764 5
7fccec292000 45 4 1814 5
456000 47 7 1869 5
7fccec207000 68 10 1948 5
7fccec343000 99 12 2060 5
7fccec342000 100 11 2171 5
7fccec205000 119 6 2296 5
7fccec312000 88 10 2394 5
7fccec311000 105 9 2508 5
7fccec310000 69 19 2596 5
7fccec30e000 74 7 2677 5
7fccec302000 87 30 2794 5
7fccec300000 48 6 2848 6
7fccec217000 57 6 2912 6
7fccec216000 73 4 2990 6
7fccec215000 37 3 3030 6
7fccec214000 52 2 3084 6
7fccec213000 85 3 3172 7
3178 7
0x4cc000
4cc000 21 11 32 1
32 1
0x489000
489000 45 18 63 2
4ce000 990 137 1191 2
4cd000 139 20 1351 2
7fccec2c6000 48 14 1414 2
7fccec2c5000 56 29 1500 5
7fccec327000 43 8 1552 5
7fccec326000 56 10 1618 5
7fccec281000 82 12 1712 5
7fccec342000 96 10 1819 5
7fccec280000 59 9 1888 5
7fccec27f000 79 10 1977 5
7fccec277000 144 12 2133 5
7fccec27e000 90 7 2231 5
7fccec27d000 65 11 2308 5
7fccec278000 60 12 2380 5
7fccec205000 117 6 2504 5
7fccec244000 55 6 2565 5
7fccec312000 87 10 2663 5
7fccec311000 104 9 2776 5
7fccec310000 67 19 2863 5
7fccec30e000 73 7 2943 5
7fccec325000 47 9 2999 5
7fccec324000 62 9 3070 6
7fccec323000 85 3 3158 6
7fccec322000 55 3 3217 7
3218 7
0x49b000
49b000 45 13 59 1
4ce000 994 157 1211 1
4cd000 139 24 1374 1
7fccec207000 67 25 1468 3
7fccec343000 95 21 1585 4
7fccec342000 96 14 1695 4
7fccec205000 118 7 1820 4
7fccec312000 87 12 1919 4
7fccec311000 105 11 2036 4
7fccec310000 67 26 2129 4
7fccec30e000 73 8 2210 4
7fccec302000 86 40 2337 5
7fccec300000 47 7 2391 6
7fccec217000 56 7 2454 6
7fccec216000 73 5 2532 6
7fccec215000 39 3 2574 6
7fccec214000 52 3 2629 6
7fccec213000 83 4 2716 7
2718 7
0x446000
446000 59 20 79 1
4ce000 994 156 1230 1
7fccec207000 67 26 1324 3
7fccec343000 96 20 1440 4
7fccec342000 96 13 1550 4
7fccec205000 117 7 1675 4
7fccec312000 87 13 1775 4
7fccec311000 105 11 1891 4
7fccec310000 68 25 1984 4
7fccec30e000 73 9 2066 4
7fccec302000 88 40 2195 5
7fccec300000 46 6 2248 6
7fccec217000 56 7 2312 6
7fccec216000 73 4 2390 6
7fccec215000 36 3 2430 6
7fccec214000 52 2 2484 6
7fccec213000 81 4 2570 7
2572 7
0x455000
455000 34 17 52 1
40f000 20 8 81 2
7fccec207000 69 22 172 3
7fccec343000 96 21 289 4
7fccec342000 97 14 400 4
7fccec205000 122 6 528 4
7fccec312000 88 12 629 4
7fccec311000 105 11 745 4
7fccec310000 68 25 838 4
7fccec30e000 72 8 919 4
7fccec302000 85 40 1045 5
7fccec300000 47 6 1098 6
7fccec217000 55 7 1161 6
7fccec216000 72 4 1237 6
7fccec215000 36 3 1277 6
7fccec214000 52 2 1331 6
7fccec213000 81 4 1417 7
1418 7
0x1c789000
0 0
0x435000
435000 43 20 64 1
64 1
0x49e000
49e000 43 19 63 1
7fccec207000 68 26 158 3
7fccec343000 97 20 276 4
7fccec342000 97 14 388 4
7fccec205000 119 6 513 4
7fccec312000 89 12 615 4
7fccec311000 104 11 731 4
7fccec310000 69 25 826 4
7fccec30e000 74 9 909 4
7fccec302000 86 40 1035 5
7fccec300000 49 6 1091 6
7fccec217000 56 7 1155 6
7fccec216000 72 4 1232 6
7fccec215000 37 2 1272 6
7fccec214000 53 2 1328 6
7fccec213000 83 3 1415 7
1417 7
0x441000
441000 42 17 59 2
7fccec29e000 65 54 179 3
7fccec29d000 96 27 303 3
40f000 20 5 328 4
7fccec207000 69 13 411 4
7fccec343000 96 16 524 4
7fccec342000 98 14 636 4
7fccec205000 122 6 764 4
7fccec312000 88 13 866 4
7fccec311000 105 11 982 4
7fccec310000 68 25 1076 4
7fccec30e000 73 8 1158 4
7fccec302000 86 40 1285 5
7fccec300000 48 7 1340 6
7fccec217000 58 7 1406 6
7fccec216000 72 4 1482 6
7fccec215000 36 3 1522 6
7fccec214000 52 2 1576 6
7fccec213000 81 4 1662 7
1663 7
0x48b000
48b000 50 15 66 2
7fccec207000 69 23 159 3
7fccec343000 98 21 279 4
7fccec342000 97 13 390 4
7fccec205000 119 6 516 4
7fccec312000 88 12 617 4
7fccec311000 104 11 733 4
7fccec310000 67 25 826 4
7fccec30e000 72 8 907 4
7fccec302000 85 41 1034 5
7fccec300000 48 7 1089 6
7fccec217000 56 6 1151 6
7fccec216000 72 4 1228 6
7fccec215000 36 3 1267 6
7fccec214000 52 2 1321 6
7fccec213000 82 4 1408 7
1409 7
0x48c000
48c000 70 22 92 0
4ce000 998 174 1264 0
458000 40 16 1321 2
457000 51 16 1389 3
4cd000 140 16 1545 3
7fccec207000 72 17 1677 4
7fccec343000 97 15 1790 4
7fccec342000 101 14 1906 4
7fccec205000 120 6 2033 4
7fccec312000 89 12 2134 4
7fccec311000 105 11 2251 4
7fccec310000 68 26 2346 4
7fccec30e000 74 8 2428 4
7fccec302000 87 40 2555 5
7fccec300000 48 6 2609 6
7fccec217000 55 7 2672 6
7fccec216000 73 4 2750 6
7fccec215000 37 3 2790 6
7fccec214000 52 2 2844 6
7fccec213000 82 4 2931 7
2935 7
0x42e000
42e000 40 19 60 2
4ce000 989 136 1186 2
4cd000 141 20 1348 2
7fccec207000 67 21 1438 4
7fccec343000 99 15 1552 4
7fccec342000 98 13 1663 4
7fccec205000 117 7 1788 4
7fccec312000 92 12 1892 4
7fccec311000 108 11 2012 4
7fccec310000 68 25 2106 4
7fccec30e000 73 9 2188 4
7fccec302000 87 42 2317 5
7fccec300000 47 7 2371 6
7fccec217000 56 7 2434 6
7fccec216000 73 4 2511 6
7fccec215000 37 2 2550 6
7fccec214000 51 3 2605 6
7fccec213000 84 4 2693 7
2694 7
0x44e000
44e000 42 17 59 1
4ce000 999 156 1215 1
4cd000 145 24 1385 1
7fccec28d000 75 15 1477 1
40f000 19 8 1505 2
41c000 39 12 1557 2
7fccec207000 71 25 1653 3
7fccec343000 97 20 1770 4
7fccec342000 96 13 1880 4
7fccec205000 120 6 2007 4
7fccec312000 88 13 2108 4
7fccec311000 112 11 2231 4
7fccec310000 70 25 2326 4
7fccec30e000 74 9 2410 4
7fccec302000 87 41 2538 5
7fccec300000 48 6 2592 6
7fccec217000 57 7 2656 6
7fccec216000 74 4 2734 6
7fccec215000 37 2 2773 6
7fccec214000 51 3 2828 6
7fccec213000 83 4 2916 7
2918 7
0x42f000
42f000 52 16 68 1
68 1
0x490000
490000 43 16 59 1
59 1
