0x403000
0 0
0x4db000
4db000 433 72 506 3
506 3
0x402000
402000 34 16 51 2
51 2
0x48b000
48b000 59 23 82 3
4db000 425 44 553 3
413000 55 16 625 5
412000 41 3 670 5
411000 40 3 715 5
410000 47 5 769 5
490000 69 7 845 5
402000 35 3 885 5
48f000 48 4 938 5
49b000 60 5 1003 5
432000 41 6 1051 5
431000 30 3 1085 5
4d4000 56 6 1147 5
470000 41 4 1193 5
477000 45 4 1243 5
476000 37 2 1283 5
475000 33 3 1321 5
474000 66 5 1393 6
447000 49 1 1445 6
45b000 41 2 1490 6
492000 51 2 1544 6
491000 68 3 1616 6
4a1000 62 2 1682 6
45c000 59 2 1744 7
1760 7
0x413000
413000 55 27 83 3
412000 41 8 133 3
411000 40 8 182 3
4db000 429 43 656 5
410000 47 5 709 5
490000 68 8 786 5
402000 35 4 826 5
48f000 49 3 878 5
49b000 60 5 943 5
432000 41 6 991 5
431000 30 2 1024 5
4d4000 56 6 1087 5
470000 42 3 1133 5
477000 45 4 1183 5
476000 37 3 1224 5
475000 33 3 1261 5
474000 67 5 1334 6
447000 49 2 1386 6
45b000 41 1 1430 6
492000 51 1 1484 6
491000 67 3 1556 6
4a1000 62 3 1622 6
45c000 58 2 1683 7
1698 7
0x412000
412000 41 14 55 0
411000 40 15 111 1
4db000 425 63 601 3
410000 47 12 661 3
490000 68 18 747 4
402000 35 7 790 4
48f000 49 6 845 4
49b000 59 9 914 4
432000 40 10 966 5
431000 29 3 1000 5
4d4000 56 6 1062 5
470000 41 3 1108 5
477000 45 4 1158 5
476000 37 3 1199 5
475000 33 3 1236 5
474000 66 6 1309 6
447000 49 2 1361 6
45b000 41 2 1405 6
492000 51 2 1459 6
491000 68 2 1530 6
4a1000 61 3 1596 6
45c000 58 2 1657 7
1671 7
0x411000
411000 40 15 55 1
4db000 425 63 544 3
410000 47 12 604 3
490000 68 18 690 4
402000 35 7 733 4
48f000 49 6 788 4
49b000 59 9 857 4
432000 41 10 909 5
431000 30 3 943 5
4d4000 56 6 1005 5
470000 41 3 1051 5
477000 45 4 1101 5
476000 37 3 1142 5
475000 33 3 1179 5
474000 66 6 1252 6
447000 49 2 1304 6
45b000 41 2 1348 6
492000 51 2 1402 6
491000 68 2 1474 6
4a1000 62 3 1540 6
45c000 58 2 1601 7
1614 7
0x410000
410000 47 19 67 2
67 2
0x490000
490000 68 29 97 4
402000 35 7 140 4
48f000 48 7 196 4
49b000 60 9 265 4
432000 41 10 317 5
4db000 427 23 768 5
431000 30 3 801 5
4d4000 55 6 863 5
470000 41 3 909 5
477000 45 4 959 5
476000 37 3 1000 5
475000 33 3 1037 5
474000 67 6 1111 6
447000 49 1 1162 6
45b000 41 2 1206 6
410000 47 2 1256 6
492000 52 1 1309 6
491000 68 3 1381 6
4a1000 62 2 1446 6
45c000 58 2 1507 7
1519 7
0x48f000
48f000 48 15 63 1
63 1
0x49b000
49b000 59 19 79 2
432000 41 17 138 3
4db000 426 42 606 4
431000 30 4 641 4
402000 34 6 682 4
4d4000 55 10 748 5
470000 41 4 794 5
477000 45 4 843 5
476000 37 2 883 5
475000 33 3 920 5
474000 66 6 993 6
447000 49 1 1044 6
45b000 41 2 1088 6
410000 47 2 1138 6
492000 51 1 1191 6
491000 68 3 1263 6
4a1000 61 3 1328 6
45c000 58 2 1389 7
1400 7
0x432000
432000 41 21 62 2
4db000 428 51 542 4
431000 29 5 577 4
402000 35 6 618 4
4d4000 56 9 684 5
470000 41 4 730 5
477000 46 3 779 5
476000 38 2 820 5
475000 33 3 857 5
474000 67 5 930 6
447000 50 2 983 6
45b000 41 2 1027 6
410000 47 2 1077 6
492000 51 2 1131 6
491000 68 3 1203 6
4a1000 62 3 1269 6
45c000 58 2 1330 7
1340 7
0x431000
431000 30 13 43 1
43 1
0x4d4000
4d4000 57 23 80 3
470000 42 10 133 3
477000 45 11 189 3
4db000 427 45 662 4
476000 38 5 705 5
475000 33 3 742 5
474000 67 5 815 6
447000 50 1 867 6
45b000 42 1 911 6
410000 48 2 962 6
492000 52 1 1015 6
432000 41 3 1060 6
431000 30 1 1091 6
402000 35 2 1128 6
46a000 44 1 1173 6
4a9000 78 2 1254 6
416000 66 3 1324 6
413000 55 4 1384 6
412000 40 1 1426 6
411000 40 2 1469 6
490000 68 4 1542 6
48f000 48 1 1592 6
49b000 59 2 1654 6
464000 58 2 1715 6
451000 53 2 1771 6
450000 48 1 1821 6
4b0000 74 3 1899 6
4cb000 55 3 1958 6
4af000 36 2 1996 6
4cc000 69 4 2069 6
454000 62 2 2134 6
43a000 50 3 2188 6
439000 48 2 2239 6
438000 46 2 2288 6
45e000 48 2 2339 6
437000 39 1 2379 6
498000 52 2 2434 6
456000 37 1 2473 7
2495 7
0x470000
470000 42 16 58 3
58 3
0x477000
477000 45 17 62 1
4db000 428 63 553 3
476000 37 7 598 4
475000 33 5 637 4
474000 67 8 713 5
447000 49 5 768 5
45b000 41 4 814 5
410000 47 5 867 5
492000 51 4 923 5
432000 41 6 971 5
431000 29 3 1004 5
402000 35 4 1043 5
4d4000 57 6 1106 6
470000 41 1 1149 6
413000 55 3 1208 6
412000 41 1 1251 6
411000 40 1 1293 6
490000 69 3 1366 6
48f000 49 1 1417 6
49b000 60 2 1479 6
464000 57 3 1540 6
451000 52 3 1596 6
450000 48 1 1646 6
46a000 43 2 1692 6
4b0000 74 3 1769 6
4cb000 55 3 1828 6
4af000 36 1 1866 6
4cc000 68 5 1940 6
454000 61 3 2005 6
43a000 49 3 2058 6
416000 66 3 2128 6
415000 61 3 2193 7
2211 7
0x476000
476000 37 12 50 2
475000 33 9 93 2
474000 66 15 175 4
447000 50 7 233 4
45b000 41 7 282 4
410000 47 8 338 4
492000 51 7 397 4
432000 41 9 448 4
4db000 429 33 911 5
431000 29 3 944 5
402000 34 4 983 5
4d4000 56 6 1046 6
470000 41 2 1090 6
477000 45 2 1137 6
4cc000 68 4 1210 6
454000 62 2 1275 6
43a000 50 3 1329 6
416000 65 4 1399 6
413000 55 3 1458 6
412000 41 1 1501 6
411000 40 2 1544 6
490000 68 4 1617 6
48f000 48 1 1667 6
49b000 59 2 1729 6
464000 57 3 1790 6
451000 52 3 1846 6
450000 48 1 1896 6
46a000 43 2 1942 6
4b0000 74 3 2019 6
4cb000 55 4 2079 6
4af000 36 1 2116 6
498000 52 2 2171 6
456000 37 1 2210 7
2230 7
0x475000
475000 33 13 46 1
474000 66 20 133 3
447000 49 11 194 4
45b000 41 7 243 4
410000 47 8 299 4
492000 52 7 358 4
432000 41 9 409 4
4db000 427 32 868 5
431000 29 3 901 5
402000 35 4 940 5
4d4000 56 6 1002 6
470000 41 1 1045 6
477000 45 1 1092 6
476000 37 1 1131 6
454000 61 3 1196 6
43a000 49 3 1249 6
416000 65 3 1318 6
413000 55 3 1377 6
412000 41 1 1420 6
411000 39 2 1462 6
490000 68 3 1534 6
48f000 48 2 1585 6
49b000 59 2 1646 6
464000 57 3 1707 6
451000 52 3 1763 6
450000 47 1 1812 6
46a000 43 2 1858 6
4b0000 73 3 1934 6
4cb000 55 3 1993 6
4af000 36 2 2031 6
4cc000 67 4 2103 6
4a8000 49 2 2156 6
453000 42 1 2200 6
452000 52 2 2255 6
455000 82 3 2341 6
4c3000 54 3 2399 6
4c2000 25 1 2426 6
47e000 38 1 2466 6
4be000 50 2 2519 6
4a9000 77 3 2600 6
47b000 83 4 2688 6
4a4000 61 3 2753 6
499000 62 2 2818 6
7f64eb373000 65 7 2891 6
7f64eb372000 62 11 2964 6
7f64eb371000 97 6 3068 6
42b000 82 5 3156 6
42a000 50 2 3209 6
7f64eb368000 57 2 3269 6
7f64eb367000 49 1 3320 6
7f64eb366000 45 1 3367 6
4c6000 77 3 3448 6
41b000 55 2 3505 6
4a0000 48 2 3555 6
49f000 62 2 3620 6
7f64eb339000 73 3 3696 6
7f64eb346000 85 3 3784 6
7f64eb345000 77 4 3865 6
7f64eb3ca000 56 9 3931 6
7f64eb3c5000 54 6 3991 7
4021 7
0x474000
474000 66 22 88 3
447000 49 11 149 4
45b000 41 7 198 4
410000 48 8 255 4
492000 51 8 314 4
432000 40 9 364 4
4db000 429 33 827 5
431000 29 3 860 5
402000 34 4 899 5
4d4000 56 6 962 6
470000 41 2 1006 6
477000 46 1 1053 6
476000 37 1 1092 6
475000 33 1 1127 6
7f64eb373000 65 7 1201 6
7f64eb372000 63 11 1275 6
7f64eb371000 98 6 1379 6
45f000 60 3 1443 7
1451 7
0x447000
447000 49 18 67 2
45b000 41 12 121 2
410000 48 13 183 3
492000 51 9 244 3
432000 41 12 298 3
4db000 425 42 766 4
431000 29 5 801 4
402000 35 6 842 4
4d4000 56 9 907 5
470000 41 4 953 5
477000 45 4 1002 5
476000 37 3 1043 5
475000 33 3 1080 5
474000 66 5 1152 6
473000 30 2 1185 6
472000 60 2 1248 6
471000 35 1 1285 6
48a000 65 2 1353 7
1364 7
0x45b000
45b000 41 17 58 1
410000 47 18 124 2
492000 51 14 189 2
432000 41 16 246 3
4db000 425 42 714 4
431000 29 5 749 4
402000 35 6 790 4
4d4000 56 9 855 5
470000 41 4 901 5
477000 45 4 950 5
476000 37 3 991 5
475000 33 3 1027 5
474000 66 6 1100 6
447000 49 1 1151 6
416000 66 3 1221 6
413000 55 3 1280 6
412000 41 1 1323 6
411000 39 2 1365 6
490000 68 4 1438 6
48f000 48 1 1488 6
49b000 60 2 1550 6
464000 57 2 1610 6
451000 52 3 1666 6
450000 47 1 1715 6
46a000 43 2 1761 6
4b0000 74 3 1838 6
4cb000 55 3 1897 6
4af000 36 1 1934 6
4cc000 68 4 2007 6
454000 62 2 2072 6
43a000 49 3 2125 6
439000 49 1 2176 6
438000 46 2 2225 6
45e000 48 2 2276 6
437000 39 1 2316 6
498000 52 1 2370 6
456000 37 1 2409 7
2430 7
0x492000
492000 51 17 68 1
432000 41 19 129 2
4db000 426 52 608 4
431000 30 4 642 4
402000 34 6 683 4
4d4000 56 10 749 5
470000 41 3 794 5
477000 45 3 843 5
476000 37 3 884 5
475000 33 3 921 5
474000 66 5 993 6
447000 50 1 1045 6
45b000 41 2 1089 6
410000 47 2 1139 6
4be000 50 2 1192 6
49a000 47 2 1241 6
4c3000 54 3 1298 6
4c2000 25 1 1325 6
47e000 38 1 1365 6
4a9000 78 2 1446 6
416000 66 3 1516 6
413000 54 4 1575 6
412000 41 1 1617 6
411000 40 1 1659 6
490000 68 4 1732 6
48f000 49 1 1782 6
49b000 60 2 1844 6
464000 57 2 1904 6
451000 52 3 1960 6
450000 47 1 2009 6
46a000 43 2 2055 6
4b0000 74 3 2132 6
4cb000 55 3 2191 6
4af000 36 1 2228 6
4cc000 68 4 2301 6
454000 61 3 2366 6
43a000 49 3 2419 6
439000 48 2 2470 6
438000 46 2 2519 6
45e000 47 2 2569 6
437000 38 1 2609 6
498000 52 2 2664 6
456000 36 2 2703 7
2727 7
0x491000
491000 68 23 91 4
4a1000 61 10 163 4
45c000 59 9 232 5
490000 68 10 311 5
402000 35 6 353 5
48f000 48 6 407 5
49b000 60 7 474 5
432000 41 8 524 6
4db000 424 16 965 6
431000 30 2 997 6
4d4000 56 4 1057 6
470000 42 2 1101 6
477000 45 3 1149 6
476000 37 1 1188 6
475000 33 2 1224 6
474000 66 3 1294 7
1303 7
0x4a1000
4a1000 61 23 85 2
45c000 59 15 159 3
490000 68 19 247 5
402000 34 6 288 5
48f000 48 5 342 5
49b000 59 7 409 5
432000 41 8 459 6
4db000 425 16 900 6
431000 30 2 932 6
4d4000 56 3 991 6
470000 41 3 1036 6
477000 45 2 1083 6
476000 37 2 1123 6
475000 33 2 1159 6
474000 66 3 1229 7
1237 7
0x45c000
45c000 58 20 79 3
490000 68 18 166 5
402000 35 6 208 5
48f000 48 6 262 5
49b000 59 7 328 5
432000 41 8 378 6
4db000 426 15 820 6
431000 29 2 852 6
4d4000 56 4 912 6
470000 41 2 956 6
477000 45 2 1004 6
476000 37 2 1044 6
475000 32 2 1079 6
474000 66 4 1150 7
1157 7
0x451000
451000 53 24 77 4
450000 48 5 130 4
46a000 44 6 180 5
4b0000 74 6 260 5
4cb000 55 7 323 5
4af000 35 4 362 5
4cc000 68 9 440 5
454000 61 6 508 5
43a000 50 6 564 5
4db000 423 23 1011 5
416000 65 7 1084 5
413000 55 7 1147 5
412000 40 3 1191 5
411000 40 3 1235 5
410000 47 5 1288 5
490000 68 8 1364 5
402000 34 4 1403 5
48f000 48 3 1455 5
49b000 60 4 1520 5
432000 41 6 1568 5
431000 30 3 1601 5
4d4000 57 6 1664 5
470000 41 4 1710 5
477000 45 4 1759 5
476000 38 2 1800 5
475000 33 3 1837 5
474000 67 5 1910 6
447000 50 2 1963 6
45b000 41 1 2006 6
492000 51 2 2061 6
491000 68 3 2133 6
4a1000 62 2 2198 6
45c000 59 2 2260 7
2280 7
0x450000
450000 47 13 61 2
46a000 44 12 118 3
4b0000 74 15 208 3
4cb000 55 16 280 3
4af000 35 11 327 3
4cc000 68 21 417 5
454000 61 6 485 5
43a000 50 5 541 5
4db000 429 23 994 5
416000 66 7 1068 5
413000 55 7 1131 5
412000 41 3 1176 5
411000 40 3 1220 5
410000 48 4 1273 5
490000 68 8 1350 5
402000 35 3 1389 5
48f000 48 4 1442 5
49b000 60 5 1507 5
432000 41 5 1554 5
431000 30 2 1587 5
4d4000 56 6 1650 5
470000 41 4 1696 5
477000 46 4 1746 5
476000 38 2 1786 5
475000 33 3 1823 5
474000 67 5 1896 6
447000 50 2 1949 6
45b000 41 2 1993 6
492000 51 2 2047 6
491000 69 2 2119 6
4a1000 62 3 2185 6
45c000 59 2 2247 7
2266 7
0x46a000
46a000 43 16 60 2
60 2
0x4b0000
4b0000 74 25 99 2
4cb000 55 20 175 3
4af000 36 11 222 3
4cc000 68 21 312 5
454000 61 6 380 5
43a000 49 6 436 5
4db000 429 24 890 5
416000 66 7 963 5
413000 55 7 1026 5
412000 41 3 1071 5
411000 40 4 1116 5
410000 47 5 1169 5
490000 68 8 1246 5
402000 35 3 1285 5
48f000 48 4 1338 5
49b000 60 4 1402 5
432000 41 6 1450 5
431000 29 3 1483 5
4d4000 56 6 1546 5
470000 41 4 1592 5
477000 45 4 1641 5
476000 38 2 1682 5
475000 33 3 1719 5
474000 67 5 1792 6
447000 50 2 1845 6
45b000 41 1 1888 6
492000 52 2 1943 6
491000 68 2 2014 6
4a1000 62 3 2080 6
45c000 58 2 2141 7
2161 7
0x4cb000
4cb000 55 25 80 3
80 3
0x4af000
4af000 35 17 52 2
4cc000 68 25 146 5
454000 61 6 214 5
43a000 49 6 270 5
4db000 423 24 718 5
416000 66 6 790 5
413000 54 7 853 5
412000 41 3 898 5
411000 39 4 942 5
410000 47 5 995 5
490000 68 8 1071 5
402000 34 4 1110 5
48f000 48 4 1162 5
49b000 59 5 1226 5
432000 41 5 1273 5
431000 29 3 1306 5
4d4000 55 6 1368 5
470000 41 4 1414 5
477000 45 4 1463 5
476000 37 3 1504 5
475000 32 3 1540 5
474000 67 5 1613 6
447000 49 2 1665 6
45b000 41 2 1709 6
492000 51 1 1762 6
491000 68 3 1834 6
4a1000 61 3 1899 6
45c000 58 2 1960 7
1978 7
0x4cc000
4cc000 68 34 102 5
454000 61 6 170 5
43a000 50 6 226 5
4db000 424 23 674 5
416000 65 7 747 5
413000 55 7 810 5
412000 40 3 854 5
411000 40 4 899 5
410000 47 5 952 5
490000 68 7 1027 5
402000 35 4 1067 5
48f000 48 3 1118 5
49b000 59 5 1183 5
432000 41 5 1230 5
431000 29 3 1263 5
4d4000 55 6 1325 5
470000 41 4 1371 5
477000 44 4 1420 5
476000 37 3 1461 5
475000 33 3 1498 5
474000 66 6 1571 6
447000 49 2 1623 6
45b000 41 2 1667 6
492000 52 1 1721 6
491000 69 2 1793 6
4a1000 62 3 1859 6
45c000 58 3 1921 7
1938 7
0x454000
454000 61 22 84 4
43a000 50 11 146 5
4db000 428 23 598 5
416000 66 7 672 5
413000 55 7 735 5
412000 41 3 780 5
411000 40 4 825 5
410000 47 5 878 5
490000 69 8 955 5
402000 34 4 994 5
48f000 48 3 1046 5
49b000 60 5 1112 5
432000 41 5 1159 5
431000 30 2 1192 5
4d4000 56 6 1255 5
470000 41 4 1301 5
477000 45 4 1351 5
476000 37 3 1392 5
475000 34 3 1429 5
474000 66 6 1502 6
447000 50 1 1554 6
45b000 42 1 1598 6
492000 52 1 1652 6
491000 69 2 1724 6
4a1000 63 2 1790 6
45c000 59 2 1852 7
1869 7
0x43a000
43a000 50 23 74 3
4db000 429 42 545 4
416000 66 10 622 5
413000 55 8 686 5
412000 41 3 730 5
411000 40 4 775 5
410000 47 5 828 5
490000 68 8 905 5
402000 35 4 944 5
48f000 49 3 996 5
49b000 60 4 1061 5
432000 41 6 1109 5
431000 30 3 1142 5
4d4000 57 6 1205 5
470000 41 4 1251 5
477000 45 4 1300 5
476000 37 3 1341 5
475000 33 3 1378 5
474000 67 5 1451 6
447000 50 2 1504 6
45b000 41 1 1547 6
492000 52 2 1602 6
491000 68 3 1674 6
4a1000 62 2 1739 6
45c000 59 2 1801 7
1817 7
0x416000
416000 66 27 93 3
413000 55 17 166 4
412000 41 5 213 4
411000 40 6 260 4
4db000 435 33 729 5
410000 47 5 782 5
490000 69 7 859 5
402000 35 4 899 5
48f000 49 3 951 5
49b000 59 5 1016 5
432000 41 6 1064 5
431000 30 3 1097 5
4d4000 57 6 1160 5
470000 41 4 1206 5
477000 45 4 1255 5
476000 38 2 1296 5
475000 33 3 1333 5
474000 67 6 1407 6
447000 49 2 1459 6
45b000 41 2 1503 6
492000 51 2 1557 6
491000 68 3 1629 6
4a1000 62 3 1695 6
45c000 58 3 1757 7
1771 7
0x415000
415000 61 25 86 4
86 4
0x419000
419000 57 17 75 1
472000 60 17 153 3
471000 35 7 196 3
48a000 65 13 275 4
402000 35 9 320 4
4db000 430 37 787 5
407000 60 7 854 5
4c4000 75 8 938 6
490000 69 4 1012 6
48f000 49 2 1064 6
49b000 59 3 1127 6
432000 41 4 1173 6
431000 30 2 1205 6
4d4000 57 3 1265 6
470000 42 2 1310 6
477000 46 2 1358 6
476000 38 1 1398 6
475000 33 3 1435 6
474000 67 3 1505 7
1517 7
0x472000
472000 61 18 79 3
471000 35 8 123 3
48a000 66 13 202 4
402000 35 9 247 4
4db000 432 37 716 5
407000 60 7 783 5
4c4000 75 8 867 6
490000 69 4 941 6
48f000 48 2 993 6
49b000 60 3 1056 6
432000 41 3 1101 6
431000 30 2 1134 6
4d4000 57 3 1194 6
470000 42 2 1239 6
477000 46 2 1287 6
476000 37 2 1327 6
475000 33 2 1363 6
474000 67 3 1434 7
1445 7
0x471000
471000 36 11 47 1
48a000 65 20 133 4
402000 34 9 177 4
4db000 431 37 646 5
407000 59 8 714 5
4c4000 75 8 797 6
490000 69 4 871 6
48f000 49 2 923 6
49b000 60 3 986 6
432000 41 3 1031 6
431000 30 2 1064 6
4d4000 56 4 1124 6
470000 41 3 1169 6
477000 45 3 1217 6
476000 37 2 1257 6
475000 33 2 1293 6
474000 67 3 1364 7
1374 7
0x48a000
48a000 66 21 87 4
402000 35 9 132 4
4db000 428 37 597 5
407000 59 8 665 5
4c4000 74 9 749 6
490000 68 5 823 6
48f000 48 2 874 6
49b000 59 3 937 6
432000 41 4 983 6
431000 29 2 1015 6
4d4000 56 4 1076 6
470000 41 2 1120 6
477000 45 2 1168 6
476000 38 1 1208 6
475000 33 2 1244 6
474000 67 3 1315 7
1324 7
0x407000
407000 59 20 80 1
4c4000 74 21 176 3
490000 69 16 262 5
402000 35 3 301 5
48f000 48 4 354 5
49b000 59 5 418 5
432000 41 5 465 5
4db000 426 23 915 5
431000 30 3 948 5
4d4000 56 6 1010 5
470000 41 3 1055 5
477000 45 4 1105 5
476000 37 3 1145 5
475000 33 3 1182 5
474000 66 5 1254 6
447000 49 2 1306 6
45b000 41 2 1350 6
410000 47 2 1400 6
492000 51 2 1453 6
491000 68 2 1524 6
4a1000 62 2 1589 6
45c000 58 2 1650 7
1663 7
0x4c4000
4c4000 74 23 98 3
490000 68 16 183 5
402000 34 4 222 5
48f000 48 4 274 5
49b000 59 5 338 5
432000 41 5 385 5
4db000 425 23 834 5
431000 30 2 866 5
4d4000 56 6 929 5
470000 41 3 974 5
477000 45 3 1023 5
476000 37 3 1064 5
475000 32 4 1101 5
474000 67 5 1173 6
447000 49 2 1225 6
45b000 41 1 1268 6
410000 48 2 1319 6
492000 51 2 1372 6
491000 67 3 1443 6
4a1000 62 2 1508 6
45c000 59 2 1570 7
1582 7
0x47c000
47c000 50 24 74 3
402000 34 10 119 4
4db000 426 34 579 4
427000 42 8 630 4
426000 42 7 680 4
4a8000 49 8 738 5
453000 42 4 785 5
452000 52 4 842 5
455000 82 7 932 5
4c3000 54 7 994 5
4c2000 25 2 1022 5
47e000 38 3 1064 5
492000 51 5 1121 5
432000 40 6 1168 5
431000 30 3 1201 5
4d4000 56 6 1263 5
470000 41 3 1308 5
477000 45 4 1358 5
476000 38 2 1398 5
475000 33 3 1435 5
474000 66 5 1507 6
447000 50 1 1559 6
45b000 41 2 1603 6
410000 47 2 1653 6
4be000 50 3 1706 6
49a000 46 2 1754 6
491000 67 3 1825 6
4a1000 62 2 1890 6
45c000 58 2 1951 7
1970 7
0x427000
427000 42 17 59 3
426000 42 9 111 3
4a8000 50 10 172 4
453000 42 7 222 4
4db000 426 33 682 5
452000 52 4 738 5
402000 35 4 777 5
455000 82 7 866 5
4c3000 54 7 928 5
4c2000 25 3 957 5
47e000 38 4 999 5
492000 51 4 1055 5
432000 40 6 1102 5
431000 29 3 1135 5
4d4000 56 6 1197 5
470000 42 3 1243 5
477000 45 4 1293 5
476000 37 3 1334 5
475000 33 3 1371 5
474000 67 5 1444 6
447000 49 2 1496 6
45b000 41 2 1540 6
410000 48 2 1591 6
4be000 51 2 1644 6
49a000 47 2 1693 6
491000 68 3 1764 6
4a1000 62 3 1830 6
45c000 58 2 1891 7
1909 7
0x426000
426000 43 14 57 2
4a8000 50 13 121 4
453000 42 8 172 4
4db000 429 33 634 5
452000 52 3 690 5
402000 35 4 730 5
455000 82 7 819 5
4c3000 54 6 881 5
4c2000 26 2 910 5
47e000 38 3 952 5
492000 51 4 1008 5
432000 41 5 1055 5
431000 30 2 1088 5
4d4000 55 6 1150 5
470000 41 4 1196 5
477000 45 4 1245 5
476000 38 2 1286 5
475000 33 3 1323 5
474000 67 5 1396 6
447000 50 1 1448 6
45b000 42 1 1492 6
410000 48 2 1543 6
4be000 51 2 1596 6
49a000 47 2 1645 6
491000 68 3 1716 6
4a1000 62 3 1782 6
45c000 58 2 1843 7
1860 7
0x4a8000
4a8000 51 17 68 4
453000 42 7 118 4
4db000 429 33 581 5
452000 53 3 637 5
402000 35 4 677 5
455000 83 7 767 5
4c3000 54 7 829 5
4c2000 25 3 858 5
47e000 38 3 900 5
492000 52 4 957 5
432000 41 5 1004 5
431000 30 2 1037 5
4d4000 56 6 1100 5
470000 41 4 1146 5
477000 46 3 1195 5
476000 38 2 1236 5
475000 33 3 1273 5
474000 67 5 1346 6
447000 50 2 1399 6
45b000 41 1 1442 6
410000 47 2 1493 6
4be000 50 3 1547 6
49a000 47 1 1595 6
491000 68 3 1667 6
4a1000 62 3 1733 6
45c000 58 2 1794 7
1810 7
0x453000
453000 43 17 60 2
4db000 428 54 543 3
452000 52 9 605 3
402000 35 10 651 3
455000 83 17 751 3
4c3000 54 16 822 4
4c2000 26 5 853 4
47e000 38 7 899 4
492000 51 8 959 4
432000 41 10 1011 5
431000 30 3 1045 5
4d4000 56 6 1107 5
470000 42 3 1153 5
477000 45 4 1203 5
476000 37 3 1244 5
475000 33 3 1281 5
474000 66 6 1354 6
447000 49 2 1406 6
45b000 41 2 1450 6
410000 47 3 1501 6
4be000 50 3 1554 6
49a000 47 1 1602 6
491000 68 3 1674 6
4a1000 62 3 1740 6
45c000 58 2 1801 7
1816 7
0x452000
452000 52 16 69 2
402000 34 13 117 2
455000 83 21 221 2
4db000 429 54 705 3
4c3000 54 16 776 4
4c2000 25 6 808 4
47e000 38 6 853 4
492000 52 8 914 4
432000 41 10 966 5
431000 29 3 999 5
4d4000 56 6 1062 5
470000 41 4 1108 5
477000 46 4 1158 5
476000 38 2 1198 5
475000 33 3 1235 5
474000 67 6 1309 6
447000 49 2 1361 6
45b000 41 2 1405 6
410000 48 2 1456 6
4be000 51 2 1509 6
49a000 47 2 1558 6
491000 69 2 1629 6
4a1000 63 2 1695 6
45c000 59 2 1757 7
1771 7
0x455000
455000 83 28 112 2
4db000 429 54 596 3
4c3000 54 16 667 4
4c2000 25 6 699 4
47e000 38 7 745 4
492000 51 8 805 4
432000 41 10 857 5
431000 30 3 891 5
402000 35 3 929 5
4d4000 56 6 992 5
470000 41 4 1038 5
477000 46 4 1088 5
476000 37 3 1129 5
475000 34 3 1166 5
474000 67 5 1239 6
447000 50 2 1292 6
45b000 41 2 1336 6
410000 47 2 1386 6
4be000 50 3 1440 6
49a000 47 2 1489 6
491000 68 3 1560 6
4a1000 62 3 1626 6
45c000 58 3 1688 7
1701 7
0x4c3000
4c3000 55 26 81 4
4c2000 25 6 113 4
47e000 39 6 158 4
492000 52 8 219 4
432000 41 10 271 5
4db000 430 24 726 5
431000 30 2 758 5
402000 35 4 798 5
4d4000 56 6 860 5
470000 42 3 906 5
477000 45 4 956 5
476000 37 3 997 5
475000 33 3 1034 5
474000 66 6 1107 6
447000 49 2 1159 6
45b000 41 2 1203 6
410000 47 2 1253 6
4be000 50 3 1307 6
49a000 47 2 1356 6
491000 68 3 1427 6
4a1000 63 2 1493 6
45c000 59 2 1555 7
1568 7
0x4c2000
4c2000 25 12 38 0
47e000 38 14 91 1
492000 51 16 159 1
432000 41 20 221 2
4db000 426 51 699 4
431000 29 5 734 4
402000 35 6 775 4
4d4000 56 9 840 5
470000 41 4 886 5
477000 45 4 935 5
476000 37 2 975 5
475000 33 3 1012 5
474000 66 6 1085 6
447000 49 2 1137 6
45b000 41 1 1180 6
410000 48 2 1231 6
4be000 50 2 1283 6
49a000 46 2 1332 6
4c3000 54 3 1389 6
490000 68 4 1462 6
48f000 48 1 1512 6
49b000 59 2 1574 6
464000 57 2 1634 6
451000 52 3 1690 6
450000 47 1 1739 6
46a000 43 2 1785 6
4b0000 74 3 1862 6
4cb000 54 3 1920 6
4af000 35 2 1958 6
4cc000 68 4 2031 6
454000 61 3 2096 6
43a000 49 3 2149 6
416000 65 4 2219 6
413000 54 3 2277 6
412000 41 1 2320 6
411000 40 1 2362 6
42f000 52 2 2417 6
42e000 44 2 2464 6
47d000 51 2 2517 6
4c6000 78 3 2598 6
420000 88 4 2690 6
4aa000 60 3 2754 6
4a9000 77 3 2835 6
4a8000 50 1 2887 6
453000 42 2 2932 6
452000 52 1 2986 6
455000 83 3 3073 6
7f64eb372000 62 11 3147 6
7f64eb371000 97 7 3252 6
494000 55 2 3309 6
493000 57 1 3368 7
3397 7
0x47e000
47e000 38 14 52 1
492000 51 15 119 1
432000 41 19 180 2
4db000 427 51 659 4
431000 29 5 694 4
402000 35 6 735 4
4d4000 56 9 800 5
470000 41 4 846 5
477000 45 4 895 5
476000 37 2 935 5
475000 33 3 972 5
474000 66 6 1045 6
447000 50 1 1096 6
45b000 41 2 1140 6
410000 47 2 1190 6
4be000 51 2 1243 6
49a000 47 1 1291 6
4c3000 54 3 1349 6
4c2000 25 1 1376 6
4c1000 30 1 1408 6
4d1000 47 2 1458 6
7f64eb2fd000 62 4 1525 6
7f64eb2d9000 121 2 1648 6
7f64eb2fc000 59 1 1708 6
7f64eb2fb000 47 4 1760 6
7f64eb3e6000 90 3 1853 6
7f64eb3e5000 106 3 1963 6
7f64eb3e4000 68 8 2040 6
7f64eb3e2000 74 2 2116 6
7f64eb39c000 41 2 2159 6
42f000 52 1 2213 6
42e000 44 2 2260 6
47d000 51 2 2313 6
4c6000 77 3 2394 6
420000 88 4 2486 6
4aa000 60 3 2550 6
4a9000 78 2 2630 6
416000 66 3 2700 6
413000 55 3 2759 6
412000 40 1 2801 6
411000 40 1 2843 6
490000 68 4 2916 6
48f000 48 1 2966 6
49b000 60 2 3028 6
464000 57 2 3088 6
451000 52 3 3144 6
450000 47 2 3194 6
46a000 44 1 3239 6
4b0000 73 3 3316 6
4cb000 55 3 3375 6
4af000 36 1 3412 6
4cc000 69 4 3486 6
454000 62 2 3551 6
43a000 50 3 3605 6
439000 49 1 3656 6
438000 46 3 3706 6
45e000 47 2 3756 6
437000 38 2 3797 6
498000 52 1 3851 6
456000 37 1 3890 7
3918 7
0x4be000
4be000 50 21 72 3
72 3
0x4a9000
4a9000 78 22 100 4
416000 66 13 179 4
413000 54 13 247 5
412000 41 3 292 5
411000 40 3 336 5
4db000 428 23 788 5
410000 47 5 841 5
490000 69 7 917 5
402000 35 4 957 5
48f000 49 3 1009 5
49b000 60 5 1074 5
432000 41 5 1121 5
431000 29 3 1154 5
4d4000 56 6 1217 5
470000 41 4 1263 5
477000 45 4 1312 5
476000 37 3 1353 5
475000 33 3 1390 5
474000 66 5 1462 6
447000 50 2 1515 6
45b000 41 1 1558 6
492000 52 1 1612 6
491000 69 2 1684 6
4a1000 62 3 1750 6
45c000 58 2 1811 7
1827 7
0x47b000
47b000 84 34 118 2
4db000 430 54 603 3
4a4000 61 14 679 4
499000 62 11 753 4
402000 34 7 795 4
4b0000 73 12 881 4
4cb000 54 12 948 4
4af000 35 8 992 4
4cc000 68 16 1077 5
454000 61 6 1145 5
43a000 50 5 1201 5
416000 66 7 1275 5
413000 55 7 1338 5
412000 41 3 1383 5
411000 40 4 1428 5
410000 48 5 1481 5
490000 69 7 1557 5
48f000 49 3 1610 5
49b000 60 5 1675 5
432000 41 5 1722 5
431000 30 2 1755 5
4d4000 56 6 1818 5
470000 41 4 1864 5
477000 45 4 1914 5
476000 37 3 1955 5
475000 33 3 1991 5
474000 67 5 2064 6
447000 50 2 2117 6
45b000 41 1 2160 6
492000 52 2 2215 6
491000 68 2 2286 6
4a1000 63 2 2352 6
45c000 59 2 2414 7
2436 7
0x4a4000
4a4000 62 24 86 3
499000 62 15 164 3
402000 35 10 209 3
4b0000 74 16 300 3
4cb000 55 16 372 3
4af000 36 10 418 3
4cc000 68 21 508 5
454000 62 6 577 5
43a000 50 6 633 5
4db000 428 24 1086 5
416000 66 7 1159 5
413000 55 7 1222 5
412000 41 3 1267 5
411000 40 3 1311 5
410000 48 5 1365 5
490000 68 8 1441 5
48f000 48 4 1494 5
49b000 60 4 1558 5
432000 41 6 1606 5
431000 30 3 1639 5
4d4000 57 6 1702 5
470000 41 4 1748 5
477000 45 4 1797 5
476000 37 3 1838 5
475000 34 3 1876 5
474000 66 6 1949 6
447000 49 2 2001 6
45b000 42 1 2045 6
492000 52 1 2099 6
491000 69 2 2171 6
4a1000 63 2 2237 6
45c000 59 2 2299 7
2321 7
0x499000
499000 63 23 86 2
402000 34 12 133 2
4b0000 73 19 226 2
4cb000 55 20 302 3
4af000 36 10 348 3
4cc000 68 20 437 5
454000 62 5 505 5
43a000 50 5 561 5
4db000 432 23 1017 5
416000 66 7 1090 5
413000 55 7 1153 5
412000 40 4 1198 5
411000 40 4 1242 5
410000 47 4 1294 5
490000 68 7 1370 5
48f000 49 3 1423 5
49b000 60 4 1487 5
432000 41 5 1534 5
431000 30 2 1567 5
4d4000 56 6 1630 5
470000 41 3 1675 5
477000 45 3 1724 5
476000 37 3 1765 5
475000 33 3 1802 5
474000 66 5 1874 6
447000 49 2 1926 6
45b000 41 2 1970 6
492000 51 2 2024 6
491000 68 2 2095 6
4a1000 62 3 2161 6
45c000 58 2 2222 7
2242 7
0x42b000
42b000 83 40 123 2
42a000 50 12 186 3
402000 34 10 231 3
7f64eb368000 56 13 301 3
7f64eb367000 50 7 359 3
7f64eb366000 45 7 411 3
413000 55 16 483 4
412000 41 5 530 4
411000 40 6 577 4
4db000 427 33 1038 5
410000 47 5 1091 5
490000 68 8 1167 5
48f000 48 3 1219 5
49b000 59 5 1284 5
432000 40 6 1331 5
431000 29 3 1364 5
4d4000 56 6 1426 5
470000 41 4 1472 5
477000 45 4 1521 5
476000 37 2 1561 5
475000 33 3 1598 5
474000 66 6 1671 6
447000 49 2 1723 6
45b000 40 2 1766 6
492000 51 2 1820 6
491000 68 2 1891 6
4a1000 62 3 1957 6
45c000 58 2 2018 7
2034 7
0x42a000
42a000 51 15 66 3
402000 35 10 112 3
7f64eb368000 57 13 182 3
7f64eb367000 50 7 240 3
7f64eb366000 46 7 293 3
413000 54 17 365 4
412000 41 5 412 4
411000 40 6 459 4
4db000 432 33 925 5
410000 48 5 978 5
490000 69 7 1054 5
48f000 49 3 1107 5
49b000 59 5 1172 5
432000 41 5 1219 5
431000 30 2 1252 5
4d4000 56 6 1315 5
470000 41 4 1361 5
477000 45 4 1411 5
476000 37 3 1452 5
475000 33 3 1489 5
474000 66 6 1562 6
447000 49 2 1614 6
45b000 41 2 1658 6
492000 51 2 1712 6
491000 68 3 1784 6
4a1000 62 3 1850 6
45c000 58 2 1911 7
1926 7
0x4c6000
4c6000 79 23 102 2
102 2
0x41b000
41b000 55 17 73 1
73 1
0x4a0000
4a0000 49 19 68 1
49f000 62 15 146 2
4a9000 78 17 241 5
416000 65 9 316 5
413000 54 9 380 6
412000 40 1 422 6
411000 40 1 464 6
4db000 426 14 905 6
410000 47 2 955 6
490000 68 4 1027 6
402000 34 2 1064 6
48f000 48 2 1114 6
49b000 59 2 1175 6
432000 41 2 1219 6
431000 29 1 1250 6
4d4000 55 3 1309 6
470000 41 1 1352 6
477000 45 1 1399 6
476000 37 1 1438 6
475000 33 1 1473 6
474000 66 2 1542 6
447000 50 1 1594 6
45b000 41 2 1638 6
492000 51 2 1692 6
491000 67 3 1763 6
4a1000 62 2 1828 6
45c000 59 2 1890 7
1906 7
0x49f000
49f000 62 16 78 2
78 2
0x4cf000
4cf000 80 25 105 4
498000 51 8 165 4
456000 37 7 210 5
478000 47 7 264 5
477000 45 7 317 5
4db000 426 27 770 6
476000 37 3 811 7
816 7
0x498000
498000 52 16 68 1
456000 37 12 117 3
478000 47 12 177 3
477000 45 11 234 3
4db000 425 46 706 4
476000 37 6 750 5
475000 33 4 788 5
474000 66 6 861 6
447000 49 3 914 6
45b000 41 2 958 6
410000 48 3 1010 6
492000 51 3 1064 6
432000 40 4 1109 6
431000 30 2 1141 6
402000 35 2 1178 6
4d4000 56 4 1238 7
1247 7
0x456000
456000 37 13 50 3
478000 47 12 110 3
477000 45 11 167 3
4db000 425 46 639 4
476000 37 7 683 5
475000 33 4 720 5
474000 66 6 793 6
447000 49 3 846 6
45b000 41 3 891 6
410000 47 3 942 6
492000 51 2 995 6
432000 41 3 1040 6
431000 30 2 1073 6
402000 35 2 1110 6
4d4000 57 3 1170 7
1179 7
0x478000
478000 47 18 65 2
477000 45 12 123 2
4db000 426 54 604 3
476000 38 7 649 4
475000 32 5 687 4
474000 67 8 763 5
447000 49 4 817 5
45b000 41 4 863 5
410000 47 5 916 5
492000 51 4 971 5
432000 41 6 1019 5
431000 30 3 1052 5
402000 34 4 1090 5
4d4000 55 6 1152 6
470000 41 2 1196 6
413000 55 3 1254 6
412000 40 2 1297 6
411000 39 2 1339 6
490000 67 4 1411 6
48f000 48 1 1461 6
49b000 59 2 1523 6
464000 57 2 1583 6
451000 53 2 1639 6
450000 48 1 1689 6
46a000 43 1 1734 6
4b0000 73 3 1811 6
4cb000 55 3 1870 6
4af000 36 1 1907 6
4cc000 68 4 1980 6
454000 62 2 2045 6
43a000 50 2 2098 6
416000 66 3 2168 6
415000 60 3 2232 7
2251 7
0x4a3000
4a3000 54 23 77 3
492000 51 10 139 3
432000 40 12 192 3
4db000 426 42 661 4
431000 30 4 695 4
402000 34 6 736 4
4d4000 56 9 802 5
470000 41 3 847 5
477000 45 3 896 5
476000 37 3 937 5
475000 33 3 974 5
474000 66 5 1046 6
447000 49 2 1098 6
45b000 41 1 1141 6
410000 47 2 1191 6
4be000 50 2 1244 6
49a000 46 2 1293 6
4c3000 54 3 1350 6
4c2000 25 1 1377 6
47e000 38 1 1417 6
4a9000 78 2 1498 6
416000 66 3 1568 6
413000 55 3 1627 6
412000 40 1 1669 6
411000 40 2 1712 6
490000 68 3 1784 6
48f000 48 2 1835 6
49b000 59 2 1896 6
464000 58 2 1957 6
451000 52 3 2013 6
450000 47 2 2063 6
46a000 44 1 2108 6
4b0000 73 3 2185 6
4cb000 55 3 2244 6
4af000 36 1 2281 6
4cc000 68 5 2355 6
454000 61 2 2419 6
43a000 50 2 2472 6
439000 49 1 2523 6
438000 46 3 2573 6
45e000 47 2 2623 6
437000 39 1 2663 6
498000 52 1 2717 6
456000 37 1 2756 7
2781 7
0x4a2000
4a2000 36 11 48 1
48 1
0x41c000
41c000 59 18 77 1
77 1
0x483000
483000 65 33 98 3
42c000 39 11 149 4
4db000 425 35 610 4
47c000 50 10 670 4
402000 35 7 713 4
427000 42 8 764 4
426000 43 6 813 4
4a8000 50 8 872 5
453000 42 4 919 5
452000 51 4 975 5
455000 82 7 1065 5
4c3000 54 7 1127 5
4c2000 25 2 1155 5
47e000 39 3 1198 5
492000 51 4 1254 5
432000 41 5 1301 5
431000 30 2 1334 5
4d4000 56 6 1397 5
470000 41 4 1442 5
477000 44 4 1491 5
476000 37 3 1532 5
475000 32 4 1569 5
474000 67 5 1641 6
447000 49 2 1693 6
45b000 41 1 1736 6
410000 47 3 1787 6
4be000 50 2 1839 6
49a000 46 2 1888 6
491000 68 3 1959 6
4a1000 62 2 2024 6
45c000 59 2 2086 7
2105 7
0x42c000
42c000 38 18 57 3
4db000 425 44 527 4
47c000 49 11 588 4
402000 34 8 631 4
427000 42 8 681 4
426000 43 6 731 4
4a8000 50 7 789 5
453000 42 4 836 5
452000 52 4 893 5
455000 82 7 983 5
4c3000 54 7 1045 5
4c2000 26 2 1073 5
47e000 38 3 1115 5
492000 51 4 1171 5
432000 41 5 1218 5
431000 30 3 1252 5
4d4000 56 6 1314 5
470000 41 4 1360 5
477000 45 4 1409 5
476000 37 2 1449 5
475000 33 3 1486 5
474000 66 6 1559 6
447000 49 2 1611 6
45b000 40 2 1654 6
410000 47 3 1705 6
4be000 50 2 1757 6
49a000 46 2 1806 6
491000 68 3 1877 6
4a1000 62 2 1942 6
45c000 59 2 2004 7
2023 7
0x484000
484000 56 13 69 1
69 1
0x422000
422000 56 18 74 2
410000 47 15 137 3
403000 40 10 187 3
4db000 426 45 659 4
7f64eb368000 57 9 725 5
7f64eb367000 50 3 779 5
7f64eb366000 45 3 828 5
402000 35 5 869 5
48b000 59 7 935 5
413000 55 9 1000 6
412000 40 1 1042 6
411000 40 1 1084 6
490000 68 4 1157 6
48f000 48 1 1207 6
49b000 59 2 1269 6
432000 41 2 1313 6
431000 30 1 1345 6
4d4000 56 3 1404 6
470000 41 1 1447 6
477000 45 2 1495 6
476000 38 0 1533 6
475000 33 1 1568 6
474000 67 2 1638 6
447000 50 1 1690 6
45b000 41 2 1734 6
492000 51 2 1788 6
491000 68 3 1860 6
4a1000 62 2 1925 6
45c000 58 3 1987 7
2003 7
0x4aa000
4aa000 60 26 86 3
4a9000 78 14 178 4
416000 65 12 256 4
413000 55 12 324 5
412000 41 3 369 5
411000 39 4 413 5
4db000 425 23 862 5
410000 47 5 915 5
490000 68 8 991 5
402000 34 4 1030 5
48f000 48 3 1082 5
49b000 60 4 1146 5
432000 41 6 1194 5
431000 29 3 1227 5
4d4000 56 6 1289 5
470000 41 4 1335 5
477000 45 4 1384 5
476000 37 3 1425 5
475000 33 3 1462 5
474000 66 5 1534 6
447000 49 2 1586 6
45b000 41 2 1630 6
492000 51 2 1684 6
491000 68 2 1755 6
4a1000 62 3 1821 6
45c000 58 2 1882 7
1898 7
0x408000
408000 65 19 84 1
483000 64 30 179 3
42c000 39 11 230 4
4db000 425 35 691 4
47c000 49 11 752 4
402000 34 8 795 4
427000 42 8 845 4
426000 43 6 895 4
4a8000 50 8 954 5
453000 42 4 1001 5
452000 52 3 1057 5
455000 82 8 1148 5
4c3000 53 7 1209 5
4c2000 26 2 1238 5
47e000 38 3 1280 5
492000 51 5 1337 5
432000 40 6 1384 5
431000 29 3 1417 5
4d4000 56 6 1479 5
470000 41 4 1525 5
477000 46 3 1574 5
476000 37 3 1615 5
475000 33 3 1652 5
474000 66 6 1725 6
447000 49 1 1776 6
45b000 41 2 1820 6
410000 47 3 1871 6
4be000 50 2 1923 6
49a000 46 2 1972 6
491000 67 3 2043 6
4a1000 62 3 2109 6
45c000 58 2 2170 7
2190 7
0x424000
424000 35 18 54 3
490000 68 17 140 4
402000 35 7 183 4
48f000 48 7 238 4
49b000 60 9 307 4
432000 40 10 358 5
4db000 427 23 809 5
431000 30 3 842 5
4d4000 55 6 904 5
470000 41 4 950 5
477000 45 4 999 5
476000 37 3 1040 5
475000 33 3 1076 5
474000 66 6 1149 6
447000 49 1 1200 6
45b000 41 2 1244 6
410000 47 2 1294 6
492000 51 1 1347 6
491000 68 3 1419 6
4a1000 62 3 1484 6
45c000 58 2 1545 7
1558 7
0x41f000
41f000 74 23 97 1
41e000 52 22 172 4
41d000 41 7 221 4
425000 48 9 279 4
4db000 427 33 739 5
402000 35 3 777 5
4ce000 75 9 862 5
4cd000 51 4 918 5
420000 87 8 1014 5
45b000 41 4 1060 5
410000 47 5 1113 5
492000 51 4 1168 5
432000 41 6 1216 5
431000 30 3 1249 5
4d4000 56 6 1311 5
470000 41 4 1357 5
477000 45 4 1406 5
476000 37 3 1447 5
475000 33 3 1483 5
474000 67 5 1556 6
447000 49 2 1608 6
416000 65 4 1678 6
413000 54 4 1737 6
412000 40 1 1779 6
411000 40 1 1821 6
490000 68 4 1894 6
48f000 48 1 1944 6
49b000 59 2 2006 6
464000 57 2 2066 6
451000 53 3 2123 6
450000 47 1 2172 6
46a000 43 2 2218 6
4b0000 74 3 2295 6
4cb000 55 3 2354 6
4af000 36 1 2391 6
4cc000 68 4 2464 6
454000 62 2 2529 6
43a000 50 2 2582 6
439000 49 1 2633 6
438000 46 2 2682 6
45e000 48 2 2733 6
437000 39 1 2773 6
498000 51 2 2827 6
456000 37 1 2866 7
2892 7
0x41e000
41e000 52 24 76 4
41d000 41 7 125 4
425000 48 9 183 4
4db000 438 33 655 5
402000 35 3 693 5
4ce000 75 9 778 5
4cd000 51 4 834 5
420000 87 8 930 5
45b000 41 4 976 5
410000 48 5 1030 5
492000 51 4 1085 5
432000 41 5 1132 5
431000 30 2 1165 5
4d4000 56 6 1228 5
470000 41 4 1273 5
477000 45 4 1322 5
476000 37 3 1363 5
475000 33 3 1399 5
474000 67 5 1472 6
447000 49 2 1524 6
416000 66 3 1594 6
413000 54 4 1653 6
412000 41 1 1695 6
411000 40 1 1737 6
490000 68 4 1810 6
48f000 48 1 1860 6
49b000 60 2 1922 6
464000 57 2 1982 6
451000 52 3 2038 6
450000 47 1 2087 6
46a000 43 2 2133 6
4b0000 73 3 2209 6
4cb000 55 3 2268 6
4af000 35 2 2306 6
4cc000 67 5 2379 6
454000 61 2 2443 6
43a000 50 2 2496 6
439000 49 1 2547 6
438000 46 2 2596 6
45e000 48 2 2647 6
437000 39 1 2687 6
498000 51 2 2741 6
456000 37 1 2780 7
2805 7
0x41d000
41d000 41 18 59 2
425000 48 16 124 2
4db000 425 54 604 4
402000 35 7 646 4
4ce000 76 14 736 4
4cd000 51 8 796 4
420000 87 14 898 5
45b000 41 4 944 5
410000 47 5 997 5
492000 51 4 1052 5
432000 41 5 1099 5
431000 29 3 1132 5
4d4000 56 6 1195 5
470000 41 4 1240 5
477000 45 4 1289 5
476000 37 3 1330 5
475000 33 3 1366 5
474000 66 6 1439 6
447000 50 2 1491 6
416000 66 3 1560 6
413000 55 3 1619 6
412000 40 1 1661 6
411000 40 2 1704 6
490000 68 4 1776 6
48f000 48 1 1826 6
49b000 59 2 1888 6
464000 57 2 1948 6
451000 53 3 2005 6
450000 48 1 2054 6
46a000 43 1 2099 6
4b0000 74 3 2177 6
4cb000 55 3 2236 6
4af000 36 1 2273 6
4cc000 68 4 2346 6
454000 61 3 2411 6
43a000 49 3 2464 6
439000 48 2 2515 6
438000 46 2 2564 6
45e000 47 2 2614 6
437000 38 1 2654 6
498000 52 2 2709 6
456000 36 1 2747 7
2772 7
0x425000
425000 48 21 70 2
4db000 426 53 549 4
402000 34 8 592 4
4ce000 76 14 682 4
4cd000 51 7 741 4
420000 88 14 844 5
45b000 41 4 890 5
410000 47 5 943 5
492000 51 4 998 5
432000 41 5 1045 5
431000 29 3 1078 5
4d4000 55 6 1140 5
470000 41 4 1186 5
477000 44 4 1235 5
476000 37 3 1276 5
475000 32 3 1312 5
474000 67 5 1385 6
447000 49 2 1437 6
416000 65 4 1507 6
413000 54 3 1565 6
412000 41 1 1608 6
411000 39 2 1650 6
490000 68 3 1722 6
48f000 48 2 1773 6
49b000 59 3 1835 6
464000 57 2 1895 6
451000 52 3 1951 6
450000 47 2 2001 6
46a000 43 1 2046 6
4b0000 73 3 2123 6
4cb000 55 3 2182 6
4af000 35 2 2220 6
4cc000 67 5 2293 6
454000 61 2 2357 6
43a000 50 2 2410 6
439000 49 1 2461 6
438000 46 2 2510 6
45e000 48 2 2561 6
437000 39 1 2601 6
498000 52 1 2655 6
456000 37 1 2694 7
2717 7
0x4ce000
4ce000 76 31 107 3
4cd000 51 10 169 3
4db000 426 45 641 4
420000 88 13 742 5
402000 35 4 782 5
45b000 41 4 827 5
410000 47 5 880 5
492000 51 4 935 5
432000 41 5 982 5
431000 30 2 1015 5
4d4000 56 6 1078 5
470000 41 3 1123 5
477000 45 3 1172 5
476000 37 3 1213 5
475000 33 3 1250 5
474000 67 5 1322 6
447000 49 2 1374 6
416000 66 3 1444 6
413000 55 3 1503 6
412000 40 2 1546 6
411000 40 2 1588 6
490000 68 3 1660 6
48f000 49 1 1711 6
49b000 60 2 1773 6
464000 57 2 1833 6
451000 53 2 1889 6
450000 48 1 1939 6
46a000 43 2 1985 6
4b0000 74 3 2062 6
4cb000 55 3 2121 6
4af000 36 1 2158 6
4cc000 68 5 2232 6
454000 61 2 2296 6
43a000 50 2 2349 6
439000 49 2 2401 6
438000 45 3 2450 6
45e000 47 2 2500 6
437000 39 1 2540 6
498000 52 1 2594 6
456000 37 1 2633 7
2656 7
0xfffffffff24ce000
0 0
0x4cd000
4cd000 52 15 67 2
4db000 425 54 547 3
420000 88 18 654 5
402000 35 3 693 5
45b000 41 4 739 5
410000 47 5 792 5
492000 51 4 847 5
432000 41 5 894 5
431000 30 2 927 5
4d4000 56 6 990 5
470000 40 4 1035 5
477000 45 3 1084 5
476000 37 3 1125 5
475000 33 3 1162 5
474000 66 5 1234 6
447000 49 2 1286 6
416000 66 4 1357 6
413000 55 3 1416 6
412000 41 1 1459 6
411000 40 2 1502 6
490000 68 4 1575 6
48f000 49 1 1626 6
49b000 60 2 1688 6
464000 58 2 1749 6
451000 53 3 1806 6
450000 47 1 1855 6
46a000 44 1 1901 6
4b0000 74 3 1979 6
4cb000 56 3 2039 6
4af000 36 1 2076 6
4cc000 69 4 2150 6
454000 62 2 2215 6
43a000 50 3 2269 6
439000 49 1 2320 6
438000 47 2 2370 6
45e000 47 2 2420 6
437000 39 1 2461 6
498000 52 2 2516 6
456000 37 1 2555 7
2577 7
0x420000
420000 88 30 119 4
4db000 430 33 583 5
402000 35 4 623 5
45b000 41 4 668 5
410000 48 4 721 5
492000 51 4 777 5
432000 41 6 825 5
431000 29 3 858 5
4d4000 56 6 921 5
470000 41 4 967 5
477000 45 4 1016 5
476000 37 3 1057 5
475000 33 3 1094 5
474000 67 5 1167 6
447000 49 2 1219 6
416000 66 4 1290 6
413000 56 3 1349 6
412000 41 1 1392 6
411000 40 1 1434 6
490000 69 3 1507 6
48f000 49 1 1558 6
49b000 60 2 1620 6
464000 57 3 1681 6
451000 52 3 1737 6
450000 47 1 1786 6
46a000 43 2 1832 6
4b0000 74 3 1909 6
4cb000 55 3 1968 6
4af000 36 2 2006 6
4cc000 67 5 2079 6
454000 61 3 2144 6
43a000 49 3 2197 6
439000 48 2 2248 6
438000 46 2 2297 6
45e000 47 2 2347 6
437000 38 1 2387 6
498000 52 1 2441 6
456000 37 1 2480 7
2502 7
0x414000
414000 103 34 137 3
490000 67 18 223 4
402000 34 8 266 4
48f000 48 7 321 4
49b000 60 9 390 4
432000 40 10 441 5
4db000 425 23 890 5
431000 29 3 923 5
4d4000 57 6 986 5
470000 41 3 1031 5
477000 45 4 1081 5
476000 37 3 1121 5
475000 33 3 1158 5
474000 66 5 1230 6
447000 49 2 1282 6
45b000 41 2 1326 6
410000 47 2 1376 6
492000 52 1 1429 6
491000 68 3 1501 6
4a1000 62 2 1566 6
45c000 58 2 1627 7
1639 7
0x41a000
41a000 65 22 88 2
419000 58 12 159 2
472000 60 14 234 4
471000 36 5 275 4
48a000 65 10 351 5
402000 34 6 392 5
4db000 425 27 844 5
407000 58 8 911 5
4c4000 74 8 994 6
490000 68 5 1068 6
48f000 48 2 1119 6
49b000 59 3 1182 6
432000 41 3 1227 6
431000 30 2 1260 6
4d4000 56 4 1320 6
470000 41 2 1364 6
477000 45 3 1412 6
476000 37 2 1452 6
475000 33 2 1488 6
474000 66 3 1558 7
1571 7
0x496000
496000 42 14 56 1
495000 77 27 161 2
4a5000 65 10 237 4
45e000 47 8 292 4
402000 35 6 333 4
4db000 425 33 791 4
45d000 64 5 860 4
4a4000 61 9 931 5
499000 62 6 1000 5
4b0000 74 6 1081 5
4cb000 55 7 1144 5
4af000 36 4 1184 5
4cc000 68 9 1262 5
454000 61 6 1330 5
43a000 49 6 1386 5
416000 66 7 1460 5
413000 55 7 1523 5
412000 40 3 1567 5
411000 40 4 1612 5
410000 47 5 1665 5
490000 68 8 1741 5
48f000 48 4 1794 5
49b000 60 4 1858 5
432000 41 5 1905 5
431000 30 3 1939 5
4d4000 56 6 2001 5
470000 41 4 2047 5
477000 46 3 2096 5
476000 37 3 2137 5
475000 33 3 2174 5
474000 66 5 2246 6
447000 49 1 2298 6
45b000 40 2 2342 6
492000 51 2 2396 6
491000 68 2 2467 6
4a1000 61 3 2533 6
45c000 58 2 2594 7
2617 7
0x495000
495000 78 30 108 2
4a5000 64 10 183 4
45e000 47 8 239 4
402000 35 6 280 4
4db000 424 33 737 4
45d000 64 5 806 4
4a4000 61 10 878 5
499000 61 6 946 5
4b0000 73 7 1027 5
4cb000 55 6 1089 5
4af000 35 4 1129 5
4cc000 68 10 1208 5
454000 61 5 1275 5
43a000 50 6 1332 5
416000 65 7 1405 5
413000 55 7 1468 5
412000 40 3 1512 5
411000 40 4 1557 5
410000 47 5 1610 5
490000 68 8 1686 5
48f000 48 3 1738 5
49b000 59 5 1803 5
432000 41 5 1850 5
431000 29 3 1883 5
4d4000 56 6 1946 5
470000 41 3 1991 5
477000 45 4 2041 5
476000 37 2 2081 5
475000 33 3 2118 5
474000 66 5 2190 6
447000 50 1 2242 6
45b000 41 2 2286 6
492000 51 2 2340 6
491000 68 2 2411 6
4a1000 62 3 2477 6
45c000 58 2 2538 7
2559 7
0x4a5000
4a5000 64 15 80 3
80 3
0x45e000
45e000 47 20 68 1
68 1
0x45d000
45d000 64 15 79 1
79 1
0x460000
460000 35 11 47 1
45f000 60 20 128 4
4cf000 80 12 221 6
498000 52 4 278 6
456000 36 4 319 6
478000 47 4 371 6
477000 45 3 420 6
4db000 427 18 866 6
476000 37 3 906 7
912 7
0x45f000
45f000 60 23 83 4
4cf000 80 12 176 6
498000 52 4 233 6
456000 36 4 274 6
478000 47 4 326 6
477000 45 3 375 6
4db000 428 18 822 6
476000 37 3 862 7
868 7
0x48e000
48e000 42 15 57 2
4c3000 53 20 131 5
4c2000 26 3 161 5
47e000 38 5 205 5
492000 51 5 262 5
432000 41 7 311 6
4db000 425 14 751 6
431000 29 1 782 6
402000 34 2 819 6
4d4000 56 3 878 6
470000 41 1 921 6
477000 45 2 969 6
476000 37 1 1007 6
475000 33 1 1042 6
474000 66 3 1112 6
447000 49 2 1164 6
45b000 41 1 1207 6
410000 48 2 1258 6
4be000 50 3 1311 6
49a000 47 1 1359 6
491000 68 2 1430 6
4a1000 62 3 1496 6
45c000 58 2 1557 7
1571 7
0x463000
463000 40 12 53 1
7f64eb368000 57 19 130 3
7f64eb367000 49 8 188 3
7f64eb366000 45 7 240 3
402000 35 10 286 3
4a8000 50 11 347 4
453000 42 7 397 4
4db000 429 33 860 5
452000 52 4 917 5
455000 82 8 1008 5
4c3000 54 7 1070 5
4c2000 25 3 1099 5
47e000 38 3 1141 5
492000 51 5 1198 5
432000 40 6 1245 5
431000 30 2 1278 5
4d4000 56 6 1341 5
470000 42 3 1387 5
477000 45 4 1437 5
476000 37 3 1478 5
475000 33 3 1515 5
474000 66 6 1588 6
447000 49 2 1640 6
45b000 41 2 1684 6
410000 48 2 1735 6
4be000 51 2 1788 6
49a000 47 2 1837 6
491000 69 2 1908 6
4a1000 63 2 1974 6
45c000 59 2 2036 7
2053 7
0x4bb000
4bb000 58 21 80 3
4ba000 57 11 149 3
442000 41 11 201 3
4db000 437 45 684 3
441000 37 8 730 3
4a8000 50 10 791 5
453000 43 4 839 5
452000 52 4 896 5
402000 34 4 935 5
455000 82 8 1026 5
4c3000 54 7 1088 5
4c2000 25 3 1117 5
47e000 38 3 1159 5
492000 52 4 1216 5
432000 41 5 1263 5
431000 30 3 1297 5
4d4000 57 6 1360 5
470000 42 4 1406 5
477000 45 4 1455 5
476000 38 3 1497 5
475000 33 3 1534 5
474000 67 5 1607 6
447000 49 2 1659 6
45b000 41 2 1703 6
410000 47 2 1753 6
4be000 50 2 1806 6
49a000 46 2 1855 6
491000 68 3 1926 6
4a1000 62 2 1991 6
45c000 58 2 2052 7
2072 7
0x4ba000
4ba000 57 19 76 0
76 0
0x442000
442000 41 18 59 1
4db000 426 63 549 3
441000 37 8 595 3
4a8000 50 10 656 5
453000 42 4 703 5
452000 52 4 760 5
402000 34 4 799 5
455000 82 8 890 5
4c3000 54 6 951 5
4c2000 26 2 980 5
47e000 38 3 1022 5
492000 52 4 1079 5
432000 41 5 1126 5
431000 30 2 1159 5
4d4000 56 6 1222 5
470000 41 4 1268 5
477000 45 4 1317 5
476000 37 2 1357 5
475000 33 3 1394 5
474000 67 5 1467 6
447000 50 1 1519 6
45b000 41 2 1563 6
410000 47 2 1613 6
4be000 50 2 1666 6
49a000 46 2 1715 6
491000 68 3 1786 6
4a1000 61 3 1851 6
45c000 58 2 1912 7
1930 7
0x441000
441000 37 13 50 1
4a8000 50 16 117 4
453000 41 7 166 4
4db000 430 33 630 5
452000 52 4 686 5
402000 35 3 725 5
455000 82 7 815 5
4c3000 54 7 877 5
4c2000 25 2 905 5
47e000 38 4 948 5
492000 51 4 1004 5
432000 40 6 1051 5
431000 29 3 1084 5
4d4000 56 6 1147 5
470000 41 4 1193 5
477000 45 4 1242 5
476000 37 2 1282 5
475000 33 4 1320 5
474000 66 5 1392 6
447000 50 1 1444 6
45b000 41 2 1488 6
410000 47 2 1538 6
4be000 50 2 1591 6
49a000 46 2 1640 6
491000 68 3 1711 6
4a1000 61 3 1776 6
45c000 58 2 1837 7
1854 7
0x440000
440000 33 13 47 0
43b000 29 12 89 1
43e000 31 9 130 1
436000 92 23 246 2
420000 87 23 357 5
4db000 427 23 808 5
402000 35 4 847 5
45b000 41 4 892 5
410000 48 4 945 5
492000 51 4 1001 5
432000 41 5 1048 5
431000 29 3 1081 5
4d4000 56 6 1144 5
470000 41 4 1190 5
477000 45 4 1239 5
476000 37 3 1280 5
475000 33 3 1317 5
474000 66 5 1389 6
447000 49 2 1441 6
416000 66 3 1511 6
413000 55 3 1570 6
412000 40 1 1613 6
411000 40 1 1655 6
490000 68 4 1728 6
48f000 48 2 1779 6
49b000 59 2 1840 6
464000 57 2 1900 6
451000 53 3 1957 6
450000 47 1 2006 6
46a000 43 2 2052 6
4b0000 74 3 2129 6
4cb000 55 3 2188 6
4af000 35 2 2226 6
4cc000 68 4 2299 6
454000 61 3 2364 6
43a000 49 3 2417 6
439000 48 2 2468 6
438000 46 2 2517 6
45e000 47 2 2567 6
437000 38 2 2608 6
498000 51 2 2662 6
456000 37 1 2701 7
2726 7
0x43b000
43b000 29 12 42 1
43e000 31 9 83 1
436000 92 23 199 2
440000 33 10 243 2
42b000 82 30 356 3
42a000 50 9 416 4
402000 35 7 459 4
7f64eb368000 57 10 526 4
7f64eb367000 50 5 581 4
7f64eb366000 45 5 632 4
413000 55 13 700 5
412000 41 3 744 5
411000 40 3 788 5
4db000 427 23 1239 5
410000 47 5 1292 5
490000 68 8 1368 5
48f000 48 3 1420 5
49b000 59 5 1485 5
432000 40 6 1532 5
431000 29 3 1565 5
4d4000 66 6 1637 5
470000 41 4 1683 5
477000 45 4 1732 5
476000 37 3 1773 5
475000 33 3 1810 5
474000 67 5 1882 6
447000 49 2 1934 6
45b000 41 2 1978 6
492000 51 1 2031 6
491000 68 3 2103 6
4a1000 61 3 2168 6
45c000 58 2 2229 7
2248 7
0x43e000
43e000 32 9 41 0
43b000 30 11 83 1
480000 54 17 155 3
47f000 50 11 217 3
4db000 427 45 690 4
47e000 38 7 735 4
492000 51 8 795 4
432000 40 10 846 5
431000 30 3 880 5
402000 35 3 918 5
4d4000 56 6 981 6
470000 41 1 1024 6
477000 45 1 1071 6
476000 37 1 1110 6
475000 33 1 1145 6
474000 66 3 1215 6
447000 49 2 1267 6
45b000 41 2 1310 6
410000 47 2 1360 6
4be000 50 2 1413 6
49a000 46 2 1462 6
4c3000 54 4 1520 6
4c2000 26 1 1547 6
4c1000 31 1 1579 6
4d1000 47 2 1629 6
7f64eb2fd000 62 4 1696 6
7f64eb2d9000 120 2 1819 6
7f64eb2fc000 59 2 1880 6
7f64eb2fb000 47 4 1931 6
7f64eb3e6000 89 3 2024 6
7f64eb3e5000 107 3 2135 6
7f64eb3e4000 68 8 2211 6
7f64eb3e2000 74 2 2287 6
7f64eb39c000 41 2 2331 6
42f000 52 2 2385 6
42e000 44 2 2432 6
47d000 51 2 2485 6
4c6000 78 2 2565 6
420000 87 4 2657 6
4aa000 60 3 2721 6
4a9000 78 2 2802 6
416000 65 3 2872 6
413000 55 3 2931 6
412000 41 1 2974 6
411000 39 2 3016 6
490000 68 3 3088 6
48f000 48 2 3139 6
49b000 59 2 3200 6
464000 58 2 3261 6
451000 52 3 3317 6
450000 47 1 3366 6
46a000 43 2 3412 6
4b0000 74 3 3489 6
4cb000 55 3 3548 6
4af000 36 1 3585 6
4cc000 68 4 3658 6
454000 62 2 3723 6
43a000 50 2 3776 6
439000 49 1 3827 6
438000 46 3 3877 6
45e000 47 2 3927 6
437000 39 1 3967 6
498000 52 2 4022 6
456000 36 1 4060 7
4092 7
0x436000
436000 92 26 118 2
118 2
0x4d0000
4d0000 87 32 120 4
4db000 426 33 580 5
402000 35 3 619 5
4a8000 50 4 674 5
453000 41 5 721 5
452000 52 3 777 5
455000 82 8 868 5
4c3000 54 6 929 5
4c2000 26 2 958 5
47e000 38 3 1000 5
492000 51 4 1056 5
432000 41 6 1104 5
431000 30 3 1137 5
4d4000 56 6 1199 5
470000 41 4 1245 5
477000 46 3 1294 5
476000 38 2 1335 5
475000 33 3 1372 5
474000 66 6 1445 6
447000 49 1 1496 6
45b000 41 2 1540 6
410000 47 2 1590 6
4be000 50 2 1643 6
49a000 46 2 1692 6
491000 68 3 1763 6
4a1000 62 2 1828 6
45c000 58 2 1889 7
1906 7
0x4d3000
4d3000 57 20 77 5
453000 41 6 125 5
4db000 427 26 579 5
452000 52 5 637 5
402000 34 5 677 5
455000 82 9 769 5
4c3000 54 8 832 5
4c2000 25 4 862 5
47e000 38 5 906 5
492000 51 5 963 5
432000 41 7 1012 6
431000 29 1 1043 6
4d4000 56 2 1102 6
470000 41 2 1146 6
477000 45 2 1193 6
476000 37 1 1232 6
475000 33 1 1267 6
474000 66 2 1336 6
447000 49 2 1388 6
45b000 41 2 1432 6
410000 48 2 1482 6
4be000 50 3 1535 6
49a000 46 2 1583 6
491000 67 3 1654 6
4a1000 62 2 1719 6
45c000 58 3 1781 7
1796 7
0x40a000
40a000 57 16 74 4
74 4
0x4bc000
4bc000 52 21 74 4
74 4
0x457000
457000 68 32 101 3
48e000 42 10 154 4
4c3000 53 13 221 5
4c2000 25 4 251 5
47e000 38 4 294 5
492000 51 6 352 5
432000 41 7 401 6
4db000 426 14 842 6
431000 30 1 873 6
402000 35 1 909 6
4d4000 56 2 968 6
470000 41 2 1012 6
477000 45 2 1059 6
476000 37 1 1098 6
475000 32 2 1133 6
474000 67 2 1202 6
447000 49 2 1254 6
45b000 41 2 1298 6
410000 47 2 1348 6
4be000 50 3 1401 6
49a000 46 2 1449 6
491000 67 3 1520 6
4a1000 62 2 1585 6
45c000 58 2 1646 7
1661 7
0x42e000
42e000 44 18 62 2
62 2
0x458000
458000 47 21 68 3
68 3
0x459000
459000 61 27 88 4
4db000 426 35 550 5
41a000 66 7 623 5
419000 58 5 687 5
472000 60 6 754 5
471000 35 4 794 5
48a000 65 7 867 6
402000 34 4 906 6
407000 59 4 970 6
4c4000 74 5 1050 7
1058 7
0x423000
423000 55 20 75 3
422000 56 10 142 4
410000 47 8 198 4
403000 39 7 245 4
4db000 428 33 707 5
7f64eb368000 56 6 770 6
7f64eb367000 50 1 821 6
7f64eb366000 45 1 868 6
402000 35 1 904 6
48b000 59 3 967 6
413000 55 3 1026 6
412000 40 1 1068 6
411000 40 1 1110 6
490000 68 4 1183 6
48f000 48 2 1234 6
49b000 59 2 1295 6
432000 41 2 1339 6
431000 30 1 1371 6
4d4000 56 3 1430 6
470000 41 2 1474 6
477000 45 1 1520 6
476000 38 1 1560 6
475000 33 2 1595 6
474000 66 2 1664 6
447000 49 2 1716 6
45b000 41 2 1760 6
492000 51 2 1814 6
491000 68 2 1885 6
4a1000 62 3 1951 6
45c000 58 2 2012 7
2029 7
0x48c000
48c000 45 14 60 1
455000 82 26 169 2
4db000 427 54 651 3
4c3000 54 16 721 4
4c2000 26 5 753 4
47e000 38 7 799 4
492000 51 8 859 4
432000 41 10 911 5
431000 29 3 944 5
402000 34 4 983 5
4d4000 56 6 1046 5
470000 41 4 1092 5
477000 45 4 1142 5
476000 37 3 1183 5
475000 34 3 1220 5
474000 68 5 1293 6
447000 49 2 1345 6
45b000 41 2 1389 6
410000 48 2 1440 6
4be000 51 2 1493 6
49a000 47 2 1542 6
491000 68 3 1613 6
4a1000 62 3 1679 6
45c000 59 2 1741 7
1755 7
0x464000
464000 58 21 79 2
4db000 431 54 565 3
451000 53 14 633 4
450000 48 5 687 4
46a000 43 7 738 5
4b0000 74 7 819 5
4cb000 55 7 882 5
4af000 36 4 922 5
4cc000 68 9 1000 5
454000 62 6 1069 5
43a000 51 5 1125 5
416000 66 7 1199 5
413000 55 7 1262 5
412000 41 3 1307 5
411000 40 4 1352 5
410000 48 4 1405 5
490000 68 8 1482 5
402000 35 3 1521 5
48f000 48 4 1574 5
49b000 60 4 1638 5
432000 41 6 1686 5
431000 30 2 1719 5
4d4000 56 6 1782 5
470000 42 4 1829 5
477000 45 4 1878 5
476000 37 3 1919 5
475000 33 3 1956 5
474000 67 5 2029 6
447000 50 2 2082 6
45b000 41 1 2125 6
492000 52 2 2180 6
491000 68 3 2252 6
4a1000 62 3 2318 6
45c000 58 2 2379 7
2401 7
0x40b000
40b000 42 19 62 2
40a000 58 11 131 5
4db000 430 23 585 5
402000 35 3 624 5
41a000 66 5 696 5
419000 58 5 760 5
472000 61 4 825 5
471000 36 2 864 5
48a000 66 5 936 6
407000 59 4 1000 6
4c4000 74 4 1079 6
490000 69 4 1153 6
48f000 49 2 1205 6
49b000 60 3 1268 6
432000 41 4 1314 6
431000 30 2 1346 6
4d4000 57 3 1406 6
470000 42 2 1451 6
477000 46 2 1499 6
476000 37 2 1539 6
475000 33 2 1575 6
474000 67 3 1646 7
1660 7
0x435000
435000 40 18 59 3
4db000 431 44 535 4
434000 48 7 591 5
4c5000 52 6 650 5
451000 53 8 712 6
450000 48 2 763 6
46a000 43 3 810 6
4b0000 74 4 888 6
4cb000 56 4 949 6
4af000 36 3 988 6
4cc000 68 6 1063 6
454000 61 4 1129 6
43a000 49 4 1183 6
416000 66 4 1254 6
413000 55 5 1315 6
412000 41 2 1358 6
411000 40 2 1401 6
410000 48 3 1453 6
490000 69 4 1526 6
402000 35 3 1565 6
48f000 48 3 1616 6
49b000 60 3 1679 6
432000 41 3 1724 6
431000 30 1 1756 6
4d4000 56 4 1817 6
470000 41 2 1861 6
477000 45 3 1910 6
476000 38 2 1950 6
475000 34 2 1986 6
474000 67 3 2056 7
2074 7
0x434000
434000 47 15 63 2
4c5000 52 14 130 3
451000 53 15 198 5
450000 47 4 250 5
46a000 43 5 299 6
4b0000 74 4 377 6
4cb000 55 4 437 6
4af000 36 2 475 6
4cc000 68 5 549 6
454000 62 3 615 6
43a000 49 4 669 6
4db000 427 15 1112 6
416000 65 5 1183 6
413000 54 5 1243 6
412000 40 2 1286 6
411000 40 2 1329 6
410000 47 3 1380 6
490000 68 5 1453 6
402000 34 3 1491 6
48f000 48 2 1541 6
49b000 59 3 1604 6
432000 41 3 1649 6
431000 30 1 1681 6
4d4000 56 4 1742 6
470000 41 2 1786 6
477000 45 3 1834 6
476000 37 2 1874 6
475000 33 2 1909 6
474000 67 3 1980 7
1997 7
0x4c5000
4c5000 52 16 68 2
451000 53 17 139 4
450000 47 5 192 4
46a000 43 6 242 5
4b0000 73 7 323 5
4cb000 54 7 385 5
4af000 36 4 425 5
4cc000 68 9 503 5
454000 61 5 570 5
43a000 50 6 627 5
4db000 426 23 1077 5
416000 66 7 1151 5
413000 54 7 1213 5
412000 41 3 1258 5
411000 40 4 1302 5
410000 47 5 1355 5
490000 68 8 1431 5
402000 34 4 1470 5
48f000 48 4 1522 5
49b000 59 5 1586 5
432000 41 5 1633 5
431000 30 3 1667 5
4d4000 57 6 1730 5
470000 41 3 1775 5
477000 45 4 1825 5
476000 37 2 1865 5
475000 33 3 1902 5
474000 67 6 1976 6
447000 49 2 2028 6
45b000 41 2 2072 6
492000 51 2 2126 6
491000 68 2 2197 6
4a1000 63 2 2263 6
45c000 59 2 2325 7
2346 7
0x406000
406000 44 16 61 2
4cb000 55 19 136 4
4db000 430 36 603 5
405000 50 5 659 5
423000 55 6 721 6
422000 56 2 780 6
410000 48 2 831 6
403000 40 1 872 6
7f64eb368000 57 3 933 6
7f64eb367000 50 1 984 6
7f64eb366000 46 1 1031 6
402000 34 2 1068 6
48b000 59 3 1130 6
413000 55 3 1189 6
412000 41 1 1232 6
411000 40 1 1274 6
490000 68 4 1347 6
48f000 48 2 1398 6
49b000 60 2 1460 6
432000 41 2 1504 6
431000 30 1 1536 6
4d4000 57 2 1595 6
470000 42 1 1639 6
477000 45 1 1686 6
476000 38 0 1725 6
475000 33 2 1761 6
474000 66 2 1830 6
447000 50 2 1883 6
45b000 41 1 1926 6
492000 52 1 1980 6
491000 68 3 2052 6
4a1000 63 2 2118 6
45c000 59 2 2180 7
2199 7
0x405000
405000 50 16 66 1
423000 55 18 140 3
422000 57 10 208 4
410000 47 8 264 4
403000 39 7 311 4
4db000 430 33 775 5
7f64eb368000 57 6 838 6
7f64eb367000 50 1 889 6
7f64eb366000 45 1 936 6
402000 34 2 973 6
48b000 60 2 1035 6
413000 55 4 1095 6
412000 40 2 1138 6
411000 41 1 1180 6
490000 68 4 1253 6
48f000 48 2 1304 6
49b000 60 2 1366 6
432000 41 2 1410 6
431000 30 1 1442 6
4d4000 57 2 1501 6
470000 41 2 1545 6
477000 46 1 1592 6
476000 37 1 1631 6
475000 33 1 1666 6
474000 67 2 1736 6
447000 49 2 1788 6
45b000 42 1 1832 6
492000 51 2 1886 6
491000 68 3 1958 6
4a1000 61 3 2023 6
45c000 58 2 2084 7
2102 7
0x404000
404000 37 17 54 2
490000 68 22 145 4
402000 35 7 188 4
48f000 48 7 244 4
49b000 59 9 312 4
432000 41 10 364 5
4db000 427 24 816 5
431000 30 2 848 5
4d4000 56 6 911 5
470000 41 4 957 5
477000 45 4 1006 5
476000 37 2 1046 5
475000 33 3 1083 5
474000 66 5 1155 6
447000 49 2 1207 6
45b000 41 2 1251 6
410000 47 2 1301 6
492000 51 2 1354 6
491000 68 2 1425 6
4a1000 62 3 1491 6
45c000 58 3 1552 7
1564 7
0x42f000
42f000 52 17 69 3
42e000 44 10 124 3
47d000 51 9 184 3
402000 34 9 228 4
4db000 428 33 689 5
45b000 41 4 735 5
410000 47 5 788 5
492000 51 5 844 5
432000 41 6 891 5
431000 30 3 924 5
4d4000 57 6 987 5
470000 41 3 1032 5
477000 45 4 1082 5
476000 37 3 1123 5
475000 33 3 1159 5
474000 66 6 1232 6
447000 49 2 1284 6
416000 65 3 1353 6
413000 55 3 1412 6
412000 41 1 1455 6
411000 39 2 1497 6
490000 68 3 1569 6
48f000 48 2 1620 6
49b000 59 2 1681 6
464000 57 3 1742 6
451000 52 3 1798 6
450000 47 1 1847 6
46a000 43 2 1893 6
4b0000 74 3 1970 6
4cb000 55 3 2029 6
4af000 36 1 2066 6
4cc000 69 4 2140 6
454000 61 3 2205 6
43a000 50 2 2258 6
439000 49 1 2309 6
438000 46 2 2358 6
45e000 48 2 2409 6
437000 39 1 2449 6
498000 52 2 2504 6
456000 36 2 2543 7
2564 7
0x47d000
47d000 51 16 68 1
68 1
0x49c000
49c000 59 17 77 1
423000 54 19 151 3
422000 56 10 218 4
410000 47 8 274 4
403000 39 7 321 4
4db000 427 34 783 5
7f64eb368000 57 5 845 6
7f64eb367000 49 1 896 6
7f64eb366000 45 1 943 6
402000 34 1 979 6
48b000 59 2 1041 6
413000 55 3 1100 6
412000 41 1 1143 6
411000 40 1 1185 6
490000 68 3 1257 6
48f000 48 2 1308 6
49b000 59 2 1369 6
432000 41 2 1413 6
431000 29 1 1444 6
4d4000 56 3 1504 6
470000 41 1 1547 6
477000 45 1 1594 6
476000 37 1 1633 6
475000 33 1 1668 6
474000 66 2 1737 6
447000 49 2 1789 6
45b000 41 2 1833 6
492000 51 1 1886 6
491000 68 3 1958 6
4a1000 62 2 2023 6
45c000 58 3 2085 7
2103 7
0x4c7000
4c7000 56 21 77 3
4a7000 54 13 145 4
45e000 47 9 202 4
416000 66 12 280 4
413000 56 12 349 5
412000 41 3 394 5
411000 40 3 438 5
4db000 429 24 892 5
410000 48 4 944 5
490000 69 7 1021 5
402000 35 4 1061 5
48f000 48 4 1113 5
49b000 60 5 1178 5
432000 41 6 1225 5
431000 29 3 1258 5
4d4000 56 6 1321 5
470000 41 4 1367 5
477000 46 4 1417 5
476000 37 3 1458 5
475000 34 3 1495 5
474000 67 5 1568 6
447000 49 2 1620 6
45b000 41 2 1664 6
492000 51 2 1718 6
491000 68 3 1790 6
4a1000 62 2 1855 6
45c000 58 2 1917 7
1934 7
0x4a7000
4a7000 55 21 76 3
45e000 48 11 136 3
416000 66 16 219 4
413000 55 13 288 5
412000 41 3 333 5
411000 40 3 377 5
4db000 429 23 830 5
410000 47 5 883 5
490000 69 8 960 5
402000 34 4 999 5
48f000 48 3 1051 5
49b000 60 4 1116 5
432000 41 6 1164 5
431000 30 3 1197 5
4d4000 57 6 1260 5
470000 41 4 1306 5
477000 45 4 1355 5
476000 37 3 1396 5
475000 33 3 1433 5
474000 66 6 1506 6
447000 49 2 1558 6
45b000 41 2 1602 6
492000 51 2 1656 6
491000 68 3 1728 6
4a1000 62 2 1793 6
45c000 58 2 1854 7
1870 7
0x409000
409000 58 16 74 1
41e000 52 22 149 4
41d000 40 8 198 4
425000 48 8 255 4
4db000 425 33 714 5
402000 35 4 753 5
4ce000 76 8 837 5
4cd000 51 4 893 5
420000 87 8 989 5
45b000 41 4 1035 5
410000 47 5 1088 5
492000 51 5 1144 5
432000 41 6 1191 5
431000 30 3 1224 5
4d4000 56 6 1286 5
470000 41 4 1332 5
477000 45 4 1381 5
476000 37 3 1421 5
475000 33 3 1458 5
474000 66 6 1530 6
447000 49 2 1582 6
416000 65 3 1651 6
413000 55 4 1711 6
412000 41 1 1753 6
411000 40 1 1795 6
490000 68 4 1868 6
48f000 48 1 1918 6
49b000 60 2 1980 6
464000 57 2 2040 6
451000 52 3 2096 6
450000 47 1 2145 6
46a000 43 2 2191 6
4b0000 74 3 2268 6
4cb000 55 3 2327 6
4af000 35 2 2364 6
4cc000 68 4 2437 6
454000 61 3 2502 6
43a000 49 3 2555 6
439000 48 2 2606 6
438000 45 3 2655 6
45e000 47 2 2705 6
437000 39 1 2745 6
498000 52 1 2799 6
456000 37 1 2838 7
2864 7
0x40f000
40f000 64 18 82 3
40e000 59 11 153 3
40d000 59 13 226 3
40c000 52 10 289 4
40b000 42 8 340 4
40a000 56 7 404 5
4db000 426 23 853 5
402000 34 4 892 5
41a000 66 5 963 5
419000 58 4 1026 5
472000 60 5 1092 5
471000 35 2 1130 5
48a000 65 5 1201 6
407000 59 3 1264 6
4c4000 74 4 1343 6
490000 68 4 1416 6
48f000 48 2 1467 6
49b000 59 3 1530 6
432000 40 4 1575 6
431000 29 2 1607 6
4d4000 56 4 1667 6
470000 41 2 1711 6
477000 44 3 1759 6
476000 37 1 1798 6
475000 33 2 1834 6
474000 66 3 1904 7
1921 7
0x40e000
40e000 59 18 77 2
40d000 59 16 152 2
40c000 52 13 218 3
40b000 43 9 270 3
40a000 57 9 337 5
4db000 424 24 786 5
402000 35 4 825 5
41a000 65 6 896 5
419000 57 4 958 5
472000 61 4 1024 5
471000 36 2 1063 5
48a000 65 5 1134 6
407000 59 3 1197 6
4c4000 74 4 1276 6
490000 67 5 1349 6
48f000 48 2 1400 6
49b000 59 3 1463 6
432000 41 3 1508 6
431000 29 2 1540 6
4d4000 56 3 1600 6
470000 41 3 1645 6
477000 45 2 1692 6
476000 37 2 1732 6
475000 33 2 1768 6
474000 66 3 1838 7
1854 7
0x40d000
40d000 59 21 80 1
40c000 52 15 148 2
40b000 42 12 203 2
40a000 57 11 272 5
4db000 424 24 721 5
402000 35 3 759 5
41a000 65 5 830 5
419000 58 4 893 5
472000 60 4 958 5
471000 35 3 997 5
48a000 64 6 1068 6
407000 59 3 1131 6
4c4000 74 3 1209 6
490000 68 5 1283 6
48f000 48 2 1334 6
49b000 60 3 1397 6
432000 40 4 1442 6
431000 29 2 1474 6
4d4000 56 4 1534 6
470000 41 2 1578 6
477000 44 3 1626 6
476000 37 2 1666 6
475000 32 2 1701 6
474000 66 4 1772 7
1787 7
0x40c000
40c000 52 16 68 2
40b000 42 13 124 2
40a000 57 12 193 5
4db000 426 23 642 5
402000 34 4 681 5
41a000 66 5 752 5
419000 58 4 815 5
472000 60 5 880 5
471000 35 2 918 5
48a000 65 5 989 6
407000 59 3 1052 6
4c4000 74 4 1131 6
490000 68 4 1204 6
48f000 48 3 1256 6
49b000 59 3 1318 6
432000 41 3 1363 6
431000 30 2 1396 6
4d4000 56 4 1456 6
470000 40 3 1500 6
477000 45 3 1548 6
476000 37 1 1587 6
475000 33 2 1623 6
474000 66 4 1694 7
1708 7
0x4bf000
4bf000 63 23 86 2
4db000 426 54 567 4
4be000 50 10 627 5
4cd000 52 5 684 5
420000 87 10 782 6
402000 34 2 819 6
45b000 41 2 862 6
410000 47 2 912 6
492000 51 2 966 6
432000 41 2 1010 6
431000 30 1 1042 6
4d4000 57 3 1102 6
470000 41 1 1145 6
477000 45 1 1192 6
476000 38 1 1232 6
475000 33 1 1267 6
474000 66 3 1337 6
447000 49 2 1389 6
416000 66 3 1459 6
413000 55 4 1519 6
412000 40 1 1561 6
411000 40 2 1604 6
490000 68 4 1677 6
48f000 48 1 1727 6
49b000 59 3 1790 6
464000 57 2 1850 6
451000 53 3 1907 6
450000 47 1 1956 6
46a000 44 2 2003 6
4b0000 75 3 2081 6
4cb000 55 3 2140 6
4af000 36 2 2178 6
4cc000 68 4 2251 6
454000 62 3 2317 6
43a000 49 3 2370 6
439000 49 1 2421 6
438000 46 3 2471 6
45e000 47 2 2521 6
437000 39 1 2562 6
498000 52 1 2616 6
456000 37 1 2655 7
2679 7
0x4a6000
4a6000 59 17 77 1
405000 51 14 143 1
423000 54 19 217 3
422000 57 10 285 4
410000 47 8 341 4
403000 40 6 388 4
4db000 430 33 852 5
7f64eb368000 57 6 915 6
7f64eb367000 50 1 966 6
7f64eb366000 45 1 1013 6
402000 35 1 1050 6
48b000 58 3 1112 6
413000 55 3 1171 6
412000 41 1 1214 6
411000 39 2 1256 6
490000 68 3 1328 6
48f000 48 2 1379 6
49b000 59 2 1440 6
432000 41 2 1484 6
431000 30 1 1516 6
4d4000 56 3 1575 6
470000 41 2 1619 6
477000 45 2 1666 6
476000 38 1 1705 6
475000 33 1 1739 6
474000 67 2 1809 6
447000 49 2 1861 6
45b000 41 1 1904 6
492000 51 2 1958 6
491000 68 2 2029 6
4a1000 61 3 2095 6
45c000 58 2 2156 7
2175 7
0x4d7000
4d7000 26 15 41 1
41 1
0x430000
430000 38 14 53 3
4db000 426 44 524 4
402000 35 7 567 4
410000 47 9 624 4
4a9000 78 10 712 4
416000 66 12 791 4
413000 55 12 859 5
412000 40 4 904 5
411000 40 4 948 5
490000 68 8 1025 5
48f000 48 3 1077 5
49b000 59 4 1141 5
432000 41 5 1188 5
431000 30 3 1222 5
4d4000 56 6 1284 5
470000 41 4 1330 5
477000 45 4 1379 5
476000 37 3 1420 5
475000 33 3 1457 5
474000 66 5 1529 6
447000 50 1 1581 6
45b000 41 2 1625 6
492000 51 2 1679 6
491000 67 3 1750 6
4a1000 62 2 1815 6
45c000 58 2 1877 7
1893 7
0x439000
439000 49 15 64 2
4db000 426 54 545 3
438000 46 13 604 5
45e000 47 6 658 5
437000 38 5 702 5
498000 52 5 760 5
456000 37 4 802 6
478000 47 4 854 6
477000 45 4 904 6
476000 37 3 945 7
951 7
0x438000
438000 46 21 67 3
45e000 47 13 128 3
437000 39 8 175 3
498000 52 10 238 3
456000 37 8 284 5
478000 48 7 340 5
477000 45 6 392 5
4db000 426 28 847 6
476000 37 3 887 7
893 7
0x437000
437000 38 14 52 2
498000 52 12 117 2
456000 37 10 165 4
478000 47 10 223 4
477000 45 9 278 4
4db000 425 37 741 5
476000 37 5 784 6
475000 33 2 820 6
474000 66 3 890 7
896 7
0x461000
461000 54 17 71 1
41e000 52 22 146 4
41d000 41 7 195 4
425000 49 8 253 4
4db000 426 33 713 5
402000 35 4 752 5
4ce000 76 8 836 5
4cd000 51 4 892 5
420000 88 7 988 5
45b000 41 4 1035 5
410000 47 5 1088 5
492000 51 4 1143 5
432000 41 6 1191 5
431000 29 3 1224 5
4d4000 56 6 1286 5
470000 41 4 1332 5
477000 45 4 1381 5
476000 37 3 1422 5
475000 33 3 1459 5
474000 66 5 1531 6
447000 50 1 1583 6
416000 65 3 1653 6
413000 55 3 1712 6
412000 41 1 1755 6
411000 40 1 1797 6
490000 68 4 1870 6
48f000 48 1 1920 6
49b000 60 2 1982 6
464000 57 2 2042 6
451000 53 2 2098 6
450000 48 1 2148 6
46a000 43 1 2193 6
4b0000 73 3 2270 6
4cb000 55 3 2329 6
4af000 36 1 2367 6
4cc000 68 5 2441 6
454000 61 2 2505 6
43a000 50 3 2559 6
439000 48 2 2610 6
438000 46 2 2659 6
45e000 47 2 2709 6
437000 38 2 2750 6
498000 51 2 2804 6
456000 37 1 2843 7
2869 7
0x473000
473000 30 15 46 1
472000 61 16 124 3
471000 35 7 167 3
48a000 65 13 246 4
402000 35 9 291 4
4db000 424 37 752 5
407000 59 7 819 5
4c4000 74 9 903 6
490000 68 4 976 6
48f000 48 3 1028 6
49b000 59 3 1090 6
432000 41 3 1135 6
431000 30 1 1167 6
4d4000 56 4 1228 6
470000 41 2 1272 6
477000 45 2 1320 6
476000 37 2 1360 6
475000 33 2 1396 6
474000 66 3 1466 7
1478 7
0x485000
485000 55 19 74 2
74 2
0x4ac000
4ac000 31 13 44 1
4c4000 74 21 140 3
490000 68 16 225 5
402000 35 4 265 5
48f000 48 3 316 5
49b000 59 5 381 5
432000 40 6 428 5
4db000 425 23 877 5
431000 29 3 910 5
4d4000 56 6 972 5
470000 41 4 1018 5
477000 45 3 1067 5
476000 37 3 1108 5
475000 33 3 1145 5
474000 66 5 1217 6
447000 50 2 1270 6
45b000 41 1 1313 6
410000 48 2 1364 6
492000 51 2 1417 6
491000 68 2 1488 6
4a1000 62 3 1554 6
45c000 58 2 1615 7
1628 7
0x4ab000
4ab000 69 28 98 2
455000 82 21 202 3
4db000 426 45 674 4
4c3000 54 12 740 4
4c2000 25 6 772 4
47e000 38 6 817 4
492000 51 8 877 4
432000 41 10 929 5
431000 29 3 962 5
402000 34 4 1001 5
4d4000 57 6 1064 5
470000 41 3 1109 5
477000 45 4 1159 5
476000 37 2 1199 5
475000 33 3 1236 5
474000 66 6 1309 6
447000 49 2 1361 6
45b000 41 1 1404 6
410000 48 2 1455 6
4be000 50 3 1508 6
49a000 46 2 1556 6
491000 67 3 1627 6
4a1000 62 2 1692 6
45c000 59 2 1754 7
1768 7
0x421000
421000 40 16 56 2
498000 52 11 120 2
456000 37 9 167 4
478000 47 8 223 4
477000 45 7 276 4
4db000 426 34 737 5
476000 37 3 778 5
475000 33 4 816 5
474000 66 7 890 6
447000 49 2 942 6
45b000 40 3 987 6
410000 47 3 1038 6
492000 51 3 1093 6
432000 40 4 1138 6
431000 29 2 1170 6
402000 35 2 1207 6
4d4000 56 4 1268 7
1278 7
0x482000
482000 63 23 86 3
481000 39 8 134 3
4c5000 51 10 196 4
451000 53 11 261 5
450000 47 3 312 5
46a000 43 4 360 6
4b0000 74 3 437 6
4cb000 55 3 496 6
4af000 36 1 533 6
4cc000 68 4 606 6
454000 61 2 671 6
43a000 50 2 724 6
4db000 424 14 1164 6
416000 65 3 1233 6
413000 54 4 1293 6
412000 40 1 1335 6
411000 40 1 1377 6
410000 48 2 1428 6
490000 68 4 1500 6
402000 34 2 1537 6
48f000 48 2 1587 6
49b000 59 2 1648 6
432000 41 2 1692 6
431000 30 1 1724 6
4d4000 56 3 1783 6
470000 41 2 1827 6
477000 45 1 1873 6
476000 38 1 1913 6
475000 32 1 1947 6
474000 67 2 2017 6
447000 49 2 2069 6
45b000 41 1 2112 6
492000 51 1 2166 6
491000 68 3 2238 6
4a1000 62 2 2303 6
45c000 58 3 2365 7
2387 7
0x481000
481000 39 13 53 1
4c5000 51 15 120 2
451000 52 18 191 4
450000 47 5 244 4
46a000 43 6 294 5
4b0000 73 7 375 5
4cb000 54 7 437 5
4af000 36 4 477 5
4cc000 68 9 555 5
454000 61 6 623 5
43a000 50 6 679 5
4db000 426 23 1129 5
416000 66 7 1202 5
413000 55 7 1265 5
412000 40 3 1309 5
411000 40 4 1354 5
410000 47 5 1407 5
490000 68 8 1483 5
402000 35 3 1522 5
48f000 48 3 1574 5
49b000 59 5 1639 5
432000 40 6 1686 5
431000 29 3 1719 5
4d4000 56 6 1782 5
470000 41 3 1827 5
477000 45 4 1877 5
476000 37 2 1917 5
475000 33 3 1954 5
474000 66 6 2027 6
447000 49 2 2079 6
45b000 41 2 2123 6
492000 51 1 2176 6
491000 67 3 2248 6
4a1000 62 2 2313 6
45c000 59 2 2375 7
2397 7
0x480000
480000 54 19 73 3
47f000 50 11 135 3
4db000 426 45 607 4
47e000 37 7 652 4
492000 51 8 712 4
432000 41 9 763 5
431000 30 3 797 5
402000 35 4 836 5
4d4000 56 5 898 6
470000 41 2 942 6
477000 45 2 989 6
476000 37 1 1028 6
475000 32 2 1063 6
474000 67 2 1132 6
447000 49 2 1184 6
45b000 41 1 1227 6
410000 48 2 1278 6
4be000 50 3 1331 6
49a000 46 2 1379 6
4c3000 54 3 1437 6
4c2000 25 1 1464 6
4c1000 31 1 1497 6
4d1000 47 1 1546 6
7f64eb2fd000 63 4 1614 6
7f64eb2d9000 121 2 1737 6
7f64eb2fc000 59 2 1798 6
7f64eb2fb000 47 3 1849 6
7f64eb3e6000 89 4 1943 6
7f64eb3e5000 108 3 2054 6
7f64eb3e4000 68 8 2130 6
7f64eb3e2000 74 2 2206 6
7f64eb39c000 41 2 2250 6
42f000 52 2 2304 6
42e000 44 2 2351 6
47d000 51 1 2404 6
4c6000 77 3 2485 6
420000 87 4 2577 6
4aa000 60 3 2641 6
4a9000 78 2 2722 6
416000 66 3 2792 6
413000 55 4 2852 6
412000 40 1 2894 6
411000 40 1 2936 6
490000 67 4 3009 6
48f000 48 2 3060 6
49b000 59 2 3121 6
464000 57 3 3182 6
451000 52 3 3238 6
450000 47 1 3287 6
46a000 43 2 3333 6
4b0000 74 3 3410 6
4cb000 55 3 3469 6
4af000 35 2 3507 6
4cc000 68 4 3580 6
454000 61 3 3645 6
43a000 49 3 3698 6
439000 48 2 3749 6
438000 46 2 3798 6
45e000 48 2 3849 6
437000 39 1 3889 6
498000 52 1 3943 6
456000 37 1 3982 7
4012 7
0x47f000
47f000 50 18 68 3
4db000 424 45 538 4
47e000 38 7 583 4
492000 51 8 643 4
432000 40 10 694 5
431000 30 2 727 5
402000 34 4 766 5
4d4000 56 6 829 6
470000 41 1 872 6
477000 44 2 919 6
476000 37 1 958 6
475000 33 1 993 6
474000 66 2 1062 6
447000 49 2 1114 6
45b000 41 2 1158 6
410000 47 2 1208 6
4be000 50 3 1262 6
49a000 47 1 1310 6
4c3000 54 3 1368 6
4c2000 26 1 1396 6
4c1000 31 1 1429 6
4d1000 46 2 1478 6
7f64eb2fd000 62 4 1545 6
7f64eb2d9000 121 1 1668 6
7f64eb2fc000 58 2 1729 6
7f64eb2fb000 47 4 1781 6
7f64eb3e6000 90 3 1874 6
7f64eb3e5000 107 3 1984 6
7f64eb3e4000 68 8 2060 6
7f64eb3e2000 74 2 2137 6
7f64eb39c000 42 1 2180 6
42f000 52 2 2235 6
42e000 44 2 2282 6
47d000 51 2 2335 6
4c6000 78 3 2416 6
420000 88 4 2508 6
4aa000 59 3 2571 6
4a9000 78 2 2652 6
416000 66 3 2722 6
413000 55 3 2781 6
412000 40 1 2823 6
411000 40 1 2865 6
490000 68 4 2938 6
48f000 48 1 2988 6
49b000 59 2 3050 6
464000 57 2 3110 6
451000 53 2 3166 6
450000 47 1 3215 6
46a000 43 2 3261 6
4b0000 74 3 3338 6
4cb000 55 3 3397 6
4af000 36 1 3434 6
4cc000 68 4 3507 6
454000 62 2 3572 6
43a000 50 2 3625 6
439000 49 2 3677 6
438000 46 2 3726 6
45e000 47 2 3776 6
437000 39 1 3816 6
498000 52 1 3870 6
456000 37 1 3909 7
3938 7
0x4c0000
4c0000 33 13 47 1
47 1
0x462000
462000 47 17 65 4
461000 54 7 126 4
41e000 52 10 188 5
41d000 40 5 234 5
425000 48 5 288 5
4db000 425 24 738 5
402000 35 3 776 5
4ce000 75 9 861 5
4cd000 52 3 916 5
420000 88 8 1013 5
45b000 41 4 1059 5
410000 47 4 1111 5
492000 51 4 1167 5
432000 41 5 1214 5
431000 29 3 1247 5
4d4000 56 6 1310 5
470000 41 4 1355 5
477000 45 3 1404 5
476000 37 3 1445 5
475000 33 3 1482 5
474000 66 5 1554 6
447000 49 2 1606 6
416000 66 3 1676 6
413000 55 3 1735 6
412000 41 1 1778 6
411000 40 1 1820 6
490000 68 4 1893 6
48f000 48 1 1943 6
49b000 59 2 2005 6
464000 57 2 2065 6
451000 53 2 2121 6
450000 48 1 2171 6
46a000 43 1 2216 6
4b0000 74 3 2294 6
4cb000 55 3 2353 6
4af000 36 1 2390 6
4cc000 68 5 2464 6
454000 61 2 2528 6
43a000 50 3 2582 6
439000 48 2 2633 6
438000 46 2 2682 6
45e000 47 2 2732 6
437000 38 1 2772 6
498000 52 2 2827 6
456000 37 1 2866 7
2893 7
0x4d1000
4d1000 47 17 64 3
4db000 428 42 535 5
7f64eb2fd000 62 9 607 5
7f64eb2d9000 122 4 733 5
7f64eb2fc000 59 4 796 5
7f64eb2fb000 48 7 852 5
7f64eb3e6000 90 7 950 5
7f64eb3e5000 107 6 1064 5
7f64eb3e4000 68 16 1149 5
7f64eb3e2000 75 4 1228 5
7f64eb39c000 41 4 1274 5
402000 34 4 1313 5
42f000 52 4 1370 5
42e000 44 4 1419 5
47d000 51 4 1475 5
45b000 41 4 1521 5
410000 47 5 1574 5
492000 51 4 1630 5
432000 41 5 1677 5
431000 30 3 1711 5
4d4000 57 6 1774 5
470000 41 4 1820 5
477000 45 4 1869 5
476000 37 3 1910 5
475000 33 3 1947 5
474000 66 6 2020 6
447000 49 2 2072 6
416000 65 4 2142 6
413000 54 4 2201 6
412000 40 1 2243 6
411000 40 1 2285 6
490000 68 4 2358 6
48f000 48 1 2408 6
49b000 60 2 2470 6
464000 57 2 2530 6
451000 53 3 2587 6
450000 47 1 2636 6
46a000 43 2 2682 6
4b0000 74 2 2758 6
4cb000 55 3 2818 6
4af000 36 1 2855 6
4cc000 68 4 2928 6
454000 62 2 2993 6
43a000 50 2 3046 6
439000 49 1 3097 6
438000 46 2 3146 6
45e000 47 3 3197 6
437000 39 1 3237 6
498000 52 1 3291 6
456000 37 1 3330 7
3353 7
0x46e000
46e000 50 18 68 3
46d000 41 8 118 3
46c000 46 9 173 3
4db000 428 44 646 4
46b000 52 8 707 5
46a000 43 6 757 6
422000 56 4 818 6
410000 47 5 871 6
403000 40 3 914 6
7f64eb368000 57 5 977 6
7f64eb367000 50 3 1030 6
7f64eb366000 46 2 1078 6
402000 35 4 1118 6
48b000 59 5 1182 6
413000 55 6 1244 7
1250 7
0x46d000
46d000 42 12 54 0
54 0
0x46c000
46c000 46 14 60 1
4db000 426 63 550 3
46b000 52 10 613 4
46a000 43 9 666 5
422000 56 7 729 6
410000 47 4 781 6
403000 39 4 825 6
7f64eb368000 56 5 887 6
7f64eb367000 49 3 940 6
7f64eb366000 45 3 989 6
402000 34 4 1028 6
48b000 59 5 1092 6
413000 55 6 1154 7
1160 7
0x46b000
46b000 51 18 70 3
46a000 43 12 126 4
422000 56 10 192 5
410000 48 7 247 5
403000 39 7 294 5
4db000 424 27 745 6
7f64eb368000 57 4 807 6
7f64eb367000 50 2 860 6
7f64eb366000 45 3 909 6
402000 34 4 948 6
48b000 58 5 1012 6
413000 54 6 1074 7
1079 7
0x494000
494000 54 20 75 3
493000 57 10 143 4
492000 51 9 204 4
432000 40 11 256 5
4db000 425 25 707 6
431000 30 1 738 6
402000 34 3 776 6
4d4000 56 4 836 6
470000 41 2 880 6
477000 45 2 928 6
476000 37 2 968 6
475000 32 2 1003 6
474000 67 3 1074 7
1081 7
0x493000
493000 57 17 74 2
492000 51 14 140 2
432000 40 18 199 3
4db000 424 44 668 5
431000 30 4 702 5
402000 34 5 741 5
4d4000 56 7 805 6
470000 41 3 849 6
477000 45 3 897 6
476000 37 2 937 6
475000 32 2 972 6
474000 66 4 1043 7
1049 7
0x4c9000
4c9000 55 20 75 3
451000 52 14 142 4
450000 47 5 195 4
46a000 43 6 245 5
4b0000 74 6 326 5
4cb000 55 7 389 5
4af000 36 4 429 5
4cc000 67 10 507 5
454000 61 5 574 5
43a000 50 6 631 5
4db000 425 23 1080 5
416000 65 7 1153 5
413000 55 7 1216 5
412000 41 3 1261 5
411000 40 3 1305 5
410000 47 5 1358 5
490000 68 8 1435 5
402000 34 4 1474 5
48f000 49 3 1526 5
49b000 60 5 1591 5
432000 40 6 1638 5
431000 29 3 1671 5
4d4000 56 6 1734 5
470000 41 4 1780 5
477000 45 4 1829 5
476000 37 3 1870 5
475000 33 3 1907 5
474000 66 5 1979 6
447000 49 2 2031 6
45b000 41 2 2075 6
492000 51 2 2129 6
491000 68 2 2200 6
4a1000 62 3 2266 6
45c000 58 2 2327 7
2349 7
0x4ca000
4ca000 51 16 67 2
490000 68 22 158 4
402000 35 7 201 4
48f000 48 7 257 4
49b000 60 8 325 4
432000 41 10 377 5
4db000 426 24 828 5
431000 30 3 861 5
4d4000 56 6 923 5
470000 41 4 969 5
477000 45 4 1018 5
476000 37 3 1059 5
475000 32 3 1095 5
474000 67 5 1168 6
447000 49 2 1220 6
45b000 41 1 1263 6
410000 48 2 1314 6
492000 51 2 1367 6
491000 68 2 1438 6
4a1000 62 2 1503 6
45c000 59 2 1565 7
1577 7
0x48d000
48d000 41 20 62 3
402000 35 10 108 3
48b000 59 15 182 4
4db000 427 35 645 4
413000 55 13 713 6
412000 40 1 755 6
411000 40 1 797 6
410000 48 2 848 6
490000 68 4 920 6
48f000 48 1 970 6
49b000 59 2 1032 6
432000 41 2 1076 6
431000 29 1 1107 6
4d4000 56 2 1166 6
470000 41 2 1210 6
477000 45 2 1257 6
476000 37 1 1296 6
475000 33 1 1331 6
474000 66 2 1400 6
447000 49 2 1452 6
45b000 41 2 1496 6
492000 51 1 1549 6
491000 68 3 1621 6
4a1000 62 2 1686 6
45c000 58 3 1748 7
1763 7
0x4b1000
4b1000 51 22 74 2
402000 35 12 122 2
49b000 59 14 196 2
432000 41 17 255 3
4db000 425 42 723 4
431000 29 5 758 4
4d4000 56 9 823 5
470000 41 4 869 5
477000 45 4 918 5
476000 37 3 959 5
475000 33 3 996 5
474000 66 5 1068 6
447000 49 2 1120 6
45b000 41 2 1164 6
410000 47 2 1214 6
492000 51 1 1267 6
491000 68 3 1339 6
4a1000 62 2 1404 6
45c000 59 2 1466 7
1478 7
0x4b6000
4b6000 40 12 52 0
427000 42 17 112 3
426000 43 8 164 3
4a8000 50 11 226 4
453000 42 7 276 4
4db000 425 33 735 5
452000 52 4 792 5
402000 34 4 831 5
455000 82 8 921 5
4c3000 54 7 983 5
4c2000 25 2 1011 5
47e000 38 3 1053 5
492000 50 5 1110 5
432000 40 6 1157 5
431000 29 3 1190 5
4d4000 57 6 1253 5
470000 41 3 1298 5
477000 45 4 1348 5
476000 37 2 1388 5
475000 33 3 1425 5
474000 66 6 1498 6
447000 49 1 1549 6
45b000 40 2 1593 6
410000 47 2 1643 6
4be000 50 2 1696 6
49a000 46 2 1745 6
491000 68 3 1816 6
4a1000 62 2 1881 6
45c000 58 2 1942 7
1961 7
0x4b5000
4b5000 31 14 45 0
7f64eb372000 63 74 183 1
7f64eb371000 97 38 319 1
402000 34 14 368 3
4b9000 42 8 419 3
4a7000 55 13 488 4
45e000 47 9 545 4
416000 66 12 623 4
413000 55 12 691 5
412000 41 3 736 5
411000 40 3 780 5
4db000 429 23 1233 5
410000 47 5 1286 5
490000 68 8 1362 5
48f000 48 4 1415 5
49b000 59 5 1479 5
432000 41 5 1526 5
431000 30 2 1559 5
4d4000 56 6 1622 5
470000 41 4 1668 5
477000 45 4 1717 5
476000 37 2 1757 5
475000 33 3 1794 5
474000 67 5 1867 6
447000 49 2 1919 6
45b000 41 2 1963 6
492000 51 1 2016 6
491000 67 3 2088 6
4a1000 62 2 2153 6
45c000 58 3 2215 7
2231 7
0x4b9000
4b9000 42 14 57 0
4a7000 54 21 133 3
45e000 47 12 193 3
416000 66 16 275 4
413000 55 12 343 5
412000 40 4 388 5
411000 39 4 432 5
4db000 425 24 882 5
410000 47 5 934 5
490000 67 8 1010 5
402000 35 3 1049 5
48f000 48 3 1101 5
49b000 59 5 1166 5
432000 41 5 1213 5
431000 29 3 1246 5
4d4000 56 6 1309 5
470000 41 3 1354 5
477000 45 4 1404 5
476000 37 2 1444 5
475000 33 3 1481 5
474000 66 6 1554 6
447000 49 2 1606 6
45b000 41 1 1649 6
492000 51 2 1703 6
491000 68 3 1775 6
4a1000 61 3 1840 6
45c000 58 2 1901 7
1917 7
0x4b8000
4b8000 51 16 68 0
4b1000 51 23 143 2
402000 34 13 191 2
49b000 59 15 265 2
432000 41 16 323 3
4db000 426 42 792 4
431000 29 5 827 4
4d4000 57 9 893 5
470000 41 4 939 5
477000 45 4 988 5
476000 37 2 1028 5
475000 33 3 1065 5
474000 66 6 1138 6
447000 49 1 1189 6
45b000 41 2 1233 6
410000 47 2 1283 6
492000 52 1 1336 6
491000 68 3 1408 6
4a1000 62 2 1473 6
45c000 58 2 1534 7
1547 7
0x4b7000
4b7000 41 15 56 0
494000 55 20 132 3
493000 56 10 199 4
492000 51 9 260 4
432000 41 11 313 5
4db000 425 25 764 6
431000 30 2 796 6
402000 35 2 833 6
4d4000 56 4 893 6
470000 41 2 937 6
477000 45 2 985 6
476000 37 2 1025 6
475000 33 2 1061 6
474000 66 3 1131 7
1139 7
0x4b3000
4b3000 39 14 53 0
53 0
0x49e000
49e000 40 18 59 3
43a000 49 14 123 4
4db000 425 33 582 5
416000 66 7 656 6
413000 54 3 714 6
412000 41 1 757 6
411000 39 2 799 6
410000 47 2 849 6
490000 69 3 921 6
402000 35 1 958 6
48f000 48 1 1008 6
49b000 60 2 1070 6
432000 40 3 1114 6
431000 29 1 1145 6
4d4000 56 2 1204 6
470000 41 2 1248 6
477000 45 2 1295 6
476000 37 1 1334 6
475000 32 2 1369 6
474000 66 2 1438 6
447000 49 2 1490 6
45b000 41 2 1534 6
492000 51 2 1588 6
491000 69 2 1660 6
4a1000 63 2 1726 6
45c000 58 2 1787 7
1804 7
0x49d000
49d000 27 11 38 0
49e000 40 19 98 3
43a000 49 14 162 4
4db000 426 33 622 5
416000 66 7 695 6
413000 55 3 754 6
412000 40 1 796 6
411000 40 1 838 6
410000 48 2 889 6
490000 68 4 961 6
402000 34 2 998 6
48f000 48 2 1048 6
49b000 59 2 1109 6
432000 41 2 1153 6
431000 30 1 1185 6
4d4000 56 3 1244 6
470000 41 1 1287 6
477000 45 1 1334 6
476000 37 1 1373 6
475000 33 1 1408 6
474000 66 2 1477 6
447000 48 2 1529 6
45b000 41 2 1573 6
492000 51 2 1627 6
491000 68 2 1698 6
4a1000 62 3 1764 6
45c000 58 2 1825 7
1842 7
0x418000
418000 63 17 80 2
490000 68 22 171 5
402000 35 5 212 5
48f000 48 5 265 5
49b000 59 6 331 5
432000 41 7 380 6
4db000 427 14 821 6
431000 29 1 852 6
4d4000 56 2 911 6
470000 41 2 955 6
477000 45 2 1002 6
476000 37 1 1041 6
475000 33 1 1076 6
474000 66 2 1145 6
447000 49 2 1197 6
45b000 41 2 1241 6
410000 47 2 1291 6
492000 51 1 1344 6
491000 67 3 1416 6
4a1000 62 2 1481 6
45c000 59 2 1543 7
1555 7
0x417000
417000 44 14 59 2
416000 66 21 146 3
413000 55 16 218 4
412000 41 5 265 4
411000 40 6 312 4
4db000 425 33 771 5
410000 47 5 824 5
490000 68 8 900 5
402000 35 4 940 5
48f000 48 4 992 5
49b000 60 4 1056 5
432000 41 5 1103 5
431000 30 3 1137 5
4d4000 57 6 1200 5
470000 41 3 1245 5
477000 45 4 1295 5
476000 37 3 1336 5
475000 33 3 1372 5
474000 66 5 1445 6
447000 49 2 1497 6
45b000 41 2 1541 6
492000 51 2 1595 6
491000 68 2 1666 6
4a1000 62 3 1732 6
45c000 58 2 1793 7
1809 7
0x465000
465000 30 13 43 1
402000 34 15 93 2
7f64eb372000 63 55 211 3
7f64eb371000 97 27 336 3
432000 41 13 391 4
4db000 425 33 850 5
431000 29 3 883 5
4d4000 55 6 945 5
470000 41 4 991 5
477000 45 4 1040 5
476000 37 3 1081 5
475000 33 3 1118 5
474000 66 5 1190 6
447000 49 2 1242 6
45b000 41 1 1285 6
410000 48 2 1336 6
492000 51 2 1389 6
491000 68 2 1460 6
4a1000 62 3 1526 6
45c000 58 2 1587 7
1597 7
0x4c8000
4c8000 41 13 55 1
481000 39 12 107 1
4c5000 51 15 174 2
451000 53 18 246 4
450000 48 4 298 4
46a000 44 6 349 5
4b0000 74 6 429 5
4cb000 55 6 491 5
4af000 35 4 531 5
4cc000 69 9 610 5
454000 61 6 678 5
43a000 49 6 734 5
4db000 427 23 1185 5
416000 66 7 1258 5
413000 55 7 1321 5
412000 40 4 1366 5
411000 39 4 1410 5
410000 47 5 1463 5
490000 68 8 1539 5
402000 35 3 1578 5
48f000 48 4 1631 5
49b000 59 5 1696 5
432000 40 6 1743 5
431000 29 3 1776 5
4d4000 56 6 1839 5
470000 41 4 1885 5
477000 45 4 1934 5
476000 37 3 1975 5
475000 32 3 2011 5
474000 66 6 2084 6
447000 49 2 2136 6
45b000 41 1 2179 6
492000 51 1 2233 6
491000 67 3 2305 6
4a1000 62 2 2370 6
45c000 58 3 2432 7
2454 7
0x4d2000
4d2000 48 16 65 1
481000 40 11 117 1
4c5000 51 16 185 2
451000 52 18 256 4
450000 47 5 309 4
46a000 43 6 359 5
4b0000 74 6 439 5
4cb000 55 7 502 5
4af000 36 4 542 5
4cc000 68 9 619 5
454000 62 5 687 5
43a000 50 6 744 5
4db000 426 24 1194 5
416000 66 7 1267 5
413000 55 7 1330 5
412000 40 3 1374 5
411000 40 3 1418 5
410000 48 4 1471 5
490000 68 7 1547 5
402000 34 4 1587 5
48f000 48 4 1639 5
49b000 59 5 1703 5
432000 41 5 1750 5
431000 29 3 1783 5
4d4000 56 6 1846 5
470000 41 4 1892 5
477000 45 4 1941 5
476000 37 2 1981 5
475000 33 3 2018 5
474000 66 6 2091 6
447000 49 2 2143 6
45b000 41 1 2186 6
492000 51 2 2240 6
491000 68 2 2311 6
4a1000 61 3 2377 6
45c000 58 2 2438 7
2461 7
0x49a000
49a000 46 18 64 2
64 2
0x466000
466000 34 13 47 0
47 0
0x497000
497000 47 13 61 1
402000 34 14 110 2
496000 41 11 163 2
495000 78 23 265 3
4a5000 64 8 338 4
45e000 47 8 394 4
4db000 427 33 854 4
45d000 64 5 923 4
4a4000 61 10 995 5
499000 62 5 1063 5
4b0000 74 6 1144 5
4cb000 55 7 1207 5
4af000 36 4 1247 5
4cc000 68 9 1325 5
454000 61 5 1392 5
43a000 50 6 1449 5
416000 66 7 1522 5
413000 55 7 1585 5
412000 40 4 1630 5
411000 40 4 1674 5
410000 47 5 1727 5
490000 68 8 1803 5
48f000 48 3 1855 5
49b000 59 5 1920 5
432000 41 5 1967 5
431000 29 3 2000 5
4d4000 56 6 2063 5
470000 41 4 2109 5
477000 45 4 2158 5
476000 37 3 2199 5
475000 33 3 2235 5
474000 67 5 2308 6
447000 49 2 2360 6
45b000 41 1 2403 6
492000 51 1 2457 6
491000 68 3 2529 6
4a1000 62 2 2594 6
45c000 58 2 2655 7
2679 7
0x4b2000
4b2000 46 15 61 0
406000 45 15 122 2
4cb000 55 19 197 4
4db000 424 36 658 5
405000 50 5 713 5
423000 54 7 775 6
422000 56 2 834 6
410000 47 2 884 6
403000 40 1 925 6
7f64eb368000 57 2 985 6
7f64eb367000 49 1 1036 6
7f64eb366000 45 1 1083 6
402000 34 2 1120 6
48b000 59 3 1182 6
413000 54 4 1241 6
412000 40 1 1283 6
411000 40 1 1325 6
490000 68 4 1398 6
48f000 48 1 1448 6
49b000 59 2 1510 6
432000 41 2 1554 6
431000 30 1 1586 6
4d4000 56 3 1645 6
470000 41 1 1688 6
477000 45 1 1735 6
476000 37 1 1774 6
475000 33 1 1809 6
474000 66 2 1878 6
447000 49 2 1930 6
45b000 41 2 1974 6
492000 51 1 2027 6
491000 68 3 2099 6
4a1000 62 2 2164 6
45c000 59 2 2226 7
2245 7
0x429000
429000 44 13 57 1
428000 56 17 131 3
42e000 44 11 187 4
427000 42 7 236 4
426000 43 5 285 4
4a8000 50 7 343 4
453000 42 7 393 4
4db000 425 33 852 5
452000 52 4 909 5
402000 35 4 948 5
455000 82 8 1038 5
4c3000 54 6 1099 5
4c2000 26 2 1128 5
47e000 38 3 1170 5
492000 51 4 1226 5
432000 41 6 1274 5
431000 30 3 1307 5
4d4000 56 6 1369 5
470000 41 4 1415 5
477000 45 4 1464 5
476000 37 3 1505 5
475000 32 3 1541 5
474000 67 5 1614 6
447000 49 2 1666 6
45b000 41 2 1710 6
410000 47 2 1760 6
4be000 50 3 1813 6
49a000 46 2 1861 6
491000 67 3 1932 6
4a1000 62 2 1997 6
45c000 58 2 2059 7
2077 7
0x428000
428000 56 19 75 3
42e000 44 11 131 4
427000 42 7 180 4
426000 43 5 229 4
4a8000 50 7 287 4
453000 41 7 336 4
4db000 426 33 796 5
452000 52 4 852 5
402000 34 4 891 5
455000 82 8 981 5
4c3000 54 6 1042 5
4c2000 26 2 1071 5
47e000 38 3 1113 5
492000 51 4 1169 5
432000 41 5 1216 5
431000 30 3 1250 5
4d4000 56 6 1312 5
470000 41 4 1358 5
477000 45 4 1407 5
476000 37 3 1448 5
475000 33 3 1485 5
474000 66 5 1557 6
447000 49 1 1609 6
45b000 41 2 1653 6
410000 47 2 1703 6
4be000 50 2 1756 6
49a000 46 2 1805 6
491000 68 2 1875 6
4a1000 61 3 1941 6
45c000 58 2 2002 7
2020 7
0x4b4000
4b4000 28 12 40 0
4b1000 51 23 115 2
402000 34 12 162 2
49b000 59 15 237 2
432000 40 17 295 3
4db000 426 42 764 4
431000 29 5 799 4
4d4000 56 9 864 5
470000 41 4 910 5
477000 45 3 959 5
476000 38 2 1000 5
475000 33 3 1037 5
474000 66 5 1109 6
447000 50 1 1161 6
45b000 41 2 1205 6
410000 47 2 1255 6
492000 51 1 1308 6
491000 68 3 1380 6
4a1000 62 2 1445 6
45c000 58 3 1507 7
1519 7
0x4d6000
4d6000 37 14 51 2
427000 42 14 107 3
426000 42 9 159 3
4a8000 50 11 221 4
453000 41 8 271 4
4db000 427 33 731 5
452000 52 4 788 5
402000 35 4 827 5
455000 82 8 917 5
4c3000 54 6 978 5
4c2000 25 2 1007 5
47e000 38 4 1050 5
492000 51 4 1106 5
432000 41 5 1153 5
431000 29 3 1186 5
4d4000 56 6 1249 5
470000 41 4 1295 5
477000 45 4 1344 5
476000 37 3 1385 5
475000 32 4 1422 5
474000 66 5 1494 6
447000 50 1 1546 6
45b000 40 2 1590 6
410000 47 2 1640 6
4be000 50 2 1693 6
49a000 46 2 1742 6
491000 68 3 1813 6
4a1000 62 2 1878 6
45c000 58 3 1940 7
1958 7
0x4d5000
4d5000 28 10 39 0
39 0
0x486000
486000 52 21 73 2
40f000 63 13 150 4
40e000 58 8 217 4
40d000 58 9 285 4
40c000 52 7 345 4
40b000 42 7 395 4
40a000 57 7 460 5
4db000 427 23 910 5
402000 35 3 949 5
41a000 65 6 1021 5
419000 57 4 1083 5
472000 60 5 1149 5
471000 35 2 1187 5
48a000 65 6 1259 6
407000 59 3 1322 6
4c4000 74 3 1400 6
490000 69 4 1474 6
48f000 49 2 1526 6
49b000 59 3 1588 6
432000 40 4 1634 6
431000 29 2 1666 6
4d4000 57 4 1727 6
470000 41 2 1771 6
477000 45 2 1819 6
476000 37 2 1859 6
475000 33 2 1895 6
474000 66 3 1965 7
1983 7
0x489000
489000 33 15 48 1
42f000 52 15 116 3
42e000 44 10 171 3
47d000 52 8 231 3
402000 34 9 275 4
4db000 425 33 734 5
45b000 41 4 780 5
410000 47 5 833 5
492000 51 4 888 5
432000 41 5 935 5
431000 29 3 969 5
4d4000 57 6 1032 5
470000 41 3 1077 5
477000 45 4 1127 5
476000 38 2 1168 5
475000 33 3 1205 5
474000 67 5 1278 6
447000 49 2 1330 6
416000 66 3 1400 6
413000 55 3 1459 6
412000 40 2 1502 6
411000 39 2 1544 6
490000 68 3 1616 6
48f000 48 2 1667 6
49b000 59 2 1728 6
464000 57 3 1789 6
451000 52 3 1845 6
450000 47 1 1894 6
46a000 44 1 1940 6
4b0000 73 3 2017 6
4cb000 56 3 2077 6
4af000 36 2 2115 6
4cc000 68 4 2188 6
454000 61 3 2253 6
43a000 49 3 2306 6
439000 48 2 2357 6
438000 46 2 2406 6
45e000 47 2 2456 6
437000 38 2 2497 6
498000 52 2 2551 6
456000 37 1 2590 7
2613 7
0x487000
487000 28 12 40 1
489000 32 13 86 2
42f000 52 13 152 4
42e000 44 7 204 4
47d000 51 6 262 4
402000 34 6 303 5
4db000 425 24 753 6
45b000 41 2 796 6
410000 47 2 846 6
492000 51 1 899 6
432000 41 2 943 6
431000 30 1 975 6
4d4000 56 3 1034 6
470000 41 1 1077 6
477000 45 1 1124 6
476000 38 0 1163 6
475000 33 1 1198 6
474000 66 3 1268 6
447000 49 1 1319 6
416000 66 3 1389 6
413000 55 3 1448 6
412000 41 1 1491 6
411000 39 2 1533 6
490000 68 4 1606 6
48f000 48 1 1656 6
49b000 60 2 1718 6
464000 57 2 1778 6
451000 52 3 1834 6
450000 47 2 1884 6
46a000 43 1 1929 6
4b0000 73 3 2006 6
4cb000 55 3 2065 6
4af000 36 2 2103 6
4cc000 67 5 2176 6
454000 61 2 2240 6
43a000 50 3 2294 6
439000 48 2 2345 6
438000 46 2 2394 6
45e000 47 2 2444 6
437000 38 1 2484 6
498000 52 1 2538 6
456000 37 1 2577 7
2601 7
0x488000
488000 23 10 33 0
33 0
0x45a000
45a000 52 20 72 3
7f64eb368000 56 13 142 4
7f64eb367000 49 6 198 4
7f64eb366000 45 5 249 4
402000 34 8 292 4
4db000 424 35 752 5
483000 64 11 828 5
42c000 39 6 874 5
47c000 49 8 932 5
427000 41 6 980 5
426000 42 5 1028 5
4a8000 49 6 1084 6
453000 42 1 1128 6
452000 52 2 1183 6
455000 82 3 1269 6
4c3000 54 3 1327 6
4c2000 25 1 1354 6
47e000 38 1 1394 6
492000 51 2 1448 6
432000 41 2 1491 6
431000 30 1 1523 6
4d4000 56 3 1582 6
470000 41 1 1625 6
477000 45 1 1672 6
476000 37 1 1711 6
475000 33 1 1746 6
474000 66 2 1815 6
447000 49 2 1867 6
45b000 40 2 1910 6
410000 47 2 1960 6
4be000 50 2 2013 6
49a000 46 2 2062 6
491000 68 2 2132 6
4a1000 62 2 2197 6
45c000 58 2 2259 7
2279 7
0x444000
444000 46 17 63 1
63 1
0x443000
443000 34 14 48 2
49 2
0x4bd000
4bd000 41 15 56 2
4c4000 74 16 147 3
490000 68 16 232 5
402000 35 3 271 5
48f000 48 3 323 5
49b000 60 4 387 5
432000 41 5 434 5
4db000 425 24 884 5
431000 29 3 916 5
4d4000 56 6 979 5
470000 41 3 1024 5
477000 45 3 1073 5
476000 37 3 1114 5
475000 33 3 1151 5
474000 66 5 1223 6
447000 49 2 1275 6
45b000 41 1 1318 6
410000 47 2 1368 6
492000 51 2 1422 6
491000 68 3 1493 6
4a1000 62 2 1558 6
45c000 58 2 1619 7
1632 7
0x479000
479000 96 31 127 1
478000 47 17 192 2
477000 45 13 250 2
4db000 425 54 730 3
476000 37 7 774 4
475000 33 5 813 4
474000 66 8 888 5
447000 49 5 943 5
45b000 41 4 988 5
410000 48 5 1042 5
492000 51 4 1097 5
432000 41 5 1144 5
431000 30 2 1177 5
402000 34 4 1216 5
4d4000 56 6 1279 6
470000 42 1 1322 6
413000 55 3 1380 6
412000 41 1 1423 6
411000 40 1 1465 6
490000 68 4 1538 6
48f000 48 1 1588 6
49b000 59 2 1650 6
464000 57 2 1710 6
451000 53 2 1766 6
450000 48 1 1816 6
46a000 43 1 1861 6
4b0000 73 3 1938 6
4cb000 55 3 1997 6
4af000 35 2 2035 6
4cc000 68 4 2108 6
454000 61 3 2173 6
43a000 50 3 2226 6
416000 65 4 2296 6
415000 60 3 2360 7
2379 7
0x47a000
47a000 54 17 72 1
479000 96 27 196 1
478000 47 16 260 2
477000 45 13 319 2
4db000 425 54 798 3
476000 37 7 843 4
475000 33 5 882 4
474000 67 8 957 5
447000 49 4 1011 5
45b000 41 4 1057 5
410000 47 5 1110 5
492000 51 4 1166 5
432000 40 6 1213 5
431000 29 3 1246 5
402000 35 4 1285 5
4d4000 56 6 1347 6
470000 41 1 1390 6
413000 54 4 1449 6
412000 40 1 1491 6
411000 40 1 1533 6
490000 68 4 1606 6
48f000 48 1 1656 6
49b000 60 2 1718 6
464000 57 2 1778 6
451000 52 3 1834 6
450000 47 1 1883 6
46a000 43 2 1929 6
4b0000 74 3 2006 6
4cb000 54 4 2065 6
4af000 35 2 2102 6
4cc000 68 4 2175 6
454000 61 3 2240 6
43a000 49 3 2293 6
416000 65 3 2362 6
415000 60 3 2426 7
2447 7
0x448000
448000 34 12 46 2
4db000 425 54 526 4
4d3000 57 9 592 5
453000 41 6 640 5
452000 52 5 698 5
402000 34 6 739 5
455000 82 9 830 5
4c3000 54 8 893 5
4c2000 26 4 924 5
47e000 38 5 967 5
492000 51 5 1024 5
432000 41 7 1073 6
431000 30 1 1104 6
4d4000 56 3 1163 6
470000 41 1 1206 6
477000 45 1 1253 6
476000 37 1 1292 6
475000 33 1 1327 6
474000 66 2 1396 6
447000 49 2 1448 6
45b000 41 2 1492 6
410000 47 2 1542 6
4be000 50 2 1595 6
49a000 47 2 1644 6
491000 68 3 1715 6
4a1000 62 2 1780 6
45c000 58 2 1841 7
1858 7
0x449000
449000 20 9 29 0
402000 34 16 80 2
448000 33 9 123 3
4db000 427 44 595 4
4d3000 56 9 661 5
453000 42 6 710 5
452000 52 5 768 5
455000 82 9 860 5
4c3000 54 8 923 5
4c2000 25 4 953 5
47e000 38 5 997 5
492000 51 5 1054 5
432000 41 7 1103 6
431000 29 1 1134 6
4d4000 56 2 1193 6
470000 41 2 1237 6
477000 45 2 1284 6
476000 37 1 1323 6
475000 33 1 1358 6
474000 67 2 1428 6
447000 50 2 1481 6
45b000 41 1 1524 6
410000 48 2 1575 6
4be000 50 2 1628 6
49a000 46 2 1677 6
491000 68 3 1749 6
4a1000 62 3 1815 6
45c000 59 2 1877 7
1895 7
0x44c000
44c000 21 9 30 0
45e000 48 20 98 1
44b000 20 9 127 1
44e000 32 13 173 1
402000 34 15 223 2
448000 34 10 267 3
4db000 429 45 742 4
4d3000 57 9 809 5
453000 42 6 858 5
452000 52 5 916 5
455000 83 9 1009 5
4c3000 54 9 1073 5
4c2000 25 4 1103 5
47e000 38 5 1147 5
492000 52 6 1205 5
432000 41 7 1254 6
431000 29 1 1285 6
4d4000 56 3 1345 6
470000 41 2 1389 6
477000 46 1 1436 6
476000 38 1 1476 6
475000 33 1 1511 6
474000 67 2 1581 6
447000 50 2 1634 6
45b000 41 2 1678 6
410000 48 2 1729 6
4be000 50 3 1783 6
49a000 47 2 1832 6
491000 69 3 1904 6
4a1000 63 2 1970 6
45c000 59 2 2032 7
2054 7
0x44b000
44b000 20 9 29 0
44e000 32 15 77 0
402000 36 16 129 2
448000 34 9 172 3
4db000 432 45 650 4
4d3000 58 9 717 5
453000 42 6 766 5
452000 52 5 824 5
455000 84 9 918 5
4c3000 54 9 982 5
4c2000 25 4 1012 5
47e000 39 4 1056 5
492000 52 6 1115 5
432000 41 7 1164 6
431000 30 1 1196 6
4d4000 57 3 1256 6
470000 41 2 1300 6
477000 46 1 1347 6
476000 38 1 1387 6
475000 33 1 1422 6
474000 67 3 1493 6
447000 49 2 1545 6
45b000 42 1 1589 6
410000 48 2 1640 6
4be000 51 2 1694 6
49a000 47 2 1743 6
491000 68 3 1815 6
4a1000 62 3 1881 6
45c000 59 2 1943 7
1963 7
0x44e000
44e000 32 14 46 0
402000 35 16 98 2
448000 33 10 142 3
4db000 431 45 619 4
4d3000 57 9 686 5
453000 43 5 735 5
452000 53 5 794 5
455000 83 9 887 5
4c3000 55 9 952 5
4c2000 26 4 982 5
47e000 38 5 1026 5
492000 51 6 1084 5
432000 41 7 1133 6
431000 30 1 1165 6
4d4000 57 3 1225 6
470000 41 2 1269 6
477000 46 1 1316 6
476000 37 1 1355 6
475000 34 1 1391 6
474000 67 2 1461 6
447000 50 2 1514 6
45b000 41 2 1558 6
410000 48 2 1609 6
4be000 51 2 1662 6
49a000 47 2 1712 6
491000 69 2 1783 6
4a1000 63 3 1850 6
45c000 59 2 1912 7
1930 7
0x44d000
44d000 39 13 52 0
4db000 432 71 556 3
448000 34 7 597 4
4d3000 58 9 665 5
453000 42 6 714 5
452000 52 6 773 5
402000 35 5 813 5
455000 83 9 906 5
4c3000 55 8 970 5
4c2000 26 4 1001 5
47e000 39 4 1044 5
492000 52 6 1103 5
432000 41 7 1152 6
431000 29 1 1183 6
4d4000 56 3 1243 6
470000 42 1 1287 6
477000 45 2 1335 6
476000 37 1 1374 6
475000 33 1 1409 6
474000 67 3 1480 6
447000 49 2 1532 6
45b000 42 1 1576 6
410000 47 2 1627 6
4be000 51 2 1681 6
49a000 47 2 1730 6
491000 68 3 1802 6
4a1000 63 2 1868 6
45c000 59 2 1930 7
1949 7
0x44a000
44a000 18 10 29 0
402000 35 16 80 2
448000 33 10 124 3
4db000 430 45 600 4
4d3000 57 9 667 5
453000 42 6 716 5
452000 53 5 775 5
455000 83 9 868 5
4c3000 55 8 932 5
4c2000 25 4 962 5
47e000 39 4 1006 5
492000 52 6 1065 5
432000 41 7 1114 6
431000 30 1 1146 6
4d4000 57 2 1206 6
470000 42 1 1250 6
477000 45 2 1298 6
476000 37 1 1337 6
475000 33 1 1372 6
474000 67 3 1443 6
447000 50 1 1495 6
45b000 42 1 1539 6
410000 47 2 1590 6
4be000 50 3 1644 6
49a000 47 2 1693 6
491000 69 2 1764 6
4a1000 63 2 1830 6
45c000 59 2 1892 7
1910 7
0x44f000
44f000 36 11 47 1
47 1
0x46f000
46f000 23 11 35 2
4a4000 62 18 116 3
499000 62 15 194 3
402000 34 10 239 3
4b0000 74 15 329 3
4cb000 55 16 401 3
4af000 35 11 448 3
4cc000 68 21 538 5
454000 62 5 606 5
43a000 50 6 663 5
4db000 429 24 1117 5
416000 66 7 1190 5
413000 55 7 1253 5
412000 41 3 1298 5
411000 40 4 1343 5
410000 47 5 1396 5
490000 69 8 1473 5
48f000 48 3 1525 5
49b000 60 4 1590 5
432000 41 6 1638 5
431000 29 3 1671 5
4d4000 57 6 1734 5
470000 41 4 1780 5
477000 45 4 1829 5
476000 37 3 1870 5
475000 33 3 1907 5
474000 67 5 1980 6
447000 50 1 2032 6
45b000 42 1 2076 6
492000 52 1 2130 6
491000 68 3 2202 6
4a1000 62 3 2268 6
45c000 58 3 2330 7
2353 7
0x4c1000
4c1000 31 13 44 1
4db000 431 64 539 3
4c3000 54 16 609 4
4c2000 26 5 641 4
47e000 38 7 687 4
492000 52 8 747 4
432000 41 10 799 5
431000 29 3 832 5
402000 35 4 871 5
4d4000 57 6 934 5
470000 42 4 980 5
477000 46 4 1030 5
476000 38 2 1070 5
475000 33 3 1107 5
474000 67 5 1180 6
447000 50 1 1232 6
45b000 42 1 1276 6
410000 48 2 1327 6
4be000 51 2 1380 6
49a000 47 2 1429 6
491000 68 3 1500 6
4a1000 62 3 1566 6
45c000 58 3 1628 7
1641 7
0x42d000
42d000 50 16 66 1
66 1
0x4ad000
4ad000 26 11 37 0
48e000 43 15 95 2
4c3000 54 20 170 5
4c2000 25 4 200 5
47e000 38 4 243 5
492000 52 5 301 5
432000 41 7 350 6
4db000 432 14 797 6
431000 30 1 828 6
402000 35 1 864 6
4d4000 56 3 924 6
470000 41 1 967 6
477000 45 1 1014 6
476000 37 1 1053 6
475000 33 1 1088 6
474000 66 3 1158 6
447000 49 1 1209 6
45b000 41 2 1253 6
410000 47 2 1303 6
4be000 50 2 1356 6
49a000 47 1 1404 6
491000 68 2 1475 6
4a1000 63 3 1542 6
45c000 65 2 1610 7
1624 7
0x4ae000
4ae000 26 11 38 0
4ad000 26 10 75 0
48e000 42 16 134 2
4c3000 55 20 209 5
4c2000 25 4 239 5
47e000 38 4 282 5
492000 52 5 340 5
432000 41 7 389 6
4db000 428 14 832 6
431000 30 1 864 6
402000 35 1 900 6
4d4000 56 2 959 6
470000 42 1 1003 6
477000 46 1 1050 6
476000 37 1 1089 6
475000 34 1 1125 6
474000 67 2 1195 6
447000 49 2 1247 6
45b000 41 2 1291 6
410000 47 2 1341 6
4be000 50 3 1395 6
49a000 47 1 1443 6
491000 68 3 1515 6
4a1000 62 3 1581 6
45c000 58 2 1642 7
1658 7
0x469000
469000 25 13 39 1
41a000 65 20 125 2
419000 58 13 197 2
472000 61 13 271 4
471000 36 5 313 4
48a000 66 9 389 5
402000 35 6 431 5
4db000 429 28 889 5
407000 59 8 956 5
4c4000 74 9 1040 6
490000 68 5 1114 6
48f000 49 2 1166 6
49b000 60 3 1229 6
432000 41 3 1274 6
431000 30 2 1307 6
4d4000 57 3 1367 6
470000 41 3 1412 6
477000 46 2 1460 6
476000 37 2 1500 6
475000 33 2 1536 6
474000 67 3 1607 7
1621 7
0x467000
467000 32 12 45 0
4c6000 78 23 147 2
490000 68 22 238 4
402000 35 7 281 4
48f000 48 7 337 4
49b000 60 9 406 4
432000 41 10 458 5
4db000 430 23 912 5
431000 29 3 945 5
4d4000 57 6 1008 5
470000 41 4 1054 5
477000 46 3 1103 5
476000 38 2 1144 5
475000 33 3 1181 5
474000 67 5 1254 6
447000 50 2 1307 6
45b000 41 2 1351 6
410000 47 2 1401 6
492000 51 2 1455 6
491000 68 3 1527 6
4a1000 63 2 1593 6
45c000 59 2 1655 7
1667 7
0x468000
468000 25 11 37 0
466000 34 13 85 0
465000 30 12 128 1
402000 35 15 179 2
7f64eb372000 62 56 298 3
7f64eb371000 97 28 424 3
432000 41 14 479 4
4db000 429 33 942 5
431000 30 2 975 5
4d4000 56 6 1038 5
470000 42 3 1084 5
477000 45 4 1134 5
476000 37 3 1175 5
475000 33 3 1212 5
474000 67 5 1285 6
447000 49 2 1337 6
45b000 41 2 1381 6
410000 48 2 1432 6
492000 51 2 1485 6
491000 68 3 1557 6
4a1000 63 2 1623 6
45c000 59 2 1685 7
1696 7
0x433000
433000 30 11 41 0
7f64eb372000 63 74 179 1
7f64eb371000 98 39 317 1
402000 35 14 366 3
48b000 60 14 440 4
4db000 432 35 908 4
413000 55 13 977 5
412000 40 4 1022 5
411000 41 3 1066 5
410000 48 4 1119 5
490000 69 7 1196 5
48f000 49 3 1249 5
49b000 60 5 1315 5
432000 42 5 1362 5
431000 30 2 1395 5
4d4000 56 6 1458 5
470000 42 3 1504 5
477000 45 4 1554 5
476000 37 3 1595 5
475000 33 3 1632 5
474000 67 5 1705 6
447000 50 1 1757 6
45b000 42 1 1801 6
492000 52 1 1855 6
491000 69 2 1927 6
4a1000 63 2 1993 6
45c000 60 2 2056 7
2072 7
0x43f000
43f000 39 12 51 0
43e000 32 9 93 0
43b000 30 11 135 1
480000 54 18 208 3
47f000 50 11 269 3
4db000 428 45 743 4
47e000 38 7 788 4
492000 51 8 848 4
432000 41 10 900 5
431000 29 3 933 5
402000 35 3 971 5
4d4000 56 6 1034 6
470000 41 1 1077 6
477000 45 1 1124 6
476000 37 1 1163 6
475000 33 1 1198 6
474000 67 3 1269 6
447000 49 2 1321 6
45b000 40 2 1364 6
410000 47 2 1414 6
4be000 50 2 1467 6
49a000 46 2 1516 6
4c3000 54 3 1573 6
4c2000 26 0 1600 6
4c1000 31 1 1633 6
4d1000 47 2 1683 6
7f64eb2fd000 62 4 1750 6
7f64eb2d9000 121 1 1873 6
7f64eb2fc000 59 2 1934 6
7f64eb2fb000 47 3 1985 6
7f64eb3e6000 89 4 2079 6
7f64eb3e5000 107 3 2189 6
7f64eb3e4000 68 8 2265 6
7f64eb3e2000 74 1 2341 6
7f64eb39c000 41 2 2385 6
42f000 52 2 2439 6
42e000 44 2 2486 6
47d000 52 1 2539 6
4c6000 77 3 2620 6
420000 87 4 2712 6
4aa000 60 3 2776 6
4a9000 77 3 2857 6
416000 65 3 2926 6
413000 54 3 2985 6
412000 41 1 3028 6
411000 40 1 3070 6
490000 68 4 3143 6
48f000 48 1 3193 6
49b000 59 2 3255 6
464000 57 2 3315 6
451000 53 3 3372 6
450000 47 1 3421 6
46a000 43 2 3467 6
4b0000 74 3 3544 6
4cb000 54 4 3603 6
4af000 35 2 3640 6
4cc000 68 4 3713 6
454000 61 3 3778 6
43a000 49 3 3831 6
439000 48 2 3882 6
438000 46 2 3931 6
45e000 48 2 3982 6
437000 39 1 4022 6
498000 51 2 4076 6
456000 37 1 4115 7
4148 7
0x43d000
43d000 26 10 36 0
43b000 29 11 77 1
43e000 32 9 119 1
436000 91 24 235 2
440000 34 9 278 2
42b000 83 29 391 3
42a000 50 10 452 4
402000 34 8 495 4
7f64eb368000 56 10 561 4
7f64eb367000 49 5 616 4
7f64eb366000 45 5 667 4
413000 55 12 735 5
412000 41 3 780 5
411000 40 3 824 5
4db000 428 23 1276 5
410000 47 5 1329 5
490000 69 7 1405 5
48f000 48 4 1458 5
49b000 60 4 1522 5
432000 41 5 1569 5
431000 30 3 1603 5
4d4000 56 6 1665 5
470000 41 4 1711 5
477000 45 4 1760 5
476000 37 3 1801 5
475000 33 3 1838 5
474000 66 5 1910 6
447000 49 2 1962 6
45b000 41 1 2005 6
492000 52 1 2059 6
491000 68 3 2131 6
4a1000 61 3 2196 6
45c000 58 2 2257 7
2277 7
0x43c000
43c000 20 10 31 0
4ac000 31 13 76 1
4c4000 74 21 172 3
490000 68 16 257 5
402000 35 4 297 5
48f000 48 4 349 5
49b000 59 5 413 5
432000 41 5 460 5
4db000 427 23 911 5
431000 29 3 944 5
4d4000 56 6 1007 5
470000 41 3 1052 5
477000 45 4 1102 5
476000 37 2 1142 5
475000 33 3 1179 5
474000 66 6 1252 6
447000 49 2 1304 6
45b000 41 1 1347 6
410000 48 2 1398 6
492000 51 2 1451 6
491000 67 3 1522 6
4a1000 62 2 1587 6
45c000 58 2 1648 7
1662 7
