0x404000
404000 35 11 46 2
40f000 101 15 163 3
403000 34 8 205 3
402000 44 10 260 3
7f8cf72ae000 57 13 331 4
7f8cf72ad000 50 6 388 4
7f8cf72ac000 46 6 440 4
7f8cf7315000 61 19 521 5
7f8cf7311000 80 19 620 5
7f8cf7310000 57 21 699 5
7f8cf730b000 54 15 769 5
7f8cf730a000 78 24 871 5
7f8cf7309000 61 16 949 5
7f8cf721f000 124 6 1079 5
7f8cf7308000 46 5 1130 5
7f8cf7307000 45 4 1180 5
7f8cf729c000 87 18 1286 5
7f8cf729b000 95 12 1393 5
7f8cf735c000 105 11 1510 5
7f8cf729a000 62 10 1582 5
7f8cf7299000 83 10 1675 5
7f8cf7291000 154 13 1842 5
7f8cf7298000 97 8 1947 5
7f8cf7297000 69 11 2027 5
7f8cf7292000 62 13 2102 5
7f8cf725e000 57 7 2166 5
7f8cf732c000 92 10 2268 5
7f8cf732b000 110 9 2387 5
7f8cf732a000 71 20 2479 5
7f8cf7328000 76 7 2562 5
7f8cf7306000 55 5 2622 6
7f8cf7305000 50 3 2676 6
7f8cf7304000 36 3 2716 6
7f8cf7303000 46 4 2767 6
7f8cf7302000 40 4 2811 6
7f8cf7301000 45 4 2860 6
7f8cf733b000 56 4 2921 6
7f8cf731d000 70 16 3008 6
7f8cf728a000 63 5 3076 6
7f8cf7289000 49 6 3132 6
7f8cf7290000 84 7 3224 7
3228 7
0x40f000
40f000 100 17 118 3
118 3
0x403000
403000 33 16 49 2
402000 41 13 104 3
7f8cf72ae000 59 14 177 4
7f8cf72ad000 50 6 234 4
7f8cf72ac000 46 5 286 4
40f000 99 8 394 4
7f8cf7315000 62 19 476 5
7f8cf7311000 80 18 574 5
7f8cf7310000 57 21 653 5
7f8cf730b000 55 15 724 5
7f8cf730a000 79 23 826 5
7f8cf7309000 62 15 904 5
7f8cf721f000 124 5 1034 5
7f8cf7308000 46 5 1086 5
7f8cf7307000 44 6 1137 5
7f8cf729c000 86 24 1249 5
7f8cf729b000 87 12 1349 5
7f8cf735c000 102 11 1463 5
7f8cf729a000 62 10 1535 5
7f8cf7299000 83 10 1628 5
7f8cf7291000 153 13 1795 5
7f8cf7298000 97 8 1900 5
7f8cf7297000 70 11 1981 5
7f8cf7292000 62 13 2057 5
7f8cf725e000 57 7 2121 5
7f8cf732c000 91 11 2224 5
7f8cf732b000 111 9 2344 5
7f8cf732a000 69 19 2432 5
7f8cf7328000 76 7 2516 5
7f8cf7306000 54 6 2577 6
7f8cf7305000 50 3 2631 6
7f8cf7304000 35 3 2671 6
7f8cf7303000 47 4 2723 6
7f8cf7302000 40 4 2767 6
7f8cf7301000 44 4 2816 6
7f8cf733b000 54 4 2875 6
7f8cf731d000 69 16 2960 6
7f8cf728a000 64 5 3030 6
7f8cf7289000 49 6 3086 6
7f8cf7290000 84 7 3178 7
3182 7
0x402000
402000 43 16 59 2
59 2
0x40a000
40a000 36 21 57 2
40f000 99 13 170 3
404000 31 7 209 3
403000 34 8 252 3
402000 42 10 305 3
7f8cf72ae000 58 13 377 4
7f8cf72ad000 51 5 433 4
7f8cf72ac000 47 5 486 4
7f8cf7315000 61 18 567 5
7f8cf7311000 80 18 666 5
7f8cf7310000 57 24 748 5
7f8cf730b000 55 15 819 5
7f8cf730a000 78 24 921 5
7f8cf7309000 63 15 1000 5
7f8cf721f000 124 6 1131 5
7f8cf7308000 47 5 1183 5
7f8cf7307000 45 4 1233 5
7f8cf729c000 87 18 1340 5
7f8cf729b000 88 12 1441 5
7f8cf735c000 102 11 1555 5
7f8cf729a000 63 9 1627 5
7f8cf7299000 84 10 1721 5
7f8cf7291000 154 13 1888 5
7f8cf7298000 99 7 1994 5
7f8cf7297000 70 11 2076 5
7f8cf7292000 63 13 2152 5
7f8cf725e000 58 7 2217 5
7f8cf732c000 93 10 2320 5
7f8cf732b000 110 9 2439 5
7f8cf732a000 69 19 2527 5
7f8cf7328000 76 7 2611 5
7f8cf7306000 54 6 2671 6
7f8cf7305000 51 4 2727 6
7f8cf7304000 35 3 2766 6
7f8cf7303000 46 4 2817 6
7f8cf7302000 40 3 2861 6
7f8cf7301000 44 3 2909 6
7f8cf733b000 54 4 2968 6
7f8cf731d000 69 16 3053 6
7f8cf728a000 61 5 3119 6
7f8cf7289000 48 6 3174 6
7f8cf7290000 87 7 3269 7
3275 7
0x409000
409000 63 32 95 2
96 2
0x40c000
40c000 36 15 51 2
402000 41 13 106 2
7f8cf727e000 59 16 181 2
7f8cf727d000 58 13 253 2
7f8cf7284000 88 24 366 3
7f8cf721f000 125 9 500 3
7f8cf72b9000 65 31 596 4
7f8cf72b8000 64 34 694 4
7f8cf72b7000 99 21 815 4
7f8cf7283000 33 10 858 4
7f8cf727a000 89 12 959 4
7f8cf7230000 76 12 1047 4
7f8cf722f000 38 8 1093 5
7f8cf722e000 54 4 1151 5
7f8cf722d000 86 6 1243 6
7f8cf722c000 34 1 1279 6
7f8cf7224000 47 2 1329 6
7f8cf7223000 45 2 1376 6
7f8cf7222000 64 1 1441 6
7f8cf735c000 103 4 1549 6
7f8cf732c000 97 3 1649 6
7f8cf732b000 110 3 1762 6
7f8cf732a000 70 8 1841 6
7f8cf7328000 76 1 1919 6
7f8cf727f000 74 3 1997 6
7f8cf728c000 87 2 2087 6
7f8cf728b000 78 5 2171 6
7f8cf7310000 57 9 2237 6
7f8cf730b000 54 6 2298 7
2300 7
0x40b000
40b000 40 16 57 2
402000 41 13 113 2
40a000 36 16 165 3
40f000 99 11 276 3
404000 31 7 314 3
403000 33 9 357 3
7f8cf72ae000 58 13 429 4
7f8cf72ad000 51 5 486 4
7f8cf72ac000 48 5 540 4
7f8cf7315000 61 19 621 5
7f8cf7311000 80 18 720 5
7f8cf7310000 57 21 798 5
7f8cf730b000 54 15 868 5
7f8cf730a000 77 24 970 5
7f8cf7309000 64 16 1050 5
7f8cf721f000 124 6 1180 5
7f8cf7308000 46 5 1232 5
7f8cf7307000 44 5 1282 5
7f8cf729c000 84 18 1385 5
7f8cf729b000 87 12 1485 5
7f8cf735c000 104 11 1601 5
7f8cf729a000 62 9 1673 5
7f8cf7299000 84 9 1766 5
7f8cf7291000 151 13 1931 5
7f8cf7298000 95 9 2036 5
7f8cf7297000 70 11 2117 5
7f8cf7292000 62 13 2192 5
7f8cf725e000 57 7 2257 5
7f8cf732c000 93 10 2361 5
7f8cf732b000 117 13 2491 5
7f8cf732a000 69 19 2580 5
7f8cf7328000 76 7 2663 5
7f8cf7306000 53 6 2723 6
7f8cf7305000 49 4 2777 6
7f8cf7304000 35 3 2816 6
7f8cf7303000 47 3 2867 6
7f8cf7302000 39 4 2911 6
7f8cf7301000 45 4 2960 6
7f8cf733b000 54 4 3019 6
7f8cf731d000 70 15 3104 6
7f8cf728a000 62 6 3173 6
7f8cf7289000 48 7 3228 6
7f8cf7290000 84 8 3321 7
3327 7
0x405000
405000 36 12 49 1
402000 43 15 108 2
7ffd61dd4000 34 13 155 2
404000 30 12 198 2
40f000 100 16 315 3
403000 34 8 357 3
7f8cf72ae000 58 13 429 4
7f8cf72ad000 51 5 486 4
7f8cf72ac000 46 5 538 4
7f8cf7315000 61 20 621 5
7f8cf7311000 82 18 721 5
7f8cf7310000 58 21 800 5
7f8cf730b000 55 15 871 5
7f8cf730a000 79 23 974 5
7f8cf7309000 67 15 1057 5
7f8cf721f000 128 5 1190 5
7f8cf7308000 50 5 1246 5
7f8cf7307000 45 5 1296 5
7f8cf729c000 85 19 1401 5
7f8cf729b000 87 12 1501 5
7f8cf735c000 102 11 1615 5
7f8cf729a000 63 9 1687 5
7f8cf7299000 84 10 1782 5
7f8cf7291000 155 13 1950 5
7f8cf7298000 101 8 2059 5
7f8cf7297000 70 11 2140 5
7f8cf7292000 62 13 2215 5
7f8cf725e000 57 7 2280 5
7f8cf732c000 92 10 2383 5
7f8cf732b000 110 9 2503 5
7f8cf732a000 69 20 2592 5
7f8cf7328000 76 7 2675 5
7f8cf7306000 54 6 2736 6
7f8cf7305000 49 3 2789 6
7f8cf7304000 36 3 2829 6
7f8cf7303000 46 4 2880 6
7f8cf7302000 39 4 2924 6
7f8cf7301000 44 4 2972 6
7f8cf733b000 55 5 3033 6
7f8cf731d000 69 15 3118 6
7f8cf728a000 61 5 3185 6
7f8cf7289000 49 6 3241 6
7f8cf7290000 84 7 3332 7
3337 7
0x406000
406000 46 19 66 2
402000 42 12 121 2
7f8cf7315000 61 31 214 5
7f8cf7311000 80 18 313 5
7f8cf7310000 57 22 392 5
7f8cf730b000 54 15 462 5
7f8cf730a000 77 24 564 5
7f8cf7309000 62 15 641 5
7f8cf721f000 126 5 773 5
7f8cf7308000 46 5 825 5
7f8cf7307000 44 5 875 5
7f8cf729c000 84 18 978 5
7f8cf729b000 87 13 1079 5
7f8cf735c000 103 11 1193 5
7f8cf729a000 62 9 1264 5
7f8cf7299000 83 10 1358 5
7f8cf7291000 155 13 1527 5
7f8cf7298000 98 8 1633 5
7f8cf7297000 72 10 1715 5
7f8cf7292000 64 13 1793 5
7f8cf725e000 59 7 1859 5
7f8cf732c000 95 10 1964 5
7f8cf732b000 112 9 2086 5
7f8cf732a000 69 19 2174 5
7f8cf7328000 75 7 2257 5
7f8cf7306000 54 6 2318 6
7f8cf7305000 50 3 2371 6
7f8cf7304000 38 3 2414 6
7f8cf7303000 46 4 2465 6
7f8cf7302000 39 4 2509 6
7f8cf7301000 44 4 2557 6
7f8cf733b000 54 4 2616 6
7f8cf731d000 69 16 2701 6
7f8cf728a000 64 5 2770 6
7f8cf7289000 51 6 2827 6
7f8cf7290000 85 7 2919 7
2923 7
0x40d000
40d000 51 20 71 3
40c000 38 11 121 3
402000 42 12 176 3
7f8cf727e000 61 14 251 3
7f8cf727d000 59 12 323 3
7f8cf7284000 89 20 432 4
7f8cf721f000 125 8 566 4
7f8cf72b9000 67 25 659 5
7f8cf72b8000 65 26 750 5
7f8cf72b7000 103 16 869 5
7f8cf7283000 33 8 910 5
7f8cf727a000 92 8 1010 5
7f8cf7230000 82 9 1102 5
7f8cf722f000 38 6 1147 6
7f8cf722e000 54 2 1204 6
7f8cf722d000 86 4 1295 7
1298 7
0x407000
407000 31 11 42 1
42 1
0x40e000
40e000 51 16 67 2
40f000 98 14 180 4
7f8cf7315000 61 18 260 5
7f8cf7311000 80 18 359 5
7f8cf7310000 57 22 438 5
7f8cf730b000 55 15 508 5
7f8cf730a000 78 24 611 5
7f8cf7309000 62 15 689 5
7f8cf721f000 124 6 820 5
7f8cf7308000 47 5 872 5
7f8cf7307000 45 5 922 5
7f8cf729c000 84 18 1025 5
7f8cf729b000 87 12 1125 5
7f8cf735c000 101 11 1238 5
7f8cf729a000 62 10 1310 5
7f8cf7299000 83 10 1403 5
7f8cf7291000 158 13 1574 5
7f8cf7298000 100 8 1682 5
7f8cf7297000 70 11 1763 5
7f8cf7292000 62 13 1838 5
7f8cf725e000 57 7 1903 5
7f8cf732c000 92 10 2005 5
7f8cf732b000 110 9 2125 5
7f8cf732a000 69 19 2214 5
7f8cf7328000 76 7 2298 5
7f8cf7306000 54 6 2359 6
7f8cf7305000 50 4 2413 6
7f8cf7304000 36 3 2452 6
7f8cf7303000 47 3 2503 6
7f8cf7302000 40 3 2547 6
7f8cf7301000 44 3 2595 6
7f8cf733b000 54 4 2654 6
7f8cf731d000 69 16 2740 6
7f8cf728a000 63 5 2808 6
7f8cf7289000 49 6 2863 6
7f8cf7290000 84 7 2955 7
2957 7
