0x40b000
40b000 58 30 89 2
40a000 18 12 120 4
483000 709 58 888 4
466000 73 17 979 4
470000 40 10 1030 4
46f000 29 11 1071 4
44c000 36 14 1122 4
40d000 34 13 1170 5
482000 43 2 1216 5
7fae1551f000 81 9 1308 5
7fae1551e000 57 11 1377 5
7fae15519000 59 8 1444 5
7fae15518000 78 12 1534 5
7fae15517000 62 7 1604 5
7fae1542d000 130 3 1738 5
7fae15516000 47 2 1787 5
7fae15515000 46 2 1836 5
7fae154aa000 88 9 1933 5
7fae154a9000 89 6 2029 5
7fae1556a000 103 5 2137 5
7fae154a8000 65 4 2207 5
7fae154a7000 84 4 2295 5
7fae1549f000 153 7 2456 5
7fae154a6000 97 3 2556 5
7fae154a5000 72 6 2635 5
7fae154a0000 65 7 2707 5
7fae1546c000 58 3 2768 5
7fae1553a000 95 5 2869 5
7fae15539000 117 5 2991 5
7fae15538000 72 9 3072 5
7fae15536000 80 3 3156 5
7fae15514000 61 4 3221 5
7fae15513000 50 3 3276 5
7fae15512000 36 2 3315 5
7fae15511000 48 2 3365 5
7fae15510000 40 2 3408 5
7fae1550f000 44 3 3456 5
7fae15549000 60 3 3520 5
7fae1552b000 69 13 3603 5
7fae15498000 63 4 3671 5
7fae15523000 73 7 3751 5
7fae15522000 53 5 3809 5
7fae15499000 81 6 3896 5
7fae1549c000 111 7 4015 5
7fae15521000 99 9 4124 5
7fae15520000 64 9 4197 5
7fae1546d000 33 4 4234 5
7fae15496000 58 4 4297 5
7fae154ee000 50 4 4351 5
7fae154ed000 59 7 4417 5
7fae1554f000 46 4 4467 5
7fae1554e000 60 5 4532 5
7fae1554d000 51 4 4587 5
7fae1554c000 66 4 4658 5
7fae1554b000 93 3 4755 5
7fae1554a000 59 3 4818 5
7fae1548c000 69 4 4892 5
7fae1548b000 60 3 4956 5
7fae15492000 98 5 5059 5
7fae154c7000 74 9 5143 6
5150 6
0x40a000
40a000 21 15 36 3
36 3
0x483000
483000 718 101 820 4
466000 74 16 911 4
40a000 19 8 939 4
470000 41 11 992 4
46f000 29 11 1033 4
44c000 35 14 1083 4
40d000 34 13 1131 5
482000 44 2 1178 5
40b000 56 5 1241 5
7fae156da000 29 3 1274 5
43f000 36 6 1317 5
7fae154c7000 66 8 1392 6
1397 6
0x466000
466000 77 30 107 4
483000 737 56 901 4
481000 30 11 943 4
41d000 33 13 990 4
7fae154c6000 64 32 1087 4
7fae154c5000 106 21 1214 4
40a000 18 9 1242 4
41c000 44 11 1297 4
7fae1558a000 67 13 1378 4
7fae15589000 81 15 1474 4
482000 42 10 1527 4
7fae156d7000 62 30 1621 4
40b000 55 16 1692 4
7fae156da000 29 12 1734 4
43f000 37 13 1785 4
7fae154c7000 67 23 1876 5
444000 39 10 1926 5
42b000 25 9 1962 5
7fae154b5000 85 9 2057 5
42d000 42 9 2109 5
474000 49 8 2167 5
473000 20 8 2196 5
44c000 36 10 2243 5
40d000 34 9 2287 6
2295 6
0x470000
470000 39 17 57 4
46f000 29 10 97 4
44c000 37 14 149 4
483000 709 60 919 4
466000 71 17 1008 4
40a000 18 9 1036 4
482000 44 10 1090 4
40b000 55 16 1164 4
7fae156da000 29 12 1206 4
43f000 33 13 1253 4
7fae154c7000 66 23 1343 5
7fae154c6000 64 21 1428 5
7fae154c5000 105 15 1549 5
444000 42 10 1602 5
42b000 28 8 1639 5
7fae154b5000 79 10 1729 5
42d000 41 10 1781 5
474000 50 8 1839 5
473000 20 8 1868 5
7fae154a5000 70 12 1951 5
434000 86 12 2049 6
2058 6
0x46f000
46f000 30 17 48 2
44c000 37 22 108 4
483000 709 57 875 4
466000 74 17 967 4
40a000 19 9 996 4
470000 42 10 1049 4
482000 44 10 1104 4
40b000 54 16 1176 4
7fae156da000 30 12 1219 4
43f000 34 13 1267 4
7fae154c7000 68 23 1359 5
7fae154c6000 65 22 1446 5
7fae154c5000 103 15 1564 5
444000 41 10 1615 5
42b000 25 8 1650 5
7fae154b5000 79 9 1739 5
42d000 43 10 1792 5
474000 50 8 1850 5
473000 21 7 1879 5
7fae154a5000 73 14 1967 5
434000 79 13 2059 6
2067 6
0x44c000
44c000 37 24 61 4
483000 710 58 830 4
466000 74 17 922 4
40a000 20 8 951 4
470000 41 11 1004 4
46f000 31 11 1046 4
434000 80 19 1145 5
7fae154b5000 79 3 1228 5
7fae154c6000 66 13 1308 5
7fae154c5000 103 7 1419 5
40b000 56 5 1481 5
7fae156da000 28 4 1514 5
482000 45 2 1561 5
43f000 33 4 1600 5
7fae154c7000 65 9 1675 6
1679 6
0x40d000
40d000 35 22 57 5
40a000 18 1 77 5
483000 708 32 818 5
466000 72 6 897 5
470000 40 2 940 5
46f000 29 2 972 5
44c000 35 4 1012 5
7fae15518000 79 12 1104 5
7fae15519000 58 8 1171 5
7fae1549f000 159 7 1337 5
7fae1553a000 96 5 1438 5
7fae15539000 110 4 1553 5
7fae15538000 70 10 1634 5
7fae15536000 77 3 1715 5
7fae15517000 63 8 1787 5
7fae1542d000 127 2 1916 5
7fae15516000 52 3 1972 5
7fae15515000 46 2 2021 5
7fae154aa000 90 9 2122 5
7fae154a9000 90 6 2218 5
7fae1556a000 103 6 2327 5
7fae154a8000 63 4 2394 5
7fae154a7000 84 4 2483 5
7fae154a6000 96 4 2584 5
7fae154a5000 69 6 2659 5
7fae154a0000 62 6 2727 5
7fae1546c000 57 4 2789 5
7fae15514000 55 2 2846 5
7fae15513000 49 3 2900 5
7fae15512000 36 2 2939 5
7fae15511000 48 3 2991 5
7fae15510000 41 2 3034 5
7fae1550f000 45 3 3083 5
7fae15549000 55 4 3143 5
7fae1552b000 72 13 3228 5
7fae15498000 63 4 3296 5
7fae15523000 63 7 3366 5
7fae1551f000 81 9 3457 5
7fae1551e000 57 11 3526 5
7fae15521000 95 6 3628 5
7fae15520000 62 8 3699 5
7fae15522000 49 5 3754 5
7fae15499000 82 6 3843 5
7fae1549c000 106 6 3955 5
7fae1546d000 32 4 3992 5
7fae15496000 48 3 4043 5
7fae154ee000 49 3 4096 5
7fae154ed000 57 8 4162 5
7fae1554f000 46 3 4211 5
7fae1554e000 60 5 4277 5
7fae1554d000 51 4 4332 5
7fae1554c000 66 4 4402 5
7fae1554b000 89 4 4496 5
7fae1554a000 58 4 4559 5
7fae1548c000 60 3 4622 5
7fae1548b000 58 3 4684 5
7fae15492000 87 5 4777 5
7fae154c7000 65 9 4852 6
4857 6
0x482000
482000 43 15 59 1
61 1
0x47c000
47c000 28 17 46 2
483000 713 88 848 4
466000 73 16 937 4
40a000 19 8 965 4
470000 39 11 1016 4
46f000 29 10 1055 4
44c000 35 14 1105 4
40d000 34 12 1152 5
482000 43 2 1198 5
40b000 55 5 1260 5
7fae156da000 28 4 1293 5
43f000 34 3 1330 5
7fae154c7000 67 9 1408 6
1413 6
0x454000
454000 45 28 74 4
453000 46 13 134 4
483000 709 56 900 4
466000 74 17 992 4
40a000 18 9 1020 4
470000 40 11 1071 4
46f000 29 10 1111 4
44c000 35 14 1161 4
40d000 34 13 1209 5
482000 46 2 1258 5
40b000 55 5 1319 5
7fae156da000 28 4 1352 5
43f000 34 3 1389 5
7fae154c7000 66 9 1465 6
1471 6
0x453000
453000 46 22 69 2
483000 703 87 860 4
466000 72 16 949 4
40a000 19 8 977 4
470000 41 11 1030 4
46f000 29 10 1070 4
44c000 35 14 1120 4
40d000 34 12 1167 5
482000 43 2 1213 5
40b000 55 5 1275 5
7fae156da000 28 4 1308 5
43f000 34 4 1346 5
7fae154c7000 66 8 1421 6
1427 6
0x47b000
47b000 42 21 64 4
7fae154c6000 69 38 172 4
7fae154c5000 101 21 295 4
40a000 18 9 323 4
483000 722 60 1105 4
466000 76 17 1199 4
470000 39 11 1250 4
46f000 28 10 1289 4
44c000 35 14 1339 4
40d000 34 12 1386 5
482000 43 2 1432 5
40b000 54 5 1493 5
7fae156da000 29 3 1526 5
43f000 34 4 1564 5
7fae154c7000 69 9 1643 6
1649 6
0x425000
425000 49 23 73 4
483000 710 59 843 4
466000 72 16 932 4
40a000 19 8 960 4
470000 40 10 1011 4
46f000 29 10 1051 4
44c000 35 14 1101 4
40d000 39 12 1153 5
482000 47 3 1204 5
40b000 60 5 1271 5
7fae156da000 29 3 1304 5
43f000 34 4 1343 5
7fae154c7000 66 9 1419 6
1424 6
0x424000
424000 53 22 76 2
76 2
0x426000
426000 27 18 45 4
483000 710 56 812 4
466000 72 17 902 4
40a000 19 9 931 4
470000 40 12 984 4
46f000 29 11 1025 4
44c000 36 14 1075 4
40d000 35 12 1123 5
482000 43 3 1170 5
40b000 57 5 1234 5
7fae156da000 28 3 1266 5
43f000 33 4 1304 5
7fae154c7000 67 9 1381 6
1386 6
0x41e000
41e000 32 21 53 4
53 4
0x427000
427000 47 27 75 4
483000 713 58 847 4
466000 74 17 938 4
40a000 18 11 968 4
470000 41 10 1019 4
46f000 29 10 1059 4
44c000 35 14 1109 4
40d000 33 13 1156 5
482000 43 2 1202 5
40b000 56 5 1265 5
7fae156da000 28 3 1297 5
43f000 33 4 1335 5
7fae154c7000 68 12 1416 6
1425 6
0x43f000
43f000 37 24 61 2
482000 44 14 121 2
483000 715 87 925 4
466000 72 17 1015 4
40a000 18 12 1046 4
470000 40 10 1097 4
46f000 29 10 1137 4
44c000 35 14 1187 4
40d000 33 13 1234 5
40b000 54 5 1294 5
7fae156da000 29 3 1327 5
7fae1558a000 67 4 1399 5
7fae15589000 77 4 1481 5
7fae1544e000 57 10 1549 5
7fae156d8000 79 11 1639 5
7fae1551f000 84 10 1733 5
7fae1551e000 58 11 1802 5
7fae15519000 56 8 1866 5
7fae15518000 78 12 1956 5
7fae15517000 63 7 2026 5
7fae1542d000 126 3 2156 5
7fae15516000 47 2 2206 5
7fae15515000 45 2 2254 5
7fae154aa000 86 9 2349 5
7fae154a9000 89 5 2444 5
7fae1556a000 103 6 2554 5
7fae154a8000 65 5 2624 5
7fae154a7000 84 5 2713 5
7fae1549f000 157 7 2877 5
7fae154a6000 97 4 2978 5
7fae154a5000 71 5 3054 5
7fae154a0000 65 6 3125 5
7fae1546c000 57 3 3186 5
7fae1553a000 92 5 3284 5
7fae15539000 111 4 3400 5
7fae15538000 69 10 3480 5
7fae15536000 80 3 3564 5
7fae15514000 55 2 3621 5
7fae15513000 50 2 3674 5
7fae15512000 36 2 3713 5
7fae15511000 47 3 3763 5
7fae15510000 40 2 3805 5
7fae1550f000 44 3 3853 5
7fae15549000 54 3 3911 5
7fae1552b000 69 13 3993 5
7fae15498000 64 4 4061 5
7fae15523000 61 7 4130 5
7fae15522000 49 5 4185 5
7fae15499000 79 6 4270 5
7fae1549c000 106 6 4383 5
7fae15521000 96 6 4486 5
7fae15520000 62 8 4557 5
7fae1546d000 34 3 4595 5
7fae15496000 48 3 4647 5
7fae154ee000 49 4 4701 5
7fae154ed000 57 7 4765 5
7fae1554f000 46 3 4815 5
7fae1554e000 59 5 4880 5
7fae1554d000 50 4 4934 5
7fae1554c000 65 5 5004 5
7fae1554b000 90 4 5098 5
7fae1554a000 57 4 5159 5
7fae1548c000 60 4 5223 5
7fae1548b000 58 3 5285 5
7fae15492000 87 5 5378 5
7fae154c7000 66 8 5453 6
5460 6
0x444000
444000 39 24 63 4
40a000 19 9 92 4
483000 720 57 869 4
466000 72 17 959 4
470000 40 10 1010 4
46f000 29 10 1050 4
44c000 36 13 1100 4
40d000 38 12 1152 5
482000 43 2 1198 5
40b000 56 5 1261 5
7fae156da000 29 3 1294 5
43f000 33 4 1332 5
7fae154c7000 65 9 1407 6
1412 6
0x42b000
42b000 26 17 44 2
482000 43 14 102 2
483000 719 87 910 4
466000 72 17 1000 4
40a000 18 9 1028 4
470000 40 11 1079 4
46f000 29 10 1119 4
44c000 35 14 1169 4
40d000 36 13 1219 5
40b000 55 5 1280 5
7fae156da000 28 4 1313 5
43f000 34 3 1350 5
7fae154c7000 66 9 1426 6
1431 6
0x42d000
42d000 42 20 62 4
474000 48 10 121 4
473000 20 9 151 4
40a000 18 9 179 4
483000 717 56 952 4
466000 72 17 1042 4
470000 40 10 1093 4
46f000 29 10 1133 4
44c000 35 14 1183 4
40d000 33 14 1231 5
482000 45 2 1279 5
40b000 56 5 1342 5
7fae156da000 28 4 1375 5
43f000 34 3 1412 5
7fae154c7000 66 8 1488 6
1494 6
0x474000
474000 48 17 66 2
473000 20 13 100 2
40a000 19 12 132 4
483000 717 57 906 4
466000 72 16 994 4
470000 39 10 1045 4
46f000 29 11 1086 4
44c000 36 14 1136 4
40d000 34 12 1183 5
482000 43 2 1229 5
40b000 55 5 1291 5
7fae156da000 28 3 1323 5
43f000 34 3 1361 5
7fae154c7000 65 9 1437 6
1442 6
0x473000
473000 20 15 35 2
40a000 18 12 66 4
483000 708 57 831 4
466000 73 16 921 4
470000 40 10 973 4
46f000 29 10 1013 4
44c000 35 14 1063 4
40d000 34 12 1110 5
482000 42 2 1156 5
40b000 55 5 1218 5
7fae156da000 29 3 1251 5
43f000 34 3 1288 5
7fae154c7000 65 9 1364 6
1369 6
0x434000
434000 78 33 111 5
7fae154b5000 77 3 192 5
40a000 18 2 213 5
7fae154c6000 64 13 290 5
7fae154c5000 100 8 399 5
40b000 55 5 460 5
483000 705 31 1197 5
466000 72 6 1276 5
470000 40 2 1319 5
46f000 29 3 1352 5
44c000 35 4 1392 5
40d000 34 4 1431 5
482000 49 2 1483 5
7fae1551f000 82 9 1576 5
7fae1551e000 58 11 1646 5
7fae15519000 55 8 1709 5
7fae15518000 78 12 1799 5
7fae15517000 62 8 1870 5
7fae1542d000 128 3 2001 5
7fae15516000 47 3 2051 5
7fae15515000 45 2 2098 5
7fae154aa000 85 9 2193 5
7fae154a9000 88 6 2288 5
7fae1556a000 103 5 2396 5
7fae154a8000 63 4 2463 5
7fae154a7000 84 4 2551 5
7fae1549f000 153 6 2711 5
7fae154a6000 96 3 2811 5
7fae154a5000 69 5 2886 5
7fae154a0000 64 6 2957 5
7fae1546c000 56 3 3017 5
7fae1553a000 92 5 3115 5
7fae15539000 111 5 3232 5
7fae15538000 69 10 3311 5
7fae15536000 77 3 3391 5
7fae15514000 57 3 3451 5
7fae15513000 49 3 3504 5
7fae15512000 36 2 3542 5
7fae15511000 47 2 3592 5
7fae15510000 40 2 3635 5
7fae1550f000 44 2 3682 5
7fae15549000 54 3 3740 5
7fae1552b000 69 13 3822 5
7fae15498000 62 4 3888 5
7fae15523000 63 7 3959 5
7fae15522000 50 5 4015 5
7fae15499000 83 6 4104 5
7fae1549c000 107 6 4217 5
7fae15521000 96 6 4319 5
7fae15520000 62 9 4390 5
7fae1546d000 32 4 4426 5
7fae15496000 50 4 4480 5
7fae154ee000 50 3 4533 5
7fae154ed000 58 7 4598 5
7fae1554f000 45 4 4648 5
7fae1554e000 60 4 4712 5
7fae1554d000 49 4 4766 5
7fae1554c000 65 4 4836 5
7fae1554b000 89 4 4930 5
7fae1554a000 60 4 4995 5
7fae1548c000 60 3 5058 5
7fae1548b000 59 3 5121 5
7fae15492000 92 5 5219 5
7fae154c7000 65 9 5294 6
5300 6
0x440000
440000 48 23 72 4
483000 714 58 845 4
466000 72 16 934 4
40a000 19 9 963 4
470000 40 10 1013 4
46f000 30 10 1054 4
44c000 35 14 1104 4
40d000 35 12 1152 5
482000 43 3 1199 5
40b000 54 5 1261 5
7fae156da000 28 4 1294 5
43f000 35 4 1333 5
7fae154c7000 66 9 1409 6
1414 6
0x472000
472000 42 22 64 4
483000 710 57 832 4
466000 73 17 923 4
40a000 18 8 950 4
470000 41 10 1002 4
46f000 30 10 1043 4
44c000 36 14 1094 4
40d000 33 14 1142 5
482000 43 3 1189 5
40b000 55 5 1251 5
7fae156da000 29 4 1285 5
43f000 34 3 1322 5
7fae154c7000 67 8 1398 6
1404 6
0x471000
471000 49 22 72 2
483000 705 87 865 4
466000 72 17 955 4
40a000 18 9 983 4
470000 40 10 1034 4
46f000 29 10 1074 4
44c000 37 14 1126 4
40d000 34 14 1174 5
482000 42 2 1219 5
40b000 55 5 1281 5
7fae156da000 28 4 1314 5
43f000 34 3 1351 5
7fae154c7000 65 9 1427 6
1432 6
0x46c000
46c000 36 18 55 4
40b000 55 16 127 4
40a000 18 9 155 4
483000 713 57 925 4
466000 72 16 1014 4
470000 40 10 1065 4
46f000 29 10 1105 4
44c000 35 14 1155 4
40d000 33 13 1202 5
482000 44 2 1249 5
7fae1551f000 80 9 1341 5
7fae1551e000 57 11 1409 5
7fae15519000 55 7 1472 5
7fae15518000 78 12 1563 5
7fae15517000 63 8 1634 5
7fae1542d000 127 3 1764 5
7fae15516000 47 2 1813 5
7fae15515000 45 2 1861 5
7fae154aa000 91 9 1961 5
7fae154a9000 89 6 2056 5
7fae1556a000 104 5 2165 5
7fae154a8000 63 4 2232 5
7fae154a7000 84 4 2321 5
7fae1549f000 160 7 2489 5
7fae154a6000 97 4 2590 5
7fae154a5000 71 5 2666 5
7fae154a0000 63 7 2736 5
7fae1546c000 57 3 2796 5
7fae1553a000 93 5 2894 5
7fae15539000 111 5 3010 5
7fae15538000 70 9 3089 5
7fae15536000 77 3 3170 5
7fae15514000 55 2 3227 5
7fae15513000 50 2 3280 5
7fae15512000 36 2 3319 5
7fae15511000 47 3 3370 5
7fae15510000 41 2 3413 5
7fae1550f000 45 3 3461 5
7fae15549000 54 2 3518 5
7fae1552b000 68 13 3600 5
7fae15498000 62 4 3667 5
7fae15523000 61 7 3736 5
7fae15522000 49 5 3791 5
7fae15499000 81 6 3878 5
7fae1549c000 108 6 3993 5
7fae15521000 95 7 4096 5
7fae15520000 63 8 4167 5
7fae1546d000 32 4 4204 5
7fae15496000 49 3 4256 5
7fae154ee000 50 4 4311 5
7fae154ed000 57 8 4376 5
7fae1554f000 46 3 4425 5
7fae1554e000 59 4 4489 5
7fae1554d000 49 4 4543 5
7fae1554c000 65 4 4613 5
7fae1554b000 89 4 4707 5
7fae1554a000 57 3 4768 5
7fae1548c000 60 4 4833 5
7fae1548b000 59 2 4895 5
7fae15492000 88 5 4989 5
7fae154c7000 65 9 5064 6
5071 6
0x458000
458000 28 17 45 4
483000 709 57 813 4
466000 78 16 908 4
40a000 18 8 936 4
470000 40 10 987 4
46f000 29 10 1027 4
44c000 36 14 1078 4
40d000 34 13 1126 5
482000 43 2 1172 5
40b000 55 6 1235 5
7fae156da000 28 4 1268 5
43f000 34 4 1306 5
7fae154c7000 66 9 1382 6
1389 6
0x41f000
41f000 44 21 65 4
483000 710 57 834 4
466000 72 16 923 4
40a000 18 9 952 4
470000 40 10 1003 4
46f000 30 10 1044 4
44c000 35 14 1094 4
40d000 34 13 1142 5
482000 43 2 1188 5
40b000 55 5 1250 5
7fae156da000 29 3 1283 5
43f000 34 3 1320 5
7fae154c7000 65 9 1396 6
1402 6
0x415000
415000 48 23 72 4
483000 708 57 838 4
466000 73 16 927 4
40a000 19 8 955 4
470000 40 11 1007 4
46f000 29 10 1047 4
44c000 36 14 1098 4
40d000 33 13 1145 5
482000 43 2 1191 5
40b000 54 5 1253 5
7fae156da000 29 4 1287 5
43f000 34 3 1324 5
7fae154c7000 66 9 1400 6
1405 6
0x442000
442000 32 19 52 4
483000 718 57 828 4
466000 72 16 917 4
40a000 19 8 945 4
470000 40 10 996 4
46f000 29 10 1036 4
44c000 35 14 1086 4
40d000 34 13 1134 5
482000 43 2 1180 5
40b000 55 5 1242 5
7fae156da000 29 4 1276 5
43f000 35 3 1314 5
7fae154c7000 66 9 1390 6
1395 6
0x457000
457000 59 25 85 4
483000 715 56 857 4
466000 73 17 948 4
40a000 19 9 977 4
470000 42 10 1029 4
46f000 29 10 1069 4
44c000 36 14 1120 4
40d000 35 12 1168 5
482000 44 2 1215 5
40b000 56 5 1278 5
7fae156da000 29 3 1311 5
43f000 35 3 1350 5
7fae154c7000 65 9 1425 6
1430 6
0x438000
438000 51 27 78 4
482000 43 10 131 4
483000 710 57 899 4
466000 74 17 990 4
40a000 19 9 1019 4
470000 42 10 1071 4
46f000 29 10 1111 4
44c000 37 14 1163 4
40d000 35 12 1211 5
40b000 56 5 1274 5
7fae156da000 31 3 1309 5
43f000 35 3 1348 5
7fae154c7000 66 8 1423 6
1429 6
0x46e000
46e000 43 23 67 5
42f000 37 10 115 5
483000 707 42 866 5
466000 73 12 952 5
40a000 19 7 979 5
470000 41 8 1029 5
46f000 29 9 1067 5
44c000 36 10 1115 5
40d000 33 10 1159 6
1164 6
0x42f000
42f000 39 23 63 2
483000 715 87 866 4
466000 74 17 958 4
40a000 19 9 987 4
470000 41 10 1039 4
46f000 30 11 1081 4
44c000 37 14 1132 4
40d000 35 12 1180 5
482000 45 3 1229 5
40b000 55 5 1290 5
7fae156da000 30 3 1324 5
43f000 34 3 1361 5
7fae154c7000 65 9 1436 6
1441 6
0x419000
419000 41 18 60 2
60 2
0x420000
420000 47 26 73 4
483000 709 56 839 4
466000 74 16 930 4
40a000 19 9 959 4
470000 42 12 1013 4
46f000 30 10 1054 4
44c000 36 14 1105 4
40d000 35 12 1153 5
482000 44 3 1201 5
40b000 56 5 1264 5
7fae156da000 29 4 1298 5
43f000 35 3 1336 5
7fae154c7000 67 9 1413 6
1418 6
0x459000
459000 31 17 48 4
482000 44 10 103 4
7fae1558a000 67 13 184 4
7fae15589000 79 15 278 4
40a000 18 9 305 4
483000 714 57 1077 4
466000 72 17 1166 4
470000 40 10 1217 4
46f000 29 10 1257 4
44c000 37 14 1309 4
40d000 33 13 1356 5
40b000 55 5 1417 5
7fae156da000 28 3 1449 5
43f000 33 4 1487 5
7fae154c7000 65 9 1562 6
1568 6
0x421000
421000 27 20 47 4
483000 710 57 814 4
466000 73 16 903 4
40a000 18 9 931 4
470000 40 10 982 4
46f000 30 10 1023 4
44c000 35 15 1074 4
40d000 33 13 1121 5
482000 43 2 1167 5
40b000 56 5 1230 5
7fae156da000 29 3 1263 5
43f000 34 3 1301 5
7fae154c7000 66 9 1377 6
1382 6
0x422000
422000 35 21 57 5
483000 722 32 812 5
466000 74 5 892 5
40a000 20 1 914 5
470000 41 2 958 5
46f000 31 2 992 5
44c000 36 4 1033 5
40d000 34 3 1071 5
482000 44 3 1119 5
40b000 56 5 1182 5
7fae156da000 29 4 1216 5
43f000 34 3 1253 5
7fae154c7000 68 9 1331 6
1341 6
0x481000
481000 25 18 44 4
41d000 34 13 92 4
7fae154c6000 65 32 190 4
7fae154c5000 101 23 315 4
40a000 19 9 344 4
483000 716 57 1118 4
466000 72 17 1208 4
470000 40 10 1259 4
46f000 29 10 1299 4
44c000 35 14 1349 4
40d000 34 13 1397 5
482000 42 3 1443 5
40b000 55 5 1505 5
7fae156da000 29 3 1538 5
43f000 34 4 1576 5
7fae154c7000 67 9 1653 6
1659 6
0x41d000
41d000 34 20 54 4
7fae154c6000 63 33 151 4
7fae154c5000 101 21 273 4
40a000 18 9 301 4
483000 717 57 1075 4
466000 73 17 1166 4
470000 40 11 1218 4
46f000 29 10 1258 4
44c000 36 14 1309 4
40d000 34 13 1357 5
482000 43 3 1404 5
40b000 54 5 1465 5
7fae156da000 29 3 1498 5
43f000 33 4 1536 5
7fae154c7000 65 9 1611 6
1617 6
0x41c000
41c000 44 16 61 4
483000 712 57 831 4
466000 73 16 921 4
40a000 19 8 950 4
470000 41 11 1003 4
46f000 30 10 1044 4
44c000 36 14 1095 4
40d000 34 12 1142 5
482000 45 2 1190 5
40b000 57 5 1254 5
7fae156da000 30 3 1288 5
43f000 35 4 1327 5
7fae154c7000 65 9 1402 6
1407 6
0x428000
428000 44 18 62 2
482000 42 15 120 2
483000 707 88 916 4
466000 74 16 1006 4
40a000 18 9 1034 4
470000 41 10 1085 4
46f000 30 10 1126 4
44c000 36 13 1176 4
40d000 35 12 1224 5
40b000 56 5 1287 5
7fae156da000 29 4 1321 5
43f000 34 4 1359 5
7fae154c7000 66 9 1435 6
1441 6
0x41b000
41b000 49 26 76 4
40b000 55 16 148 4
40a000 18 9 176 4
483000 717 57 950 4
466000 72 16 1038 4
470000 40 10 1089 4
46f000 29 10 1129 4
44c000 35 15 1180 4
40d000 33 12 1226 5
482000 43 2 1272 5
7fae1551f000 80 10 1364 5
7fae1551e000 57 11 1432 5
7fae15519000 55 8 1496 5
7fae15518000 79 12 1587 5
7fae15517000 63 7 1657 5
7fae1542d000 127 2 1787 5
7fae15516000 47 2 1837 5
7fae15515000 45 2 1884 5
7fae154aa000 85 9 1979 5
7fae154a9000 87 6 2073 5
7fae1556a000 103 5 2182 5
7fae154a8000 63 4 2249 5
7fae154a7000 84 4 2338 5
7fae1549f000 158 7 2504 5
7fae154a6000 97 4 2605 5
7fae154a5000 69 6 2680 5
7fae154a0000 62 6 2748 5
7fae1546c000 57 3 2809 5
7fae1553a000 93 5 2908 5
7fae15539000 112 4 3024 5
7fae15538000 69 10 3104 5
7fae15536000 77 3 3184 5
7fae15514000 55 2 3241 5
7fae15513000 50 2 3294 5
7fae15512000 36 3 3334 5
7fae15511000 48 3 3385 5
7fae15510000 41 2 3428 5
7fae1550f000 45 3 3476 5
7fae15549000 55 3 3535 5
7fae1552b000 68 13 3617 5
7fae15498000 63 4 3684 5
7fae15523000 61 7 3752 5
7fae15522000 50 5 3808 5
7fae15499000 79 6 3894 5
7fae1549c000 105 6 4006 5
7fae15521000 95 6 4107 5
7fae15520000 62 8 4177 5
7fae1546d000 32 3 4213 5
7fae15496000 48 3 4264 5
7fae154ee000 49 3 4317 5
7fae154ed000 57 7 4382 5
7fae1554f000 45 4 4432 5
7fae1554e000 59 5 4497 5
7fae1554d000 50 4 4551 5
7fae1554c000 65 4 4620 5
7fae1554b000 89 4 4714 5
7fae1554a000 56 4 4775 5
7fae1548c000 59 4 4838 5
7fae1548b000 58 3 4900 5
7fae15492000 87 5 4993 5
7fae154c7000 66 8 5067 6
5074 6
0x476000
476000 32 17 49 2
49 2
0x429000
429000 38 20 58 2
483000 716 87 861 4
466000 74 17 952 4
40a000 18 9 980 4
470000 41 10 1031 4
46f000 30 10 1072 4
44c000 35 14 1122 4
40d000 34 13 1170 5
482000 43 3 1217 5
40b000 56 5 1279 5
7fae156da000 28 3 1311 5
43f000 34 4 1350 5
7fae154c7000 65 9 1425 6
1431 6
0x465000
465000 52 20 73 2
483000 714 87 875 4
466000 72 16 964 4
40a000 18 9 992 4
470000 40 10 1042 4
46f000 29 10 1082 4
44c000 36 14 1133 4
40d000 34 13 1181 5
482000 43 2 1227 5
40b000 55 5 1289 5
7fae156da000 31 3 1324 5
43f000 33 4 1362 5
7fae154c7000 66 9 1438 6
1443 6
0x464000
464000 26 15 41 2
482000 44 14 99 2
46b000 54 22 177 5
483000 717 31 926 5
466000 72 6 1005 5
40a000 18 2 1026 5
470000 40 3 1069 5
46f000 30 2 1101 5
44c000 35 4 1141 5
40d000 34 3 1179 5
40b000 56 5 1241 5
7fae156da000 29 4 1275 5
43f000 33 4 1312 5
7fae154c7000 68 9 1390 6
1396 6
0x46b000
46b000 55 24 79 5
482000 42 2 124 5
483000 703 31 860 5
466000 73 5 939 5
40a000 18 2 960 5
470000 41 3 1004 5
46f000 30 2 1036 5
44c000 35 4 1076 5
40d000 34 4 1115 5
40b000 55 5 1176 5
7fae156da000 28 4 1209 5
43f000 34 3 1246 5
7fae154c7000 66 8 1322 6
1328 6
0x477000
477000 57 29 87 5
482000 43 7 138 5
40a000 18 7 165 5
483000 706 42 914 5
466000 72 12 998 5
470000 40 8 1047 5
46f000 29 8 1084 5
44c000 35 10 1130 5
40d000 34 10 1175 6
1180 6
0x4454f000
0 0
0x478000
478000 49 22 71 2
477000 57 26 155 5
482000 43 8 207 5
40a000 18 8 234 5
483000 704 42 980 5
466000 71 12 1064 5
470000 40 8 1113 5
46f000 29 8 1151 5
44c000 35 10 1197 5
40d000 34 9 1241 6
1247 6
0x410000
410000 34 20 54 4
7fae154c6000 63 32 150 4
7fae154c5000 105 22 278 4
40a000 18 9 305 4
483000 710 57 1072 4
466000 72 16 1161 4
470000 41 10 1213 4
46f000 29 10 1253 4
44c000 36 13 1303 4
40d000 34 13 1351 5
482000 43 2 1397 5
40b000 55 5 1459 5
7fae156da000 28 4 1492 5
43f000 34 3 1529 5
7fae154c7000 65 9 1605 6
1610 6
0x441000
441000 44 22 66 4
66 4
0x431000
431000 42 23 65 4
40a000 19 8 93 4
7fae156da000 28 13 135 4
472000 42 13 190 4
483000 716 61 968 4
466000 80 17 1066 4
470000 41 10 1118 4
46f000 29 10 1158 4
44c000 35 14 1208 4
40d000 34 13 1256 5
482000 43 3 1303 5
40b000 55 5 1364 5
43f000 34 4 1403 5
7fae154c7000 66 8 1478 6
1484 6
0x44a000
44a000 49 22 72 4
483000 708 57 838 4
466000 72 16 927 4
40a000 18 9 956 4
470000 40 11 1007 4
46f000 30 10 1047 4
44c000 37 14 1099 4
40d000 35 12 1147 5
482000 43 2 1193 5
40b000 57 5 1257 5
7fae156da000 29 3 1290 5
43f000 34 3 1328 5
7fae154c7000 67 9 1405 6
1410 6
0x44b000
44b000 37 23 60 4
7fae156da000 29 12 102 4
40a000 18 9 129 4
482000 42 10 182 4
483000 712 56 952 4
466000 73 17 1043 4
470000 40 10 1094 4
46f000 30 10 1135 4
44c000 36 14 1186 4
40d000 33 14 1234 5
40b000 54 5 1294 5
43f000 34 4 1333 5
7fae154c7000 65 9 1408 6
1413 6
0x46a000
46a000 42 24 66 5
483000 712 32 811 5
466000 71 6 889 5
40a000 18 1 909 5
470000 39 3 952 5
46f000 28 3 984 5
44c000 35 4 1024 5
40d000 34 4 1063 5
482000 42 2 1108 5
40b000 56 5 1171 5
7fae156da000 29 3 1204 5
43f000 35 3 1242 5
7fae154c7000 66 9 1318 6
1323 6
0x447000
447000 56 24 80 4
81 4
0x469000
469000 39 21 60 4
40a000 18 9 88 4
483000 717 57 863 4
466000 71 17 952 4
470000 40 10 1003 4
46f000 29 10 1043 4
44c000 35 14 1093 4
40d000 33 13 1140 5
482000 42 2 1185 5
40b000 55 5 1247 5
7fae156da000 28 4 1280 5
43f000 35 4 1319 5
7fae154c7000 65 9 1394 6
1399 6
0x449000
449000 37 18 56 2
483000 704 87 848 4
466000 73 17 939 4
40a000 18 9 967 4
470000 40 10 1018 4
46f000 29 10 1058 4
44c000 35 14 1108 4
40d000 34 12 1155 5
482000 43 3 1202 5
40b000 55 5 1264 5
7fae156da000 29 3 1297 5
43f000 33 4 1335 5
7fae154c7000 66 9 1411 6
1417 6
0x479000
479000 36 23 59 4
483000 705 56 821 4
466000 73 16 911 4
40a000 18 9 939 4
470000 40 10 990 4
46f000 32 10 1033 4
44c000 35 14 1083 4
40d000 34 12 1130 5
482000 43 3 1177 5
40b000 54 5 1238 5
7fae156da000 29 3 1271 5
43f000 33 4 1309 5
7fae154c7000 66 8 1384 6
1390 6
0x47a000
47a000 37 19 56 4
479000 36 15 108 4
483000 716 57 882 4
466000 73 16 972 4
40a000 18 9 1000 4
470000 40 11 1052 4
46f000 29 11 1093 4
44c000 35 14 1143 4
40d000 34 12 1190 5
482000 43 2 1236 5
40b000 55 5 1298 5
7fae156da000 29 3 1331 5
43f000 34 3 1369 5
7fae154c7000 65 9 1445 6
1451 6
0x448000
448000 46 18 64 4
64 4
0x467000
467000 46 27 74 2
466000 71 26 173 4
483000 704 57 936 4
481000 26 10 973 4
41d000 33 12 1020 4
7fae154c6000 63 36 1121 4
7fae154c5000 102 21 1245 4
40a000 18 9 1273 4
41c000 45 10 1328 4
7fae1558a000 69 14 1413 4
7fae15589000 77 15 1506 4
482000 43 9 1559 4
7fae156d7000 64 30 1656 4
40b000 55 16 1727 4
7fae156da000 28 13 1770 4
43f000 34 13 1817 4
7fae154c7000 67 23 1908 5
444000 39 10 1958 5
42b000 26 8 1994 5
7fae154b5000 79 10 2084 5
42d000 43 9 2137 5
474000 49 8 2195 5
473000 20 8 2224 5
44c000 36 10 2271 5
40d000 34 9 2315 6
2323 6
0x432000
432000 42 22 64 2
40a000 19 12 96 4
483000 703 57 856 4
466000 74 16 946 4
470000 40 11 999 4
46f000 30 10 1040 4
44c000 37 14 1092 4
40d000 34 13 1140 5
482000 42 3 1186 5
40b000 57 5 1250 5
7fae156da000 30 3 1284 5
43f000 35 4 1323 5
7fae154c7000 66 9 1399 6
1404 6
0x433000
433000 54 28 82 4
483000 707 57 847 4
466000 73 16 937 4
40a000 19 8 966 4
470000 41 10 1018 4
46f000 29 10 1058 4
44c000 37 14 1110 4
40d000 34 13 1158 5
482000 44 2 1205 5
40b000 56 5 1268 5
7fae156da000 28 3 1300 5
43f000 35 4 1340 5
7fae154c7000 65 9 1415 6
1420 6
0x456000
456000 44 22 66 2
483000 709 87 863 4
466000 73 17 954 4
40a000 19 9 983 4
470000 42 10 1035 4
46f000 29 10 1075 4
44c000 35 14 1125 4
40d000 35 13 1174 5
482000 43 3 1221 5
40b000 56 5 1284 5
7fae156da000 30 3 1318 5
43f000 35 3 1357 5
7fae154c7000 66 9 1434 6
1439 6
0x455000
455000 28 18 47 2
483000 741 87 877 4
466000 73 16 967 4
40a000 19 9 997 4
470000 40 10 1047 4
46f000 31 10 1089 4
44c000 36 14 1140 4
40d000 34 13 1188 5
482000 44 2 1235 5
40b000 57 5 1299 5
7fae156da000 28 3 1331 5
43f000 34 4 1370 5
7fae154c7000 65 10 1446 6
1451 6
0x43c000
43c000 56 26 82 4
7fae154c7000 66 24 173 5
7fae154c6000 64 21 259 5
7fae154c5000 101 15 376 5
40a000 18 7 401 5
483000 707 41 1150 5
466000 74 11 1236 5
470000 41 8 1287 5
46f000 31 7 1325 5
44c000 37 10 1373 5
40d000 35 9 1418 6
1423 6
0x43d000
43d000 34 19 53 4
483000 708 57 819 4
466000 73 17 910 4
40a000 19 9 939 4
470000 41 11 991 4
46f000 31 10 1032 4
44c000 36 14 1083 4
40d000 34 12 1130 5
482000 45 3 1179 5
40b000 56 5 1242 5
7fae156da000 29 3 1275 5
43f000 33 4 1313 5
7fae154c7000 68 9 1391 6
1398 6
0x45b000
45b000 72 29 101 4
483000 707 57 866 4
466000 74 16 956 4
40a000 19 9 985 4
470000 41 11 1037 4
46f000 30 10 1078 4
44c000 36 15 1130 4
40d000 33 13 1177 5
482000 44 2 1224 5
40b000 57 5 1288 5
7fae156da000 29 3 1321 5
43f000 33 4 1359 5
7fae154c7000 68 9 1437 6
1444 6
0x45a000
45a000 34 17 51 4
51 4
0x45c000
45c000 23 15 38 2
7fae154c6000 65 56 160 2
7fae154c5000 102 35 297 2
40a000 19 12 329 4
45b000 72 16 418 4
483000 707 57 1183 4
466000 73 17 1274 4
470000 41 10 1326 4
46f000 31 10 1368 4
44c000 35 14 1418 4
40d000 35 12 1466 5
482000 44 3 1514 5
40b000 58 5 1578 5
7fae156da000 30 3 1612 5
43f000 34 4 1651 5
7fae154c7000 67 9 1728 6
1734 6
0x463000
463000 29 21 51 4
482000 42 10 104 4
483000 706 57 868 4
466000 73 17 959 4
40a000 19 9 988 4
470000 41 10 1039 4
46f000 31 10 1081 4
44c000 35 14 1131 4
40d000 35 13 1180 5
40b000 56 5 1242 5
7fae156da000 29 4 1276 5
43f000 35 3 1314 5
7fae154c7000 67 8 1390 6
1396 6
0x40c000
40c000 44 23 67 4
483000 705 57 830 4
466000 74 16 920 4
40a000 19 9 949 4
470000 40 13 1002 4
46f000 28 10 1041 4
44c000 37 14 1093 4
40d000 34 13 1141 5
482000 42 2 1186 5
40b000 57 5 1251 5
7fae156da000 30 3 1285 5
43f000 34 4 1324 5
7fae154c7000 65 9 1399 6
1404 6
0x446000
446000 47 24 72 4
483000 707 57 837 4
466000 73 16 927 4
40a000 19 9 956 4
470000 41 11 1009 4
46f000 30 10 1050 4
44c000 36 14 1101 4
40d000 35 12 1149 5
482000 45 2 1197 5
40b000 57 5 1261 5
7fae156da000 28 4 1294 5
43f000 35 3 1333 5
7fae154c7000 67 9 1410 6
1415 6
0x450000
450000 44 23 68 2
7fae154c6000 62 54 185 2
7fae154c5000 101 35 322 2
40b000 54 25 402 2
40a000 18 13 434 4
483000 707 57 1198 4
466000 73 16 1288 4
470000 40 11 1341 4
46f000 30 10 1382 4
44c000 36 14 1433 4
40d000 33 12 1479 5
482000 44 2 1526 5
7fae1551f000 80 10 1618 5
7fae1551e000 57 11 1686 5
7fae15519000 54 8 1748 5
7fae15518000 80 12 1840 5
7fae15517000 63 8 1911 5
7fae1542d000 129 2 2042 5
7fae15516000 48 2 2093 5
7fae15515000 46 2 2142 5
7fae154aa000 87 9 2238 5
7fae154a9000 90 6 2334 5
7fae1556a000 103 5 2443 5
7fae154a8000 64 4 2512 5
7fae154a7000 85 5 2602 5
7fae1549f000 156 6 2765 5
7fae154a6000 98 3 2867 5
7fae154a5000 71 5 2944 5
7fae154a0000 63 7 3015 5
7fae1546c000 58 4 3077 5
7fae1553a000 94 4 3175 5
7fae15539000 113 4 3293 5
7fae15538000 72 10 3375 5
7fae15536000 76 4 3455 5
7fae15514000 54 2 3511 5
7fae15513000 49 3 3564 5
7fae15512000 35 2 3602 5
7fae15511000 47 2 3652 5
7fae15510000 39 3 3695 5
7fae1550f000 44 3 3742 5
7fae15549000 55 3 3801 5
7fae1552b000 69 13 3883 5
7fae15498000 63 4 3950 5
7fae15523000 62 7 4019 5
7fae15522000 48 5 4073 5
7fae15499000 80 6 4160 5
7fae1549c000 106 6 4273 5
7fae15521000 99 6 4378 5
7fae15520000 62 8 4448 5
7fae1546d000 32 3 4484 5
7fae15496000 48 3 4536 5
7fae154ee000 49 4 4589 5
7fae154ed000 57 7 4653 5
7fae1554f000 46 3 4702 5
7fae1554e000 59 4 4766 5
7fae1554d000 49 4 4820 5
7fae1554c000 64 4 4889 5
7fae1554b000 89 4 4982 5
7fae1554a000 57 4 5043 5
7fae1548c000 59 3 5105 5
7fae1548b000 59 3 5168 5
7fae15492000 87 6 5261 5
7fae154c7000 65 9 5335 6
5341 6
0x44f000
44f000 38 17 56 2
483000 705 87 849 4
466000 71 17 938 4
40a000 18 9 966 4
470000 40 10 1016 4
46f000 29 10 1056 4
44c000 35 14 1106 4
40d000 33 12 1152 5
482000 45 2 1200 5
40b000 55 5 1262 5
7fae156da000 28 4 1295 5
43f000 34 3 1332 5
7fae154c7000 66 9 1408 6
1413 6
0x452000
452000 41 20 61 4
415000 49 13 124 4
483000 706 56 887 4
466000 72 16 976 4
40a000 18 9 1004 4
470000 40 10 1055 4
46f000 30 10 1096 4
44c000 35 14 1146 4
40d000 34 13 1194 5
482000 43 2 1240 5
40b000 55 5 1302 5
7fae156da000 29 4 1336 5
43f000 34 4 1374 5
7fae154c7000 65 9 1450 6
1456 6
0x451000
451000 60 22 82 1
452000 41 20 144 4
415000 49 13 207 4
483000 708 56 972 4
466000 72 16 1061 4
40a000 18 9 1089 4
470000 40 10 1139 4
46f000 29 10 1179 4
44c000 35 14 1229 4
40d000 33 13 1276 5
482000 43 2 1322 5
40b000 55 6 1385 5
7fae156da000 28 4 1418 5
43f000 34 3 1455 5
7fae154c7000 66 9 1531 6
1538 6
0x430000
430000 40 21 61 4
483000 708 57 826 4
466000 72 16 915 4
40a000 19 8 943 4
470000 40 10 994 4
46f000 29 10 1034 4
44c000 35 15 1085 4
40d000 33 13 1132 5
482000 43 2 1178 5
40b000 55 5 1240 5
7fae156da000 28 4 1273 5
43f000 34 3 1310 5
7fae154c7000 66 9 1386 6
1391 6
0x462000
462000 32 18 50 4
482000 43 10 104 4
468000 40 13 158 4
7fae154c6000 63 33 255 4
7fae154c5000 100 21 376 4
40a000 18 9 404 4
483000 709 57 1170 4
466000 72 16 1259 4
470000 40 10 1310 4
46f000 29 11 1351 4
44c000 36 14 1401 4
40d000 36 12 1450 5
40b000 54 6 1512 5
7fae156da000 28 4 1545 5
43f000 34 4 1583 5
7fae154c7000 66 9 1659 6
1665 6
0x468000
468000 40 22 62 4
7fae154c6000 64 32 159 4
7fae154c5000 100 21 281 4
40a000 18 9 309 4
483000 707 56 1072 4
466000 72 16 1161 4
470000 40 10 1213 4
46f000 28 10 1253 4
44c000 35 13 1303 4
40d000 33 13 1351 5
482000 42 3 1397 5
40b000 56 5 1460 5
7fae156da000 28 3 1493 5
43f000 33 4 1531 5
7fae154c7000 66 8 1606 6
1612 6
0x461000
461000 29 15 45 2
7fae156da000 29 18 93 4
40a000 18 9 121 4
482000 43 10 174 4
7fae1544e000 57 23 255 4
483000 706 56 1017 4
466000 72 16 1106 4
470000 40 11 1159 4
46f000 29 11 1200 4
44c000 35 14 1250 4
40d000 34 12 1297 5
40b000 55 5 1359 5
43f000 33 4 1397 5
7fae154c7000 66 9 1473 6
1479 6
0x45f000
45f000 30 19 49 4
483000 704 57 811 4
466000 72 16 900 4
40a000 18 8 928 4
470000 40 10 979 4
46f000 29 10 1019 4
44c000 36 13 1069 4
40d000 33 13 1117 5
482000 44 2 1164 5
40b000 55 5 1227 5
7fae156da000 28 4 1261 5
43f000 34 3 1299 5
7fae154c7000 68 9 1378 6
1384 6
0x460000
460000 33 21 54 4
54 4
0x42e000
42e000 37 20 58 4
482000 43 10 112 4
483000 702 57 873 4
466000 71 17 962 4
40a000 18 9 990 4
470000 40 11 1042 4
46f000 29 10 1082 4
44c000 36 13 1133 4
40d000 35 12 1182 5
40b000 55 5 1244 5
7fae156da000 30 3 1278 5
43f000 33 4 1316 5
7fae154c7000 66 9 1393 6
1399 6
0x42a000
42a000 45 21 67 5
7fae1558a000 70 4 142 5
7fae15589000 77 4 223 5
40a000 18 2 244 5
482000 42 3 289 5
483000 707 32 1029 5
466000 72 5 1107 5
470000 39 2 1150 5
46f000 30 2 1183 5
44c000 36 4 1224 5
40d000 33 5 1263 5
40b000 55 6 1325 5
7fae156da000 28 3 1357 5
43f000 34 3 1395 5
7fae154c7000 66 9 1472 6
1477 6
0x480000
480000 29 16 45 2
47f000 33 16 95 2
483000 705 87 888 4
466000 71 17 977 4
40a000 18 8 1004 4
470000 42 10 1057 4
46f000 29 10 1097 4
44c000 35 13 1146 4
40d000 34 12 1193 5
482000 43 2 1239 5
40b000 55 5 1301 5
7fae156da000 28 3 1333 5
43f000 33 4 1371 5
7fae154c7000 65 9 1446 6
1451 6
0x47f000
47f000 33 18 52 2
483000 707 86 846 4
466000 72 16 935 4
40a000 18 9 963 4
470000 39 11 1014 4
46f000 29 12 1055 4
44c000 36 15 1107 4
40d000 34 13 1155 5
482000 42 3 1201 5
40b000 54 5 1262 5
7fae156da000 29 3 1295 5
43f000 33 4 1333 5
7fae154c7000 65 9 1408 6
1413 6
0x47e000
47e000 49 21 70 4
483000 714 57 842 4
466000 73 17 932 4
40a000 18 9 960 4
470000 40 10 1011 4
46f000 29 11 1052 4
44c000 35 14 1102 4
40d000 34 13 1150 5
482000 44 3 1198 5
40b000 55 5 1260 5
7fae156da000 28 4 1293 5
43f000 34 3 1330 5
7fae154c7000 66 9 1406 6
1411 6
0x47d000
47d000 52 23 75 4
483000 724 57 857 4
466000 71 16 945 4
40a000 18 9 973 4
470000 39 10 1023 4
46f000 30 10 1064 4
44c000 36 14 1115 4
40d000 33 13 1162 5
482000 44 2 1209 5
40b000 55 5 1271 5
7fae156da000 30 3 1305 5
43f000 33 3 1342 5
7fae154c7000 67 9 1420 6
1425 6
0x435000
435000 47 22 69 4
483000 703 56 829 4
466000 74 17 921 4
40a000 18 9 949 4
470000 39 11 1000 4
46f000 29 11 1040 4
44c000 35 14 1090 4
40d000 33 13 1137 5
482000 43 2 1183 5
40b000 55 5 1245 5
7fae156da000 28 3 1277 5
43f000 33 4 1315 5
7fae154c7000 65 9 1390 6
1395 6
0x412000
412000 27 19 46 4
411000 36 9 92 4
483000 707 56 856 4
466000 72 16 945 4
40a000 19 8 973 4
470000 39 11 1024 4
46f000 28 11 1064 4
44c000 36 14 1114 4
40d000 33 13 1161 5
482000 43 2 1207 5
40b000 55 5 1269 5
7fae156da000 28 4 1302 5
43f000 36 3 1341 5
7fae154c7000 65 9 1417 6
1422 6
0x411000
411000 37 13 50 2
483000 706 86 843 4
466000 73 17 934 4
40a000 18 8 961 4
470000 41 10 1013 4
46f000 29 10 1053 4
44c000 36 14 1104 4
40d000 34 12 1151 5
482000 44 2 1198 5
40b000 56 5 1261 5
7fae156da000 28 4 1294 5
43f000 33 4 1331 5
7fae154c7000 67 9 1409 6
1413 6
0x437000
437000 44 17 61 4
483000 707 57 826 4
466000 73 17 917 4
40a000 18 9 945 4
470000 41 10 996 4
46f000 29 10 1036 4
44c000 35 14 1086 4
40d000 33 12 1132 5
482000 43 2 1178 5
40b000 56 5 1241 5
7fae156da000 29 3 1274 5
43f000 33 4 1312 5
7fae154c7000 67 9 1389 6
1394 6
0x436000
436000 45 24 70 4
482000 43 9 123 4
483000 706 56 887 4
466000 73 16 977 4
40a000 18 9 1005 4
470000 41 11 1057 4
46f000 29 10 1097 4
44c000 36 14 1148 4
40d000 34 12 1195 5
40b000 56 5 1257 5
7fae156da000 28 4 1290 5
43f000 35 3 1328 5
7fae154c7000 66 9 1404 6
1409 6
0x43b000
43b000 29 17 47 4
483000 709 56 813 4
466000 73 16 903 4
40a000 18 9 931 4
470000 41 10 982 4
46f000 29 10 1022 4
44c000 36 15 1074 4
40d000 34 13 1122 5
482000 42 3 1168 5
40b000 56 6 1231 5
7fae156da000 28 4 1264 5
43f000 34 3 1301 5
7fae154c7000 66 9 1378 6
1384 6
0x416000
416000 58 27 86 2
483000 704 88 879 4
466000 72 17 968 4
40a000 18 8 995 4
470000 40 10 1046 4
46f000 29 10 1086 4
44c000 35 13 1135 4
40d000 34 12 1182 5
482000 43 2 1228 5
40b000 55 5 1290 5
7fae156da000 28 4 1323 5
43f000 34 3 1360 5
7fae154c7000 66 9 1436 6
1441 6
0x417000
417000 55 25 80 2
416000 58 23 162 2
483000 708 87 958 4
466000 72 16 1046 4
40a000 18 9 1074 4
470000 39 11 1125 4
46f000 28 11 1165 4
44c000 36 14 1215 4
40d000 33 14 1263 5
482000 43 2 1309 5
40b000 55 5 1371 5
7fae156da000 28 3 1404 5
43f000 33 4 1442 5
7fae154c7000 66 9 1518 6
1524 6
0x418000
418000 28 15 43 1
483000 710 101 855 4
466000 74 16 945 4
40a000 18 9 973 4
470000 40 10 1023 4
46f000 29 10 1063 4
44c000 35 14 1113 4
40d000 34 12 1160 5
482000 43 3 1207 5
40b000 57 5 1271 5
7fae156da000 29 3 1304 5
43f000 35 3 1342 5
7fae154c7000 67 8 1418 6
1424 6
0x443000
443000 35 20 56 4
482000 43 10 110 4
7fae156d7000 61 30 203 4
40a000 19 9 231 4
7fae156da000 28 12 272 4
7fae154a5000 70 16 358 4
483000 710 57 1125 4
466000 73 16 1215 4
470000 40 11 1267 4
46f000 29 12 1308 4
44c000 34 14 1357 4
40d000 35 12 1405 5
40b000 58 5 1469 5
43f000 33 4 1507 5
7fae154c7000 67 10 1585 6
1590 6
0x475000
475000 44 21 65 2
65 2
0x414000
414000 52 28 81 4
40c000 43 13 138 4
483000 705 57 901 4
466000 72 19 993 4
40a000 18 9 1021 4
470000 40 10 1072 4
46f000 29 12 1114 4
44c000 35 13 1163 4
40d000 35 12 1211 5
482000 43 2 1257 5
40b000 54 5 1318 5
7fae156da000 30 4 1353 5
43f000 33 4 1390 5
7fae154c7000 65 9 1465 6
1470 6
0x413000
413000 56 18 74 2
483000 703 87 864 4
466000 74 16 955 4
40a000 20 8 984 4
470000 41 10 1036 4
46f000 30 11 1078 4
44c000 36 14 1129 4
40d000 34 13 1178 5
482000 44 2 1225 5
40b000 56 6 1289 5
7fae156da000 29 4 1323 5
43f000 36 3 1362 5
7fae154c7000 67 9 1439 6
1444 6
0x439000
439000 45 24 70 4
483000 703 56 831 4
466000 74 17 923 4
40a000 19 9 952 4
470000 40 10 1002 4
46f000 31 10 1044 4
44c000 36 14 1095 4
40d000 34 13 1143 5
482000 43 2 1189 5
40b000 55 7 1254 5
7fae156da000 29 4 1289 5
43f000 34 3 1326 5
7fae154c7000 67 9 1403 6
1408 6
0x43a000
43a000 35 17 53 4
439000 44 15 113 4
483000 708 56 878 4
466000 73 17 969 4
40a000 19 9 998 4
470000 40 10 1048 4
46f000 31 10 1090 4
44c000 36 14 1141 4
40d000 40 13 1195 5
482000 42 2 1240 5
40b000 57 5 1304 5
7fae156da000 29 3 1337 5
43f000 33 4 1375 5
7fae154c7000 66 8 1450 6
1457 6
0x46d000
46d000 33 17 50 4
46c000 36 11 98 4
40b000 55 16 170 4
40a000 18 9 198 4
483000 706 57 961 4
466000 72 16 1050 4
470000 40 10 1101 4
46f000 30 10 1142 4
44c000 35 15 1193 4
40d000 33 14 1241 5
482000 43 2 1287 5
7fae1551f000 82 9 1380 5
7fae1551e000 57 11 1448 5
7fae15519000 55 7 1511 5
7fae15518000 82 12 1606 5
7fae15517000 61 8 1676 5
7fae1542d000 126 3 1805 5
7fae15516000 46 3 1854 5
7fae15515000 45 2 1901 5
7fae154aa000 85 9 1996 5
7fae154a9000 92 6 2094 5
7fae1556a000 106 5 2206 5
7fae154a8000 63 4 2274 5
7fae154a7000 84 4 2363 5
7fae1549f000 154 7 2525 5
7fae154a6000 100 3 2628 5
7fae154a5000 70 5 2704 5
7fae154a0000 62 6 2773 5
7fae1546c000 57 3 2834 5
7fae1553a000 93 5 2933 5
7fae15539000 111 4 3048 5
7fae15538000 71 10 3130 5
7fae15536000 79 3 3212 5
7fae15514000 54 3 3270 5
7fae15513000 49 3 3323 5
7fae15512000 35 3 3362 5
7fae15511000 47 3 3413 5
7fae15510000 40 2 3455 5
7fae1550f000 44 2 3502 5
7fae15549000 55 3 3561 5
7fae1552b000 70 13 3644 5
7fae15498000 63 4 3711 5
7fae15523000 61 7 3779 5
7fae15522000 49 5 3834 5
7fae15499000 79 6 3920 5
7fae1549c000 105 6 4032 5
7fae15521000 95 6 4134 5
7fae15520000 64 8 4207 5
7fae1546d000 31 4 4243 5
7fae15496000 49 3 4295 5
7fae154ee000 50 3 4349 5
7fae154ed000 57 7 4414 5
7fae1554f000 45 4 4464 5
7fae1554e000 60 5 4529 5
7fae1554d000 50 4 4583 5
7fae1554c000 66 4 4654 5
7fae1554b000 89 4 4748 5
7fae1554a000 57 3 4809 5
7fae1548c000 60 3 4873 5
7fae1548b000 59 3 4936 5
7fae15492000 88 5 5029 5
7fae154c7000 66 8 5104 6
5111 6
0x42c000
42c000 38 17 55 1
474000 48 17 121 2
473000 21 14 157 2
40a000 18 12 188 4
483000 706 56 951 4
466000 71 20 1044 4
470000 40 10 1095 4
46f000 29 11 1136 4
44c000 35 14 1186 4
40d000 34 12 1233 5
482000 42 3 1280 5
40b000 55 5 1342 5
7fae156da000 28 4 1375 5
43f000 34 4 1413 5
7fae154c7000 66 9 1489 6
1496 6
0x445000
445000 33 17 50 2
483000 708 87 846 4
466000 72 16 935 4
40a000 18 9 963 4
470000 40 10 1014 4
46f000 30 11 1056 4
44c000 35 14 1106 4
40d000 34 12 1153 5
482000 44 2 1200 5
40b000 55 6 1263 5
7fae156da000 29 4 1296 5
43f000 35 3 1334 5
7fae154c7000 66 9 1410 6
1416 6
0x40e000
40e000 49 25 74 5
7fae1558a000 67 9 151 5
7fae15589000 77 10 239 5
40a000 18 7 265 5
483000 707 42 1014 5
466000 72 12 1099 5
470000 40 8 1148 5
46f000 29 8 1186 5
44c000 35 11 1233 5
40d000 35 9 1277 6
1282 6
0x44e000
44e000 48 21 70 4
44d000 23 9 103 4
483000 705 56 865 4
466000 72 16 954 4
40a000 18 9 982 4
470000 39 11 1033 4
46f000 29 11 1073 4
44c000 37 14 1124 4
40d000 34 12 1171 5
482000 44 2 1218 5
40b000 54 6 1280 5
7fae156da000 29 3 1312 5
43f000 33 4 1350 5
7fae154c7000 65 9 1425 6
1430 6
0x44d000
44d000 23 14 37 1
37 1
0x423000
423000 33 19 52 2
7ffd38592000 34 17 104 2
40a000 19 12 135 4
483000 705 57 897 4
466000 71 16 985 4
470000 39 11 1037 4
46f000 29 11 1077 4
44c000 36 14 1127 4
40d000 34 13 1174 5
482000 43 2 1220 5
40b000 58 5 1285 5
7fae156da000 28 4 1318 5
43f000 35 3 1356 5
7fae154c7000 66 9 1432 6
1437 6
0x41a000
41a000 30 18 49 2
483000 704 86 840 4
466000 74 16 931 4
40a000 19 9 960 4
470000 40 11 1012 4
46f000 31 11 1054 4
44c000 37 14 1105 4
40d000 33 13 1152 5
482000 42 3 1198 5
40b000 57 5 1261 5
7fae156da000 31 3 1296 5
43f000 33 4 1334 5
7fae154c7000 66 8 1409 6
1415 6
0x45d000
45d000 46 23 70 2
483000 705 88 864 4
466000 71 17 953 4
40a000 18 9 981 4
470000 39 10 1031 4
46f000 29 11 1072 4
44c000 35 14 1122 4
40d000 34 12 1168 5
482000 43 3 1215 5
40b000 54 5 1276 5
7fae156da000 29 3 1309 5
43f000 33 4 1347 5
7fae154c7000 65 9 1422 6
1427 6
0x45e000
45e000 37 18 55 2
45d000 46 20 122 2
483000 708 86 917 4
466000 71 17 1006 4
40a000 18 9 1034 4
470000 41 10 1085 4
46f000 29 10 1125 4
44c000 35 14 1175 4
40d000 34 12 1222 5
482000 43 2 1268 5
40b000 55 5 1330 5
7fae156da000 28 4 1363 5
43f000 34 4 1401 5
7fae154c7000 66 9 1477 6
1483 6
0x43e000
43e000 41 19 60 4
44c000 36 14 111 4
483000 703 56 871 4
466000 74 17 963 4
40a000 18 9 991 4
470000 41 10 1042 4
46f000 29 10 1082 4
434000 79 18 1180 5
7fae154b5000 78 3 1262 5
7fae154c6000 63 13 1338 5
7fae154c5000 100 8 1447 5
40b000 55 5 1507 5
7fae156da000 28 4 1540 5
482000 43 2 1585 5
43f000 33 4 1624 5
7fae154c7000 67 9 1701 6
1707 6
