0x410000
410000 41 16 58 2
40f000 19 12 91 4
7fccec207000 74 15 181 4
7fccec343000 105 17 304 4
7fccec342000 105 15 425 4
7fccec205000 125 10 561 4
7fccec312000 94 15 670 4
7fccec311000 111 16 798 4
7fccec310000 72 24 894 4
7fccec30e000 77 11 983 4
7fccec302000 91 36 1111 4
7fccec300000 50 11 1172 4
7fccec217000 60 19 1251 4
7fccec216000 84 15 1351 4
7fccec215000 40 11 1402 4
7fccec214000 55 10 1468 4
7fccec213000 87 13 1568 4
7fccec212000 34 13 1616 4
7fccec20a000 50 13 1680 4
7fccec209000 44 12 1736 4
7fccec208000 64 11 1811 4
7fccec265000 75 15 1901 4
7fccec272000 88 13 2002 4
7fccec271000 79 17 2099 4
7fccec2f6000 59 27 2186 4
7fccec2f1000 56 20 2263 4
7fccec2f0000 86 29 2378 4
7fccec2ef000 64 20 2463 4
7fccec2ee000 47 10 2520 4
7fccec2ed000 44 9 2574 4
7fccec282000 85 24 2685 4
7fccec281000 93 17 2795 4
7fccec280000 62 14 2872 4
7fccec27f000 84 14 2970 4
7fccec277000 153 18 3142 4
7fccec27e000 95 13 3250 4
7fccec27d000 71 15 3336 4
7fccec278000 62 19 3418 4
7fccec244000 57 12 3487 4
7fccec2ec000 54 11 3553 4
7fccec2eb000 50 11 3615 4
7fccec2ea000 35 10 3661 4
7fccec2e9000 47 12 3721 4
7fccec2e8000 40 10 3771 4
7fccec2e7000 43 11 3826 4
7fccec321000 55 11 3893 4
7fccec303000 72 31 3996 4
7fccec270000 64 13 4073 4
7fccec2fb000 64 19 4157 4
7fccec2f7000 86 23 4267 4
7fccec2fa000 54 16 4338 4
7fccec274000 106 18 4462 4
7fccec2f9000 96 17 4575 4
7fccec2f8000 63 21 4660 4
7fccec245000 32 13 4706 4
7fccec26e000 49 12 4767 4
7fccec2c6000 51 12 4830 4
7fccec2c5000 60 19 4909 4
7fccec327000 46 12 4968 4
7fccec326000 60 15 5043 4
7fccec325000 50 13 5106 4
7fccec324000 65 14 5186 4
7fccec323000 96 12 5294 4
7fccec322000 59 12 5366 4
7fccec264000 60 12 5439 4
7fccec263000 60 11 5511 4
7fccec26a000 88 16 5616 4
7fccec29f000 68 23 5707 5
7fccec29e000 66 21 5794 5
7fccec29d000 102 14 5911 5
7fccec269000 33 9 5954 5
7fccec260000 91 9 6055 5
7fccec262000 80 11 6147 5
7fccec261000 112 10 6270 5
7fccec268000 47 9 6327 5
7fccec275000 113 12 6453 5
7fccec267000 83 10 6547 5
7fccec26d000 43 9 6599 5
7fccec26c000 90 10 6700 5
7fccec2a1000 47 8 6755 5
7fccec2a0000 66 10 6832 5
7fccec2ad000 60 11 6903 5
7fccec259000 74 9 6987 5
7fccec229000 65 12 7064 5
7fccec228000 60 9 7133 5
7fccec227000 49 11 7193 5
7fccec2c8000 42 9 7245 5
7fccec320000 55 9 7309 5
7fccec33b000 53 7 7369 5
7fccec2c4000 47 11 7428 5
7fccec266000 64 10 7503 5
7fccec2c3000 37 8 7549 5
7fccec328000 65 8 7623 5
7fccec26f000 49 11 7684 5
7fccec276000 85 12 7781 5
7fccec2e5000 56 12 7850 5
7fccec31f000 75 13 7939 5
7fccec31e000 45 9 7994 5
7fccec31d000 40 8 8042 5
7fccec31c000 48 7 8098 5
7fccec329000 102 13 8214 5
7fccec31b000 59 12 8286 5
7fccec31a000 68 9 8364 5
7fccec319000 42 8 8414 5
7fccec226000 58 15 8487 5
7fccec318000 50 8 8545 5
7fccec206000 40 8 8594 5
7fccec2b7000 54 9 8658 5
7fccec2b4000 54 9 8722 5
7fccec2b6000 38 7 8767 5
7fccec2c1000 54 11 8833 5
7fccec2c0000 72 11 8916 5
7fccec2bf000 29 7 8952 5
7fccec2be000 37 8 8998 5
7fccec2bd000 27 7 9033 5
7fccec2bb000 45 8 9087 5
7fccec2ba000 41 8 9137 5
7fccec2b8000 33 7 9179 5
7fccec2b9000 61 8 9249 5
7fccec2b3000 67 10 9327 5
7fccec2bc000 32 8 9368 5
7fccec2b5000 57 9 9436 5
7fccec306000 50 12 9498 5
7fccec2f5000 64 10 9573 5
7fccec2f4000 47 8 9629 5
7fccec314000 63 10 9703 5
7fccec313000 41 9 9753 5
7fccec33c000 45 7 9805 5
7fccec33e000 47 7 9860 5
7fccec2e6000 35 8 9904 5
7fccec22b000 33 10 9947 5
7fccec22a000 56 13 10016 5
7fccec23e000 40 9 10066 5
7fccec2ce000 43 8 10118 5
7fccec2cd000 46 8 10172 5
7fccec2cb000 42 13 10228 5
7fccec2c9000 53 8 10289 5
7fccec2cc000 53 8 10350 5
7fccec2c7000 85 13 10450 5
7fccec2fd000 146 11 10607 5
7fccec2fc000 61 10 10678 5
7fccec225000 79 18 10776 5
4cd000 147 11 10935 5
4ce000 1078 67 12082 5
7fccec368000 59 10 12152 5
48f000 47 10 12210 5
48e000 44 9 12264 5
4cf000 238 15 12519 5
7fccebfd1000 46 8 12574 5
7fccebfd0000 62 8 12645 5
7fccebfcf000 72 8 12726 5
7fccebfd8000 60 12 12799 5
7fccebfd7000 56 8 12864 5
7fccebfd6000 62 8 12935 5
7fccebfd4000 63 9 13008 5
7fccebfdb000 244 17 13270 5
7fccebfd3000 95 8 13374 5
7fccebfd2000 35 8 13419 5
7fccebfd9000 37 8 13465 5
7fccebfda000 126 12 13605 5
7fccebfce000 53 8 13667 5
7fccebfd5000 36 9 13713 5
7fccec362000 70 9 13795 5
7fccec361000 79 10 13885 5
7fccec294000 58 10 13954 5
7fccec293000 51 7 14012 5
7fccec292000 46 7 14066 5
7fccec28d000 78 8 14153 5
494000 52 9 14216 5
496000 62 10 14289 5
41a000 37 10 14337 5
4a5000 63 11 14412 5
434000 46 8 14466 5
47d000 63 10 14540 5
4a1000 39 9 14589 5
49a000 40 9 14639 5
464000 47 9 14696 5
463000 53 10 14760 5
7fccec369000 53 9 14823 5
4b5000 50 9 14883 5
43d000 59 10 14953 5
4c7000 48 10 15012 5
4c6000 77 11 15101 5
41e000 46 10 15159 5
4b8000 49 9 15219 5
411000 41 9 15270 5
424000 39 8 15318 5
44a000 32 9 15361 5
471000 53 10 15425 5
4ae000 42 9 15477 5
41f000 54 10 15542 5
449000 44 9 15595 5
48d000 39 7 15642 5
447000 38 8 15690 5
443000 40 8 15740 5
478000 48 9 15798 5
477000 58 10 15867 5
479000 50 9 15930 5
47a000 50 9 15990 5
444000 41 9 16043 5
46b000 45 8 16097 5
440000 63 9 16170 5
49d000 58 11 16241 5
7fccec316000 49 11 16302 5
4ab000 48 9 16360 5
4aa000 39 8 16408 5
7fccec2f2000 52 11 16472 5
470000 44 8 16525 5
45d000 40 9 16575 5
4b3000 56 10 16642 5
442000 30 8 16681 5
459000 27 7 16717 5
430000 41 9 16768 5
454000 47 9 16825 5
4a2000 46 9 16881 5
42a000 48 8 16937 5
462000 52 10 17000 5
461000 58 13 17072 5
456000 48 9 17131 5
45e000 49 8 17189 5
450000 33 9 17232 5
445000 45 8 17287 5
413000 46 8 17342 5
46a000 56 9 17408 5
451000 44 9 17461 5
4cb000 43 9 17515 5
4b4000 60 8 17584 5
7ffc95f2c000 36 8 17629 5
452000 50 8 17689 5
48a000 60 10 17760 5
4ba000 40 8 17811 5
4bb000 50 9 17872 5
4bc000 38 7 17919 5
4bd000 47 9 17977 5
448000 41 8 18027 5
49c000 37 7 18072 5
439000 43 9 18127 5
4c8000 54 9 18190 5
4bf000 63 11 18266 5
487000 47 9 18323 5
4ac000 51 10 18386 5
44f000 41 9 18438 5
491000 53 10 18502 5
417000 40 10 18553 5
484000 44 9 18608 5
485000 38 8 18656 5
428000 49 8 18714 5
429000 40 10 18766 5
495000 43 9 18819 5
473000 58 9 18888 5
418000 73 11 18973 5
43a000 45 12 19032 5
423000 41 10 19084 5
422000 51 13 19149 5
42b000 63 11 19224 5
433000 49 9 19283 5
438000 37 10 19331 5
4a7000 44 9 19385 5
45c000 50 9 19446 5
4a8000 53 9 19509 5
4c0000 50 9 19570 5
49f000 43 10 19626 5
44d000 36 8 19671 5
4b0000 48 9 19729 5
4be000 49 10 19791 5
44b000 56 12 19861 5
44c000 35 8 19907 5
492000 39 8 19956 5
426000 44 9 20010 5
425000 37 8 20056 5
4b9000 48 9 20113 5
4a6000 51 8 20174 5
427000 37 8 20222 5
4c3000 45 8 20276 5
480000 50 9 20338 5
493000 45 9 20393 5
4ca000 57 10 20461 5
46d000 37 9 20509 5
46c000 54 9 20573 5
472000 51 10 20635 5
420000 44 10 20690 5
4c4000 43 10 20745 5
469000 46 9 20801 5
7fccec2c2000 54 12 20869 5
460000 69 11 20950 5
45f000 39 8 20998 5
453000 65 10 21075 5
43f000 47 8 21132 5
43c000 37 8 21178 5
499000 40 10 21230 5
4b7000 58 9 21300 5
4c5000 43 9 21353 5
4a4000 54 10 21419 5
46e000 41 8 21472 5
437000 36 8 21517 5
497000 43 8 21569 5
498000 45 9 21626 5
414000 87 13 21729 5
415000 65 10 21805 5
431000 47 9 21862 5
41b000 48 9 21921 5
47e000 43 8 21973 5
476000 60 9 22045 5
47f000 45 10 22102 5
45a000 51 9 22163 5
41c000 46 8 22220 5
457000 52 10 22283 5
4b2000 55 11 22350 5
42d000 37 8 22396 5
421000 50 8 22455 5
41d000 41 9 22508 5
43e000 36 7 22553 5
416000 52 8 22616 5
4af000 50 12 22680 5
46f000 62 9 22753 5
4a0000 54 9 22819 5
4b6000 37 8 22869 5
4a9000 46 9 22926 5
4a3000 35 9 22973 5
483000 30 8 23014 5
436000 36 10 23061 5
419000 42 9 23119 5
486000 40 9 23173 5
4ad000 43 8 23231 5
4c1000 45 9 23287 5
465000 46 9 23344 5
4c2000 42 9 23396 5
458000 41 8 23446 5
43b000 42 9 23501 5
488000 26 8 23537 5
4c9000 44 9 23594 5
7fccec28f000 73 13 23685 5
4cc000 23 7 23720 5
489000 45 9 23775 5
49b000 44 8 23829 5
446000 60 9 23903 5
455000 36 9 23959 5
435000 45 10 24018 5
49e000 49 9 24085 5
441000 43 10 24141 5
48b000 55 8 24210 5
48c000 70 10 24293 5
7fccec3d2000 97 9 24405 5
42e000 41 9 24474 5
44e000 45 8 24530 5
42f000 53 8 24594 5
490000 44 10 24651 5
24653 5
0x40f000
40f000 20 14 34 3
34 3
0x4cd000
4cd000 152 27 179 1
181 1
0x4ce000
4ce000 1079 147 1226 1
1226 1
0x48f000
48f000 47 24 71 2
4cd000 149 24 245 2
48e000 45 19 310 2
4ce000 1066 128 1505 2
7fccec207000 73 25 1604 4
7fccec343000 101 17 1722 4
7fccec342000 101 16 1839 4
7fccec205000 124 11 1974 4
7fccec312000 94 15 2083 4
7fccec311000 111 14 2208 4
7fccec310000 71 25 2305 4
7fccec30e000 76 12 2393 4
7fccec302000 92 36 2522 4
7fccec300000 49 11 2583 4
7fccec217000 59 19 2662 4
7fccec216000 76 14 2753 4
7fccec215000 38 11 2802 4
7fccec214000 54 10 2867 4
7fccec213000 86 13 2967 4
7fccec212000 35 10 3013 4
7fccec20a000 47 11 3071 4
7fccec209000 44 12 3128 4
7fccec208000 64 10 3203 4
7fccec265000 75 15 3294 4
7fccec272000 87 13 3394 4
7fccec271000 79 17 3491 4
7fccec2f6000 59 27 3578 4
7fccec2f1000 56 21 3656 4
7fccec2f0000 79 29 3765 4
7fccec2ef000 63 21 3850 4
7fccec2ee000 47 10 3907 4
7fccec2ed000 45 9 3961 4
7fccec282000 85 24 4071 4
7fccec281000 88 17 4177 4
7fccec280000 63 14 4254 4
7fccec27f000 83 14 4352 4
7fccec277000 154 18 4525 4
7fccec27e000 96 13 4634 4
7fccec27d000 69 16 4719 4
7fccec278000 62 18 4799 4
7fccec244000 57 12 4869 4
7fccec2ec000 54 10 4933 4
7fccec2eb000 50 10 4993 4
7fccec2ea000 35 9 5038 4
7fccec2e9000 47 10 5096 4
7fccec2e8000 40 9 5146 4
7fccec2e7000 44 10 5201 4
7fccec321000 54 11 5267 4
7fccec303000 72 30 5370 4
7fccec270000 62 12 5445 4
7fccec2fb000 64 19 5529 4
7fccec2f7000 83 25 5638 4
7fccec2fa000 50 16 5705 4
7fccec274000 106 18 5829 4
7fccec2f9000 98 17 5945 4
7fccec2f8000 63 22 6030 4
7fccec245000 32 14 6077 4
7fccec26e000 48 13 6138 4
7fccec2c6000 51 12 6201 4
7fccec2c5000 59 20 6280 4
7fccec327000 46 13 6339 4
7fccec326000 60 14 6413 4
7fccec325000 50 13 6477 4
7fccec324000 66 13 6556 4
7fccec323000 92 13 6662 4
7fccec322000 59 12 6733 4
7fccec264000 60 12 6806 4
7fccec263000 58 11 6876 4
7fccec26a000 88 16 6981 4
7fccec29f000 68 27 7076 5
7fccec29e000 66 22 7164 5
7fccec29d000 105 15 7284 5
7fccec269000 32 9 7325 5
7fccec260000 90 10 7426 5
7fccec262000 77 8 7511 5
7fccec261000 113 10 7635 5
7fccec268000 47 9 7691 5
7fccec275000 113 11 7816 5
7fccec267000 82 10 7909 5
7fccec26d000 42 9 7961 5
7fccec26c000 91 13 8065 5
7fccec2a1000 52 8 8126 5
7fccec2a0000 63 11 8200 5
7fccec2ad000 61 11 8272 5
7fccec259000 75 9 8356 5
7fccec229000 64 12 8433 5
7fccec228000 61 8 8502 5
7fccec227000 50 11 8564 5
7fccec2c8000 42 8 8615 5
7fccec320000 60 9 8685 5
7fccec33b000 54 8 8748 5
7fccec2c4000 49 12 8809 5
7fccec266000 64 11 8885 5
7fccec2c3000 39 8 8932 5
7fccec328000 66 9 9008 5
7fccec26f000 51 11 9070 5
7fccec276000 85 12 9168 5
7fccec2e5000 58 12 9239 5
7fccec31f000 71 13 9323 5
7fccec31e000 46 9 9379 5
7fccec31d000 41 8 9429 5
7fccec31c000 50 8 9488 5
7fccec329000 108 13 9610 5
7fccec31b000 62 13 9686 5
7fccec31a000 70 10 9766 5
7fccec319000 45 8 9819 5
7fccec226000 59 15 9893 5
7fccec318000 50 8 9952 5
7fccec206000 40 8 10001 5
7fccec2b7000 57 9 10068 5
7fccec2b4000 54 9 10132 5
7fccec2b6000 38 7 10177 5
7fccec2c1000 53 10 10241 5
7fccec2c0000 71 11 10324 5
7fccec2bf000 29 8 10361 5
7fccec2be000 36 8 10406 5
7fccec2bd000 27 7 10441 5
7fccec2bb000 46 7 10495 5
7fccec2ba000 44 8 10548 5
7fccec2b8000 34 7 10590 5
7fccec2b9000 60 8 10659 5
7fccec2b3000 66 10 10736 5
7fccec2bc000 35 7 10779 5
7fccec2b5000 56 8 10844 5
7fccec306000 52 12 10909 5
7fccec2f5000 67 10 10987 5
7fccec2f4000 48 8 11044 5
7fccec314000 64 10 11119 5
7fccec313000 41 9 11170 5
7fccec33c000 46 8 11224 5
7fccec33e000 48 8 11280 5
7fccec2e6000 37 7 11325 5
7fccec22b000 34 10 11370 5
7fccec22a000 58 13 11441 5
7fccec23e000 42 9 11493 5
7fccec2ce000 44 9 11547 5
7fccec2cd000 47 7 11602 5
7fccec2cb000 41 8 11652 5
7fccec2c9000 52 8 11713 5
7fccec2cc000 53 7 11773 5
7fccec2c7000 85 12 11873 5
7fccec2fd000 146 11 12031 5
7fccec2fc000 62 10 12103 5
7fccec225000 80 18 12201 5
40f000 20 7 12228 5
410000 37 8 12273 5
7fccec368000 58 11 12343 5
4a9000 47 9 12399 5
7fccec294000 59 9 12468 5
7fccec293000 50 7 12526 5
7fccec292000 47 7 12581 5
429000 40 10 12632 5
495000 40 8 12681 5
471000 53 10 12746 5
4cf000 237 15 12999 5
7fccebfd1000 45 8 13052 5
7fccebfd0000 60 7 13120 5
7fccebfcf000 71 8 13200 5
7fccebfd8000 58 12 13271 5
7fccebfd7000 55 8 13335 5
7fccebfd6000 59 9 13404 5
7fccebfd4000 61 8 13474 5
7fccebfdb000 243 16 13734 5
7fccebfd3000 96 9 13840 5
7fccebfd2000 36 8 13885 5
7fccebfd9000 38 8 13932 5
7fccebfda000 127 12 14072 5
7fccebfce000 53 8 14134 5
7fccebfd5000 37 13 14186 5
4ae000 43 9 14242 5
41f000 54 10 14307 5
449000 44 9 14360 5
48d000 40 8 14409 5
7fccec362000 70 9 14489 5
7fccec361000 83 10 14583 5
447000 42 8 14634 5
4a5000 56 10 14701 5
443000 41 8 14751 5
478000 48 12 14812 5
477000 60 10 14883 5
411000 42 8 14935 5
424000 40 9 14985 5
43d000 60 10 15056 5
496000 60 11 15129 5
41a000 35 10 15175 5
434000 46 8 15230 5
47d000 64 11 15306 5
4a1000 39 9 15355 5
49a000 39 10 15405 5
464000 46 9 15461 5
463000 52 10 15524 5
7fccec369000 54 9 15588 5
4b5000 50 9 15648 5
7fccec28d000 79 8 15735 5
49d000 59 11 15807 5
7fccec316000 51 10 15869 5
4c7000 48 10 15928 5
4c6000 78 11 16018 5
41e000 47 10 16077 5
4b8000 51 8 16137 5
458000 41 9 16188 5
457000 53 9 16250 5
459000 26 8 16287 5
430000 40 9 16337 5
