0x402000
402000 47 17 65 2
7fa986365000 66 23 155 3
401000 28 8 191 4
7fa98671b000 61 26 279 4
403000 44 8 331 4
7fa9863ae000 48 9 390 4
7fa9863ad000 56 16 462 4
7fa98640f000 44 9 515 4
7fa98640e000 55 12 583 4
7fa986369000 83 14 680 4
7fa98642a000 96 12 789 4
7fa986368000 58 11 859 4
7fa986367000 78 12 950 5
7fa98635f000 143 10 1103 5
7fa986366000 91 7 1201 5
7fa986360000 60 10 1271 6
1273 6
0x401000
401000 29 14 43 2
43 2
0x403000
403000 44 16 61 2
401000 29 11 102 2
402000 44 13 160 3
7fa986365000 66 19 246 4
7fa98671b000 61 26 333 4
7fa9863ae000 51 9 394 4
7fa9863ad000 55 16 466 4
7fa98640f000 43 10 520 4
7fa98640e000 55 12 588 4
7fa986369000 82 15 685 4
7fa98642a000 96 12 793 4
7fa986368000 58 11 863 4
7fa986367000 78 13 955 5
7fa98635f000 148 10 1113 5
7fa986366000 91 7 1212 5
7fa986360000 59 10 1282 6
1284 6
