0x408000
408000 57 25 82 1
420000 253 30 366 2
404000 17 12 396 2
7f97e15fa000 64 19 480 2
7f97e15f7000 65 22 568 2
7f97e15f1000 226 21 816 2
7f97e15f9000 78 29 924 2
405000 129 34 1087 2
7f97e114e000 59 20 1167 4
7f97e114d000 53 9 1229 4
7f97e114c000 47 10 1287 4
7f97e1158000 66 31 1385 4
7f97e1157000 107 21 1514 4
406000 75 15 1605 4
7f97e11cb000 118 14 1739 5
7f97e11ca000 72 14 1825 5
7f97e11c8000 80 7 1913 5
407000 54 7 1975 5
416000 66 7 2049 5
417000 52 8 2110 6
2112 6
0x420000
420000 252 34 286 2
286 2
0x404000
404000 17 14 31 0
32 0
0x405000
405000 129 45 174 1
404000 17 13 205 1
7f97e114e000 61 22 289 3
7f97e114d000 54 11 355 3
7f97e114c000 48 10 414 4
7f97e1158000 67 31 514 4
7f97e1157000 109 21 645 4
406000 76 15 736 4
420000 258 17 1012 4
7f97e11cb000 120 14 1146 5
7f97e11ca000 72 15 1234 5
7f97e11c8000 80 7 1321 5
407000 54 7 1383 5
416000 66 7 1457 5
417000 52 7 1518 6
1520 6
0x406000
406000 75 32 107 1
405000 130 40 277 1
404000 17 13 308 1
7f97e114e000 59 22 390 3
7f97e114d000 52 11 454 3
7f97e114c000 47 11 513 4
7f97e1158000 66 31 611 4
7f97e1157000 107 21 740 4
420000 252 17 1010 4
7f97e11cb000 118 14 1143 5
7f97e11ca000 72 14 1229 5
7f97e11c8000 79 8 1317 5
407000 55 6 1378 5
416000 65 8 1452 5
417000 52 8 1513 6
1515 6
0x407000
407000 55 19 74 1
406000 75 28 178 1
405000 129 39 347 1
404000 17 14 379 1
7f97e114e000 59 22 460 3
7f97e114d000 52 11 524 3
7f97e114c000 47 11 583 4
7f97e1158000 66 31 681 4
7f97e1157000 108 21 811 4
420000 250 17 1079 4
7f97e11cb000 117 15 1211 5
7f97e11ca000 72 14 1297 5
7f97e11c8000 80 7 1385 5
416000 67 7 1460 5
417000 52 8 1521 6
1523 6
0x416000
416000 66 23 89 1
417000 52 23 165 2
7f97e1182000 44 13 223 2
404000 17 8 249 2
415000 79 13 342 2
420000 251 22 616 3
418000 64 15 695 3
405000 131 22 849 3
7f97e114e000 60 12 922 5
7f97e114d000 52 4 979 5
7f97e114c000 48 4 1032 5
7f97e1158000 66 15 1114 5
7f97e1157000 108 10 1232 5
406000 81 7 1321 5
7f97e11cb000 132 6 1460 6
1461 6
0x417000
417000 53 25 78 2
416000 66 14 159 2
7f97e1182000 50 15 225 2
404000 17 8 251 2
415000 83 17 352 2
420000 264 23 640 3
418000 64 14 718 3
405000 131 23 873 3
7f97e114e000 59 13 946 5
7f97e114d000 53 4 1003 5
7f97e114c000 47 4 1055 5
7f97e1158000 66 15 1137 5
7f97e1157000 106 10 1253 5
406000 75 7 1336 5
7f97e11cb000 117 6 1460 6
1461 6
0x415000
415000 80 21 101 1
101 1
0x418000
418000 63 29 93 1
417000 52 23 169 2
416000 66 13 249 2
7f97e1182000 44 13 307 2
404000 18 8 333 2
415000 80 13 426 2
420000 250 21 698 3
405000 130 22 850 3
7f97e114e000 60 12 923 5
7f97e114d000 52 5 981 5
7f97e114c000 48 4 1033 5
7f97e1158000 66 14 1114 5
7f97e1157000 106 10 1231 5
406000 75 7 1314 5
7f97e11cb000 118 6 1439 6
1440 6
0x419000
419000 49 18 67 1
417000 52 22 142 2
416000 67 13 223 2
7f97e1182000 44 13 282 2
404000 17 8 308 2
415000 80 12 400 2
420000 251 21 673 3
418000 64 14 751 3
405000 129 23 904 3
7f97e114e000 59 13 977 5
7f97e114d000 52 4 1033 5
7f97e114c000 47 4 1085 5
7f97e1158000 66 14 1167 5
7f97e1157000 115 9 1292 5
406000 76 7 1376 5
7f97e11cb000 117 6 1500 6
1502 6
0x41a000
41a000 42 22 64 1
418000 64 25 154 1
417000 52 23 230 2
416000 66 14 311 2
7f97e1182000 44 13 369 2
404000 17 9 395 2
415000 80 13 488 2
420000 253 22 763 3
405000 129 22 914 3
7f97e114e000 60 12 987 5
7f97e114d000 52 4 1044 5
7f97e114c000 47 4 1096 5
7f97e1158000 66 15 1178 5
7f97e1157000 107 9 1294 5
406000 76 7 1378 5
7f97e11cb000 117 6 1502 6
1503 6
0x41b000
41b000 76 28 105 2
41a000 42 18 166 2
418000 63 22 252 2
417000 52 20 325 3
416000 66 12 404 3
7f97e1182000 44 11 460 3
404000 17 7 484 3
415000 79 11 575 3
420000 252 17 844 3
405000 129 22 995 3
7f97e114e000 59 13 1068 5
7f97e114d000 52 4 1124 5
7f97e114c000 48 4 1177 5
7f97e1158000 66 14 1258 5
7f97e1157000 107 10 1376 5
406000 76 7 1459 5
7f97e11cb000 117 7 1584 6
1586 6
0x411000
411000 84 33 117 1
405000 131 39 288 1
404000 17 13 320 1
7f97e114e000 59 22 402 3
7f97e114d000 51 11 465 3
7f97e114c000 47 11 524 4
7f97e1158000 66 31 622 4
7f97e1157000 107 21 751 4
406000 76 15 842 4
420000 251 17 1111 4
7f97e11cb000 117 15 1243 5
7f97e11ca000 72 14 1329 5
7f97e11c8000 80 8 1418 5
407000 57 6 1481 5
416000 67 7 1556 5
417000 53 8 1618 6
1620 6
0x410000
410000 65 24 90 2
7f97e15f6000 46 15 152 2
405000 129 31 313 2
404000 17 10 341 2
7f97e114e000 59 17 418 4
7f97e114d000 53 7 479 4
7f97e114c000 50 7 537 5
7f97e1158000 66 19 623 5
7f97e1157000 107 13 744 5
406000 75 9 829 5
420000 256 10 1096 5
7f97e11cb000 118 9 1223 5
7f97e11ca000 72 15 1310 5
7f97e11c8000 80 7 1398 5
407000 55 6 1459 5
416000 66 8 1534 5
417000 52 9 1596 6
1598 6
0x40d000
40d000 55 22 77 2
40c000 38 13 129 2
405000 128 31 289 2
404000 17 10 317 2
7f97e114e000 59 17 394 4
7f97e114d000 52 7 453 4
7f97e114c000 47 7 508 5
7f97e1158000 66 19 594 5
7f97e1157000 106 13 714 5
406000 76 9 799 5
420000 251 10 1061 5
7f97e11cb000 117 9 1187 5
7f97e11ca000 72 14 1273 5
7f97e11c8000 79 8 1361 5
407000 54 7 1422 5
416000 66 7 1496 5
417000 52 8 1557 6
1561 6
0x4d075000
0 0
0x40c000
40c000 38 18 57 1
405000 128 40 226 1
404000 17 13 257 1
7f97e114e000 59 23 340 3
7f97e114d000 52 11 403 3
7f97e114c000 47 11 462 4
7f97e1158000 66 31 560 4
7f97e1157000 107 21 689 4
406000 76 16 781 4
420000 250 17 1049 4
7f97e11cb000 117 14 1180 5
7f97e11ca000 72 14 1267 5
7f97e11c8000 80 7 1355 5
407000 55 6 1416 5
416000 66 7 1490 5
417000 52 7 1551 6
1554 6
0x40b000
40b000 50 22 72 1
7f97e11b5000 65 36 173 3
7f97e11b1000 84 28 286 3
7f97e11b0000 58 34 379 3
7f97e11ab000 56 25 460 3
7f97e11aa000 82 36 578 3
7f97e11a9000 64 25 668 3
7f97e10bf000 132 11 812 3
7f97e11a8000 49 10 872 3
7f97e11a7000 47 10 929 3
7f97e113c000 89 29 1047 4
7f97e113b000 93 11 1152 4
7f97e11fc000 109 10 1271 4
7f97e113a000 66 8 1345 4
7f97e1139000 88 8 1441 5
7f97e1131000 167 6 1615 5
7f97e1138000 104 3 1723 5
7f97e1137000 73 5 1801 5
7f97e1132000 65 6 1872 5
7f97e10fe000 60 3 1935 5
7f97e11cc000 97 5 2037 5
7f97e11cb000 117 4 2158 5
7f97e11ca000 73 9 2240 5
7f97e11c8000 80 2 2323 5
7f97e11a6000 57 3 2384 5
7f97e11a5000 52 2 2438 5
7f97e11a4000 37 2 2478 5
7f97e11a3000 49 2 2530 5
7f97e11a2000 41 3 2574 5
7f97e11a1000 46 2 2622 5
7f97e11db000 57 2 2682 5
7f97e11bd000 71 12 2766 5
7f97e112a000 64 4 2835 5
7f97e1129000 51 5 2891 5
7f97e1130000 89 5 2985 5
7f97e119f000 57 6 3049 5
7f97e1123000 32 3 3084 5
7f97e112f000 119 6 3209 5
7f97e1113000 79 4 3292 5
7f97e1128000 50 3 3345 5
7f97e11d9000 72 6 3423 5
7f97e11d8000 47 3 3473 5
7f97e11d7000 41 2 3517 5
7f97e11d6000 51 2 3571 5
7f97e11e1000 47 3 3622 5
7f97e11e0000 61 5 3689 5
7f97e11df000 52 3 3744 5
7f97e11de000 67 4 3816 5
7f97e11dd000 93 4 3914 5
7f97e11dc000 60 3 3977 6
3979 6
0x40a000
40a000 58 23 81 1
405000 128 40 250 1
404000 17 13 281 1
7f97e114e000 59 22 363 3
7f97e114d000 52 11 427 3
7f97e114c000 48 11 486 4
7f97e1158000 65 32 584 4
7f97e1157000 107 21 712 4
406000 75 16 803 4
420000 250 17 1071 4
7f97e11cb000 116 15 1203 5
7f97e11ca000 72 14 1289 5
7f97e11c8000 79 8 1377 5
407000 54 7 1438 5
416000 65 8 1512 5
417000 52 7 1572 6
1575 6
0x409000
409000 73 25 98 1
408000 56 23 178 1
420000 251 31 461 2
404000 17 13 491 2
7f97e15fa000 64 20 575 2
7f97e15f7000 67 22 664 2
7f97e15f1000 231 21 917 2
7f97e15f9000 79 29 1026 2
405000 130 33 1189 2
7f97e114e000 59 20 1270 4
7f97e114d000 53 10 1333 4
7f97e114c000 48 10 1391 4
7f97e1158000 66 32 1490 4
7f97e1157000 107 21 1618 4
406000 77 15 1711 4
7f97e11cb000 118 14 1844 5
7f97e11ca000 72 15 1931 5
7f97e11c8000 81 7 2019 5
407000 55 6 2080 5
416000 67 7 2155 5
417000 52 8 2216 6
2218 6
0x41c000
41c000 89 32 122 3
122 3
0x40e000
40e000 61 17 78 1
40d000 55 20 154 2
40c000 39 12 206 2
405000 129 31 367 2
404000 17 10 395 2
7f97e114e000 59 17 472 4
7f97e114d000 52 7 532 4
7f97e114c000 47 7 587 5
7f97e1158000 67 18 673 5
7f97e1157000 107 13 794 5
406000 76 9 879 5
420000 252 10 1142 5
7f97e11cb000 117 9 1269 5
7f97e11ca000 72 15 1356 5
7f97e11c8000 81 7 1444 5
407000 54 7 1506 5
416000 66 7 1580 5
417000 53 7 1641 6
1646 6
0x40f000
40f000 96 24 121 1
7f97e1159000 69 43 234 2
7f97e1158000 66 50 351 3
7f97e1157000 107 25 483 3
404000 18 7 508 3
40e000 60 10 579 3
40d000 55 12 647 3
40c000 38 10 696 3
405000 129 24 850 3
7f97e114e000 59 14 925 4
7f97e114d000 52 7 984 4
7f97e114c000 48 6 1039 5
406000 77 9 1126 5
420000 252 10 1389 5
7f97e11cb000 117 9 1516 5
7f97e11ca000 72 15 1603 5
7f97e11c8000 81 7 1691 5
407000 55 6 1752 5
416000 67 7 1827 5
417000 53 8 1889 6
1894 6
0x41d000
41d000 73 25 98 2
41c000 89 23 211 4
405000 129 18 359 4
404000 18 6 384 4
7f97e114e000 60 10 454 4
7f97e114d000 52 7 514 4
7f97e114c000 48 7 570 5
7f97e1158000 66 19 656 5
7f97e1157000 108 13 777 5
406000 76 9 862 5
420000 253 10 1126 5
7f97e11cb000 118 8 1253 5
7f97e11ca000 72 15 1341 5
7f97e11c8000 80 7 1428 5
407000 55 6 1490 5
416000 67 7 1565 5
417000 53 7 1626 6
1629 6
0x41e000
41e000 39 20 59 1
41d000 72 23 155 2
41c000 88 24 268 4
405000 130 18 416 4
404000 17 6 440 4
7f97e114e000 60 10 511 4
7f97e114d000 53 7 571 4
7f97e114c000 48 7 626 5
7f97e1158000 67 18 712 5
7f97e1157000 107 12 832 5
406000 76 9 918 5
420000 253 10 1182 5
7f97e11cb000 118 8 1308 5
7f97e11ca000 72 15 1396 5
7f97e11c8000 81 7 1484 5
407000 55 6 1545 5
416000 67 7 1620 5
417000 53 8 1682 6
1684 6
0x41f000
41f000 58 19 77 1
77 1
0x412000
412000 36 18 54 1
411000 84 29 168 1
405000 129 40 338 1
404000 17 14 370 1
7f97e114e000 60 22 452 3
7f97e114d000 52 11 516 3
7f97e114c000 47 11 575 4
7f97e1158000 67 31 674 4
7f97e1157000 108 21 804 4
406000 76 15 896 4
420000 255 17 1169 4
7f97e11cb000 119 14 1303 5
7f97e11ca000 72 15 1390 5
7f97e11c8000 81 8 1479 5
407000 55 6 1540 5
416000 66 8 1615 5
417000 53 7 1676 6
1680 6
0x18659000
0 0
0x413000
413000 75 37 112 1
405000 129 40 282 1
404000 18 13 313 1
7f97e114e000 59 22 395 3
7f97e114d000 52 11 459 3
7f97e114c000 48 11 519 4
7f97e1158000 65 32 617 4
7f97e1157000 108 21 746 4
406000 75 16 837 4
420000 254 17 1109 4
7f97e11cb000 118 14 1242 5
7f97e11ca000 72 14 1328 5
7f97e11c8000 80 7 1416 5
407000 55 6 1477 5
416000 66 7 1551 5
417000 53 8 1613 6
1615 6
0x414000
414000 56 20 76 1
413000 75 32 184 1
405000 130 39 354 1
404000 17 14 386 1
7f97e114e000 60 22 468 3
7f97e114d000 52 11 531 3
7f97e114c000 47 11 590 4
7f97e1158000 66 31 688 4
7f97e1157000 107 21 816 4
406000 75 15 907 4
420000 252 17 1177 4
7f97e11cb000 117 14 1308 5
7f97e11ca000 71 15 1395 5
7f97e11c8000 81 7 1483 5
407000 55 6 1544 5
416000 66 7 1618 5
417000 53 8 1680 6
1683 6
