0x408000
408000 37 17 54 1
407000 18 13 86 1
7ffec6ffd000 34 19 140 1
42d000 457 44 641 2
7f53b8672000 76 25 743 3
7f53b86b5000 73 18 834 3
7f53b86b4000 29 9 872 3
7f53b86b3000 37 10 920 3
7f53b86b2000 27 10 958 3
7f53b86b0000 46 12 1017 3
7f53b86af000 41 10 1068 3
7f53b86ac000 56 13 1138 3
7f53b86a9000 55 13 1207 3
7f53b8738000 106 20 1334 3
7f53b8737000 106 18 1458 3
7f53b85fa000 132 11 1601 3
7f53b8707000 99 18 1718 3
7f53b8706000 116 16 1850 3
7f53b8705000 71 30 1951 3
7f53b8703000 79 13 2044 3
7f53b860b000 81 16 2141 3
7f53b860a000 39 12 2192 3
7f53b8609000 56 11 2260 3
7f53b8608000 91 15 2366 3
7f53b8607000 37 13 2416 3
7f53b85ff000 53 13 2482 3
7f53b85fe000 46 15 2544 3
7f53b85fd000 68 11 2624 3
7f53b865a000 76 17 2718 3
7f53b8667000 90 15 2824 3
7f53b8666000 85 21 2931 3
7f53b86eb000 60 33 3025 3
7f53b86e6000 55 24 3105 3
7f53b86e5000 79 36 3221 3
7f53b86e4000 64 24 3309 3
7f53b86e3000 51 10 3371 3
7f53b86e2000 46 9 3427 3
7f53b8677000 88 28 3544 4
7f53b8676000 94 11 3649 4
7f53b8675000 65 8 3722 4
7f53b8674000 87 8 3817 5
7f53b866c000 159 6 3983 5
7f53b8673000 101 3 4088 5
7f53b866d000 64 6 4158 5
7f53b8639000 58 3 4219 5
7f53b86e1000 55 2 4277 5
7f53b86e0000 51 2 4331 5
7f53b86df000 36 2 4370 5
7f53b86de000 47 3 4421 5
7f53b86dd000 41 2 4464 5
7f53b86dc000 45 3 4513 5
7f53b8716000 55 3 4572 5
7f53b86f8000 71 12 4655 5
7f53b8665000 64 4 4724 5
7f53b86f0000 63 7 4794 5
7f53b86ec000 83 9 4886 5
7f53b86ef000 54 5 4945 5
7f53b8669000 111 5 5062 5
7f53b86ee000 99 5 5167 5
7f53b86ed000 64 8 5240 5
7f53b863a000 33 3 5277 5
7f53b8663000 50 3 5331 5
7f53b86bb000 51 3 5386 5
7f53b86ba000 61 6 5454 5
7f53b871c000 48 3 5506 5
7f53b871b000 61 5 5573 5
7f53b871a000 51 4 5628 5
7f53b8719000 69 4 5701 5
7f53b8718000 102 3 5806 5
7f53b8717000 59 4 5870 6
5873 6
0x407000
407000 18 14 33 0
33 0
0x42d000
42d000 459 49 509 2
510 2
0x409000
409000 42 21 63 2
42d000 458 35 557 3
408000 34 10 603 3
407000 18 9 632 3
7ffec6ffd000 35 12 679 3
7f53b8672000 76 18 774 3
7f53b86b5000 73 18 866 3
7f53b86b4000 29 8 904 3
7f53b86b3000 36 11 953 3
7f53b86b2000 27 10 991 3
7f53b86b0000 47 10 1048 3
7f53b86af000 41 10 1099 3
7f53b86ac000 60 13 1174 3
7f53b86a9000 54 14 1243 3
7f53b8738000 106 20 1369 3
7f53b8737000 106 18 1494 3
7f53b85fa000 129 11 1635 3
7f53b8707000 96 16 1747 3
7f53b8706000 119 18 1885 3
7f53b8705000 72 30 1988 3
7f53b8703000 78 13 2080 3
7f53b860b000 79 16 2176 3
7f53b860a000 38 12 2227 3
7f53b8609000 56 12 2296 3
7f53b8608000 91 16 2403 3
7f53b8607000 35 11 2449 3
7f53b85ff000 48 12 2509 3
7f53b85fe000 44 13 2567 3
7f53b85fd000 66 12 2646 3
7f53b865a000 78 17 2741 3
7f53b8667000 91 15 2847 3
7f53b8666000 81 21 2949 3
7f53b86eb000 58 33 3040 3
7f53b86e6000 55 24 3120 3
7f53b86e5000 80 36 3237 3
7f53b86e4000 65 24 3326 3
7f53b86e3000 50 10 3387 3
7f53b86e2000 48 9 3444 3
7f53b8677000 87 28 3560 4
7f53b8676000 91 11 3663 4
7f53b8675000 65 9 3737 4
7f53b8674000 87 9 3833 5
7f53b866c000 160 6 3999 5
7f53b8673000 100 4 4104 5
7f53b866d000 68 6 4178 5
7f53b8639000 59 3 4240 5
7f53b86e1000 59 2 4301 5
7f53b86e0000 51 2 4355 5
7f53b86df000 37 2 4395 5
7f53b86de000 48 3 4447 5
7f53b86dd000 41 2 4490 5
7f53b86dc000 46 2 4539 5
7f53b8716000 56 2 4598 5
7f53b86f8000 69 12 4680 5
7f53b8665000 63 4 4748 5
7f53b86f0000 64 7 4819 5
7f53b86ec000 84 8 4911 5
7f53b86ef000 51 5 4967 5
7f53b8669000 109 6 5082 5
7f53b86ee000 101 7 5190 5
7f53b86ed000 64 7 5261 5
7f53b863a000 32 3 5297 5
7f53b8663000 49 3 5350 5
7f53b86bb000 50 3 5403 5
7f53b86ba000 58 7 5469 5
7f53b871c000 46 3 5519 5
7f53b871b000 61 4 5585 5
7f53b871a000 51 3 5639 5
7f53b8719000 67 4 5711 5
7f53b8718000 93 3 5807 5
7f53b8717000 58 3 5869 6
5873 6
0x414000
414000 53 21 74 1
7f53b8672000 72 29 176 2
408000 34 11 221 2
407000 19 9 250 2
7ffec6ffd000 34 15 300 2
42d000 464 36 800 3
7f53b86b5000 74 17 892 3
7f53b86b4000 30 9 932 3
7f53b86b3000 39 10 982 3
7f53b86b2000 27 9 1019 3
7f53b86b0000 46 10 1076 3
7f53b86af000 40 11 1128 3
7f53b86ac000 60 13 1202 3
7f53b86a9000 55 13 1270 3
7f53b8738000 105 20 1396 3
7f53b8737000 109 18 1524 3
7f53b85fa000 131 10 1665 3
7f53b8707000 95 17 1778 3
7f53b8706000 114 16 1909 3
7f53b8705000 71 30 2010 3
7f53b8703000 80 13 2103 3
7f53b860b000 81 16 2200 3
7f53b860a000 39 12 2252 3
7f53b8609000 56 11 2320 3
7f53b8608000 90 15 2425 3
7f53b8607000 35 13 2473 3
7f53b85ff000 48 12 2533 3
7f53b85fe000 44 13 2591 3
7f53b85fd000 67 12 2671 3
7f53b865a000 78 17 2766 3
7f53b8667000 91 15 2872 3
7f53b8666000 82 20 2974 3
7f53b86eb000 57 33 3065 3
7f53b86e6000 56 24 3146 3
7f53b86e5000 80 36 3262 3
7f53b86e4000 64 24 3351 3
7f53b86e3000 48 10 3410 3
7f53b86e2000 46 11 3467 3
7f53b8677000 87 29 3584 4
7f53b8676000 94 10 3688 4
7f53b8675000 63 8 3760 4
7f53b8674000 86 9 3856 5
7f53b866c000 161 6 4023 5
7f53b8673000 100 3 4126 5
7f53b866d000 65 6 4197 5
7f53b8639000 58 3 4258 5
7f53b86e1000 57 2 4318 5
7f53b86e0000 51 2 4372 5
7f53b86df000 36 2 4411 5
7f53b86de000 49 3 4464 5
7f53b86dd000 41 2 4508 5
7f53b86dc000 46 3 4557 5
7f53b8716000 55 3 4616 5
7f53b86f8000 70 12 4698 5
7f53b8665000 63 4 4766 5
7f53b86f0000 63 6 4835 5
7f53b86ec000 82 8 4926 5
7f53b86ef000 50 5 4982 5
7f53b8669000 110 5 5097 5
7f53b86ee000 98 5 5201 5
7f53b86ed000 63 8 5273 5
7f53b863a000 33 3 5309 5
7f53b8663000 49 2 5361 5
7f53b86bb000 50 3 5415 5
7f53b86ba000 59 6 5480 5
7f53b871c000 47 3 5531 5
7f53b871b000 61 4 5596 5
7f53b871a000 51 4 5651 5
7f53b8719000 68 4 5723 5
7f53b8718000 96 4 5824 5
7f53b8717000 58 3 5886 6
5890 6
0x419000
419000 47 22 69 1
42d000 463 44 577 2
40c000 54 15 647 3
7f53b8689000 59 14 721 5
7f53b8688000 52 6 779 5
7f53b8687000 47 5 831 5
407000 19 5 856 5
7f53b8682000 79 6 942 5
408000 34 6 983 5
7ffec6ffd000 35 6 1025 5
7f53b8672000 71 10 1107 5
7f53b86b5000 73 9 1189 5
7f53b86b4000 29 5 1223 5
7f53b86b3000 37 6 1267 5
7f53b86b2000 27 6 1301 5
7f53b86b0000 47 5 1353 5
7f53b86af000 40 6 1400 5
7f53b86ac000 55 7 1463 5
7f53b86a9000 54 7 1525 5
7f53b8738000 106 10 1642 5
7f53b8737000 107 10 1759 5
7f53b85fa000 132 6 1897 5
7f53b8707000 96 9 2002 5
7f53b8706000 116 8 2127 5
7f53b8705000 75 14 2216 5
7f53b8703000 79 7 2303 5
7f53b860b000 80 8 2391 5
7f53b860a000 39 7 2438 5
7f53b8609000 57 6 2501 5
7f53b8608000 90 8 2600 5
7f53b8607000 34 6 2641 5
7f53b85ff000 47 7 2696 5
7f53b85fe000 45 7 2748 5
7f53b85fd000 69 6 2823 5
7f53b865a000 78 8 2910 5
7f53b8667000 91 8 3010 5
7f53b8666000 81 11 3102 5
7f53b86eb000 58 16 3176 5
7f53b86e6000 56 12 3244 5
7f53b86e5000 79 18 3342 5
7f53b86e4000 64 12 3418 5
7f53b86e3000 48 5 3472 5
7f53b86e2000 46 5 3524 5
7f53b8677000 90 14 3629 6
3633 6
0x40c000
40c000 53 20 73 2
7f53b8689000 59 17 150 4
7f53b8688000 52 6 209 4
7f53b8687000 48 6 264 5
407000 19 5 289 5
7f53b8682000 79 7 376 5
408000 34 6 416 5
7ffec6ffd000 35 7 459 5
42d000 455 15 929 5
7f53b8672000 72 9 1011 5
7f53b86b5000 72 9 1093 5
7f53b86b4000 29 6 1128 5
7f53b86b3000 37 6 1171 5
7f53b86b2000 27 6 1205 5
7f53b86b0000 46 6 1257 5
7f53b86af000 41 6 1304 5
7f53b86ac000 55 7 1367 5
7f53b86a9000 55 7 1430 5
7f53b8738000 104 10 1544 5
7f53b8737000 108 10 1663 5
7f53b85fa000 129 6 1798 5
7f53b8707000 95 8 1902 5
7f53b8706000 114 8 2025 5
7f53b8705000 71 14 2110 5
7f53b8703000 78 7 2196 5
7f53b860b000 80 8 2285 5
7f53b860a000 39 6 2330 5
7f53b8609000 56 6 2393 5
7f53b8608000 90 8 2491 5
7f53b8607000 34 6 2532 5
7f53b85ff000 48 6 2586 5
7f53b85fe000 45 8 2640 5
7f53b85fd000 66 6 2713 5
7f53b865a000 77 9 2800 5
7f53b8667000 90 8 2899 5
7f53b8666000 85 10 2994 5
7f53b86eb000 58 15 3068 5
7f53b86e6000 56 12 3137 5
7f53b86e5000 81 17 3235 5
7f53b86e4000 65 12 3312 5
7f53b86e3000 49 5 3366 5
7f53b86e2000 46 5 3418 5
7f53b8677000 88 13 3520 6
3523 6
0x40d000
40d000 39 17 56 2
7f53b8693000 66 49 172 3
7f53b8692000 104 24 301 3
407000 19 7 327 3
42d000 458 28 814 4
408000 34 9 858 4
7ffec6ffd000 34 9 902 4
7f53b8672000 73 13 988 4
7f53b86b5000 75 13 1076 4
7f53b86b4000 32 8 1117 4
7f53b86b3000 37 9 1164 4
7f53b86b2000 27 7 1199 4
7f53b86b0000 47 8 1255 4
7f53b86af000 40 8 1304 4
7f53b86ac000 56 10 1371 4
7f53b86a9000 56 10 1437 4
7f53b8738000 109 15 1561 4
7f53b8737000 107 13 1681 4
7f53b85fa000 134 8 1824 4
7f53b8707000 95 13 1933 4
7f53b8706000 115 11 2059 4
7f53b8705000 71 21 2152 4
7f53b8703000 78 10 2241 4
7f53b860b000 80 11 2332 4
7f53b860a000 38 9 2380 4
7f53b8609000 56 8 2445 4
7f53b8608000 91 11 2547 4
7f53b8607000 36 8 2592 4
7f53b85ff000 49 10 2651 4
7f53b85fe000 45 10 2707 4
7f53b85fd000 67 9 2784 4
7f53b865a000 79 13 2876 4
7f53b8667000 91 12 2979 4
7f53b8666000 82 15 3077 4
7f53b86eb000 60 23 3160 4
7f53b86e6000 57 18 3236 4
7f53b86e5000 82 26 3344 4
7f53b86e4000 65 18 3427 4
7f53b86e3000 50 8 3485 4
7f53b86e2000 47 7 3540 4
7f53b8677000 87 21 3649 5
7f53b8676000 91 5 3745 5
7f53b8675000 64 4 3814 5
7f53b8674000 87 4 3905 5
7f53b866c000 161 6 4072 5
7f53b8673000 101 3 4176 5
7f53b866d000 63 6 4246 5
7f53b8639000 59 2 4307 5
7f53b86e1000 56 2 4366 5
7f53b86e0000 51 2 4420 5
7f53b86df000 36 2 4459 5
7f53b86de000 49 2 4511 5
7f53b86dd000 40 2 4554 5
7f53b86dc000 46 3 4604 5
7f53b8716000 55 2 4662 5
7f53b86f8000 71 12 4746 5
7f53b8665000 66 4 4816 5
7f53b86f0000 64 6 4886 5
7f53b86ec000 83 8 4978 5
7f53b86ef000 51 4 5033 5
7f53b8669000 112 5 5151 5
7f53b86ee000 96 5 5253 5
7f53b86ed000 62 8 5324 5
7f53b863a000 33 4 5361 5
7f53b8663000 50 3 5414 5
7f53b86bb000 50 3 5467 5
7f53b86ba000 59 6 5533 5
7f53b871c000 47 4 5585 5
7f53b871b000 61 4 5651 5
7f53b871a000 51 4 5706 5
7f53b8719000 66 4 5776 5
7f53b8718000 92 4 5873 5
7f53b8717000 59 3 5935 6
5940 6
0x427000
427000 42 19 61 1
61 1
0x41d000
41d000 42 20 63 1
41c000 64 19 147 1
7f53b8672000 72 28 248 2
408000 34 11 294 2
407000 18 10 323 2
7ffec6ffd000 34 14 372 2
42d000 457 35 864 3
7f53b86b5000 73 18 956 3
7f53b86b4000 29 9 994 3
7f53b86b3000 36 11 1042 3
7f53b86b2000 26 10 1079 3
7f53b86b0000 46 10 1136 3
7f53b86af000 41 10 1187 3
7f53b86ac000 56 13 1257 3
7f53b86a9000 54 13 1325 3
7f53b8738000 104 19 1449 3
7f53b8737000 105 19 1574 3
7f53b85fa000 133 11 1719 3
7f53b8707000 96 17 1832 3
7f53b8706000 115 15 1962 3
7f53b8705000 71 30 2063 3
7f53b8703000 78 13 2155 3
7f53b860b000 79 16 2250 3
7f53b860a000 38 13 2301 3
7f53b8609000 55 11 2367 3
7f53b8608000 89 15 2472 3
7f53b8607000 34 10 2516 3
7f53b85ff000 47 12 2576 3
7f53b85fe000 45 14 2636 3
7f53b85fd000 66 11 2713 3
7f53b865a000 76 17 2807 3
7f53b8667000 89 16 2913 3
7f53b8666000 80 21 3014 3
7f53b86eb000 58 34 3106 3
7f53b86e6000 55 24 3186 3
7f53b86e5000 79 36 3301 3
7f53b86e4000 63 25 3389 3
7f53b86e3000 48 10 3447 3
7f53b86e2000 45 10 3503 3
7f53b8677000 90 28 3622 4
7f53b8676000 90 11 3724 4
7f53b8675000 64 8 3797 4
7f53b8674000 86 9 3892 5
7f53b866c000 171 6 4069 5
7f53b8673000 99 3 4172 5
7f53b866d000 63 5 4241 5
7f53b8639000 58 3 4303 5
7f53b86e1000 56 2 4361 5
7f53b86e0000 50 3 4415 5
7f53b86df000 36 2 4454 5
7f53b86de000 48 2 4504 5
7f53b86dd000 40 2 4547 5
7f53b86dc000 46 2 4595 5
7f53b8716000 59 3 4658 5
7f53b86f8000 71 12 4741 5
7f53b8665000 64 4 4810 5
7f53b86f0000 64 6 4880 5
7f53b86ec000 84 8 4972 5
7f53b86ef000 51 4 5028 5
7f53b8669000 111 5 5145 5
7f53b86ee000 97 6 5249 5
7f53b86ed000 64 7 5320 5
7f53b863a000 32 3 5356 5
7f53b8663000 51 3 5411 5
7f53b86bb000 49 3 5464 5
7f53b86ba000 59 7 5531 5
7f53b871c000 48 3 5582 5
7f53b871b000 63 4 5650 5
7f53b871a000 50 4 5705 5
7f53b8719000 67 3 5775 5
7f53b8718000 93 3 5872 5
7f53b8717000 58 3 5934 6
5940 6
0x41c000
41c000 62 21 83 1
7f53b8672000 73 29 186 2
408000 35 11 232 2
407000 19 9 261 2
7ffec6ffd000 35 14 310 2
42d000 461 35 807 3
7f53b86b5000 74 18 901 3
7f53b86b4000 29 10 940 3
7f53b86b3000 36 12 989 3
7f53b86b2000 26 10 1026 3
7f53b86b0000 47 10 1083 3
7f53b86af000 41 10 1135 3
7f53b86ac000 57 13 1206 3
7f53b86a9000 55 13 1275 3
7f53b8738000 105 20 1400 3
7f53b8737000 106 18 1524 3
7f53b85fa000 130 11 1665 3
7f53b8707000 99 17 1781 3
7f53b8706000 114 15 1910 3
7f53b8705000 70 29 2010 3
7f53b8703000 78 12 2101 3
7f53b860b000 79 15 2196 3
7f53b860a000 38 12 2247 3
7f53b8609000 56 11 2315 3
7f53b8608000 89 16 2421 3
7f53b8607000 35 10 2466 3
7f53b85ff000 48 12 2526 3
7f53b85fe000 44 13 2584 3
7f53b85fd000 66 11 2662 3
7f53b865a000 78 17 2757 3
7f53b8667000 90 16 2863 3
7f53b8666000 81 20 2964 3
7f53b86eb000 57 33 3055 3
7f53b86e6000 55 24 3134 3
7f53b86e5000 79 36 3250 3
7f53b86e4000 63 24 3338 3
7f53b86e3000 48 10 3397 3
7f53b86e2000 46 9 3452 3
7f53b8677000 86 29 3568 4
7f53b8676000 91 10 3669 4
7f53b8675000 65 8 3743 4
7f53b8674000 87 9 3840 5
7f53b866c000 162 6 4008 5
7f53b8673000 102 3 4114 5
7f53b866d000 65 6 4185 5
7f53b8639000 60 3 4249 5
7f53b86e1000 57 3 4309 5
7f53b86e0000 52 2 4364 5
7f53b86df000 37 2 4404 5
7f53b86de000 49 3 4457 5
7f53b86dd000 42 2 4501 5
7f53b86dc000 45 3 4549 5
7f53b8716000 57 3 4609 5
7f53b86f8000 72 12 4693 5
7f53b8665000 66 4 4764 5
7f53b86f0000 64 6 4834 5
7f53b86ec000 84 8 4927 5
7f53b86ef000 52 5 4984 5
7f53b8669000 111 6 5101 5
7f53b86ee000 99 6 5206 5
7f53b86ed000 65 7 5278 5
7f53b863a000 34 3 5316 5
7f53b8663000 51 3 5370 5
7f53b86bb000 51 3 5424 5
7f53b86ba000 60 6 5491 5
7f53b871c000 48 3 5543 5
7f53b871b000 62 4 5610 5
7f53b871a000 52 4 5666 5
7f53b8719000 68 4 5738 5
7f53b8718000 94 3 5836 5
7f53b8717000 60 3 5900 6
5905 6
0x41b000
41b000 42 21 64 2
7f53b8689000 60 17 142 4
7f53b8688000 53 7 202 4
7f53b8687000 49 6 258 5
407000 21 5 285 5
41f000 32 8 325 5
41e000 36 6 368 5
42d000 457 16 842 5
41d000 44 7 894 5
41c000 63 6 964 5
7f53b8672000 73 10 1048 5
408000 35 7 1090 5
7ffec6ffd000 35 7 1133 5
7f53b86b5000 75 9 1217 5
7f53b86b4000 30 6 1253 5
7f53b86b3000 39 6 1298 5
7f53b86b2000 26 6 1331 5
7f53b86b0000 48 6 1385 5
7f53b86af000 42 6 1433 5
7f53b86ac000 55 7 1496 5
7f53b86a9000 58 7 1561 5
7f53b8738000 106 10 1677 5
7f53b8737000 108 9 1794 5
7f53b85fa000 132 6 1932 5
7f53b8707000 97 8 2038 5
7f53b8706000 116 8 2163 5
7f53b8705000 72 14 2250 5
7f53b8703000 80 7 2338 5
7f53b860b000 82 8 2428 5
7f53b860a000 40 7 2475 5
7f53b8609000 57 6 2538 5
7f53b8608000 91 8 2638 5
7f53b8607000 36 6 2681 5
7f53b85ff000 49 7 2737 5
7f53b85fe000 46 7 2791 5
7f53b85fd000 69 7 2867 5
7f53b865a000 79 9 2955 5
7f53b8667000 91 8 3055 5
7f53b8666000 82 11 3149 5
7f53b86eb000 59 16 3224 5
7f53b86e6000 58 12 3294 5
7f53b86e5000 82 17 3393 5
7f53b86e4000 65 12 3470 5
7f53b86e3000 49 6 3526 5
7f53b86e2000 47 6 3579 5
7f53b8677000 88 14 3682 6
3691 6
0x41f000
41f000 33 18 51 1
41e000 37 17 106 1
42d000 459 43 609 2
41d000 43 16 669 2
41c000 61 17 748 2
7f53b8672000 71 25 845 3
408000 34 10 889 3
407000 18 9 917 3
7ffec6ffd000 35 12 964 3
7f53b86b5000 74 18 1056 3
7f53b86b4000 29 10 1095 3
7f53b86b3000 37 10 1143 3
7f53b86b2000 27 10 1181 3
7f53b86b0000 47 10 1238 3
7f53b86af000 42 10 1290 3
7f53b86ac000 56 13 1360 3
7f53b86a9000 55 13 1429 3
7f53b8738000 105 20 1554 3
7f53b8737000 110 18 1683 3
7f53b85fa000 129 11 1823 3
7f53b8707000 95 17 1935 3
7f53b8706000 114 16 2065 3
7f53b8705000 71 30 2166 3
7f53b8703000 81 13 2260 3
7f53b860b000 79 16 2355 3
7f53b860a000 38 12 2406 3
7f53b8609000 56 11 2473 3
7f53b8608000 89 16 2578 3
7f53b8607000 34 11 2623 3
7f53b85ff000 48 12 2683 3
7f53b85fe000 44 13 2741 3
7f53b85fd000 66 11 2818 3
7f53b865a000 77 17 2913 3
7f53b8667000 90 16 3020 3
7f53b8666000 81 21 3122 3
7f53b86eb000 58 33 3213 3
7f53b86e6000 56 25 3295 3
7f53b86e5000 80 36 3411 3
7f53b86e4000 64 24 3500 3
7f53b86e3000 48 10 3559 3
7f53b86e2000 46 10 3616 3
7f53b8677000 87 29 3733 4
7f53b8676000 92 10 3835 4
7f53b8675000 65 8 3909 4
7f53b8674000 88 8 4005 5
7f53b866c000 161 6 4173 5
7f53b8673000 102 3 4279 5
7f53b866d000 65 6 4351 5
7f53b8639000 60 3 4414 5
7f53b86e1000 57 3 4474 5
7f53b86e0000 52 3 4529 5
7f53b86df000 36 2 4568 5
7f53b86de000 49 2 4620 5
7f53b86dd000 41 2 4663 5
7f53b86dc000 47 2 4713 5
7f53b8716000 56 2 4772 5
7f53b86f8000 69 12 4854 5
7f53b8665000 64 4 4923 5
7f53b86f0000 64 7 4994 5
7f53b86ec000 84 8 5086 5
7f53b86ef000 50 5 5142 5
7f53b8669000 111 6 5259 5
7f53b86ee000 97 5 5361 5
7f53b86ed000 63 8 5433 5
7f53b863a000 32 3 5469 5
7f53b8663000 50 3 5523 5
7f53b86bb000 50 3 5576 5
7f53b86ba000 58 7 5642 5
7f53b871c000 48 3 5693 5
7f53b871b000 61 4 5759 5
7f53b871a000 52 3 5814 5
7f53b8719000 67 3 5885 5
7f53b8718000 92 3 5981 5
7f53b8717000 59 3 6044 6
6052 6
0x41e000
41e000 37 17 55 0
42d000 458 49 563 2
41d000 43 16 623 2
41c000 62 17 703 2
7f53b8672000 71 25 800 3
408000 34 10 845 3
407000 19 9 873 3
7ffec6ffd000 35 12 920 3
7f53b86b5000 73 19 1013 3
7f53b86b4000 29 9 1052 3
7f53b86b3000 37 10 1100 3
7f53b86b2000 27 10 1138 3
7f53b86b0000 46 10 1194 3
7f53b86af000 41 11 1246 3
7f53b86ac000 56 13 1315 3
7f53b86a9000 54 13 1382 3
7f53b8738000 104 20 1507 3
7f53b8737000 106 18 1631 3
7f53b85fa000 131 11 1774 3
7f53b8707000 95 17 1887 3
7f53b8706000 114 15 2016 3
7f53b8705000 71 30 2118 3
7f53b8703000 78 15 2212 3
7f53b860b000 80 15 2307 3
7f53b860a000 38 13 2359 3
7f53b8609000 56 11 2426 3
7f53b8608000 90 16 2532 3
7f53b8607000 39 10 2581 3
7f53b85ff000 47 13 2642 3
7f53b85fe000 44 14 2700 3
7f53b85fd000 65 12 2778 3
7f53b865a000 77 17 2873 3
7f53b8667000 91 16 2980 3
7f53b8666000 81 21 3082 3
7f53b86eb000 59 33 3174 3
7f53b86e6000 60 23 3257 3
7f53b86e5000 80 36 3374 3
7f53b86e4000 65 24 3463 3
7f53b86e3000 49 10 3522 3
7f53b86e2000 46 9 3577 3
7f53b8677000 87 28 3693 4
7f53b8676000 91 11 3796 4
7f53b8675000 64 8 3868 4
7f53b8674000 87 9 3964 5
7f53b866c000 161 6 4131 5
7f53b8673000 100 3 4235 5
7f53b866d000 64 6 4306 5
7f53b8639000 59 3 4369 5
7f53b86e1000 57 3 4429 5
7f53b86e0000 50 2 4482 5
7f53b86df000 37 2 4522 5
7f53b86de000 47 3 4573 5
7f53b86dd000 42 2 4617 5
7f53b86dc000 47 2 4666 5
7f53b8716000 56 2 4725 5
7f53b86f8000 72 13 4811 5
7f53b8665000 64 4 4879 5
7f53b86f0000 64 6 4949 5
7f53b86ec000 83 9 5042 5
7f53b86ef000 51 5 5098 5
7f53b8669000 111 6 5215 5
7f53b86ee000 99 5 5319 5
7f53b86ed000 64 8 5392 5
7f53b863a000 33 4 5429 5
7f53b8663000 49 3 5481 5
7f53b86bb000 50 4 5536 5
7f53b86ba000 60 6 5602 5
7f53b871c000 47 3 5653 5
7f53b871b000 61 4 5719 5
7f53b871a000 51 4 5775 5
7f53b8719000 67 4 5846 5
7f53b8718000 92 4 5943 5
7f53b8717000 58 4 6006 6
6013 6
0x40f000
40f000 52 25 77 1
77 1
0x420000
420000 49 21 70 1
42d000 459 44 575 2
7f53b86d7000 62 18 656 3
408000 35 11 702 3
407000 19 8 730 3
7ffec6ffd000 35 12 778 3
7f53b8672000 71 18 868 3
7f53b86b5000 73 18 960 3
7f53b86b4000 28 9 998 3
7f53b86b3000 37 10 1047 3
7f53b86b2000 27 9 1084 3
7f53b86b0000 47 9 1141 3
7f53b86af000 40 11 1193 3
7f53b86ac000 55 13 1263 3
7f53b86a9000 55 13 1332 3
7f53b8738000 109 20 1462 3
7f53b8737000 107 19 1588 3
7f53b85fa000 131 12 1732 3
7f53b8707000 96 17 1845 3
7f53b8706000 118 15 1979 3
7f53b8705000 72 30 2081 3
7f53b8703000 79 12 2173 3
7f53b860b000 80 16 2270 3
7f53b860a000 39 12 2321 3
7f53b8609000 56 11 2389 3
7f53b8608000 92 15 2496 3
7f53b8607000 38 11 2546 3
7f53b85ff000 48 12 2607 3
7f53b85fe000 44 14 2666 3
7f53b85fd000 67 11 2744 3
7f53b865a000 78 17 2840 3
7f53b8667000 91 15 2946 3
7f53b8666000 82 20 3048 3
7f53b86eb000 59 33 3140 3
7f53b86e6000 56 24 3220 3
7f53b86e5000 81 36 3338 3
7f53b86e4000 64 24 3426 3
7f53b86e3000 48 10 3485 3
7f53b86e2000 46 9 3540 3
7f53b8677000 87 29 3657 4
7f53b8676000 91 11 3759 4
7f53b8675000 65 8 3832 4
7f53b8674000 86 9 3927 5
7f53b866c000 160 6 4093 5
7f53b8673000 100 3 4197 5
7f53b866d000 64 6 4267 5
7f53b8639000 59 3 4329 5
7f53b86e1000 56 3 4388 5
7f53b86e0000 50 3 4442 5
7f53b86df000 36 2 4481 5
7f53b86de000 48 2 4532 5
7f53b86dd000 40 3 4576 5
7f53b86dc000 46 2 4624 5
7f53b8716000 56 2 4683 5
7f53b86f8000 70 13 4767 5
7f53b8665000 64 4 4835 5
7f53b86f0000 63 6 4904 5
7f53b86ec000 86 8 4999 5
7f53b86ef000 50 5 5055 5
7f53b8669000 109 6 5170 5
7f53b86ee000 97 5 5272 5
7f53b86ed000 64 7 5344 5
7f53b863a000 32 3 5380 5
7f53b8663000 50 3 5434 5
7f53b86bb000 51 3 5488 5
7f53b86ba000 60 7 5556 5
7f53b871c000 46 3 5606 5
7f53b871b000 62 4 5673 5
7f53b871a000 51 4 5729 5
7f53b8719000 67 4 5801 5
7f53b8718000 93 3 5897 5
7f53b8717000 58 3 5959 6
5963 6
0x421000
421000 41 19 61 1
408000 34 15 111 1
407000 18 13 143 1
7ffec6ffd000 34 19 197 1
42d000 458 43 699 2
7f53b8672000 72 25 798 3
7f53b86b5000 74 18 890 3
7f53b86b4000 29 10 929 3
7f53b86b3000 37 11 978 3
7f53b86b2000 27 9 1015 3
7f53b86b0000 47 10 1073 3
7f53b86af000 41 10 1124 3
7f53b86ac000 57 13 1195 3
7f53b86a9000 54 13 1263 3
7f53b8738000 105 21 1390 3
7f53b8737000 109 18 1517 3
7f53b85fa000 130 10 1657 3
7f53b8707000 95 17 1770 3
7f53b8706000 115 15 1900 3
7f53b8705000 71 30 2001 3
7f53b8703000 78 13 2093 3
7f53b860b000 80 15 2188 3
7f53b860a000 38 13 2240 3
7f53b8609000 56 11 2307 3
7f53b8608000 93 15 2415 3
7f53b8607000 35 10 2461 3
7f53b85ff000 47 13 2522 3
7f53b85fe000 44 14 2580 3
7f53b85fd000 66 11 2657 3
7f53b865a000 77 18 2753 3
7f53b8667000 90 16 2859 3
7f53b8666000 82 20 2961 3
7f53b86eb000 58 33 3053 3
7f53b86e6000 56 24 3134 3
7f53b86e5000 80 36 3250 3
7f53b86e4000 63 25 3339 3
7f53b86e3000 49 11 3399 3
7f53b86e2000 46 9 3455 3
7f53b8677000 88 29 3573 4
7f53b8676000 93 10 3676 4
7f53b8675000 65 8 3750 4
7f53b8674000 86 9 3845 5
7f53b866c000 161 6 4012 5
7f53b8673000 101 3 4117 5
7f53b866d000 63 6 4187 5
7f53b8639000 58 3 4249 5
7f53b86e1000 57 2 4308 5
7f53b86e0000 51 2 4362 5
7f53b86df000 36 2 4401 5
7f53b86de000 49 2 4453 5
7f53b86dd000 43 2 4499 5
7f53b86dc000 45 3 4547 5
7f53b8716000 56 2 4606 5
7f53b86f8000 71 12 4689 5
7f53b8665000 64 4 4757 5
7f53b86f0000 63 7 4827 5
7f53b86ec000 83 9 4919 5
7f53b86ef000 51 4 4974 5
7f53b8669000 110 5 5090 5
7f53b86ee000 97 6 5194 5
7f53b86ed000 64 8 5266 5
7f53b863a000 33 3 5302 5
7f53b8663000 50 3 5355 5
7f53b86bb000 50 4 5409 5
7f53b86ba000 61 8 5478 5
7f53b871c000 48 3 5530 5
7f53b871b000 61 4 5595 5
7f53b871a000 50 5 5651 5
7f53b8719000 67 4 5722 5
7f53b8718000 93 3 5818 5
7f53b8717000 59 3 5881 6
5885 6
0x422000
422000 65 26 91 1
421000 42 17 151 1
408000 34 16 202 1
407000 19 13 234 1
7ffec6ffd000 34 19 288 1
42d000 461 44 794 2
7f53b8672000 71 25 891 3
7f53b86b5000 73 18 982 3
7f53b86b4000 29 9 1020 3
7f53b86b3000 39 10 1070 3
7f53b86b2000 27 10 1108 3
7f53b86b0000 51 10 1169 3
7f53b86af000 40 11 1221 3
7f53b86ac000 56 13 1291 3
7f53b86a9000 56 13 1360 3
7f53b8738000 105 20 1485 3
7f53b8737000 106 18 1610 3
7f53b85fa000 135 11 1756 3
7f53b8707000 96 17 1869 3
7f53b8706000 114 15 1999 3
7f53b8705000 70 31 2101 3
7f53b8703000 78 13 2192 3
7f53b860b000 79 16 2287 3
7f53b860a000 38 12 2338 3
7f53b8609000 56 11 2405 3
7f53b8608000 89 15 2509 3
7f53b8607000 34 11 2555 3
7f53b85ff000 48 12 2615 3
7f53b85fe000 44 13 2673 3
7f53b85fd000 66 11 2751 3
7f53b865a000 78 17 2847 3
7f53b8667000 91 15 2953 3
7f53b8666000 81 20 3055 3
7f53b86eb000 58 32 3146 3
7f53b86e6000 56 24 3227 3
7f53b86e5000 80 36 3343 3
7f53b86e4000 64 24 3431 3
7f53b86e3000 48 10 3490 3
7f53b86e2000 46 9 3545 3
7f53b8677000 88 28 3662 4
7f53b8676000 91 11 3764 4
7f53b8675000 65 8 3837 4
7f53b8674000 88 8 3933 5
7f53b866c000 161 6 4101 5
7f53b8673000 102 3 4206 5
7f53b866d000 64 6 4277 5
7f53b8639000 59 3 4340 5
7f53b86e1000 57 3 4400 5
7f53b86e0000 52 2 4455 5
7f53b86df000 37 2 4495 5
7f53b86de000 50 2 4547 5
7f53b86dd000 41 2 4591 5
7f53b86dc000 47 2 4640 5
7f53b8716000 56 3 4700 5
7f53b86f8000 73 12 4785 5
7f53b8665000 64 4 4853 5
7f53b86f0000 63 6 4922 5
7f53b86ec000 82 9 5014 5
7f53b86ef000 50 5 5069 5
7f53b8669000 109 6 5185 5
7f53b86ee000 98 5 5288 5
7f53b86ed000 63 8 5360 5
7f53b863a000 33 4 5397 5
7f53b8663000 49 3 5449 5
7f53b86bb000 49 3 5502 5
7f53b86ba000 59 7 5569 5
7f53b871c000 46 3 5619 5
7f53b871b000 62 4 5686 5
7f53b871a000 51 4 5741 5
7f53b8719000 70 4 5815 5
7f53b8718000 92 4 5911 5
7f53b8717000 58 4 5974 6
5979 6
0x423000
423000 42 18 61 1
408000 34 17 113 1
407000 18 13 145 1
7ffec6ffd000 35 19 200 1
42d000 456 44 700 2
7f53b8672000 72 25 798 3
7f53b86b5000 76 18 893 3
7f53b86b4000 29 9 931 3
7f53b86b3000 37 12 981 3
7f53b86b2000 26 10 1018 3
7f53b86b0000 47 10 1075 3
7f53b86af000 41 10 1127 3
7f53b86ac000 56 13 1197 3
7f53b86a9000 55 13 1265 3
7f53b8738000 103 20 1389 3
7f53b8737000 105 18 1513 3
7f53b85fa000 132 10 1656 3
7f53b8707000 95 17 1769 3
7f53b8706000 114 16 1899 3
7f53b8705000 70 30 1999 3
7f53b8703000 80 13 2093 3
7f53b860b000 80 15 2188 3
7f53b860a000 38 12 2239 3
7f53b8609000 55 11 2306 3
7f53b8608000 89 15 2411 3
7f53b8607000 34 10 2456 3
7f53b85ff000 47 13 2517 3
7f53b85fe000 44 14 2575 3
7f53b85fd000 67 11 2653 3
7f53b865a000 78 17 2749 3
7f53b8667000 91 16 2856 3
7f53b8666000 82 21 2959 3
7f53b86eb000 58 33 3050 3
7f53b86e6000 60 23 3134 3
7f53b86e5000 79 36 3250 3
7f53b86e4000 63 25 3338 3
7f53b86e3000 48 10 3396 3
7f53b86e2000 45 9 3451 3
7f53b8677000 87 28 3567 4
7f53b8676000 93 13 3673 4
7f53b8675000 65 8 3746 4
7f53b8674000 87 10 3843 5
7f53b866c000 162 6 4011 5
7f53b8673000 103 4 4119 5
7f53b866d000 64 6 4189 5
7f53b8639000 58 3 4251 5
7f53b86e1000 57 3 4311 5
7f53b86e0000 51 2 4365 5
7f53b86df000 37 2 4405 5
7f53b86de000 49 2 4456 5
7f53b86dd000 41 2 4500 5
7f53b86dc000 46 3 4549 5
7f53b8716000 56 2 4608 5
7f53b86f8000 70 12 4691 5
7f53b8665000 64 4 4759 5
7f53b86f0000 64 6 4829 5
7f53b86ec000 86 8 4924 5
7f53b86ef000 50 4 4979 5
7f53b8669000 110 5 5095 5
7f53b86ee000 97 5 5198 5
7f53b86ed000 62 8 5269 5
7f53b863a000 32 3 5305 5
7f53b8663000 49 3 5357 5
7f53b86bb000 50 3 5411 5
7f53b86ba000 59 7 5478 5
7f53b871c000 47 3 5528 5
7f53b871b000 60 5 5594 5
7f53b871a000 51 4 5649 5
7f53b8719000 67 3 5719 5
7f53b8718000 92 3 5815 5
7f53b8717000 58 3 5877 6
5882 6
0x424000
424000 33 16 49 1
49 1
0x418000
418000 64 27 91 2
7f53b8672000 76 22 190 2
408000 34 11 236 2
407000 19 9 265 2
7ffec6ffd000 34 15 315 2
42d000 462 35 812 3
7f53b86b5000 73 18 904 3
7f53b86b4000 30 9 943 3
7f53b86b3000 37 11 992 3
7f53b86b2000 27 10 1030 3
7f53b86b0000 46 11 1088 3
7f53b86af000 41 11 1140 3
7f53b86ac000 56 13 1210 3
7f53b86a9000 55 13 1279 3
7f53b8738000 111 20 1410 3
7f53b8737000 109 17 1537 3
7f53b85fa000 134 10 1682 3
7f53b8707000 95 17 1795 3
7f53b8706000 114 17 1926 3
7f53b8705000 73 30 2029 3
7f53b8703000 83 13 2125 3
7f53b860b000 81 16 2222 3
7f53b860a000 38 12 2273 3
7f53b8609000 55 12 2341 3
7f53b8608000 89 17 2447 3
7f53b8607000 36 11 2495 3
7f53b85ff000 48 12 2555 3
7f53b85fe000 44 13 2613 3
7f53b85fd000 66 11 2691 3
7f53b865a000 77 18 2787 3
7f53b8667000 93 16 2896 3
7f53b8666000 81 20 2998 3
7f53b86eb000 58 33 3090 3
7f53b86e6000 56 24 3170 3
7f53b86e5000 80 36 3286 3
7f53b86e4000 64 24 3375 3
7f53b86e3000 48 10 3434 3
7f53b86e2000 46 9 3490 3
7f53b8677000 87 29 3607 4
7f53b8676000 96 11 3714 4
7f53b8675000 69 8 3791 4
7f53b8674000 86 9 3887 5
7f53b866c000 162 6 4055 5
7f53b8673000 101 3 4160 5
7f53b866d000 65 7 4233 5
7f53b8639000 59 3 4296 5
7f53b86e1000 58 2 4357 5
7f53b86e0000 51 3 4412 5
7f53b86df000 36 2 4451 5
7f53b86de000 49 2 4502 5
7f53b86dd000 42 3 4548 5
7f53b86dc000 46 3 4597 5
7f53b8716000 57 2 4657 5
7f53b86f8000 72 12 4742 5
7f53b8665000 66 3 4811 5
7f53b86f0000 64 6 4882 5
7f53b86ec000 85 9 4977 5
7f53b86ef000 52 5 5034 5
7f53b8669000 113 5 5152 5
7f53b86ee000 99 6 5258 5
7f53b86ed000 65 8 5331 5
7f53b863a000 34 3 5368 5
7f53b8663000 50 3 5422 5
7f53b86bb000 51 3 5477 5
7f53b86ba000 61 6 5544 5
7f53b871c000 48 4 5597 5
7f53b871b000 63 4 5664 5
7f53b871a000 53 3 5720 5
7f53b8719000 67 4 5792 5
7f53b8718000 93 3 5889 5
7f53b8717000 60 3 5953 6
5959 6
0x416000
416000 47 17 64 1
415000 36 17 118 2
40c000 54 15 188 2
7f53b8689000 59 16 264 4
7f53b8688000 53 6 324 4
7f53b8687000 46 7 378 5
407000 18 5 402 5
7f53b8682000 80 7 490 5
408000 34 6 530 5
7ffec6ffd000 35 7 573 5
42d000 458 15 1046 5
7f53b8672000 73 9 1130 5
7f53b86b5000 77 9 1216 5
7f53b86b4000 30 6 1252 5
7f53b86b3000 39 5 1296 5
7f53b86b2000 27 8 1332 5
7f53b86b0000 48 6 1386 5
7f53b86af000 40 6 1433 5
7f53b86ac000 58 9 1501 5
7f53b86a9000 57 7 1565 5
7f53b8738000 106 10 1681 5
7f53b8737000 108 9 1799 5
7f53b85fa000 132 6 1938 5
7f53b8707000 98 8 2044 5
7f53b8706000 116 8 2169 5
7f53b8705000 73 15 2257 5
7f53b8703000 80 7 2344 5
7f53b860b000 81 9 2434 5
7f53b860a000 40 7 2481 5
7f53b8609000 58 6 2545 5
7f53b8608000 92 7 2645 5
7f53b8607000 36 6 2688 5
7f53b85ff000 49 7 2745 5
7f53b85fe000 46 7 2798 5
7f53b85fd000 67 6 2872 5
7f53b865a000 79 9 2961 5
7f53b8667000 92 8 3061 5
7f53b8666000 82 10 3153 5
7f53b86eb000 57 16 3227 5
7f53b86e6000 55 13 3296 5
7f53b86e5000 81 18 3395 5
7f53b86e4000 65 12 3473 5
7f53b86e3000 48 6 3527 5
7f53b86e2000 46 5 3578 5
7f53b8677000 87 13 3679 6
3685 6
0x415000
415000 36 19 56 2
40c000 54 13 124 2
7f53b8689000 61 17 203 4
7f53b8688000 51 7 262 4
7f53b8687000 47 6 316 5
407000 19 5 341 5
7f53b8682000 79 7 427 5
408000 34 6 468 5
7ffec6ffd000 34 7 510 5
42d000 462 15 988 5
7f53b8672000 72 9 1070 5
7f53b86b5000 73 10 1153 5
7f53b86b4000 29 5 1187 5
7f53b86b3000 36 6 1230 5
7f53b86b2000 27 5 1263 5
7f53b86b0000 46 6 1316 5
7f53b86af000 42 6 1364 5
7f53b86ac000 58 7 1430 5
7f53b86a9000 54 7 1492 5
7f53b8738000 108 10 1610 5
7f53b8737000 107 9 1726 5
7f53b85fa000 130 6 1863 5
7f53b8707000 96 9 1969 5
7f53b8706000 117 8 2094 5
7f53b8705000 71 15 2180 5
7f53b8703000 79 6 2265 5
7f53b860b000 79 9 2354 5
7f53b860a000 39 6 2399 5
7f53b8609000 55 7 2462 5
7f53b8608000 91 8 2561 5
7f53b8607000 35 8 2605 5
7f53b85ff000 49 7 2662 5
7f53b85fe000 46 7 2715 5
7f53b85fd000 66 7 2788 5
7f53b865a000 77 9 2874 5
7f53b8667000 90 8 2973 5
7f53b8666000 83 10 3067 5
7f53b86eb000 61 16 3145 5
7f53b86e6000 56 11 3213 5
7f53b86e5000 80 17 3311 5
7f53b86e4000 64 12 3388 5
7f53b86e3000 49 5 3442 5
7f53b86e2000 46 5 3494 5
7f53b8677000 88 13 3596 6
3601 6
0x429000
429000 55 17 72 1
42d000 459 44 576 2
428000 44 13 634 2
427000 42 15 692 2
7f53b8672000 71 25 789 3
408000 34 10 833 3
407000 19 8 861 3
7ffec6ffd000 34 13 908 3
7f53b86b5000 75 18 1001 3
7f53b86b4000 29 9 1039 3
7f53b86b3000 39 10 1088 3
7f53b86b2000 29 9 1127 3
7f53b86b0000 47 10 1185 3
7f53b86af000 41 11 1237 3
7f53b86ac000 58 13 1309 3
7f53b86a9000 55 14 1378 3
7f53b8738000 105 20 1504 3
7f53b8737000 107 18 1630 3
7f53b85fa000 130 11 1771 3
7f53b8707000 96 17 1884 3
7f53b8706000 115 15 2015 3
7f53b8705000 72 30 2118 3
7f53b8703000 79 12 2209 3
7f53b860b000 79 16 2305 3
7f53b860a000 38 12 2356 3
7f53b8609000 56 13 2426 3
7f53b8608000 90 15 2531 3
7f53b8607000 34 11 2577 3
7f53b85ff000 48 12 2637 3
7f53b85fe000 43 14 2695 3
7f53b85fd000 66 11 2772 3
7f53b865a000 77 17 2867 3
7f53b8667000 90 16 2974 3
7f53b8666000 81 20 3075 3
7f53b86eb000 57 33 3166 3
7f53b86e6000 56 23 3245 3
7f53b86e5000 79 36 3361 3
7f53b86e4000 64 24 3449 3
7f53b86e3000 48 10 3508 3
7f53b86e2000 46 9 3563 3
7f53b8677000 86 28 3678 4
7f53b8676000 91 11 3781 4
7f53b8675000 65 8 3854 4
7f53b8674000 87 8 3950 5
7f53b866c000 162 6 4119 5
7f53b8673000 101 3 4223 5
7f53b866d000 64 6 4294 5
7f53b8639000 59 3 4356 5
7f53b86e1000 58 2 4416 5
7f53b86e0000 52 2 4471 5
7f53b86df000 36 2 4510 5
7f53b86de000 48 2 4561 5
7f53b86dd000 41 2 4605 5
7f53b86dc000 47 2 4654 5
7f53b8716000 56 3 4714 5
7f53b86f8000 72 12 4798 5
7f53b8665000 65 3 4866 5
7f53b86f0000 63 6 4936 5
7f53b86ec000 83 9 5029 5
7f53b86ef000 50 5 5084 5
7f53b8669000 113 6 5203 5
7f53b86ee000 97 6 5306 5
7f53b86ed000 64 7 5377 5
7f53b863a000 33 4 5415 5
7f53b8663000 52 3 5470 5
7f53b86bb000 52 3 5525 5
7f53b86ba000 60 7 5592 5
7f53b871c000 47 4 5643 5
7f53b871b000 62 4 5709 5
7f53b871a000 51 4 5764 5
7f53b8719000 67 3 5835 5
7f53b8718000 93 3 5932 5
7f53b8717000 59 3 5995 6
6000 6
0x428000
428000 43 16 60 1
42d000 466 44 571 2
427000 43 16 631 2
7f53b8672000 73 25 729 3
408000 34 12 775 3
407000 19 8 802 3
7ffec6ffd000 34 14 851 3
7f53b86b5000 79 17 948 3
7f53b86b4000 29 9 987 3
7f53b86b3000 36 11 1035 3
7f53b86b2000 27 9 1072 3
7f53b86b0000 47 10 1130 3
7f53b86af000 41 11 1182 3
7f53b86ac000 56 13 1252 3
7f53b86a9000 54 13 1320 3
7f53b8738000 104 20 1445 3
7f53b8737000 106 18 1569 3
7f53b85fa000 130 10 1709 3
7f53b8707000 95 17 1822 3
7f53b8706000 114 15 1951 3
7f53b8705000 70 30 2052 3
7f53b8703000 79 12 2143 3
7f53b860b000 79 17 2240 3
7f53b860a000 38 12 2291 3
7f53b8609000 56 11 2358 3
7f53b8608000 90 15 2463 3
7f53b8607000 35 10 2509 3
7f53b85ff000 48 12 2569 3
7f53b85fe000 44 13 2627 3
7f53b85fd000 66 11 2705 3
7f53b865a000 77 18 2801 3
7f53b8667000 91 15 2907 3
7f53b8666000 85 20 3013 3
7f53b86eb000 58 33 3105 3
7f53b86e6000 56 24 3185 3
7f53b86e5000 83 36 3304 3
7f53b86e4000 64 24 3393 3
7f53b86e3000 48 10 3452 3
7f53b86e2000 45 9 3507 3
7f53b8677000 88 28 3624 4
7f53b8676000 91 11 3726 4
7f53b8675000 64 8 3798 4
7f53b8674000 86 9 3893 5
7f53b866c000 160 7 4060 5
7f53b8673000 99 4 4163 5
7f53b866d000 64 7 4234 5
7f53b8639000 59 3 4297 5
7f53b86e1000 56 2 4355 5
7f53b86e0000 50 3 4409 5
7f53b86df000 36 2 4448 5
7f53b86de000 48 2 4498 5
7f53b86dd000 40 2 4541 5
7f53b86dc000 46 2 4590 5
7f53b8716000 55 3 4649 5
7f53b86f8000 70 12 4731 5
7f53b8665000 64 3 4799 5
7f53b86f0000 62 6 4868 5
7f53b86ec000 83 8 4960 5
7f53b86ef000 50 5 5016 5
7f53b8669000 110 6 5132 5
7f53b86ee000 98 7 5237 5
7f53b86ed000 63 8 5309 5
7f53b863a000 34 3 5346 5
7f53b8663000 50 3 5399 5
7f53b86bb000 50 3 5453 5
7f53b86ba000 63 7 5524 5
7f53b871c000 47 4 5575 5
7f53b871b000 61 4 5640 5
7f53b871a000 51 4 5696 5
7f53b8719000 68 4 5768 5
7f53b8718000 92 3 5863 5
7f53b8717000 59 3 5926 6
5930 6
0x42a000
42a000 56 19 75 2
42d000 458 37 571 2
408000 34 14 620 2
407000 18 13 652 2
7ffec6ffd000 34 17 703 2
7f53b8672000 71 24 799 3
7f53b86b5000 73 18 891 3
7f53b86b4000 29 9 929 3
7f53b86b3000 37 11 978 3
7f53b86b2000 27 10 1015 3
7f53b86b0000 47 10 1072 3
7f53b86af000 41 11 1124 3
7f53b86ac000 56 14 1195 3
7f53b86a9000 55 13 1263 3
7f53b8738000 110 19 1392 3
7f53b8737000 106 18 1517 3
7f53b85fa000 129 11 1657 3
7f53b8707000 94 17 1769 3
7f53b8706000 113 15 1898 3
7f53b8705000 70 30 1999 3
7f53b8703000 78 12 2090 3
7f53b860b000 79 16 2186 3
7f53b860a000 38 13 2237 3
7f53b8609000 56 11 2304 3
7f53b8608000 93 15 2412 3
7f53b8607000 35 10 2457 3
7f53b85ff000 47 13 2517 3
7f53b85fe000 44 14 2575 3
7f53b85fd000 66 12 2653 3
7f53b865a000 78 17 2748 3
7f53b8667000 90 16 2854 3
7f53b8666000 81 21 2956 3
7f53b86eb000 58 33 3047 3
7f53b86e6000 55 24 3127 3
7f53b86e5000 79 36 3243 3
7f53b86e4000 64 24 3332 3
7f53b86e3000 48 13 3394 3
7f53b86e2000 46 9 3450 3
7f53b8677000 88 29 3567 4
7f53b8676000 91 11 3669 4
7f53b8675000 64 8 3741 4
7f53b8674000 86 8 3835 5
7f53b866c000 160 6 4002 5
7f53b8673000 100 3 4106 5
7f53b866d000 64 6 4176 5
7f53b8639000 58 3 4237 5
7f53b86e1000 55 3 4296 5
7f53b86e0000 51 2 4349 5
7f53b86df000 37 2 4389 5
7f53b86de000 48 3 4440 5
7f53b86dd000 41 2 4483 5
7f53b86dc000 46 2 4532 5
7f53b8716000 57 3 4593 5
7f53b86f8000 70 12 4675 5
7f53b8665000 64 3 4743 5
7f53b86f0000 62 6 4812 5
7f53b86ec000 83 8 4904 5
7f53b86ef000 50 4 4959 5
7f53b8669000 114 6 5080 5
7f53b86ee000 97 6 5183 5
7f53b86ed000 63 8 5254 5
7f53b863a000 33 3 5290 5
7f53b8663000 49 3 5342 5
7f53b86bb000 50 3 5395 5
7f53b86ba000 59 6 5460 5
7f53b871c000 47 4 5512 5
7f53b871b000 64 4 5580 5
7f53b871a000 51 4 5635 5
7f53b8719000 67 4 5706 5
7f53b8718000 92 3 5802 5
7f53b8717000 58 3 5864 6
5869 6
0x40b000
40b000 36 19 55 2
55 2
0x425000
425000 43 21 64 1
64 1
0x42b000
42b000 39 17 56 1
42d000 464 44 565 2
42a000 55 15 636 2
408000 34 14 685 2
407000 18 12 716 2
7ffec6ffd000 34 18 769 2
7f53b8672000 72 26 867 3
7f53b86b5000 73 18 959 3
7f53b86b4000 29 9 998 3
7f53b86b3000 37 11 1047 3
7f53b86b2000 27 9 1084 3
7f53b86b0000 47 9 1141 3
7f53b86af000 41 10 1193 3
7f53b86ac000 56 13 1263 3
7f53b86a9000 55 13 1331 3
7f53b8738000 105 19 1455 3
7f53b8737000 107 19 1582 3
7f53b85fa000 135 11 1728 3
7f53b8707000 96 17 1842 3
7f53b8706000 116 15 1973 3
7f53b8705000 73 30 2076 3
7f53b8703000 79 13 2168 3
7f53b860b000 81 15 2264 3
7f53b860a000 38 13 2316 3
7f53b8609000 56 12 2385 3
7f53b8608000 91 15 2491 3
7f53b8607000 34 11 2537 3
7f53b85ff000 48 13 2599 3
7f53b85fe000 45 13 2657 3
7f53b85fd000 68 11 2737 3
7f53b865a000 79 17 2833 3
7f53b8667000 91 15 2939 3
7f53b8666000 82 21 3043 3
7f53b86eb000 59 33 3135 3
7f53b86e6000 57 24 3216 3
7f53b86e5000 80 36 3332 3
7f53b86e4000 64 24 3421 3
7f53b86e3000 48 10 3480 3
7f53b86e2000 46 11 3538 3
7f53b8677000 87 29 3655 4
7f53b8676000 92 10 3757 4
7f53b8675000 65 8 3831 4
7f53b8674000 88 8 3927 5
7f53b866c000 161 6 4094 5
7f53b8673000 101 3 4199 5
7f53b866d000 64 5 4269 5
7f53b8639000 59 3 4332 5
7f53b86e1000 57 2 4391 5
7f53b86e0000 51 3 4446 5
7f53b86df000 36 2 4485 5
7f53b86de000 50 3 4539 5
7f53b86dd000 42 2 4583 5
7f53b86dc000 47 2 4632 5
7f53b8716000 56 3 4692 5
7f53b86f8000 72 12 4776 5
7f53b8665000 65 3 4844 5
7f53b86f0000 63 7 4915 5
7f53b86ec000 84 8 5007 5
7f53b86ef000 51 4 5063 5
7f53b8669000 111 5 5180 5
7f53b86ee000 97 6 5284 5
7f53b86ed000 64 8 5356 5
7f53b863a000 33 4 5393 5
7f53b8663000 49 3 5445 5
7f53b86bb000 52 4 5501 5
7f53b86ba000 60 10 5572 5
7f53b871c000 47 4 5623 5
7f53b871b000 61 4 5688 5
7f53b871a000 51 4 5743 5
7f53b8719000 67 3 5813 5
7f53b8718000 92 3 5909 5
7f53b8717000 59 3 5972 6
5978 6
0x42c000
42c000 32 15 47 1
42d000 458 44 550 2
42b000 43 15 609 2
42a000 55 15 680 2
408000 34 14 729 2
407000 18 12 760 2
7ffec6ffd000 34 17 812 2
7f53b8672000 72 25 909 3
7f53b86b5000 72 18 1000 3
7f53b86b4000 30 8 1038 3
7f53b86b3000 37 11 1087 3
7f53b86b2000 27 9 1124 3
7f53b86b0000 49 10 1184 3
7f53b86af000 41 11 1236 3
7f53b86ac000 56 14 1306 3
7f53b86a9000 55 13 1374 3
7f53b8738000 105 20 1499 3
7f53b8737000 109 18 1627 3
7f53b85fa000 130 11 1769 3
7f53b8707000 96 17 1882 3
7f53b8706000 115 16 2013 3
7f53b8705000 73 31 2117 3
7f53b8703000 78 13 2208 3
7f53b860b000 79 16 2304 3
7f53b860a000 38 12 2355 3
7f53b8609000 55 11 2422 3
7f53b8608000 93 15 2531 3
7f53b8607000 34 11 2577 3
7f53b85ff000 48 13 2638 3
7f53b85fe000 44 14 2696 3
7f53b85fd000 66 11 2773 3
7f53b865a000 80 17 2870 3
7f53b8667000 90 15 2976 3
7f53b8666000 82 21 3079 3
7f53b86eb000 61 32 3173 3
7f53b86e6000 55 24 3253 3
7f53b86e5000 80 36 3370 3
7f53b86e4000 64 24 3458 3
7f53b86e3000 51 9 3519 3
7f53b86e2000 45 10 3575 3
7f53b8677000 88 28 3691 4
7f53b8676000 91 10 3793 4
7f53b8675000 64 8 3866 4
7f53b8674000 86 9 3961 5
7f53b866c000 163 6 4130 5
7f53b8673000 100 3 4234 5
7f53b866d000 63 5 4303 5
7f53b8639000 58 3 4365 5
7f53b86e1000 56 2 4424 5
7f53b86e0000 51 2 4478 5
7f53b86df000 37 1 4517 5
7f53b86de000 48 2 4568 5
7f53b86dd000 45 2 4616 5
7f53b86dc000 46 2 4664 5
7f53b8716000 57 2 4724 5
7f53b86f8000 70 12 4807 5
7f53b8665000 63 3 4874 5
7f53b86f0000 62 6 4943 5
7f53b86ec000 84 8 5036 5
7f53b86ef000 50 4 5091 5
7f53b8669000 109 6 5207 5
7f53b86ee000 97 6 5310 5
7f53b86ed000 64 7 5381 5
7f53b863a000 32 3 5417 5
7f53b8663000 58 2 5478 5
7f53b86bb000 50 3 5532 5
7f53b86ba000 59 6 5597 5
7f53b871c000 47 3 5647 5
7f53b871b000 60 5 5713 5
7f53b871a000 52 3 5768 5
7f53b8719000 68 3 5840 5
7f53b8718000 94 3 5938 5
7f53b8717000 59 3 6001 6
6009 6
0x41a000
41a000 60 25 85 3
7f53b8689000 58 14 158 4
7f53b8688000 51 7 217 4
7f53b8687000 47 8 272 5
407000 19 5 297 5
7f53b86b5000 75 9 381 5
7f53b86b4000 29 6 416 5
7f53b86b3000 36 6 459 5
7f53b86b2000 27 6 493 5
7f53b86b0000 48 6 547 5
7f53b86af000 41 6 594 5
7f53b86ac000 69 10 674 5
7f53b86a9000 56 7 737 5
7f53b8738000 106 11 854 5
7f53b8737000 108 9 972 5
7f53b85fa000 131 6 1110 5
7f53b8707000 97 9 1216 5
7f53b8706000 116 8 1340 5
7f53b8705000 72 14 1426 5
7f53b8703000 79 7 1513 5
7f53b860b000 83 8 1605 5
7f53b860a000 38 7 1651 5
7f53b8609000 56 9 1717 5
7f53b8608000 89 8 1815 5
7f53b8607000 34 6 1856 5
7f53b85ff000 49 6 1911 5
7f53b85fe000 44 7 1963 5
7f53b85fd000 67 6 2037 5
7f53b865a000 78 9 2125 5
7f53b8667000 91 8 2224 5
7f53b8666000 82 11 2317 5
7f53b86eb000 58 16 2391 5
7f53b86e6000 56 11 2459 5
7f53b86e5000 80 18 2558 5
7f53b86e4000 64 12 2635 5
7f53b86e3000 49 6 2690 5
7f53b86e2000 45 6 2742 5
7f53b8677000 87 14 2844 6
2847 6
0x426000
426000 44 19 63 1
42d000 456 44 564 2
7f53b8689000 59 20 644 4
7f53b8688000 55 10 709 4
7f53b8687000 49 9 767 4
407000 18 9 795 4
7f53b8672000 73 17 885 5
408000 35 5 925 5
7ffec6ffd000 35 7 968 5
7f53b86b5000 72 9 1050 5
7f53b86b4000 29 5 1085 5
7f53b86b3000 37 6 1129 5
7f53b86b2000 28 5 1163 5
7f53b86b0000 47 7 1218 5
7f53b86af000 45 6 1270 5
7f53b86ac000 55 7 1333 5
7f53b86a9000 55 7 1396 5
7f53b8738000 106 10 1512 5
7f53b8737000 107 9 1628 5
7f53b85fa000 131 6 1765 5
7f53b8707000 95 9 1869 5
7f53b8706000 115 9 1993 5
7f53b8705000 72 15 2080 5
7f53b8703000 81 7 2168 5
7f53b860b000 80 8 2256 5
7f53b860a000 38 7 2302 5
7f53b8609000 56 6 2364 5
7f53b8608000 90 7 2462 5
7f53b8607000 35 5 2503 5
7f53b85ff000 47 7 2558 5
7f53b85fe000 44 7 2610 5
7f53b85fd000 67 7 2684 5
7f53b865a000 81 8 2773 5
7f53b8667000 90 8 2872 5
7f53b8666000 82 10 2964 5
7f53b86eb000 58 16 3039 5
7f53b86e6000 56 12 3107 5
7f53b86e5000 80 17 3205 5
7f53b86e4000 65 11 3281 5
7f53b86e3000 48 6 3336 5
7f53b86e2000 46 5 3387 5
7f53b8677000 87 14 3489 6
3492 6
0x410000
410000 48 20 68 1
42d000 453 44 566 2
7f53b8672000 71 25 663 3
408000 34 10 708 3
407000 19 8 736 3
7ffec6ffd000 35 12 784 3
7f53b86b5000 73 18 875 3
7f53b86b4000 29 9 913 3
7f53b86b3000 37 11 962 3
7f53b86b2000 27 9 999 3
7f53b86b0000 46 10 1056 3
7f53b86af000 41 10 1108 3
7f53b86ac000 56 13 1178 3
7f53b86a9000 55 13 1247 3
7f53b8738000 105 19 1371 3
7f53b8737000 109 18 1499 3
7f53b85fa000 130 11 1640 3
7f53b8707000 96 17 1753 3
7f53b8706000 115 15 1883 3
7f53b8705000 71 30 1984 3
7f53b8703000 79 12 2075 3
7f53b860b000 82 16 2174 3
7f53b860a000 39 12 2226 3
7f53b8609000 56 12 2294 3
7f53b8608000 89 16 2399 3
7f53b8607000 35 10 2444 3
7f53b85ff000 48 16 2508 3
7f53b85fe000 44 13 2566 3
7f53b85fd000 66 11 2644 3
7f53b865a000 77 18 2740 3
7f53b8667000 91 16 2847 3
7f53b8666000 81 21 2949 3
7f53b86eb000 58 33 3040 3
7f53b86e6000 56 24 3121 3
7f53b86e5000 81 36 3238 3
7f53b86e4000 65 24 3327 3
7f53b86e3000 48 10 3386 3
7f53b86e2000 46 9 3441 3
7f53b8677000 90 29 3561 4
7f53b8676000 92 11 3664 4
7f53b8675000 64 8 3736 4
7f53b8674000 86 8 3831 5
7f53b866c000 161 6 3999 5
7f53b8673000 100 3 4103 5
7f53b866d000 65 6 4174 5
7f53b8639000 58 3 4236 5
7f53b86e1000 56 2 4295 5
7f53b86e0000 50 3 4349 5
7f53b86df000 36 2 4388 5
7f53b86de000 49 2 4439 5
7f53b86dd000 41 2 4482 5
7f53b86dc000 46 3 4531 5
7f53b8716000 57 3 4591 5
7f53b86f8000 71 12 4674 5
7f53b8665000 63 4 4742 5
7f53b86f0000 62 7 4811 5
7f53b86ec000 84 8 4903 5
7f53b86ef000 52 4 4959 5
7f53b8669000 110 5 5075 5
7f53b86ee000 98 5 5179 5
7f53b86ed000 64 7 5251 5
7f53b863a000 33 3 5288 5
7f53b8663000 50 3 5341 5
7f53b86bb000 50 3 5395 5
7f53b86ba000 60 6 5461 5
7f53b871c000 47 3 5512 5
7f53b871b000 64 4 5580 5
7f53b871a000 51 4 5635 5
7f53b8719000 66 4 5705 5
7f53b8718000 92 4 5802 5
7f53b8717000 59 3 5864 6
5868 6
0x413000
413000 44 21 65 1
7f53b8672000 74 29 169 2
408000 34 12 215 2
407000 19 9 244 2
7ffec6ffd000 36 14 294 2
42d000 460 36 791 3
7f53b86b5000 73 18 883 3
7f53b86b4000 28 9 921 3
7f53b86b3000 38 11 971 3
7f53b86b2000 26 10 1008 3
7f53b86b0000 47 10 1065 3
7f53b86af000 41 11 1118 3
7f53b86ac000 57 13 1188 3
7f53b86a9000 55 13 1257 3
7f53b8738000 104 20 1382 3
7f53b8737000 107 18 1508 3
7f53b85fa000 131 11 1650 3
7f53b8707000 96 18 1764 3
7f53b8706000 121 15 1900 3
7f53b8705000 70 30 2001 3
7f53b8703000 79 12 2092 3
7f53b860b000 80 15 2188 3
7f53b860a000 39 12 2240 3
7f53b8609000 56 12 2308 3
7f53b8608000 90 15 2413 3
7f53b8607000 34 11 2459 3
7f53b85ff000 48 12 2519 3
7f53b85fe000 45 13 2577 3
7f53b85fd000 66 12 2655 3
7f53b865a000 78 17 2750 3
7f53b8667000 90 16 2856 3
7f53b8666000 82 20 2958 3
7f53b86eb000 58 32 3049 3
7f53b86e6000 55 24 3129 3
7f53b86e5000 79 36 3245 3
7f53b86e4000 64 25 3334 3
7f53b86e3000 48 10 3392 3
7f53b86e2000 46 9 3447 3
7f53b8677000 87 28 3563 4
7f53b8676000 91 11 3666 4
7f53b8675000 64 8 3738 4
7f53b8674000 87 9 3835 5
7f53b866c000 162 6 4003 5
7f53b8673000 101 3 4108 5
7f53b866d000 65 6 4180 5
7f53b8639000 60 3 4243 5
7f53b86e1000 57 3 4304 5
7f53b86e0000 52 2 4359 5
7f53b86df000 38 2 4400 5
7f53b86de000 49 2 4452 5
7f53b86dd000 42 2 4497 5
7f53b86dc000 47 2 4546 5
7f53b8716000 57 2 4606 5
7f53b86f8000 71 12 4690 5
7f53b8665000 65 3 4759 5
7f53b86f0000 69 6 4835 5
7f53b86ec000 83 9 4928 5
7f53b86ef000 51 5 4984 5
7f53b8669000 110 5 5099 5
7f53b86ee000 97 6 5203 5
7f53b86ed000 64 8 5275 5
7f53b863a000 33 3 5311 5
7f53b8663000 50 3 5365 5
7f53b86bb000 50 3 5419 5
7f53b86ba000 60 6 5485 5
7f53b871c000 47 4 5537 5
7f53b871b000 61 5 5603 5
7f53b871a000 51 4 5658 5
7f53b8719000 66 4 5729 5
7f53b8718000 97 4 5831 5
7f53b8717000 58 4 5893 6
5896 6
0x412000
412000 22 16 39 1
7f53b8677000 90 44 174 2
7f53b8676000 92 22 289 3
7f53b8737000 107 16 413 3
7f53b8675000 65 14 493 4
7f53b8674000 88 8 589 5
7f53b866c000 160 6 756 5
7f53b8673000 101 3 860 5
7f53b8672000 75 5 941 5
7f53b866d000 64 6 1011 5
7f53b85fa000 129 2 1143 5
7f53b8639000 58 3 1205 5
7f53b8707000 96 4 1305 5
7f53b8706000 115 4 1425 5
7f53b8705000 70 9 1505 5
7f53b8703000 78 3 1587 5
407000 18 2 1608 5
411000 35 1 1644 5
408000 34 2 1681 5
7ffec6ffd000 35 2 1719 5
42d000 459 10 2189 5
7f53b86b5000 73 5 2268 5
7f53b86b4000 29 2 2299 5
7f53b86b3000 37 2 2338 5
7f53b86b2000 27 2 2368 5
7f53b86b0000 47 2 2417 5
7f53b86af000 41 2 2460 5
7f53b86ac000 56 3 2520 5
7f53b86a9000 56 3 2579 5
7f53b8738000 105 6 2690 5
7f53b860b000 80 4 2774 5
7f53b860a000 39 2 2815 5
7f53b8609000 56 2 2874 5
7f53b8608000 92 4 2971 5
7f53b8607000 34 2 3008 5
7f53b85ff000 47 2 3058 5
7f53b85fe000 44 3 3106 5
7f53b85fd000 67 2 3175 5
7f53b865a000 78 5 3258 5
7f53b8667000 90 4 3352 5
7f53b8666000 80 6 3439 5
7f53b86eb000 58 11 3508 5
7f53b86e6000 55 7 3570 5
7f53b86e5000 79 11 3661 5
7f53b86e4000 63 7 3732 5
7f53b86e3000 48 2 3782 5
7f53b86e2000 45 2 3830 5
7f53b86e1000 56 2 3889 5
7f53b86e0000 52 2 3944 5
7f53b86df000 36 2 3983 5
7f53b86de000 48 2 4034 5
7f53b86dd000 40 2 4077 5
7f53b86dc000 45 3 4126 5
7f53b8716000 55 3 4185 5
7f53b86f8000 70 12 4267 5
7f53b8665000 64 3 4335 5
7f53b86f0000 63 6 4405 5
7f53b86ec000 82 9 4497 5
7f53b86ef000 51 4 4552 5
7f53b8669000 109 6 4668 5
7f53b86ee000 97 6 4771 5
7f53b86ed000 64 8 4843 5
7f53b863a000 33 3 4879 5
7f53b8663000 49 3 4931 5
7f53b86bb000 50 4 4986 5
7f53b86ba000 59 7 5052 5
7f53b871c000 47 3 5102 5
7f53b871b000 60 4 5167 5
7f53b871a000 50 4 5222 5
7f53b8719000 66 4 5293 5
7f53b8718000 92 4 5390 5
7f53b8717000 59 3 5452 6
5457 6
0x411000
411000 34 14 48 0
7f53b8672000 72 32 153 2
408000 34 12 199 2
407000 19 9 227 2
7ffec6ffd000 34 14 276 2
42d000 455 35 767 3
7f53b86b5000 74 17 859 3
7f53b86b4000 29 8 897 3
7f53b86b3000 38 11 947 3
7f53b86b2000 28 9 985 3
7f53b86b0000 49 10 1045 3
7f53b86af000 41 11 1097 3
7f53b86ac000 56 13 1166 3
7f53b86a9000 55 13 1235 3
7f53b8738000 105 20 1360 3
7f53b8737000 107 18 1486 3
7f53b85fa000 135 11 1632 3
7f53b8707000 96 17 1745 3
7f53b8706000 115 15 1875 3
7f53b8705000 71 30 1977 3
7f53b8703000 79 13 2069 3
7f53b860b000 80 16 2165 3
7f53b860a000 39 12 2216 3
7f53b8609000 56 11 2283 3
7f53b8608000 90 15 2389 3
7f53b8607000 35 10 2434 3
7f53b85ff000 48 12 2495 3
7f53b85fe000 44 15 2555 3
7f53b85fd000 68 11 2635 3
7f53b865a000 77 17 2730 3
7f53b8667000 89 16 2836 3
7f53b8666000 81 21 2938 3
7f53b86eb000 58 32 3029 3
7f53b86e6000 56 24 3110 3
7f53b86e5000 80 36 3226 3
7f53b86e4000 63 25 3315 3
7f53b86e3000 49 10 3374 3
7f53b86e2000 46 9 3429 3
7f53b8677000 91 29 3550 4
7f53b8676000 92 11 3654 4
7f53b8675000 64 8 3726 4
7f53b8674000 86 9 3824 5
7f53b866c000 161 6 3991 5
7f53b8673000 102 4 4098 5
7f53b866d000 64 6 4168 5
7f53b8639000 59 2 4229 5
7f53b86e1000 56 2 4288 5
7f53b86e0000 51 2 4342 5
7f53b86df000 36 2 4381 5
7f53b86de000 48 2 4432 5
7f53b86dd000 40 2 4475 5
7f53b86dc000 46 2 4524 5
7f53b8716000 58 2 4585 5
7f53b86f8000 72 12 4669 5
7f53b8665000 66 3 4738 5
7f53b86f0000 63 6 4808 5
7f53b86ec000 83 10 4902 5
7f53b86ef000 53 5 4960 5
7f53b8669000 110 6 5076 5
7f53b86ee000 98 5 5179 5
7f53b86ed000 64 8 5251 5
7f53b863a000 32 3 5287 5
7f53b8663000 50 3 5340 5
7f53b86bb000 49 4 5394 5
7f53b86ba000 59 8 5461 5
7f53b871c000 46 4 5511 5
7f53b871b000 61 4 5576 5
7f53b871a000 52 3 5632 5
7f53b8719000 67 4 5704 5
7f53b8718000 93 4 5801 5
7f53b8717000 61 3 5865 6
5869 6
0x40e000
40e000 40 17 57 1
57 1
0x417000
417000 47 18 65 1
65 1
0x40a000
40a000 35 14 49 1
42d000 457 43 550 2
7ffec6ffd000 34 18 604 2
408000 36 14 655 2
407000 18 12 686 2
7f53b8672000 72 25 784 3
7f53b86b5000 75 17 877 3
7f53b86b4000 28 10 916 3
7f53b86b3000 37 11 965 3
7f53b86b2000 27 10 1003 3
7f53b86b0000 46 11 1060 3
7f53b86af000 41 11 1112 3
7f53b86ac000 56 13 1182 3
7f53b86a9000 55 13 1251 3
7f53b8738000 105 20 1377 3
7f53b8737000 107 18 1502 3
7f53b85fa000 134 11 1648 3
7f53b8707000 95 17 1760 3
7f53b8706000 113 16 1890 3
7f53b8705000 71 30 1991 3
7f53b8703000 80 13 2084 3
7f53b860b000 80 16 2180 3
7f53b860a000 39 12 2232 3
7f53b8609000 57 11 2300 3
7f53b8608000 90 15 2405 3
7f53b8607000 35 10 2451 3
7f53b85ff000 48 12 2511 3
7f53b85fe000 43 14 2569 3
7f53b85fd000 66 11 2646 3
7f53b865a000 81 17 2744 3
7f53b8667000 90 15 2849 3
7f53b8666000 81 20 2951 3
7f53b86eb000 58 32 3042 3
7f53b86e6000 56 24 3123 3
7f53b86e5000 80 36 3239 3
7f53b86e4000 63 25 3328 3
7f53b86e3000 49 9 3386 3
7f53b86e2000 46 10 3443 3
7f53b8677000 88 28 3559 4
7f53b8676000 91 11 3662 4
7f53b8675000 65 8 3736 4
7f53b8674000 87 8 3832 5
7f53b866c000 161 6 4000 5
7f53b8673000 101 4 4105 5
7f53b866d000 65 6 4176 5
7f53b8639000 59 3 4238 5
7f53b86e1000 57 2 4297 5
7f53b86e0000 51 3 4352 5
7f53b86df000 36 2 4391 5
7f53b86de000 49 2 4443 5
7f53b86dd000 40 2 4486 5
7f53b86dc000 46 2 4535 5
7f53b8716000 56 3 4595 5
7f53b86f8000 71 12 4678 5
7f53b8665000 66 3 4747 5
7f53b86f0000 63 7 4818 5
7f53b86ec000 83 9 4910 5
7f53b86ef000 51 4 4965 5
7f53b8669000 114 5 5085 5
7f53b86ee000 97 6 5189 5
7f53b86ed000 63 8 5261 5
7f53b863a000 33 3 5297 5
7f53b8663000 49 3 5349 5
7f53b86bb000 50 3 5402 5
7f53b86ba000 59 7 5469 5
7f53b871c000 47 3 5519 5
7f53b871b000 61 4 5584 5
7f53b871a000 50 4 5639 5
7f53b8719000 67 4 5710 5
7f53b8718000 96 3 5809 5
7f53b8717000 59 3 5872 6
5876 6
