0x433000
433000 49 17 67 2
430000 20 12 100 2
440000 40 18 158 2
455000 27 16 202 2
453000 40 17 260 2
7f1f7352b000 66 19 345 2
471000 38 12 395 2
470000 36 14 446 2
7f1f7351f000 40 13 500 2
7f1f7351e000 43 13 557 2
7f1f7351d000 49 16 623 2
7f1f7351c000 75 18 717 2
7f1f7351b000 75 19 812 3
7f1f7351a000 71 12 896 3
7f1f733ad000 60 13 970 4
7f1f733ac000 53 6 1029 4
7f1f733ab000 47 6 1083 5
7f1f73519000 35 6 1126 5
7f1f7352a000 61 7 1195 5
7f1f73535000 113 10 1319 5
7f1f73534000 85 7 1412 5
7f1f73533000 108 11 1532 5
7f1f73501000 30 8 1571 5
7f1f73527000 62 6 1639 5
7f1f7340a000 57 11 1709 5
7f1f73409000 82 17 1809 5
7f1f73408000 65 12 1887 5
7f1f7331e000 127 6 2021 5
7f1f73407000 49 5 2075 5
7f1f73406000 47 5 2127 5
7f1f7339b000 87 13 2228 6
2242 6
0x430000
430000 19 15 35 0
35 0
0x440000
440000 38 23 61 1
61 1
0x455000
455000 25 20 45 1
453000 42 19 107 1
7f1f7352b000 65 22 195 1
430000 20 12 228 1
471000 37 14 279 1
470000 36 15 331 1
7f1f7351f000 40 14 386 1
7f1f7351e000 45 14 445 1
7f1f7351d000 49 17 512 1
7f1f7351c000 75 20 608 1
7f1f7351b000 71 22 703 3
7f1f7351a000 69 12 785 3
7f1f733ad000 59 13 858 4
7f1f733ac000 51 7 916 4
7f1f733ab000 47 7 970 5
7f1f73519000 34 6 1011 5
7f1f7352a000 60 7 1079 5
7f1f73535000 112 10 1202 5
7f1f73534000 83 8 1294 5
7f1f73533000 106 11 1412 5
7f1f73501000 33 6 1453 5
7f1f73527000 61 10 1525 5
7f1f7340a000 57 11 1594 5
7f1f73409000 81 17 1692 5
7f1f73408000 65 12 1769 5
7f1f7331e000 131 6 1906 5
7f1f73407000 52 5 1964 5
7f1f73406000 46 5 2015 5
7f1f7339b000 87 14 2117 6
2128 6
0x453000
453000 40 21 62 0
62 0
0x471000
471000 36 16 52 0
470000 35 16 104 0
7f1f7351f000 39 16 160 1
7f1f7351e000 43 13 217 1
7f1f7351d000 48 17 283 1
7f1f7351c000 80 20 384 1
7f1f7351b000 71 22 478 3
7f1f7351a000 69 12 560 3
7f1f733ad000 58 13 632 4
7f1f733ac000 51 6 689 4
7f1f733ab000 46 6 742 5
7f1f73519000 33 6 783 5
7f1f7352a000 59 7 850 5
7f1f73535000 110 10 971 5
7f1f73534000 83 7 1062 5
7f1f73533000 107 10 1180 5
7f1f73501000 29 6 1217 5
7f1f73527000 60 7 1285 5
7f1f7340a000 56 11 1353 5
7f1f73409000 81 16 1451 5
7f1f73408000 63 12 1527 5
7f1f7331e000 126 6 1659 5
7f1f73407000 46 6 1712 5
7f1f73406000 45 5 1762 5
7f1f7339b000 85 13 1861 6
1872 6
0x470000
470000 35 16 51 0
7f1f7351f000 39 15 106 1
7f1f7351e000 43 13 163 1
7f1f7351d000 47 18 229 1
7f1f7351c000 74 20 324 1
7f1f7351b000 72 22 419 3
7f1f7351a000 69 11 500 3
7f1f733ad000 59 12 572 4
7f1f733ac000 51 6 630 4
7f1f733ab000 47 6 683 5
7f1f73519000 34 5 723 5
7f1f7352a000 59 8 791 5
7f1f73535000 112 10 914 5
7f1f73534000 85 7 1007 5
7f1f73533000 104 11 1124 5
7f1f73501000 29 7 1161 5
7f1f73527000 61 7 1229 5
7f1f7340a000 56 11 1297 5
7f1f73409000 82 17 1396 5
7f1f73408000 65 12 1473 5
7f1f7331e000 127 6 1607 5
7f1f73407000 47 5 1659 5
7f1f73406000 45 6 1711 5
7f1f7339b000 87 13 1812 6
1822 6
0x431000
431000 22 14 36 0
430000 19 12 68 0
68 0
0x44f000
44f000 58 27 86 1
7f1f73522000 54 25 166 2
7f1f73521000 73 19 259 3
7f1f73520000 80 11 351 4
7f1f7351d000 48 5 405 4
7f1f7351c000 75 6 487 4
7f1f7351b000 73 7 568 5
7f1f7351a000 71 3 643 5
7f1f733ad000 60 3 708 6
716 6
0x465000
465000 38 21 59 1
59 1
0x43c000
43c000 36 20 56 1
430000 20 12 89 1
7f1f7352a000 61 21 172 1
7f1f73535000 111 31 316 1
7f1f73534000 83 23 423 2
7f1f73533000 106 30 560 3
7f1f73519000 34 10 606 3
7f1f7351a000 70 12 689 3
7f1f733ad000 59 13 762 5
7f1f733ac000 51 5 819 5
7f1f733ab000 49 5 874 5
7f1f7351f000 39 5 920 5
7f1f7351e000 43 5 969 5
7f1f7351d000 48 6 1024 5
7f1f7351c000 74 7 1106 5
7f1f7351b000 74 7 1188 5
7f1f733b8000 67 13 1270 5
7f1f733b7000 65 19 1354 5
7f1f733b6000 102 11 1467 5
7f1f73520000 80 8 1556 5
7f1f733a8000 73 10 1640 5
7f1f73501000 29 7 1677 5
7f1f73344000 33 7 1717 5
7f1f73343000 57 11 1786 5
7f1f73342000 64 9 1860 5
7f1f7331e000 127 5 1993 5
7f1f73341000 61 6 2061 5
7f1f73340000 48 9 2119 5
7f1f7342b000 96 8 2223 5
7f1f7342a000 114 8 2345 5
7f1f73429000 71 14 2430 5
7f1f73427000 77 7 2514 5
7f1f733e1000 44 6 2564 5
7f1f73390000 157 11 2732 5
7f1f7332f000 77 7 2816 5
7f1f7332e000 39 6 2862 5
7f1f7332d000 55 6 2923 5
7f1f7332c000 86 8 3018 5
7f1f7332b000 34 6 3059 5
7f1f73323000 47 7 3113 5
7f1f73322000 44 7 3164 5
7f1f73321000 65 5 3234 5
7f1f7345b000 104 9 3348 5
7f1f7337e000 76 8 3432 5
7f1f7338b000 88 8 3528 5
7f1f7338a000 80 10 3618 5
7f1f7340f000 59 16 3694 5
7f1f7340a000 56 12 3762 5
7f1f73409000 81 17 3860 5
7f1f73408000 66 11 3937 5
7f1f73407000 47 5 3990 5
7f1f73406000 44 5 4040 5
7f1f7339b000 87 13 4141 6
4150 6
0x43b000
43b000 39 25 64 1
430000 19 12 96 1
43a000 60 21 178 2
471000 36 12 227 2
470000 35 13 276 2
7f1f7351f000 39 13 329 2
7f1f7351e000 43 12 385 2
7f1f7351d000 48 15 449 2
7f1f7351c000 75 23 548 2
7f1f7351b000 72 19 640 3
7f1f7351a000 70 12 723 3
7f1f733ad000 59 13 796 4
7f1f733ac000 51 6 854 4
7f1f733ab000 47 6 908 5
7f1f73519000 34 6 949 5
7f1f7352a000 59 8 1017 5
7f1f73535000 115 10 1143 5
7f1f73534000 83 7 1234 5
7f1f73533000 107 10 1352 5
7f1f73501000 29 7 1390 5
7f1f73527000 60 7 1457 5
7f1f7340a000 56 11 1525 5
7f1f73409000 80 17 1623 5
7f1f73408000 63 12 1699 5
7f1f7331e000 129 6 1834 5
7f1f73407000 47 5 1887 5
7f1f73406000 45 5 1938 5
7f1f7339b000 86 13 2038 6
2050 6
0x43a000
43a000 58 24 82 2
471000 36 12 131 2
470000 35 13 180 2
7f1f7351f000 40 12 233 2
7f1f7351e000 43 12 289 2
7f1f7351d000 48 15 353 2
7f1f7351c000 74 17 446 2
7f1f7351b000 73 18 538 3
7f1f7351a000 70 11 620 3
7f1f733ad000 58 15 695 4
7f1f733ac000 51 7 753 4
7f1f733ab000 47 6 806 5
7f1f73519000 34 5 846 5
7f1f7352a000 60 7 914 5
7f1f73535000 111 10 1036 5
7f1f73534000 82 8 1127 5
7f1f73533000 106 11 1245 5
7f1f73501000 30 7 1283 5
7f1f73527000 60 7 1350 5
7f1f7340a000 56 12 1419 5
7f1f73409000 80 17 1516 5
7f1f73408000 63 12 1591 5
7f1f7331e000 125 6 1722 5
7f1f73407000 48 6 1776 5
7f1f73406000 47 5 1828 5
7f1f7339b000 87 14 1930 6
1942 6
0x43d000
43d000 51 22 74 1
430000 19 15 109 1
7f1f73522000 53 27 189 2
7f1f73521000 74 19 283 3
7f1f73520000 81 11 376 4
7f1f7351d000 49 5 431 4
7f1f7351c000 75 6 514 4
7f1f7351b000 74 7 597 5
7f1f7351a000 70 4 672 5
7f1f733ad000 60 4 737 6
744 6
0x490000
490000 25 17 43 2
430000 21 10 75 2
441000 55 21 151 2
440000 39 17 208 2
472000 45 15 268 2
471000 37 12 318 2
470000 38 12 368 2
7f1f7351f000 41 12 422 2
7f1f7351e000 44 12 479 2
7f1f7351d000 49 15 544 2
7f1f7351c000 75 17 637 2
7f1f7351b000 73 19 730 4
7f1f7351a000 71 9 811 4
7f1f733ad000 60 10 882 4
7f1f733ac000 53 6 941 4
7f1f733ab000 48 6 996 5
7f1f73519000 35 6 1038 5
7f1f7352a000 61 7 1107 5
7f1f73535000 113 10 1231 5
7f1f73534000 84 7 1324 5
7f1f73533000 108 10 1444 5
7f1f73501000 30 7 1483 5
7f1f73527000 62 7 1552 5
7f1f7340a000 58 11 1622 5
7f1f73409000 82 16 1720 5
7f1f73408000 65 12 1798 5
7f1f7331e000 128 6 1932 5
7f1f73407000 48 5 1985 5
7f1f73406000 47 5 2038 5
7f1f7339b000 87 13 2139 6
2155 6
0x441000
441000 55 25 81 1
440000 38 21 141 1
472000 44 18 203 1
471000 36 14 254 1
470000 34 15 304 1
7f1f7351f000 39 14 358 1
7f1f7351e000 43 14 416 1
7f1f7351d000 48 18 483 1
7f1f7351c000 74 21 579 1
7f1f7351b000 72 22 674 3
7f1f7351a000 70 11 756 3
7f1f733ad000 59 13 829 4
7f1f733ac000 52 6 887 4
7f1f733ab000 48 6 942 5
7f1f73519000 35 6 984 5
7f1f7352a000 59 7 1051 5
7f1f73535000 111 10 1174 5
7f1f73534000 83 7 1265 5
7f1f73533000 105 11 1383 5
7f1f73501000 29 7 1420 5
7f1f73527000 60 7 1488 5
7f1f7340a000 56 11 1556 5
7f1f73409000 80 16 1653 5
7f1f73408000 63 11 1728 5
7f1f7331e000 126 6 1861 5
7f1f73407000 50 5 1916 5
7f1f73406000 45 5 1967 5
7f1f7339b000 87 13 2068 6
2080 6
0x472000
472000 44 19 63 0
471000 36 15 115 0
470000 35 16 167 0
7f1f7351f000 39 15 222 1
7f1f7351e000 42 14 279 1
7f1f7351d000 47 18 345 1
7f1f7351c000 75 20 441 1
7f1f7351b000 73 22 538 3
7f1f7351a000 71 12 622 3
7f1f733ad000 60 13 696 4
7f1f733ac000 52 6 755 4
7f1f733ab000 48 6 810 5
7f1f73519000 35 6 852 5
7f1f7352a000 60 8 921 5
7f1f73535000 112 10 1044 5
7f1f73534000 82 8 1135 5
7f1f73533000 107 10 1253 5
7f1f73501000 29 6 1290 5
7f1f73527000 60 7 1358 5
7f1f7340a000 56 11 1426 5
7f1f73409000 80 17 1523 5
7f1f73408000 64 11 1598 5
7f1f7331e000 125 5 1729 5
7f1f73407000 47 5 1782 5
7f1f73406000 45 5 1833 5
7f1f7339b000 89 13 1936 6
1948 6
0x46c000
46c000 36 19 55 1
7f1f733b8000 68 41 165 2
7f1f733b7000 66 48 280 3
7f1f733b6000 101 23 405 3
430000 18 7 431 3
7f1f7352a000 60 12 504 3
7f1f73535000 113 20 638 3
7f1f73534000 84 14 737 4
7f1f73533000 109 16 864 4
7f1f73519000 34 9 908 4
7f1f7351a000 72 9 990 4
7f1f733ad000 58 10 1059 5
7f1f733ac000 51 5 1116 5
7f1f733ab000 48 5 1170 5
7f1f7351f000 39 6 1216 5
7f1f7351e000 43 6 1266 5
7f1f7351d000 47 6 1320 5
7f1f7351c000 75 6 1402 5
7f1f7351b000 72 7 1483 5
7f1f73520000 79 8 1572 5
7f1f733a8000 74 10 1657 5
7f1f73501000 31 7 1696 5
7f1f73344000 32 8 1737 5
7f1f73343000 56 12 1805 5
7f1f73342000 65 9 1880 5
7f1f7331e000 129 5 2014 5
7f1f73341000 60 7 2082 5
7f1f73340000 49 9 2141 5
7f1f7342b000 93 8 2242 5
7f1f7342a000 112 8 2363 5
7f1f73429000 71 14 2448 5
7f1f73427000 76 7 2532 5
7f1f733e1000 42 7 2582 5
7f1f73390000 156 10 2748 5
7f1f7332f000 77 8 2834 5
7f1f7332e000 38 7 2880 5
7f1f7332d000 55 5 2940 5
7f1f7332c000 91 8 3040 5
7f1f7332b000 35 6 3081 5
7f1f73323000 47 6 3134 5
7f1f73322000 43 7 3185 5
7f1f73321000 64 6 3256 5
7f1f7345b000 104 9 3369 5
7f1f7337e000 76 8 3453 5
7f1f7338b000 87 8 3549 5
7f1f7338a000 80 10 3639 5
7f1f7340f000 59 16 3714 5
7f1f7340a000 57 11 3782 5
7f1f73409000 79 17 3879 5
7f1f73408000 63 12 3955 5
7f1f73407000 47 7 4009 5
7f1f73406000 45 5 4059 5
7f1f7339b000 87 13 4160 6
4169 6
0x46b000
46b000 38 23 61 1
430000 19 13 95 1
7f1f73481000 58 25 178 3
450000 34 13 226 3
44f000 58 16 301 3
7f1f73522000 53 18 373 4
7f1f73521000 73 11 458 5
7f1f73520000 79 3 542 6
549 6
0x450000
450000 33 20 53 1
44f000 58 23 135 1
7f1f73522000 54 26 216 2
7f1f73521000 74 18 309 3
7f1f73520000 79 11 401 4
7f1f7351d000 48 5 456 4
7f1f7351c000 74 7 538 4
7f1f7351b000 72 7 618 5
7f1f7351a000 69 4 692 5
7f1f733ad000 58 4 755 6
762 6
0x44d000
44d000 98 32 131 1
7f1f73522000 53 26 211 2
7f1f73521000 72 18 302 3
7f1f73520000 78 11 393 4
7f1f7351d000 47 5 447 4
7f1f7351c000 76 7 532 4
7f1f7351b000 72 7 612 5
7f1f7351a000 70 3 686 5
7f1f733ad000 58 3 749 6
755 6
0x432000
432000 21 13 34 0
430000 19 13 67 0
67 0
0x451000
451000 34 17 51 1
7f1f7352a000 60 21 133 1
7f1f73535000 111 32 277 1
7f1f73534000 83 23 384 2
7f1f73533000 106 30 521 3
7f1f73519000 34 11 568 3
7f1f7351a000 69 12 650 3
7f1f733ad000 61 13 726 5
7f1f733ac000 51 5 783 5
7f1f733ab000 48 5 837 5
7f1f7351f000 43 5 887 5
7f1f7351e000 44 5 937 5
7f1f7351d000 48 6 992 5
7f1f7351c000 74 8 1076 5
7f1f7351b000 73 7 1157 5
7f1f733b8000 67 13 1239 5
7f1f733b7000 67 18 1325 5
7f1f733b6000 102 12 1440 5
7f1f73520000 79 8 1528 5
7f1f733a8000 73 10 1613 5
7f1f73501000 29 7 1650 5
7f1f73344000 33 8 1691 5
7f1f73343000 58 11 1760 5
7f1f73342000 66 9 1835 5
7f1f7331e000 127 6 1969 5
7f1f73341000 62 6 2037 5
7f1f73340000 49 9 2096 5
7f1f7342b000 94 8 2198 5
7f1f7342a000 111 8 2318 5
7f1f73429000 71 14 2403 5
7f1f73427000 77 6 2487 5
7f1f733e1000 42 7 2537 5
7f1f73390000 156 10 2703 5
7f1f7332f000 80 8 2792 5
7f1f7332e000 38 7 2838 5
7f1f7332d000 55 6 2900 5
7f1f7332c000 87 8 2995 5
7f1f7332b000 35 5 3036 5
7f1f73323000 46 7 3090 5
7f1f73322000 43 7 3140 5
7f1f73321000 64 6 3211 5
7f1f7345b000 103 9 3323 5
7f1f7337e000 76 8 3408 5
7f1f7338b000 89 7 3505 5
7f1f7338a000 81 10 3597 5
7f1f7340f000 59 16 3673 5
7f1f7340a000 57 12 3742 5
7f1f73409000 83 18 3843 5
7f1f73408000 63 12 3918 5
7f1f73407000 47 5 3970 5
7f1f73406000 45 5 4020 5
7f1f7339b000 86 13 4120 6
4129 6
0x487000
487000 51 20 71 1
486000 39 15 126 1
7f1f73522000 53 25 205 2
7f1f73521000 72 19 297 3
7f1f73520000 79 12 389 4
7f1f7351d000 47 6 443 4
7f1f7351c000 74 6 524 4
7f1f7351b000 72 7 604 5
7f1f7351a000 72 3 680 5
7f1f733ad000 59 3 743 6
751 6
0x486000
486000 39 15 54 1
7f1f73522000 53 26 134 2
7f1f73521000 72 19 226 3
7f1f73520000 79 11 317 4
7f1f7351d000 48 5 371 4
7f1f7351c000 77 6 455 4
7f1f7351b000 73 7 536 5
7f1f7351a000 69 4 610 5
7f1f733ad000 58 4 673 6
679 6
0x485000
485000 38 23 61 1
61 1
0x488000
488000 38 18 56 1
56 1
0x464000
464000 54 26 80 1
7f1f733ad000 61 21 163 3
7f1f733ac000 52 10 226 3
7f1f733ab000 46 10 282 4
430000 19 8 310 4
463000 110 15 435 4
462000 22 8 466 4
472000 44 11 522 4
471000 36 9 568 4
470000 38 9 616 4
7f1f7351f000 40 8 665 4
7f1f7351e000 45 8 719 4
7f1f7351d000 49 10 779 4
7f1f7351c000 74 12 866 4
7f1f7351b000 72 13 952 5
7f1f7351a000 68 7 1028 5
7f1f73519000 34 5 1068 5
7f1f7352a000 62 7 1138 5
7f1f73535000 111 10 1261 5
7f1f73534000 83 8 1353 5
7f1f73533000 106 11 1471 5
7f1f73501000 29 7 1508 5
7f1f73527000 60 7 1576 5
7f1f7340a000 58 12 1647 5
7f1f73409000 80 17 1744 5
7f1f73408000 63 12 1819 5
7f1f7331e000 126 5 1950 5
7f1f73407000 46 6 2003 5
7f1f73406000 45 5 2053 5
7f1f7339b000 90 13 2157 6
2171 6
0x463000
463000 109 29 139 2
430000 19 11 170 2
462000 23 11 205 2
472000 44 15 265 2
471000 36 13 315 2
470000 35 13 364 2
7f1f7351f000 39 13 417 2
7f1f7351e000 45 12 475 2
7f1f7351d000 47 16 539 2
7f1f7351c000 73 18 631 2
7f1f7351b000 71 19 722 4
7f1f7351a000 69 10 802 4
7f1f733ad000 58 11 872 5
7f1f733ac000 53 5 930 5
7f1f733ab000 46 5 982 5
7f1f73519000 33 6 1023 5
7f1f7352a000 60 7 1091 5
7f1f73535000 113 10 1215 5
7f1f73534000 82 7 1305 5
7f1f73533000 106 11 1423 5
7f1f73501000 29 7 1461 5
7f1f73527000 60 7 1528 5
7f1f7340a000 56 12 1597 5
7f1f73409000 80 16 1693 5
7f1f73408000 63 12 1769 5
7f1f7331e000 126 6 1901 5
7f1f73407000 50 5 1956 5
7f1f73406000 45 5 2007 5
7f1f7339b000 87 13 2108 6
2121 6
0x462000
462000 22 15 37 0
472000 43 19 100 0
471000 36 15 152 0
470000 35 16 204 0
7f1f7351f000 40 15 260 1
7f1f7351e000 45 14 320 1
7f1f7351d000 47 18 386 1
7f1f7351c000 75 20 482 1
7f1f7351b000 72 22 577 3
7f1f7351a000 70 12 660 3
7f1f733ad000 59 13 733 4
7f1f733ac000 51 6 790 4
7f1f733ab000 49 6 846 5
7f1f73519000 34 6 887 5
7f1f7352a000 59 9 956 5
7f1f73535000 113 10 1080 5
7f1f73534000 84 8 1173 5
7f1f73533000 107 11 1292 5
7f1f73501000 31 8 1332 5
7f1f73527000 61 7 1400 5
7f1f7340a000 56 11 1468 5
7f1f73409000 79 18 1566 5
7f1f73408000 63 12 1642 5
7f1f7331e000 128 6 1776 5
7f1f73407000 50 5 1831 5
7f1f73406000 45 6 1883 5
7f1f7339b000 88 14 1986 6
1998 6
0x43e000
43e000 63 27 91 1
7f1f733ad000 60 20 172 3
7f1f733ac000 53 9 235 3
7f1f733ab000 47 10 293 4
430000 20 9 323 4
43d000 49 12 385 4
7f1f73522000 53 14 453 5
7f1f73521000 72 8 534 6
538 6
0x438000
438000 44 21 65 1
471000 36 14 116 1
470000 35 15 166 1
7f1f7351f000 39 14 220 1
7f1f7351e000 44 13 278 1
7f1f7351d000 48 18 345 1
7f1f7351c000 77 20 443 1
7f1f7351b000 72 21 537 3
7f1f7351a000 69 11 619 3
7f1f733ad000 59 13 692 4
7f1f733ac000 51 6 749 4
7f1f733ab000 46 6 802 5
7f1f73519000 34 6 843 5
7f1f7352a000 59 8 911 5
7f1f73535000 111 10 1033 5
7f1f73534000 83 7 1124 5
7f1f73533000 107 10 1242 5
7f1f73501000 29 6 1279 5
7f1f73527000 60 7 1347 5
7f1f7340a000 56 12 1416 5
7f1f73409000 82 17 1516 5
7f1f73408000 63 12 1591 5
7f1f7331e000 126 5 1722 5
7f1f73407000 47 5 1775 5
7f1f73406000 44 5 1825 5
7f1f7339b000 87 13 1926 6
1937 6
0x437000
437000 24 15 39 0
39 0
0x436000
436000 34 21 55 1
435000 32 17 105 1
434000 56 14 176 2
430000 19 11 207 2
7f1f7352b000 64 20 291 2
46e000 55 21 367 2
46d000 39 15 422 2
44f000 56 23 502 2
7f1f73522000 52 22 577 3
7f1f73521000 72 15 665 4
7f1f73520000 79 9 754 4
7f1f7351d000 47 6 808 4
7f1f7351c000 74 6 889 4
7f1f7351b000 72 7 969 5
7f1f7351a000 69 4 1043 5
7f1f733ad000 58 4 1106 6
1116 6
0x435000
435000 32 18 51 1
434000 55 14 121 2
430000 19 11 152 2
7f1f7352b000 64 20 237 2
46e000 56 21 314 2
46d000 40 15 370 2
44f000 58 20 448 2
7f1f73522000 53 23 525 3
7f1f73521000 71 16 613 4
7f1f73520000 80 8 702 4
7f1f7351d000 47 6 756 4
7f1f7351c000 74 7 838 4
7f1f7351b000 72 7 918 5
7f1f7351a000 69 4 992 5
7f1f733ad000 58 4 1055 6
1065 6
0x434000
434000 56 15 71 1
430000 19 12 103 1
7f1f7352b000 64 22 190 2
46e000 55 22 268 2
46d000 39 16 324 2
44f000 58 20 402 2
7f1f73522000 53 22 478 3
7f1f73521000 72 16 567 4
7f1f73520000 79 8 655 4
7f1f7351d000 50 8 715 4
7f1f7351c000 74 6 797 4
7f1f7351b000 72 7 878 5
7f1f7351a000 69 4 952 5
7f1f733ad000 59 3 1015 6
1023 6
0x46e000
46e000 55 28 84 1
46d000 39 17 141 1
44f000 58 23 222 1
7f1f73522000 52 27 302 2
7f1f73521000 72 19 394 3
7f1f73520000 79 11 485 4
7f1f7351d000 48 5 539 4
7f1f7351c000 74 7 621 4
7f1f7351b000 71 8 701 5
7f1f7351a000 69 3 774 5
7f1f733ad000 59 4 838 6
845 6
0x46d000
46d000 39 19 58 1
58 1
0x469000
469000 60 29 89 1
7f1f7352a000 59 22 171 1
7f1f73535000 111 31 314 1
7f1f73534000 83 23 421 2
7f1f73533000 106 30 558 3
7f1f73519000 34 10 603 3
7f1f7351a000 70 12 686 3
7f1f733ad000 59 13 759 5
7f1f733ac000 51 5 816 5
7f1f733ab000 47 5 869 5
7f1f7351f000 39 5 914 5
7f1f7351e000 43 5 963 5
7f1f7351d000 48 6 1018 5
7f1f7351c000 75 6 1100 5
7f1f7351b000 72 7 1181 5
7f1f733b8000 67 13 1263 5
7f1f733b7000 65 18 1346 5
7f1f733b6000 102 12 1461 5
7f1f73520000 79 8 1549 5
7f1f733a8000 73 10 1634 5
7f1f73501000 29 6 1670 5
7f1f73344000 33 11 1715 5
7f1f73343000 58 11 1785 5
7f1f73342000 66 9 1861 5
7f1f7331e000 128 6 1995 5
7f1f73341000 62 6 2063 5
7f1f73340000 50 8 2122 5
7f1f7342b000 94 8 2225 5
7f1f7342a000 112 7 2345 5
7f1f73429000 72 14 2432 5
7f1f73427000 76 7 2516 5
7f1f733e1000 43 6 2565 5
7f1f73390000 156 10 2731 5
7f1f7332f000 83 8 2823 5
7f1f7332e000 38 6 2868 5
7f1f7332d000 55 6 2929 5
7f1f7332c000 88 7 3024 5
7f1f7332b000 34 5 3064 5
7f1f73323000 46 7 3118 5
7f1f73322000 43 7 3168 5
7f1f73321000 66 5 3239 5
7f1f7345b000 102 9 3351 5
7f1f7337e000 76 8 3435 5
7f1f7338b000 87 8 3531 5
7f1f7338a000 79 10 3620 5
7f1f7340f000 59 16 3695 5
7f1f7340a000 56 11 3762 5
7f1f73409000 80 16 3859 5
7f1f73408000 63 11 3934 5
7f1f73407000 46 6 3987 5
7f1f73406000 45 5 4037 5
7f1f7339b000 85 14 4137 6
4145 6
0x47f000
47f000 55 25 81 1
47e000 32 15 129 1
430000 19 12 161 1
432000 22 12 195 1
471000 36 15 247 1
470000 36 15 298 1
7f1f7351f000 40 14 353 1
7f1f7351e000 43 14 411 1
7f1f7351d000 47 18 477 1
7f1f7351c000 75 25 578 1
7f1f7351b000 72 22 673 3
7f1f7351a000 69 11 754 3
7f1f733ad000 58 13 827 4
7f1f733ac000 52 6 885 4
7f1f733ab000 46 6 938 5
7f1f73519000 34 6 979 5
7f1f7352a000 60 7 1047 5
7f1f73535000 115 10 1173 5
7f1f73534000 83 8 1265 5
7f1f73533000 108 10 1384 5
7f1f73501000 29 6 1421 5
7f1f73527000 60 7 1489 5
7f1f7340a000 57 12 1559 5
7f1f73409000 81 17 1657 5
7f1f73408000 63 12 1732 5
7f1f7331e000 128 6 1866 5
7f1f73407000 48 5 1919 5
7f1f73406000 44 6 1970 5
7f1f7339b000 86 13 2070 6
2082 6
0x47e000
47e000 31 18 50 0
430000 19 13 82 0
432000 22 13 117 0
471000 36 15 169 0
470000 35 16 221 0
7f1f7351f000 39 16 277 1
7f1f7351e000 43 14 335 1
7f1f7351d000 49 18 403 1
7f1f7351c000 76 20 500 1
7f1f7351b000 74 22 597 3
7f1f7351a000 71 12 681 3
7f1f733ad000 60 13 755 4
7f1f733ac000 52 7 814 4
7f1f733ab000 48 6 868 5
7f1f73519000 35 6 910 5
7f1f7352a000 61 8 979 5
7f1f73535000 112 10 1102 5
7f1f73534000 84 8 1195 5
7f1f73533000 107 11 1314 5
7f1f73501000 29 6 1350 5
7f1f73527000 61 7 1419 5
7f1f7340a000 57 12 1489 5
7f1f73409000 82 16 1587 5
7f1f73408000 64 11 1663 5
7f1f7331e000 126 6 1796 5
7f1f73407000 48 5 1849 5
7f1f73406000 44 5 1899 5
7f1f7339b000 87 14 2001 6
2011 6
0x442000
442000 51 28 79 2
441000 56 19 155 2
440000 38 18 212 2
472000 48 18 278 2
471000 37 12 328 2
470000 34 14 377 2
7f1f7351f000 40 14 432 2
7f1f7351e000 44 13 490 2
7f1f7351d000 47 16 554 2
7f1f7351c000 74 19 648 2
7f1f7351b000 73 19 741 4
7f1f7351a000 70 9 821 4
7f1f733ad000 59 11 892 5
7f1f733ac000 52 5 949 5
7f1f733ab000 47 5 1002 5
7f1f73519000 34 7 1044 5
7f1f7352a000 59 8 1112 5
7f1f73535000 111 10 1234 5
7f1f73534000 84 8 1327 5
7f1f73533000 107 11 1446 5
7f1f73501000 29 7 1483 5
7f1f73527000 60 7 1551 5
7f1f7340a000 56 11 1619 5
7f1f73409000 80 17 1717 5
7f1f73408000 63 12 1792 5
7f1f7331e000 127 6 1925 5
7f1f73407000 49 6 1980 5
7f1f73406000 44 5 2029 5
7f1f7339b000 87 13 2130 6
2142 6
0x443000
443000 41 21 62 1
471000 37 14 114 1
470000 34 15 164 1
7f1f7351f000 40 14 218 1
7f1f7351e000 42 15 276 1
7f1f7351d000 51 17 345 1
7f1f7351c000 74 20 440 1
7f1f7351b000 74 22 537 3
7f1f7351a000 69 12 619 3
7f1f733ad000 58 13 691 4
7f1f733ac000 51 6 749 4
7f1f733ab000 48 6 804 5
7f1f73519000 34 6 845 5
7f1f7352a000 59 7 912 5
7f1f73535000 110 10 1033 5
7f1f73534000 82 8 1124 5
7f1f73533000 107 11 1243 5
7f1f73501000 30 6 1280 5
7f1f73527000 63 6 1350 5
7f1f7340a000 58 11 1420 5
7f1f73409000 81 16 1518 5
7f1f73408000 64 11 1594 5
7f1f7331e000 126 6 1727 5
7f1f73407000 47 5 1780 5
7f1f73406000 46 5 1832 5
7f1f7339b000 88 13 1934 6
1945 6
0x44c000
44c000 22 17 39 1
471000 36 15 91 1
470000 34 15 141 1
7f1f7351f000 40 13 195 1
7f1f7351e000 44 13 253 1
7f1f7351d000 49 17 320 1
7f1f7351c000 78 21 420 1
7f1f7351b000 72 22 515 3
7f1f7351a000 69 13 598 3
7f1f733ad000 59 13 671 4
7f1f733ac000 52 6 729 4
7f1f733ab000 46 6 782 5
7f1f73519000 35 5 823 5
7f1f7352a000 63 8 895 5
7f1f73535000 111 9 1016 5
7f1f73534000 82 8 1107 5
7f1f73533000 109 10 1227 5
7f1f73501000 28 7 1264 5
7f1f73527000 62 7 1333 5
7f1f7340a000 58 12 1404 5
7f1f73409000 82 16 1502 5
7f1f73408000 64 11 1578 5
7f1f7331e000 126 5 1710 5
7f1f73407000 47 5 1763 5
7f1f73406000 44 5 1813 5
7f1f7339b000 88 13 1915 6
1926 6
0x439000
439000 40 23 63 1
7f1f733b7000 65 61 190 2
7f1f733b6000 102 31 324 2
430000 19 10 354 2
438000 44 16 414 2
471000 37 12 464 2
470000 37 17 519 2
7f1f7351f000 39 12 570 2
7f1f7351e000 43 12 626 2
7f1f7351d000 47 15 689 2
7f1f7351c000 73 17 780 2
7f1f7351b000 72 19 872 4
7f1f7351a000 70 10 953 4
7f1f733ad000 58 10 1022 4
7f1f733ac000 51 6 1080 4
7f1f733ab000 47 6 1133 5
7f1f73519000 34 6 1174 5
7f1f7352a000 59 7 1241 5
7f1f73535000 111 10 1363 5
7f1f73534000 85 7 1456 5
7f1f73533000 104 11 1573 5
7f1f73501000 28 7 1610 5
7f1f73527000 59 7 1677 5
7f1f7340a000 55 12 1745 5
7f1f73409000 79 17 1841 5
7f1f73408000 63 12 1916 5
7f1f7331e000 125 6 2047 5
7f1f73407000 47 5 2099 5
7f1f73406000 45 5 2149 5
7f1f7339b000 85 13 2248 6
2260 6
0x480000
480000 39 16 55 2
55 2
0x468000
468000 98 35 134 1
463000 109 26 270 2
430000 19 11 301 2
462000 22 12 336 2
472000 43 15 395 2
471000 36 12 444 2
470000 35 13 493 2
7f1f7351f000 40 12 546 2
7f1f7351e000 43 13 603 2
7f1f7351d000 47 16 667 2
7f1f7351c000 77 18 763 2
7f1f7351b000 72 19 855 4
7f1f7351a000 69 10 935 4
7f1f733ad000 58 10 1004 5
7f1f733ac000 51 5 1061 5
7f1f733ab000 46 5 1113 5
7f1f73519000 37 6 1157 5
7f1f7352a000 59 7 1224 5
7f1f73535000 111 10 1347 5
7f1f73534000 82 7 1437 5
7f1f73533000 104 11 1554 5
7f1f73501000 29 7 1591 5
7f1f73527000 60 7 1658 5
7f1f7340a000 56 11 1726 5
7f1f73409000 80 16 1822 5
7f1f73408000 63 11 1897 5
7f1f7331e000 124 6 2028 5
7f1f73407000 47 5 2080 5
7f1f73406000 44 5 2130 5
7f1f7339b000 86 13 2230 6
2244 6
0x45a000
45a000 103 28 131 2
440000 38 16 186 2
7f1f73522000 53 21 261 3
7f1f73521000 73 14 349 4
7f1f73520000 80 7 437 5
7f1f7351d000 47 3 488 5
7f1f7351c000 74 3 566 5
7f1f7351b000 71 4 642 6
647 6
0x45b000
45b000 37 20 58 1
430000 19 12 90 1
7f1f73522000 54 26 170 2
7f1f73521000 74 19 264 3
7f1f73520000 79 11 355 4
7f1f7351d000 48 5 409 4
7f1f7351c000 74 7 491 4
7f1f7351b000 72 7 571 5
7f1f7351a000 68 4 644 5
7f1f733ad000 59 6 710 6
715 6
0x45c000
45c000 30 15 45 1
471000 37 18 101 1
470000 36 14 152 1
7f1f7351f000 39 14 206 1
7f1f7351e000 44 13 264 1
7f1f7351d000 48 18 331 1
7f1f7351c000 76 20 428 1
7f1f7351b000 71 24 524 3
7f1f7351a000 70 12 607 3
7f1f733ad000 59 13 680 4
7f1f733ac000 50 6 737 4
7f1f733ab000 46 6 790 5
7f1f73519000 35 5 831 5
7f1f7352a000 60 7 899 5
7f1f73535000 113 10 1023 5
7f1f73534000 82 8 1114 5
7f1f73533000 105 11 1231 5
7f1f73501000 29 7 1268 5
7f1f73527000 59 7 1335 5
7f1f7340a000 56 11 1403 5
7f1f73409000 80 19 1503 5
7f1f73408000 65 12 1580 5
7f1f7331e000 127 5 1712 5
7f1f73407000 46 6 1765 5
7f1f73406000 45 5 1815 5
7f1f7339b000 85 13 1914 6
1925 6
0x458000
458000 28 21 50 2
50 2
0x45e000
45e000 34 15 50 1
471000 36 14 101 1
470000 35 14 151 1
7f1f7351f000 39 14 206 2
7f1f7351e000 43 12 262 2
7f1f7351d000 48 15 327 2
7f1f7351c000 73 18 420 2
7f1f7351b000 70 20 512 4
7f1f7351a000 71 9 593 4
7f1f733ad000 59 10 663 5
7f1f733ac000 51 5 720 5
7f1f733ab000 47 5 772 5
7f1f73519000 33 6 812 5
7f1f7352a000 59 7 879 5
7f1f73535000 111 10 1001 5
7f1f73534000 85 8 1095 5
7f1f73533000 106 11 1213 5
7f1f73501000 29 7 1250 5
7f1f73527000 60 7 1317 5
7f1f7340a000 56 11 1385 5
7f1f73409000 80 16 1482 5
7f1f73408000 64 14 1561 5
7f1f7331e000 128 6 1696 5
7f1f73407000 47 5 1748 5
7f1f73406000 44 5 1798 5
7f1f7339b000 85 13 1897 6
1908 6
0x45d000
45d000 38 15 53 1
53 1
0x45f000
45f000 43 20 63 1
7f1f733a6000 80 20 164 2
430000 19 10 194 2
7f1f7352b000 65 19 278 2
7f1f7352a000 60 18 356 2
7f1f73535000 111 27 495 2
7f1f73534000 83 22 601 3
7f1f73533000 109 24 735 4
7f1f73519000 34 8 778 4
7f1f7351a000 71 9 859 4
7f1f733ad000 59 9 928 5
7f1f733ac000 52 5 986 5
7f1f733ab000 47 4 1037 5
7f1f7351f000 40 5 1084 5
7f1f7351e000 44 5 1134 5
7f1f7351d000 49 6 1190 5
7f1f7351c000 75 7 1273 5
7f1f7351b000 72 8 1354 5
7f1f733b8000 69 13 1437 5
7f1f733b7000 65 19 1521 5
7f1f733b6000 103 12 1636 5
7f1f73520000 82 9 1728 5
7f1f733a8000 73 9 1811 5
7f1f73501000 29 7 1848 5
7f1f73344000 33 7 1888 5
7f1f73343000 56 11 1956 5
7f1f73342000 65 9 2031 5
7f1f7331e000 127 5 2163 5
7f1f73341000 61 6 2231 5
7f1f73340000 49 9 2290 5
7f1f7342b000 93 9 2392 5
7f1f7342a000 111 8 2511 5
7f1f73429000 71 15 2597 5
7f1f73427000 77 6 2680 5
7f1f733e1000 42 7 2730 5
7f1f73390000 159 10 2899 5
7f1f7332f000 78 8 2985 5
7f1f7332e000 38 6 3029 5
7f1f7332d000 55 6 3090 5
7f1f7332c000 88 7 3186 5
7f1f7332b000 34 6 3227 5
7f1f73323000 47 6 3280 5
7f1f73322000 43 7 3331 5
7f1f73321000 64 6 3402 5
7f1f7345b000 104 9 3515 5
7f1f7337e000 79 9 3604 5
7f1f7338b000 89 8 3701 5
7f1f7338a000 82 10 3793 5
7f1f7340f000 59 16 3868 5
7f1f7340a000 57 11 3936 5
7f1f73409000 81 17 4034 5
7f1f73408000 63 12 4110 5
7f1f73407000 48 5 4163 5
7f1f73406000 45 5 4214 5
7f1f7339b000 85 14 4314 6
4322 6
0x44a000
44a000 40 17 57 0
471000 36 15 109 0
470000 35 17 162 0
7f1f7351f000 38 17 218 1
7f1f7351e000 43 14 276 1
7f1f7351d000 48 18 343 1
7f1f7351c000 73 23 440 1
7f1f7351b000 72 22 535 3
7f1f7351a000 69 12 617 3
7f1f733ad000 58 13 689 4
7f1f733ac000 51 6 747 4
7f1f733ab000 47 6 801 5
7f1f73519000 35 5 842 5
7f1f7352a000 60 7 910 5
7f1f73535000 112 10 1034 5
7f1f73534000 82 8 1125 5
7f1f73533000 106 10 1242 5
7f1f73501000 29 7 1280 5
7f1f73527000 59 7 1347 5
7f1f7340a000 56 11 1415 5
7f1f73409000 80 17 1513 5
7f1f73408000 63 11 1587 5
7f1f7331e000 125 6 1719 5
7f1f73407000 49 6 1774 5
7f1f73406000 44 5 1823 5
7f1f7339b000 86 13 1923 6
1935 6
0x489000
489000 27 15 43 0
44 0
0x460000
460000 52 21 73 1
45a000 103 25 202 2
440000 37 17 257 2
7f1f73522000 53 21 331 3
7f1f73521000 71 15 418 4
7f1f73520000 80 8 507 5
7f1f7351d000 47 2 557 5
7f1f7351c000 74 3 635 5
7f1f7351b000 72 3 711 6
718 6
0x444000
444000 61 26 87 2
7f1f733b7000 64 51 203 3
7f1f733b6000 101 26 330 3
430000 18 10 359 3
431000 22 9 390 3
7f1f7352a000 59 16 466 3
7f1f73535000 118 22 607 3
7f1f73534000 84 16 708 3
7f1f73533000 108 24 841 4
7f1f73519000 34 8 884 4
7f1f7351a000 70 9 965 4
7f1f733ad000 58 9 1033 5
7f1f733ac000 52 5 1091 5
7f1f733ab000 47 5 1144 5
7f1f7351f000 40 5 1190 5
7f1f7351e000 43 5 1239 5
7f1f7351d000 48 6 1294 5
7f1f7351c000 75 7 1377 5
7f1f7351b000 72 9 1459 5
7f1f733b8000 68 13 1541 5
7f1f73520000 80 8 1629 5
7f1f733a8000 75 10 1715 5
7f1f73501000 29 7 1752 5
7f1f73344000 32 7 1792 5
7f1f73343000 56 11 1860 5
7f1f73342000 66 10 1936 5
7f1f7331e000 127 5 2068 5
7f1f73341000 61 6 2136 5
7f1f73340000 48 9 2194 5
7f1f7342b000 94 8 2296 5
7f1f7342a000 111 7 2415 5
7f1f73429000 70 14 2500 5
7f1f73427000 77 6 2584 5
7f1f733e1000 42 6 2633 5
7f1f73390000 154 11 2799 5
7f1f7332f000 77 8 2884 5
7f1f7332e000 38 6 2929 5
7f1f7332d000 55 6 2990 5
7f1f7332c000 87 7 3085 5
7f1f7332b000 34 6 3125 5
7f1f73323000 47 6 3178 5
7f1f73322000 43 6 3228 5
7f1f73321000 63 6 3298 5
7f1f7345b000 103 9 3411 5
7f1f7337e000 77 8 3496 5
7f1f7338b000 89 7 3592 5
7f1f7338a000 79 10 3682 5
7f1f7340f000 59 15 3756 5
7f1f7340a000 57 12 3826 5
7f1f73409000 80 16 3922 5
7f1f73408000 63 12 3998 5
7f1f73407000 47 6 4051 5
7f1f73406000 45 5 4101 5
7f1f7339b000 86 13 4201 6
4209 6
0x456000
456000 31 17 49 0
471000 36 15 101 0
470000 34 16 152 0
7f1f7351f000 39 15 207 1
7f1f7351e000 43 13 264 1
7f1f7351d000 47 18 330 1
7f1f7351c000 74 20 425 1
7f1f7351b000 72 22 520 3
7f1f7351a000 69 14 604 3
7f1f733ad000 58 13 677 4
7f1f733ac000 52 6 735 4
7f1f733ab000 46 6 788 5
7f1f73519000 34 6 829 5
7f1f7352a000 59 7 896 5
7f1f73535000 111 10 1019 5
7f1f73534000 82 8 1110 5
7f1f73533000 106 11 1228 5
7f1f73501000 29 7 1265 5
7f1f73527000 60 7 1332 5
7f1f7340a000 57 11 1401 5
7f1f73409000 80 17 1499 5
7f1f73408000 64 11 1574 5
7f1f7331e000 127 6 1708 5
7f1f73407000 47 5 1761 5
7f1f73406000 45 5 1811 5
7f1f7339b000 89 13 1914 6
1928 6
0x457000
457000 31 17 49 1
456000 32 15 97 1
471000 36 14 148 1
470000 34 15 198 1
7f1f7351f000 39 13 251 1
7f1f7351e000 43 14 309 1
7f1f7351d000 47 18 375 1
7f1f7351c000 79 20 475 1
7f1f7351b000 72 22 570 3
7f1f7351a000 69 12 652 3
7f1f733ad000 59 13 725 4
7f1f733ac000 51 6 783 4
7f1f733ab000 46 6 836 5
7f1f73519000 35 6 878 5
7f1f7352a000 59 8 946 5
7f1f73535000 112 10 1069 5
7f1f73534000 83 8 1161 5
7f1f73533000 106 12 1280 5
7f1f73501000 29 7 1317 5
7f1f73527000 61 7 1385 5
7f1f7340a000 57 11 1454 5
7f1f73409000 86 17 1558 5
7f1f73408000 63 11 1633 5
7f1f7331e000 125 6 1765 5
7f1f73407000 47 6 1818 5
7f1f73406000 46 5 1869 5
7f1f7339b000 90 13 1973 6
1984 6
0x48b000
48b000 37 18 55 1
433000 43 15 113 3
430000 19 10 142 3
440000 38 15 195 3
455000 25 14 234 3
453000 39 14 288 3
7f1f7352b000 64 16 369 3
471000 36 11 417 3
470000 35 12 465 3
7f1f7351f000 40 11 516 3
7f1f7351e000 43 10 570 3
7f1f7351d000 48 13 632 3
7f1f7351c000 74 15 722 3
7f1f7351b000 73 19 815 4
7f1f7351a000 69 9 894 4
7f1f733ad000 59 11 965 5
7f1f733ac000 55 5 1025 5
7f1f733ab000 47 5 1077 5
7f1f73519000 35 5 1117 5
7f1f7352a000 59 8 1185 5
7f1f73535000 110 10 1306 5
7f1f73534000 83 8 1398 5
7f1f73533000 110 11 1519 5
7f1f73501000 29 7 1556 5
7f1f73527000 60 7 1624 5
7f1f7340a000 56 12 1693 5
7f1f73409000 80 17 1790 5
7f1f73408000 66 12 1868 5
7f1f7331e000 126 5 1999 5
7f1f73407000 46 6 2052 5
7f1f73406000 45 5 2102 5
7f1f7339b000 86 13 2202 6
2214 6
0x48a000
48a000 36 16 52 1
471000 37 14 104 1
470000 35 15 155 1
7f1f7351f000 40 14 210 1
7f1f7351e000 44 14 269 1
7f1f7351d000 53 17 340 1
7f1f7351c000 74 20 435 1
7f1f7351b000 72 22 530 3
7f1f7351a000 72 12 615 3
7f1f733ad000 58 13 687 4
7f1f733ac000 54 6 747 4
7f1f733ab000 47 6 801 5
7f1f73519000 34 6 842 5
7f1f7352a000 60 8 911 5
7f1f73535000 112 10 1034 5
7f1f73534000 83 8 1126 5
7f1f73533000 109 11 1247 5
7f1f73501000 29 7 1284 5
7f1f73527000 60 7 1352 5
7f1f7340a000 57 12 1422 5
7f1f73409000 80 17 1520 5
7f1f73408000 66 12 1598 5
7f1f7331e000 127 6 1731 5
7f1f73407000 48 5 1784 5
7f1f73406000 45 5 1835 5
7f1f7339b000 85 13 1934 6
1945 6
0x449000
449000 31 15 47 0
47 0
0x48d000
48d000 53 19 72 0
431000 22 12 107 0
430000 19 13 140 0
7f1f7354f000 85 30 255 2
441000 56 17 328 2
440000 38 15 382 2
472000 43 13 439 2
471000 36 11 487 2
470000 35 11 533 2
7f1f7351f000 39 10 583 2
7f1f7351e000 43 10 637 2
7f1f7351d000 49 14 701 2
7f1f7351c000 74 15 791 2
7f1f7351b000 75 17 884 3
7f1f7351a000 70 12 967 3
7f1f733ad000 58 13 1039 4
7f1f733ac000 51 6 1097 4
7f1f733ab000 46 6 1150 5
7f1f73519000 34 5 1191 5
7f1f7352a000 65 7 1264 5
7f1f73535000 112 10 1387 5
7f1f73534000 82 9 1479 5
7f1f73533000 106 11 1597 5
7f1f73501000 29 7 1634 5
7f1f73527000 60 9 1703 5
7f1f7340a000 56 11 1771 5
7f1f73409000 79 17 1868 5
7f1f73408000 63 11 1942 5
7f1f7331e000 125 5 2073 5
7f1f73407000 46 5 2125 5
7f1f73406000 45 5 2176 5
7f1f7339b000 86 13 2275 6
2287 6
0x48e000
48e000 38 18 56 0
56 0
0xffffffffe9106000
0 0
0x44b000
44b000 50 24 74 1
7f1f7354f000 84 27 186 3
430000 19 7 212 3
471000 36 9 258 3
470000 34 10 303 3
7f1f7351f000 38 9 351 3
7f1f7351e000 43 9 404 3
7f1f7351d000 47 11 463 3
7f1f7351c000 74 13 551 3
7f1f7351b000 71 14 637 4
7f1f7351a000 69 9 716 4
7f1f733ad000 58 11 786 5
7f1f733ac000 51 5 842 5
7f1f733ab000 46 5 894 5
7f1f73519000 34 6 935 5
7f1f7352a000 59 7 1002 5
7f1f73535000 111 10 1125 5
7f1f73534000 83 7 1216 5
7f1f73533000 107 11 1335 5
7f1f73501000 29 7 1372 5
7f1f73527000 61 6 1440 5
7f1f7340a000 56 12 1510 5
7f1f73409000 81 17 1608 5
7f1f73408000 64 11 1683 5
7f1f7331e000 125 6 1815 5
7f1f73407000 47 5 1867 5
7f1f73406000 44 5 1917 5
7f1f7339b000 87 14 2019 6
2029 6
0x494000
494000 52 23 76 1
493000 50 21 148 2
7f1f7354f000 82 23 254 3
430000 18 8 281 3
441000 55 14 351 3
440000 38 13 403 3
472000 44 11 458 3
471000 36 9 504 3
470000 34 10 549 3
7f1f7351f000 39 8 597 3
7f1f7351e000 43 9 650 3
7f1f7351d000 47 11 709 3
7f1f7351c000 74 13 797 3
7f1f7351b000 71 14 883 4
7f1f7351a000 69 10 963 4
7f1f733ad000 58 10 1032 5
7f1f733ac000 51 5 1089 5
7f1f733ab000 47 5 1141 5
7f1f73519000 33 6 1181 5
7f1f7352a000 59 7 1248 5
7f1f73535000 112 10 1371 5
7f1f73534000 84 8 1465 5
7f1f73533000 108 11 1585 5
7f1f73501000 30 7 1623 5
7f1f73527000 61 7 1692 5
7f1f7340a000 57 11 1761 5
7f1f73409000 82 17 1860 5
7f1f73408000 65 11 1936 5
7f1f7331e000 127 5 2069 5
7f1f73407000 48 5 2123 5
7f1f73406000 46 4 2174 5
7f1f7339b000 88 13 2276 6
2291 6
0x493000
493000 52 22 75 2
7f1f7354f000 88 23 187 3
430000 19 7 213 3
441000 55 14 283 3
440000 39 12 335 3
472000 43 12 391 3
471000 35 9 436 3
470000 35 9 481 3
7f1f7351f000 40 9 531 3
7f1f7351e000 43 9 584 3
7f1f7351d000 47 12 644 3
7f1f7351c000 73 13 731 3
7f1f7351b000 71 14 817 4
7f1f7351a000 69 10 897 4
7f1f733ad000 58 11 967 5
7f1f733ac000 51 5 1023 5
7f1f733ab000 46 5 1075 5
7f1f73519000 34 6 1116 5
7f1f7352a000 64 7 1188 5
7f1f73535000 111 9 1309 5
7f1f73534000 82 8 1401 5
7f1f73533000 106 11 1519 5
7f1f73501000 29 7 1556 5
7f1f73527000 61 7 1624 5
7f1f7340a000 55 12 1692 5
7f1f73409000 80 16 1788 5
7f1f73408000 62 12 1863 5
7f1f7331e000 125 6 1994 5
7f1f73407000 46 5 2046 5
7f1f73406000 45 5 2097 5
7f1f7339b000 86 13 2197 6
2209 6
0x492000
492000 27 16 44 0
44 0
0x47d000
47d000 42 25 68 1
68 1
0x43f000
43f000 75 33 109 1
430000 18 13 141 1
7f1f73522000 52 26 220 2
7f1f73521000 71 19 311 3
7f1f73520000 80 11 403 4
7f1f7351d000 47 6 457 4
7f1f7351c000 74 7 539 4
7f1f7351b000 72 8 620 5
7f1f7351a000 70 3 694 5
7f1f733ad000 59 4 758 6
764 6
0x478000
478000 63 27 91 1
430000 19 12 123 1
7f1f73522000 53 26 202 2
7f1f73521000 71 19 293 3
7f1f73520000 79 11 384 4
7f1f7351d000 47 6 438 4
7f1f7351c000 75 6 520 4
7f1f7351b000 72 7 600 5
7f1f7351a000 69 3 674 5
7f1f733ad000 59 4 738 6
743 6
0x461000
461000 80 31 112 1
431000 22 11 146 1
430000 20 12 179 1
7f1f73522000 53 27 259 2
7f1f73521000 71 19 350 3
7f1f73520000 80 11 442 4
7f1f7351d000 48 5 496 4
7f1f7351c000 76 6 579 4
7f1f7351b000 72 7 659 5
7f1f7351a000 70 3 733 5
7f1f733ad000 59 4 797 6
802 6
0x479000
479000 33 17 51 0
471000 37 15 104 0
470000 36 16 156 0
7f1f7351f000 39 16 212 1
7f1f7351e000 43 14 270 1
7f1f7351d000 47 17 335 1
7f1f7351c000 76 20 432 1
7f1f7351b000 73 22 528 3
7f1f7351a000 69 14 612 3
7f1f733ad000 59 13 685 4
7f1f733ac000 52 6 744 4
7f1f733ab000 47 6 798 5
7f1f73519000 34 5 838 5
7f1f7352a000 61 7 907 5
7f1f73535000 113 10 1031 5
7f1f73534000 83 8 1123 5
7f1f73533000 107 11 1242 5
7f1f73501000 29 6 1278 5
7f1f73527000 61 7 1347 5
7f1f7340a000 56 12 1416 5
7f1f73409000 80 17 1513 5
7f1f73408000 63 11 1588 5
7f1f7331e000 126 6 1721 5
7f1f73407000 48 5 1775 5
7f1f73406000 46 5 1827 5
7f1f7339b000 87 13 1928 6
1941 6
0x454000
454000 36 19 55 1
442000 50 26 132 2
441000 56 19 208 2
440000 39 18 266 2
472000 45 15 326 2
471000 38 13 378 2
470000 37 13 428 2
7f1f7351f000 40 13 482 2
7f1f7351e000 45 12 540 2
7f1f7351d000 47 18 606 2
7f1f7351c000 75 17 699 2
7f1f7351b000 74 20 794 4
7f1f7351a000 70 10 875 4
7f1f733ad000 60 10 946 5
7f1f733ac000 53 5 1005 5
7f1f733ab000 48 5 1058 5
7f1f73519000 35 6 1100 5
7f1f7352a000 61 7 1169 5
7f1f73535000 112 10 1292 5
7f1f73534000 84 8 1385 5
7f1f73533000 107 11 1504 5
7f1f73501000 30 7 1543 5
7f1f73527000 62 7 1612 5
7f1f7340a000 57 11 1681 5
7f1f73409000 84 17 1782 5
7f1f73408000 65 11 1858 5
7f1f7331e000 126 6 1991 5
7f1f73407000 48 5 2045 5
7f1f73406000 46 5 2097 5
7f1f7339b000 87 13 2198 6
2214 6
0x473000
473000 60 24 84 1
433000 42 15 142 2
430000 19 11 173 2
440000 38 17 228 2
455000 28 18 274 2
453000 40 17 332 2
7f1f7352b000 65 20 418 2
471000 37 12 467 2
470000 36 13 517 2
7f1f7351f000 41 12 571 2
7f1f7351e000 44 12 629 2
7f1f7351d000 50 15 695 2
7f1f7351c000 76 18 790 2
7f1f7351b000 73 19 883 3
7f1f7351a000 71 12 967 3
7f1f733ad000 60 12 1040 4
7f1f733ac000 53 6 1100 4
7f1f733ab000 47 6 1154 5
7f1f73519000 35 5 1196 5
7f1f7352a000 62 7 1266 5
7f1f73535000 114 9 1390 5
7f1f73534000 84 7 1483 5
7f1f73533000 108 11 1604 5
7f1f73501000 30 7 1643 5
7f1f73527000 61 7 1711 5
7f1f7340a000 58 12 1782 5
7f1f73409000 82 16 1880 5
7f1f73408000 63 11 1955 5
7f1f7331e000 125 6 2087 5
7f1f73407000 47 5 2139 5
7f1f73406000 45 5 2189 5
7f1f7339b000 89 13 2292 6
2305 6
0x474000
474000 54 18 72 1
7f1f733b7000 66 60 199 2
7f1f733b6000 105 31 336 2
430000 19 10 366 2
473000 59 18 444 2
433000 43 13 501 3
440000 44 24 570 3
455000 26 13 610 3
453000 39 14 665 3
7f1f7352b000 65 16 747 3
471000 37 10 794 3
470000 35 10 840 3
7f1f7351f000 39 11 891 3
7f1f7351e000 43 11 946 3
7f1f7351d000 47 13 1007 3
7f1f7351c000 74 14 1096 3
7f1f7351b000 71 16 1184 4
7f1f7351a000 71 9 1265 4
7f1f733ad000 60 9 1335 4
7f1f733ac000 52 6 1394 4
7f1f733ab000 47 7 1449 5
7f1f73519000 34 6 1490 5
7f1f7352a000 60 7 1558 5
7f1f73535000 111 10 1680 5
7f1f73534000 83 7 1771 5
7f1f73533000 105 11 1888 5
7f1f73501000 29 7 1925 5
7f1f73527000 62 7 1994 5
7f1f7340a000 59 12 2066 5
7f1f73409000 79 17 2162 5
7f1f73408000 63 12 2237 5
7f1f7331e000 126 6 2369 5
7f1f73407000 47 6 2422 5
7f1f73406000 47 5 2474 5
7f1f7339b000 86 13 2574 6
2588 6
0x475000
475000 46 20 67 1
67 1
0x47a000
47a000 34 22 57 1
471000 36 14 108 1
470000 35 14 157 1
7f1f7351f000 39 14 211 1
7f1f7351e000 55 17 284 1
7f1f7351d000 47 18 350 1
7f1f7351c000 73 21 445 1
7f1f7351b000 71 23 540 3
7f1f7351a000 69 11 621 3
7f1f733ad000 59 13 694 4
7f1f733ac000 51 7 753 4
7f1f733ab000 48 7 809 5
7f1f73519000 34 6 850 5
7f1f7352a000 58 8 918 5
7f1f73535000 111 10 1040 5
7f1f73534000 82 8 1132 5
7f1f73533000 106 11 1250 5
7f1f73501000 31 6 1288 5
7f1f73527000 60 7 1356 5
7f1f7340a000 55 12 1425 5
7f1f73409000 80 17 1522 5
7f1f73408000 63 12 1597 5
7f1f7331e000 126 6 1730 5
7f1f73407000 48 7 1786 5
7f1f73406000 45 5 1836 5
7f1f7339b000 86 13 1937 6
1949 6
0x477000
477000 41 17 59 1
430000 20 12 92 1
432000 21 14 128 1
7f1f733ad000 57 22 208 3
7f1f733ac000 52 9 270 3
7f1f733ab000 47 12 330 4
43b000 38 14 384 4
43a000 57 13 455 4
471000 35 10 501 4
470000 35 9 546 4
7f1f7351f000 40 8 595 4
7f1f7351e000 44 9 649 4
7f1f7351d000 48 11 709 4
7f1f7351c000 75 12 797 4
7f1f7351b000 76 13 887 5
7f1f7351a000 71 6 965 5
7f1f73519000 34 6 1006 5
7f1f7352a000 59 7 1073 5
7f1f73535000 114 10 1198 5
7f1f73534000 83 8 1290 5
7f1f73533000 109 10 1410 5
7f1f73501000 29 6 1447 5
7f1f73527000 62 7 1517 5
7f1f7340a000 56 12 1586 5
7f1f73409000 80 16 1682 5
7f1f73408000 62 12 1757 5
7f1f7331e000 128 6 1892 5
7f1f73407000 47 5 1944 5
7f1f73406000 44 5 1994 5
7f1f7339b000 85 13 2093 6
2105 6
0x46f000
46f000 27 18 45 0
471000 36 15 97 0
470000 35 16 149 0
7f1f7351f000 39 15 204 1
7f1f7351e000 45 14 264 1
7f1f7351d000 47 18 330 1
7f1f7351c000 75 20 426 1
7f1f7351b000 73 22 522 3
7f1f7351a000 68 12 603 3
7f1f733ad000 58 13 675 4
7f1f733ac000 52 6 733 4
7f1f733ab000 47 6 787 5
7f1f73519000 34 6 828 5
7f1f7352a000 59 7 895 5
7f1f73535000 110 10 1016 5
7f1f73534000 82 8 1107 5
7f1f73533000 105 12 1225 5
7f1f73501000 30 7 1263 5
7f1f73527000 60 7 1330 5
7f1f7340a000 56 11 1398 5
7f1f73409000 79 17 1495 5
7f1f73408000 63 11 1570 5
7f1f7331e000 125 6 1702 5
7f1f73407000 48 6 1757 5
7f1f73406000 44 5 1806 5
7f1f7339b000 86 13 1906 6
1918 6
0x46a000
46a000 86 22 109 1
43e000 60 22 192 1
7f1f733ad000 58 21 272 3
7f1f733ac000 53 9 335 3
7f1f733ab000 47 9 392 4
430000 19 8 420 4
43d000 49 12 481 4
7f1f73522000 52 14 548 5
7f1f73521000 72 9 630 6
634 6
0x459000
459000 46 20 67 1
440000 38 20 126 1
7f1f73529000 91 30 248 1
7f1f73501000 28 21 298 1
7f1f73519000 34 16 349 1
7f1f7352a000 60 21 431 1
7f1f73535000 113 31 576 1
7f1f73534000 83 25 685 2
7f1f73533000 106 30 822 3
7f1f73527000 60 12 896 3
7f1f7340a000 57 23 977 3
7f1f73409000 81 35 1093 3
7f1f73408000 66 24 1183 3
7f1f7331e000 126 10 1320 3
7f1f73407000 48 9 1377 3
7f1f73406000 44 10 1431 3
7f1f7339b000 86 28 1546 4
7f1f7339a000 88 10 1644 4
7f1f7345b000 105 9 1759 4
7f1f73399000 64 7 1830 4
7f1f73398000 84 8 1923 5
7f1f73390000 154 6 2084 5
7f1f73397000 100 3 2188 5
7f1f73396000 71 4 2264 5
7f1f73391000 63 6 2334 5
7f1f7335d000 58 3 2395 5
7f1f7342b000 93 5 2493 5
7f1f7342a000 112 3 2608 5
7f1f73429000 71 9 2689 5
7f1f73427000 77 3 2769 5
7f1f73405000 56 2 2827 5
7f1f73404000 49 2 2879 5
7f1f73403000 36 2 2918 5
7f1f73402000 47 3 2969 5
7f1f73401000 41 2 3012 5
7f1f73400000 44 2 3058 5
7f1f7343a000 55 2 3116 5
7f1f7341c000 74 13 3204 5
7f1f73389000 64 3 3272 5
7f1f73414000 63 6 3342 5
7f1f73410000 82 9 3433 5
7f1f7340f000 59 10 3502 5
7f1f73412000 97 5 3605 5
7f1f73411000 64 7 3677 5
7f1f73413000 55 5 3738 5
7f1f7338a000 80 6 3824 5
7f1f7338d000 108 5 3937 5
7f1f7335e000 32 3 3973 5
7f1f73387000 49 3 4026 5
7f1f733df000 51 3 4080 5
7f1f733de000 59 6 4145 5
7f1f73440000 46 3 4195 5
7f1f7343f000 59 4 4258 5
7f1f7343e000 55 3 4316 5
7f1f7343d000 67 3 4387 5
7f1f7343c000 90 4 4482 5
7f1f7343b000 58 3 4543 6
4554 6
0x47b000
47b000 52 22 75 1
471000 35 15 126 1
470000 35 15 176 1
7f1f7351f000 39 14 230 1
7f1f7351e000 43 13 287 1
7f1f7351d000 48 17 353 1
7f1f7351c000 75 20 449 1
7f1f7351b000 72 22 544 3
7f1f7351a000 70 11 626 3
7f1f733ad000 59 13 699 4
7f1f733ac000 51 6 756 4
7f1f733ab000 47 6 810 5
7f1f73519000 35 6 852 5
7f1f7352a000 60 7 920 5
7f1f73535000 111 10 1042 5
7f1f73534000 83 8 1134 5
7f1f73533000 105 11 1251 5
7f1f73501000 29 6 1288 5
7f1f73527000 60 7 1356 5
7f1f7340a000 56 11 1424 5
7f1f73409000 80 16 1521 5
7f1f73408000 63 11 1596 5
7f1f7331e000 125 6 1728 5
7f1f73407000 47 5 1781 5
7f1f73406000 45 5 1831 5
7f1f7339b000 86 13 1931 6
1943 6
0x49d000
49d000 44 23 67 1
450000 33 18 119 1
44f000 57 23 200 1
7f1f73522000 53 26 280 2
7f1f73521000 72 18 371 3
7f1f73520000 80 11 463 4
7f1f7351d000 47 6 517 4
7f1f7351c000 73 7 598 4
7f1f7351b000 73 7 679 5
7f1f7351a000 70 3 753 5
7f1f733ad000 64 3 821 6
829 6
0x47c000
47c000 43 22 66 1
431000 22 12 101 1
430000 19 12 133 1
471000 36 14 184 1
470000 35 15 235 1
7f1f7351f000 39 14 289 1
7f1f7351e000 43 14 347 1
7f1f7351d000 49 17 414 1
7f1f7351c000 74 21 511 1
7f1f7351b000 72 22 606 3
7f1f7351a000 69 11 687 3
7f1f733ad000 59 13 760 4
7f1f733ac000 51 7 818 4
7f1f733ab000 47 10 875 5
7f1f73519000 34 6 917 5
7f1f7352a000 59 8 985 5
7f1f73535000 113 10 1109 5
7f1f73534000 83 8 1201 5
7f1f73533000 106 11 1319 5
7f1f73501000 29 6 1355 5
7f1f73527000 60 6 1422 5
7f1f7340a000 61 11 1495 5
7f1f73409000 79 17 1591 5
7f1f73408000 62 12 1666 5
7f1f7331e000 126 5 1797 5
7f1f73407000 46 5 1849 5
7f1f73406000 44 5 1899 5
7f1f7339b000 85 14 1999 6
2011 6
0x49e000
49e000 27 15 42 1
471000 36 15 93 1
470000 35 14 143 1
7f1f7351f000 39 14 198 1
7f1f7351e000 44 13 256 1
7f1f7351d000 48 18 323 1
7f1f7351c000 77 21 422 1
7f1f7351b000 73 22 518 3
7f1f7351a000 70 11 600 3
7f1f733ad000 59 13 673 4
7f1f733ac000 51 6 730 4
7f1f733ab000 46 6 783 5
7f1f73519000 34 5 823 5
7f1f7352a000 59 7 890 5
7f1f73535000 111 10 1012 5
7f1f73534000 83 7 1103 5
7f1f73533000 106 11 1222 5
7f1f73501000 30 7 1261 5
7f1f73527000 62 6 1329 5
7f1f7340a000 58 11 1399 5
7f1f73409000 81 17 1498 5
7f1f73408000 64 11 1574 5
7f1f7331e000 127 6 1708 5
7f1f73407000 48 5 1762 5
7f1f73406000 46 5 1813 5
7f1f7339b000 87 13 1914 6
1927 6
0x467000
467000 52 24 77 1
471000 38 14 130 1
470000 36 15 181 1
7f1f7351f000 41 13 236 1
7f1f7351e000 45 14 296 1
7f1f7351d000 47 19 363 1
7f1f7351c000 76 21 461 1
7f1f7351b000 73 22 557 3
7f1f7351a000 70 11 640 3
7f1f733ad000 59 13 714 4
7f1f733ac000 52 7 774 4
7f1f733ab000 48 6 828 5
7f1f73519000 35 6 870 5
7f1f7352a000 60 8 939 5
7f1f73535000 112 10 1062 5
7f1f73534000 84 7 1154 5
7f1f73533000 110 11 1276 5
7f1f73501000 29 6 1312 5
7f1f73527000 59 7 1379 5
7f1f7340a000 55 12 1447 5
7f1f73409000 79 17 1543 5
7f1f73408000 63 12 1618 5
7f1f7331e000 125 5 1748 5
7f1f73407000 46 5 1800 5
7f1f73406000 44 5 1850 5
7f1f7339b000 85 13 1949 6
1961 6
0x484000
484000 41 34 76 1
7f1f733b8000 66 42 185 2
7f1f733b7000 65 49 300 3
7f1f733b6000 101 23 425 3
430000 19 7 452 3
483000 42 11 505 3
7f1f733ad000 58 13 577 4
7f1f733ac000 51 6 634 4
7f1f733ab000 46 6 687 5
7f1f73396000 69 9 767 5
7f1f7352a000 59 7 833 5
7f1f73535000 111 10 955 5
7f1f73534000 82 8 1046 5
7f1f73533000 105 11 1163 5
7f1f73519000 34 6 1204 5
7f1f7351a000 68 7 1280 5
7f1f7351f000 39 5 1325 5
7f1f7351e000 43 5 1374 5
7f1f7351d000 48 6 1429 5
7f1f7351c000 74 7 1511 5
7f1f7351b000 71 7 1590 5
7f1f73520000 79 8 1680 5
7f1f733a8000 73 9 1763 5
7f1f73501000 29 7 1800 5
7f1f73344000 33 7 1840 5
7f1f73343000 55 11 1907 5
7f1f73342000 65 10 1983 5
7f1f7331e000 131 6 2120 5
7f1f73341000 62 6 2188 5
7f1f73340000 48 9 2246 5
7f1f7342b000 93 8 2348 5
7f1f7342a000 114 8 2471 5
7f1f73429000 70 14 2556 5
7f1f73427000 76 7 2639 5
7f1f733e1000 42 8 2690 5
7f1f73390000 154 10 2854 5
7f1f7332f000 77 7 2939 5
7f1f7332e000 38 7 2985 5
7f1f7332d000 56 6 3047 5
7f1f7332c000 87 8 3142 5
7f1f7332b000 35 6 3183 5
7f1f73323000 46 6 3236 5
7f1f73322000 43 7 3287 5
7f1f73321000 64 6 3358 5
7f1f7345b000 106 9 3473 5
7f1f7337e000 76 9 3558 5
7f1f7338b000 88 7 3653 5
7f1f7338a000 79 10 3743 5
7f1f7340f000 59 16 3818 5
7f1f7340a000 56 12 3886 5
7f1f73409000 80 17 3983 5
7f1f73408000 63 12 4059 5
7f1f73407000 46 6 4111 5
7f1f73406000 45 5 4161 5
7f1f7339b000 86 13 4261 6
4269 6
0x483000
483000 43 18 61 1
484000 42 31 136 1
7f1f733b8000 70 42 249 2
7f1f733b7000 65 48 363 3
7f1f733b6000 102 23 488 3
430000 19 6 514 3
7f1f733ad000 59 12 586 4
7f1f733ac000 51 6 644 4
7f1f733ab000 46 6 697 5
7f1f73396000 70 9 777 5
7f1f7352a000 64 7 848 5
7f1f73535000 111 10 970 5
7f1f73534000 83 8 1062 5
7f1f73533000 107 11 1181 5
7f1f73519000 34 6 1222 5
7f1f7351a000 69 7 1299 5
7f1f7351f000 39 5 1345 5
7f1f7351e000 43 5 1395 5
7f1f7351d000 48 6 1450 5
7f1f7351c000 73 7 1531 5
7f1f7351b000 71 7 1611 5
7f1f73520000 78 8 1700 5
7f1f733a8000 73 10 1785 5
7f1f73501000 29 6 1821 5
7f1f73344000 33 7 1862 5
7f1f73343000 56 11 1930 5
7f1f73342000 64 10 2005 5
7f1f7331e000 125 6 2136 5
7f1f73341000 61 6 2203 5
7f1f73340000 48 9 2261 5
7f1f7342b000 96 8 2365 5
7f1f7342a000 112 8 2486 5
7f1f73429000 70 14 2570 5
7f1f73427000 76 7 2654 5
7f1f733e1000 44 6 2704 5
7f1f73390000 155 10 2870 5
7f1f7332f000 77 7 2954 5
7f1f7332e000 38 6 2999 5
7f1f7332d000 54 6 3060 5
7f1f7332c000 86 8 3155 5
7f1f7332b000 35 6 3196 5
7f1f73323000 46 7 3249 5
7f1f73322000 45 7 3301 5
7f1f73321000 65 6 3372 5
7f1f7345b000 105 9 3486 5
7f1f7337e000 77 8 3571 5
7f1f7338b000 89 8 3668 5
7f1f7338a000 81 10 3759 5
7f1f7340f000 60 16 3835 5
7f1f7340a000 57 12 3904 5
7f1f73409000 80 17 4001 5
7f1f73408000 64 11 4077 5
7f1f73407000 47 6 4131 5
7f1f73406000 45 6 4182 5
7f1f7339b000 88 15 4287 6
4295 6
0x452000
452000 42 18 60 2
430000 19 11 91 2
7f1f73481000 58 21 170 3
471000 36 10 216 3
470000 35 11 263 3
7f1f7351f000 40 10 314 3
7f1f7351e000 43 9 367 3
7f1f7351d000 49 12 429 3
7f1f7351c000 75 16 521 3
7f1f7351b000 72 15 609 4
7f1f7351a000 70 8 688 4
7f1f733ad000 59 10 758 4
7f1f733ac000 52 6 816 4
7f1f733ab000 46 6 869 5
7f1f73519000 36 7 914 5
7f1f7352a000 59 10 984 5
7f1f73535000 112 10 1107 5
7f1f73534000 82 8 1198 5
7f1f73533000 105 11 1315 5
7f1f73501000 29 7 1352 5
7f1f73527000 65 7 1424 5
7f1f7340a000 56 11 1492 5
7f1f73409000 79 17 1589 5
7f1f73408000 63 12 1664 5
7f1f7331e000 125 6 1795 5
7f1f73407000 46 6 1848 5
7f1f73406000 45 5 1898 5
7f1f7339b000 87 14 2000 6
2013 6
0x44e000
44e000 49 17 66 0
430000 18 16 101 0
431000 22 12 135 0
433000 44 19 199 2
440000 39 17 256 2
455000 26 16 299 2
453000 40 17 358 2
7f1f7352b000 65 20 444 2
471000 38 12 494 2
470000 36 13 544 2
7f1f7351f000 41 12 598 2
7f1f7351e000 44 12 655 2
7f1f7351d000 48 15 720 2
7f1f7351c000 74 18 814 2
7f1f7351b000 73 19 908 3
7f1f7351a000 71 12 992 3
7f1f733ad000 60 13 1066 4
7f1f733ac000 52 6 1125 4
7f1f733ab000 48 6 1180 5
7f1f73519000 35 6 1222 5
7f1f7352a000 61 7 1291 5
7f1f73535000 113 10 1415 5
7f1f73534000 85 8 1509 5
7f1f73533000 107 11 1628 5
7f1f73501000 30 6 1666 5
7f1f73527000 62 6 1735 5
7f1f7340a000 57 11 1805 5
7f1f73409000 82 16 1904 5
7f1f73408000 66 12 1983 5
7f1f7331e000 126 6 2115 5
7f1f73407000 48 6 2169 5
7f1f73406000 46 5 2220 5
7f1f7339b000 87 14 2322 6
2336 6
0x48f000
48f000 28 14 42 0
477000 46 17 106 1
430000 21 12 140 1
432000 21 15 176 1
7f1f733ad000 59 21 257 3
7f1f733ac000 53 10 320 3
7f1f733ab000 48 9 378 4
43b000 39 13 432 4
43a000 58 12 503 4
471000 37 9 550 4
470000 36 9 596 4
7f1f7351f000 42 9 648 4
7f1f7351e000 43 11 703 4
7f1f7351d000 49 10 763 4
7f1f7351c000 76 12 852 4
7f1f7351b000 74 12 939 5
7f1f7351a000 70 7 1018 5
7f1f73519000 35 6 1060 5
7f1f7352a000 61 7 1129 5
7f1f73535000 113 10 1253 5
7f1f73534000 84 7 1345 5
7f1f73533000 106 11 1464 5
7f1f73501000 30 6 1502 5
7f1f73527000 62 7 1572 5
7f1f7340a000 58 12 1643 5
7f1f73409000 81 17 1741 5
7f1f73408000 65 12 1818 5
7f1f7331e000 126 6 1950 5
7f1f73407000 49 5 2004 5
7f1f73406000 47 5 2056 5
7f1f7339b000 87 13 2157 6
2172 6
0x491000
491000 30 18 48 1
490000 27 14 90 2
430000 19 11 121 2
441000 57 19 197 2
440000 39 17 254 2
472000 45 14 314 2
471000 36 12 364 2
470000 37 12 414 2
7f1f7351f000 41 11 467 2
7f1f7351e000 46 11 525 2
7f1f7351d000 50 14 590 2
7f1f7351c000 76 17 684 2
7f1f7351b000 73 18 776 4
7f1f7351a000 70 9 856 4
7f1f733ad000 61 9 927 4
7f1f733ac000 53 6 987 4
7f1f733ab000 47 6 1041 5
7f1f73519000 35 5 1083 5
7f1f7352a000 61 8 1153 5
7f1f73535000 113 10 1277 5
7f1f73534000 84 7 1369 5
7f1f73533000 107 11 1489 5
7f1f73501000 30 7 1528 5
7f1f73527000 63 6 1597 5
7f1f7340a000 57 11 1667 5
7f1f73409000 81 16 1765 5
7f1f73408000 65 11 1842 5
7f1f7331e000 127 5 1975 5
7f1f73407000 48 5 2029 5
7f1f73406000 46 5 2080 5
7f1f7339b000 85 14 2179 6
2192 6
