0x419000
419000 38 15 54 1
416000 21 12 88 1
413000 17 12 118 1
414000 22 12 153 1
415000 22 12 188 1
417000 34 13 236 1
418000 35 15 287 1
7fdee2cbb000 81 23 392 2
7fdee2cba000 75 38 506 2
7fdee2d1c000 46 20 573 3
7fdee2d1b000 51 18 643 5
7fdee2d2e000 41 6 691 5
7fdee2d21000 48 7 746 5
7fdee2af9000 67 13 827 5
7fdee2af8000 65 18 910 5
7fdee2af7000 102 13 1026 5
7fdee2cb9000 19 5 1050 5
7fdee2d78000 38 6 1094 5
7fdee2d77000 123 13 1231 5
7fdee2af4000 86 15 1333 5
7fdee2d76000 84 9 1426 5
7fdee2d75000 73 6 1506 5
7fdee2d7a000 114 9 1630 5
7fdee2d79000 74 7 1712 5
7fdee2aee000 58 7 1779 5
7fdee2aed000 51 5 1835 5
7fdee2aec000 46 5 1886 5
7fdee2d68000 77 11 1975 5
7fdee2d63000 72 11 2059 5
7fdee2cbe000 91 9 2159 5
7fdee2d73000 70 7 2237 5
7fdee2d72000 52 8 2297 5
7fdee2a61000 76 8 2382 5
7fdee2b9d000 103 9 2495 5
7fdee2b9c000 103 9 2608 5
7fdee2a5f000 125 6 2739 5
7fdee2b6c000 94 8 2841 5
7fdee2b6b000 110 8 2959 5
7fdee2b6a000 70 14 3044 5
7fdee2b68000 77 7 3128 5
7fdee2b5c000 90 22 3240 5
7fdee2b5a000 49 6 3295 5
7fdee2a71000 60 11 3367 5
7fdee2a70000 77 8 3452 5
7fdee2a6f000 38 6 3496 5
7fdee2a6e000 54 6 3556 5
7fdee2a6d000 86 8 3650 5
7fdee2a6c000 34 6 3690 5
7fdee2a64000 47 7 3744 5
7fdee2a63000 44 7 3795 5
7fdee2a62000 68 8 3872 5
7fdee2abf000 78 8 3958 5
7fdee2acc000 90 8 4057 5
7fdee2acb000 79 10 4146 5
7fdee2b50000 59 15 4220 5
7fdee2b4b000 55 11 4287 5
7fdee2b4a000 79 17 4384 5
7fdee2b49000 63 12 4459 5
7fdee2b48000 47 5 4511 5
7fdee2b47000 44 5 4561 5
7fdee2adc000 85 14 4661 6
4677 6
0x416000
416000 22 13 35 0
413000 17 13 65 0
65 0
0x413000
413000 17 13 30 0
30 0
0x414000
414000 22 12 34 0
413000 17 13 65 0
65 0
0x415000
415000 22 13 36 0
413000 17 14 67 0
67 0
0x417000
417000 35 15 50 0
413000 17 12 80 0
80 0
0x418000
418000 34 16 51 1
413000 17 12 81 1
7fdee2cbb000 84 23 188 2
7fdee2cba000 76 37 302 2
7fdee2d1c000 47 19 369 3
7fdee2d1b000 52 18 440 5
7fdee2d2e000 41 5 487 5
7fdee2d21000 48 7 543 5
7fdee2af9000 67 13 624 5
7fdee2af8000 65 18 707 5
7fdee2af7000 101 13 822 5
7fdee2cb9000 19 5 847 5
7fdee2d78000 38 6 892 5
7fdee2d77000 116 11 1020 5
7fdee2af4000 86 15 1122 5
7fdee2d76000 84 9 1215 5
7fdee2d75000 75 7 1298 5
7fdee2d7a000 109 10 1418 5
7fdee2d79000 73 8 1500 5
7fdee2aee000 59 7 1567 5
7fdee2aed000 51 5 1623 5
7fdee2aec000 46 5 1675 5
7fdee2d68000 76 11 1763 5
7fdee2d63000 73 11 1848 5
7fdee2cbe000 90 10 1948 5
7fdee2d73000 69 7 2025 5
7fdee2d72000 47 6 2079 5
7fdee2a61000 72 9 2161 5
7fdee2b9d000 101 9 2271 5
7fdee2b9c000 102 9 2383 5
7fdee2a5f000 125 6 2514 5
7fdee2b6c000 92 9 2615 5
7fdee2b6b000 110 8 2733 5
7fdee2b6a000 71 14 2818 5
7fdee2b68000 76 6 2900 5
7fdee2b5c000 90 21 3012 5
7fdee2b5a000 48 7 3068 5
7fdee2a71000 59 11 3138 5
7fdee2a70000 77 8 3223 5
7fdee2a6f000 38 6 3267 5
7fdee2a6e000 54 6 3327 5
7fdee2a6d000 87 8 3423 5
7fdee2a6c000 35 6 3465 5
7fdee2a64000 47 6 3518 5
7fdee2a63000 43 7 3569 5
7fdee2a62000 64 6 3639 5
7fdee2abf000 75 9 3723 5
7fdee2acc000 87 8 3818 5
7fdee2acb000 79 10 3907 5
7fdee2b50000 59 15 3981 5
7fdee2b4b000 56 12 4050 5
7fdee2b4a000 80 17 4147 5
7fdee2b49000 63 12 4222 5
7fdee2b48000 47 5 4274 5
7fdee2b47000 45 5 4324 5
7fdee2adc000 85 13 4423 6
4438 6
0x46d000
46d000 166 34 200 2
46c000 121 20 342 2
415000 22 11 376 2
413000 16 11 404 2
417000 34 12 451 2
416000 22 11 485 2
418000 35 13 534 2
7fdee2cbb000 81 20 636 3
7fdee2cba000 74 31 742 3
7fdee2d1c000 46 17 806 4
7fdee2d1b000 52 14 873 5
7fdee2d2e000 41 6 921 5
7fdee2d21000 48 7 977 5
7fdee2af9000 69 13 1061 5
7fdee2af8000 65 18 1144 5
7fdee2af7000 101 12 1258 5
7fdee2cb9000 19 4 1281 5
7fdee2d78000 37 7 1326 5
7fdee2d77000 116 10 1452 5
7fdee2af4000 86 15 1554 5
7fdee2d76000 85 9 1648 5
7fdee2d75000 72 7 1728 5
7fdee2d7a000 107 10 1846 5
7fdee2d79000 73 8 1928 5
7fdee2aee000 58 7 1994 5
7fdee2aed000 51 5 2051 5
7fdee2aec000 46 6 2103 5
7fdee2d68000 77 11 2192 5
7fdee2d63000 73 12 2278 5
7fdee2cbe000 93 9 2380 5
7fdee2d73000 69 8 2459 5
7fdee2d72000 47 6 2512 5
7fdee2a61000 71 9 2594 5
7fdee2b9d000 101 10 2705 5
7fdee2b9c000 103 9 2817 5
7fdee2a5f000 126 5 2948 5
7fdee2b6c000 93 8 3050 5
7fdee2b6b000 111 8 3169 5
7fdee2b6a000 70 14 3253 5
7fdee2b68000 76 6 3336 5
7fdee2b5c000 90 22 3449 5
7fdee2b5a000 49 6 3504 5
7fdee2a71000 58 11 3574 5
7fdee2a70000 76 8 3659 5
7fdee2a6f000 37 7 3704 5
7fdee2a6e000 54 6 3764 5
7fdee2a6d000 87 7 3858 5
7fdee2a6c000 34 5 3898 5
7fdee2a64000 46 7 3952 5
7fdee2a63000 49 7 4009 5
7fdee2a62000 64 6 4080 5
7fdee2abf000 76 8 4165 5
7fdee2acc000 88 7 4261 5
7fdee2acb000 79 10 4351 5
7fdee2b50000 59 15 4426 5
7fdee2b4b000 56 12 4495 5
7fdee2b4a000 80 17 4592 5
7fdee2b49000 63 11 4667 5
7fdee2b48000 47 5 4720 5
7fdee2b47000 45 5 4771 5
7fdee2adc000 86 13 4871 6
4887 6
0x46c000
46c000 122 25 147 1
415000 22 12 182 1
413000 16 13 212 1
417000 35 13 260 1
416000 21 13 295 1
418000 36 14 345 1
7fdee2cbb000 82 23 451 2
7fdee2cba000 74 38 565 2
7fdee2d1c000 46 20 632 3
7fdee2d1b000 52 18 703 5
7fdee2d2e000 41 6 751 5
7fdee2d21000 48 7 807 5
7fdee2af9000 67 13 889 5
7fdee2af8000 65 18 972 5
7fdee2af7000 102 12 1087 5
7fdee2cb9000 18 5 1110 5
7fdee2d78000 37 7 1155 5
7fdee2d77000 116 11 1283 5
7fdee2af4000 86 15 1385 5
7fdee2d76000 85 8 1478 5
7fdee2d75000 73 7 1559 5
7fdee2d7a000 109 10 1679 5
7fdee2d79000 73 8 1761 5
7fdee2aee000 59 7 1828 5
7fdee2aed000 51 5 1885 5
7fdee2aec000 46 5 1937 5
7fdee2d68000 77 11 2026 5
7fdee2d63000 73 11 2111 5
7fdee2cbe000 91 9 2211 5
7fdee2d73000 71 7 2290 5
7fdee2d72000 47 7 2344 5
7fdee2a61000 72 9 2426 5
7fdee2b9d000 103 9 2538 5
7fdee2b9c000 103 9 2651 5
7fdee2a5f000 126 6 2783 5
7fdee2b6c000 93 9 2885 5
7fdee2b6b000 112 8 3005 5
7fdee2b6a000 71 14 3090 5
7fdee2b68000 77 6 3173 5
7fdee2b5c000 90 22 3286 5
7fdee2b5a000 49 6 3341 5
7fdee2a71000 58 11 3411 5
7fdee2a70000 77 8 3497 5
7fdee2a6f000 38 7 3542 5
7fdee2a6e000 54 6 3602 5
7fdee2a6d000 87 8 3697 5
7fdee2a6c000 35 5 3737 5
7fdee2a64000 46 7 3791 5
7fdee2a63000 44 7 3842 5
7fdee2a62000 64 6 3912 5
7fdee2abf000 76 9 3997 5
7fdee2acc000 88 8 4093 5
7fdee2acb000 79 10 4182 5
7fdee2b50000 58 16 4257 5
7fdee2b4b000 56 12 4325 5
7fdee2b4a000 80 17 4422 5
7fdee2b49000 63 12 4498 5
7fdee2b48000 47 5 4550 5
7fdee2b47000 44 5 4600 5
7fdee2adc000 86 14 4701 6
4716 6
0x46b000
46b000 47 17 65 2
7fdee2abf000 76 22 164 3
7fdee2acc000 87 15 266 3
7fdee2acb000 79 20 366 3
7fdee2b50000 59 32 457 3
7fdee2b4b000 55 23 536 3
7fdee2b4a000 79 35 651 3
7fdee2b49000 63 23 738 3
7fdee2a5f000 124 10 873 3
7fdee2b48000 46 10 930 3
7fdee2b47000 44 9 983 3
7fdee2adc000 85 28 1097 4
7fdee2adb000 87 11 1196 4
7fdee2b9c000 102 9 1307 4
7fdee2ada000 62 8 1377 4
7fdee2ad9000 83 8 1469 5
7fdee2ad1000 154 6 1630 5
7fdee2ad8000 95 4 1730 5
7fdee2ad7000 69 5 1804 5
7fdee2ad2000 63 5 1872 5
7fdee2a9e000 56 3 1932 5
7fdee2b6c000 92 4 2029 5
7fdee2b6b000 111 4 2144 5
7fdee2b6a000 70 9 2223 5
7fdee2b68000 76 3 2302 5
7fdee2b46000 54 2 2359 5
7fdee2b45000 49 2 2411 5
7fdee2b44000 36 1 2449 5
7fdee2b43000 47 2 2499 5
7fdee2b42000 40 2 2541 5
7fdee2b41000 43 3 2588 5
7fdee2b7b000 54 3 2645 5
7fdee2b5d000 71 12 2728 5
7fdee2aca000 61 4 2794 5
7fdee2b55000 62 7 2863 5
7fdee2b51000 82 8 2953 5
7fdee2b54000 50 4 3007 5
7fdee2ace000 105 5 3118 5
7fdee2b53000 96 5 3220 5
7fdee2b52000 63 8 3291 5
7fdee2a9f000 33 3 3327 5
7fdee2ac8000 48 3 3378 5
7fdee2b20000 49 3 3431 5
7fdee2b1f000 58 6 3496 5
7fdee2b81000 46 3 3546 5
7fdee2b80000 59 4 3609 5
7fdee2b7f000 49 3 3662 5
7fdee2b7e000 65 3 3731 5
7fdee2b7d000 89 3 3824 5
7fdee2b7c000 57 3 3885 6
3889 6
0x46a000
46a000 52 18 70 2
417000 35 12 118 2
413000 16 11 146 2
416000 21 11 179 2
418000 35 13 228 2
7fdee2cbb000 81 20 330 3
7fdee2cba000 74 31 436 3
7fdee2d1c000 46 17 500 4
7fdee2d1b000 51 14 566 5
7fdee2d2e000 41 6 614 5
7fdee2d21000 48 7 670 5
7fdee2af9000 67 12 750 5
7fdee2af8000 64 18 833 5
7fdee2af7000 101 12 947 5
7fdee2cb9000 18 5 970 5
7fdee2d78000 37 6 1014 5
7fdee2d77000 115 11 1141 5
7fdee2af4000 85 15 1242 5
7fdee2d76000 83 9 1335 5
7fdee2d75000 72 7 1415 5
7fdee2d7a000 108 10 1534 5
7fdee2d79000 72 8 1615 5
7fdee2aee000 58 7 1681 5
7fdee2aed000 51 5 1738 5
7fdee2aec000 46 5 1789 5
7fdee2d68000 77 11 1878 5
7fdee2d63000 73 10 1962 5
7fdee2cbe000 90 9 2062 5
7fdee2d73000 69 8 2140 5
7fdee2d72000 47 6 2193 5
7fdee2a61000 71 9 2275 5
7fdee2b9d000 101 9 2385 5
7fdee2b9c000 102 9 2497 5
7fdee2a5f000 125 6 2628 5
7fdee2b6c000 93 8 2729 5
7fdee2b6b000 110 8 2848 5
7fdee2b6a000 71 14 2933 5
7fdee2b68000 76 6 3015 5
7fdee2b5c000 90 21 3127 5
7fdee2b5a000 49 6 3182 5
7fdee2a71000 59 11 3252 5
7fdee2a70000 76 8 3336 5
7fdee2a6f000 37 6 3380 5
7fdee2a6e000 54 5 3440 5
7fdee2a6d000 86 8 3535 5
7fdee2a6c000 34 6 3575 5
7fdee2a64000 46 6 3627 5
7fdee2a63000 43 7 3678 5
7fdee2a62000 63 6 3747 5
7fdee2abf000 75 8 3831 5
7fdee2acc000 87 7 3926 5
7fdee2acb000 79 9 4015 5
7fdee2b50000 58 16 4090 5
7fdee2b4b000 56 11 4157 5
7fdee2b4a000 79 17 4254 5
7fdee2b49000 63 12 4329 5
7fdee2b48000 47 5 4381 5
7fdee2b47000 45 5 4431 5
7fdee2adc000 85 13 4530 6
4546 6
0x469000
469000 21 13 35 0
466000 28 14 78 1
465000 35 13 127 1
416000 21 12 161 1
413000 17 12 191 1
415000 22 12 225 1
414000 21 12 259 1
417000 34 14 308 1
7fdee2d68000 77 34 419 3
7fdee2d63000 73 21 514 4
7fdee2d78000 37 10 561 4
7fdee2cbb000 82 11 654 5
7fdee2cba000 75 14 744 5
7fdee2d1c000 47 8 799 5
7fdee2d1b000 52 8 860 5
7fdee2d2e000 41 6 908 5
7fdee2d21000 48 7 964 5
7fdee2af9000 68 13 1046 5
7fdee2af8000 65 18 1129 5
7fdee2af7000 101 12 1243 5
7fdee2cb9000 18 5 1267 5
7fdee2d24000 56 7 1331 5
7fdee2d23000 35 6 1373 5
7fdee2d1e000 60 6 1440 5
7fdee2d1d000 57 5 1503 5
7fdee2d18000 38 6 1550 5
7fdee2d19000 39 6 1596 5
7fdee2d1a000 32 5 1634 5
7fdee2d2a000 31 5 1671 5
7fdee2d29000 32 5 1709 5
7fdee2d25000 65 7 1782 5
7fdee2d26000 30 5 1818 5
7fdee2d28000 34 5 1857 5
7fdee2d27000 37 5 1900 5
7fdee2cbd000 75 8 1985 5
7fdee2d73000 69 8 2063 5
7fdee2cbc000 59 7 2129 5
7fdee2d72000 47 6 2183 5
7fdee2a61000 72 8 2265 5
7fdee2b9d000 102 9 2377 5
7fdee2b9c000 102 9 2489 5
7fdee2a5f000 125 6 2621 5
7fdee2b6c000 93 9 2723 5
7fdee2b6b000 111 8 2842 5
7fdee2b6a000 71 14 2927 5
7fdee2b68000 77 6 3011 5
7fdee2b5c000 91 21 3123 5
7fdee2b5a000 48 7 3179 5
7fdee2a71000 59 11 3249 5
7fdee2a70000 76 8 3334 5
7fdee2a6f000 38 6 3379 5
7fdee2a6e000 54 6 3439 5
7fdee2a6d000 87 7 3534 5
7fdee2a6c000 34 5 3574 5
7fdee2a64000 46 7 3628 5
7fdee2a63000 44 7 3679 5
7fdee2a62000 64 6 3749 5
7fdee2abf000 76 9 3834 5
7fdee2acc000 88 8 3930 5
7fdee2acb000 79 10 4019 5
7fdee2b50000 59 15 4094 5
7fdee2b4b000 56 11 4162 5
7fdee2b4a000 80 17 4260 5
7fdee2b49000 63 12 4335 5
7fdee2b48000 47 5 4387 5
7fdee2b47000 45 5 4438 5
7fdee2adc000 86 13 4538 6
4552 6
0x466000
466000 28 14 43 1
465000 35 14 93 1
416000 22 12 127 1
413000 16 13 157 1
415000 22 12 191 1
414000 21 12 225 1
417000 35 13 274 1
7fdee2d68000 77 35 387 3
7fdee2d63000 73 21 482 4
7fdee2d78000 37 9 529 4
7fdee2cbb000 82 11 623 5
7fdee2cba000 75 13 712 5
7fdee2d1c000 47 8 768 5
7fdee2d1b000 52 8 829 5
7fdee2d2e000 41 6 877 5
7fdee2d21000 48 7 933 5
7fdee2af9000 68 13 1015 5
7fdee2af8000 65 18 1098 5
7fdee2af7000 102 12 1213 5
7fdee2cb9000 18 5 1236 5
7fdee2d24000 57 7 1301 5
7fdee2d23000 35 6 1343 5
7fdee2d1e000 61 6 1410 5
7fdee2d1d000 56 6 1473 5
7fdee2d18000 38 6 1520 5
7fdee2d19000 39 6 1566 5
7fdee2d1a000 32 5 1604 5
7fdee2d2a000 31 5 1641 5
7fdee2d29000 33 5 1679 5
7fdee2d25000 65 7 1752 5
7fdee2d26000 30 5 1788 5
7fdee2d28000 34 5 1828 5
7fdee2d27000 37 5 1871 5
7fdee2cbd000 75 7 1955 5
7fdee2d73000 70 8 2034 5
7fdee2cbc000 59 7 2100 5
7fdee2d72000 47 6 2154 5
7fdee2a61000 72 8 2236 5
7fdee2b9d000 102 9 2348 5
7fdee2b9c000 103 9 2461 5
7fdee2a5f000 126 6 2593 5
7fdee2b6c000 93 9 2695 5
7fdee2b6b000 111 8 2814 5
7fdee2b6a000 71 14 2900 5
7fdee2b68000 77 7 2984 5
7fdee2b5c000 90 22 3096 5
7fdee2b5a000 49 7 3152 5
7fdee2a71000 59 11 3222 5
7fdee2a70000 77 8 3307 5
7fdee2a6f000 38 6 3352 5
7fdee2a6e000 55 5 3412 5
7fdee2a6d000 87 7 3507 5
7fdee2a6c000 34 6 3548 5
7fdee2a64000 47 6 3601 5
7fdee2a63000 43 7 3652 5
7fdee2a62000 64 6 3722 5
7fdee2abf000 76 9 3807 5
7fdee2acc000 88 8 3903 5
7fdee2acb000 80 10 3993 5
7fdee2b50000 59 16 4068 5
7fdee2b4b000 56 12 4136 5
7fdee2b4a000 81 17 4234 5
7fdee2b49000 63 12 4309 5
7fdee2b48000 46 6 4362 5
7fdee2b47000 45 5 4412 5
7fdee2adc000 86 13 4512 6
4526 6
0x465000
465000 36 14 50 1
416000 21 12 84 1
413000 17 12 114 1
415000 21 12 148 1
414000 21 12 182 1
417000 39 13 235 1
7fdee2d68000 77 35 348 3
7fdee2d63000 74 20 443 4
7fdee2d78000 37 9 490 4
7fdee2cbb000 83 11 585 5
7fdee2cba000 75 14 674 5
7fdee2d1c000 47 7 729 5
7fdee2d1b000 52 8 790 5
7fdee2d2e000 42 6 839 5
7fdee2d21000 48 8 895 5
7fdee2af9000 67 13 976 5
7fdee2af8000 65 18 1059 5
7fdee2af7000 102 12 1174 5
7fdee2cb9000 18 5 1197 5
7fdee2d24000 57 7 1262 5
7fdee2d23000 35 5 1303 5
7fdee2d1e000 60 6 1370 5
7fdee2d1d000 56 6 1433 5
7fdee2d18000 38 6 1479 5
7fdee2d19000 39 5 1524 5
7fdee2d1a000 31 6 1563 5
7fdee2d2a000 30 5 1599 5
7fdee2d29000 33 5 1637 5
7fdee2d25000 65 7 1709 5
7fdee2d26000 30 5 1745 5
7fdee2d28000 34 5 1784 5
7fdee2d27000 36 5 1826 5
7fdee2cbd000 75 7 1910 5
7fdee2d73000 70 7 1988 5
7fdee2cbc000 59 7 2054 5
7fdee2d72000 47 6 2107 5
7fdee2a61000 71 9 2189 5
7fdee2b9d000 101 10 2300 5
7fdee2b9c000 102 9 2411 5
7fdee2a5f000 125 6 2542 5
7fdee2b6c000 92 9 2643 5
7fdee2b6b000 111 7 2761 5
7fdee2b6a000 70 14 2846 5
7fdee2b68000 76 7 2929 5
7fdee2b5c000 90 21 3040 5
7fdee2b5a000 48 7 3096 5
7fdee2a71000 59 11 3166 5
7fdee2a70000 76 8 3250 5
7fdee2a6f000 38 6 3294 5
7fdee2a6e000 54 5 3354 5
7fdee2a6d000 86 7 3448 5
7fdee2a6c000 34 5 3488 5
7fdee2a64000 46 6 3541 5
7fdee2a63000 43 6 3591 5
7fdee2a62000 63 6 3661 5
7fdee2abf000 75 8 3745 5
7fdee2acc000 88 7 3840 5
7fdee2acb000 78 10 3929 5
7fdee2b50000 58 16 4004 5
7fdee2b4b000 56 11 4071 5
7fdee2b4a000 79 17 4168 5
7fdee2b49000 63 11 4243 5
7fdee2b48000 46 5 4295 5
7fdee2b47000 44 5 4345 5
7fdee2adc000 85 14 4445 6
4457 6
0x464000
464000 39 16 56 2
416000 22 8 86 2
413000 17 9 113 2
415000 22 8 143 2
463000 32 10 186 2
417000 34 10 230 2
414000 21 9 261 2
7fdee2aee000 58 15 335 4
7fdee2aed000 51 6 393 4
7fdee2aec000 46 7 446 5
46d000 165 10 622 5
46c000 122 8 752 5
418000 35 5 793 5
7fdee2cbb000 81 8 883 5
7fdee2cba000 74 13 971 5
7fdee2d1c000 47 7 1026 5
7fdee2d1b000 52 8 1087 5
7fdee2d2e000 41 6 1135 5
7fdee2d21000 47 8 1191 5
7fdee2af9000 66 13 1271 5
7fdee2af8000 64 18 1354 5
7fdee2af7000 101 12 1468 5
7fdee2cb9000 18 5 1491 5
7fdee2d78000 37 6 1535 5
7fdee2d77000 116 10 1662 5
7fdee2af4000 86 15 1764 5
7fdee2d76000 84 8 1856 5
7fdee2d75000 72 7 1936 5
7fdee2d7a000 108 9 2054 5
7fdee2d79000 74 7 2136 5
7fdee2d68000 76 11 2225 5
7fdee2d63000 72 11 2309 5
7fdee2cbe000 90 9 2409 5
7fdee2d73000 69 7 2486 5
7fdee2d72000 46 7 2540 5
7fdee2a61000 72 8 2621 5
7fdee2b9d000 100 10 2732 5
7fdee2b9c000 102 9 2843 5
7fdee2a5f000 125 6 2974 5
7fdee2b6c000 92 9 3075 5
7fdee2b6b000 111 8 3194 5
7fdee2b6a000 70 14 3278 5
7fdee2b68000 76 6 3361 5
7fdee2b5c000 89 21 3472 5
7fdee2b5a000 48 7 3528 5
7fdee2a71000 58 11 3597 5
7fdee2a70000 76 8 3682 5
7fdee2a6f000 38 6 3726 5
7fdee2a6e000 54 6 3787 5
7fdee2a6d000 86 7 3880 5
7fdee2a6c000 34 5 3920 5
7fdee2a64000 46 6 3973 5
7fdee2a63000 43 7 4024 5
7fdee2a62000 64 5 4093 5
7fdee2abf000 75 9 4178 5
7fdee2acc000 87 8 4273 5
7fdee2acb000 79 10 4362 5
7fdee2b50000 59 15 4436 5
7fdee2b4b000 55 12 4504 5
7fdee2b4a000 80 17 4601 5
7fdee2b49000 63 11 4675 5
7fdee2b48000 46 5 4727 5
7fdee2b47000 44 5 4777 5
7fdee2adc000 85 14 4877 6
4894 6
0x463000
463000 32 15 47 1
47 1
0x467000
467000 25 14 39 0
46c000 122 25 187 1
415000 21 13 222 1
413000 17 12 251 1
417000 34 14 300 1
416000 22 12 334 1
418000 35 14 384 1
7fdee2cbb000 82 24 491 2
7fdee2cba000 74 37 603 2
7fdee2d1c000 46 20 670 3
7fdee2d1b000 51 18 740 5
7fdee2d2e000 40 6 787 5
7fdee2d21000 48 7 843 5
7fdee2af9000 67 13 924 5
7fdee2af8000 65 18 1007 5
7fdee2af7000 101 12 1120 5
7fdee2cb9000 18 4 1143 5
7fdee2d78000 37 7 1188 5
7fdee2d77000 115 10 1314 5
7fdee2af4000 86 15 1416 5
7fdee2d76000 83 9 1508 5
7fdee2d75000 72 7 1588 5
7fdee2d7a000 108 10 1706 5
7fdee2d79000 73 8 1788 5
7fdee2aee000 58 7 1854 5
7fdee2aed000 52 5 1911 5
7fdee2aec000 46 5 1962 5
7fdee2d68000 77 11 2051 5
7fdee2d63000 73 11 2135 5
7fdee2cbe000 90 9 2234 5
7fdee2d73000 70 7 2312 5
7fdee2d72000 46 7 2366 5
7fdee2a61000 72 8 2447 5
7fdee2b9d000 100 10 2558 5
7fdee2b9c000 102 9 2669 5
7fdee2a5f000 125 5 2799 5
7fdee2b6c000 92 8 2900 5
7fdee2b6b000 110 8 3019 5
7fdee2b6a000 70 14 3103 5
7fdee2b68000 76 6 3186 5
7fdee2b5c000 89 21 3297 5
7fdee2b5a000 48 7 3353 5
7fdee2a71000 59 11 3423 5
7fdee2a70000 77 8 3508 5
7fdee2a6f000 38 6 3552 5
7fdee2a6e000 54 6 3613 5
7fdee2a6d000 87 7 3707 5
7fdee2a6c000 34 6 3748 5
7fdee2a64000 47 6 3801 5
7fdee2a63000 43 7 3852 5
7fdee2a62000 64 6 3922 5
7fdee2abf000 76 8 4006 5
7fdee2acc000 87 8 4102 5
7fdee2acb000 80 10 4192 5
7fdee2b50000 59 15 4266 5
7fdee2b4b000 56 11 4334 5
7fdee2b4a000 80 16 4431 5
7fdee2b49000 63 12 4507 5
7fdee2b48000 47 5 4559 5
7fdee2b47000 44 5 4609 5
7fdee2adc000 86 14 4710 6
4726 6
0x468000
468000 23 13 37 0
415000 22 13 73 0
413000 16 13 103 0
466000 28 14 146 1
465000 35 14 196 1
416000 22 12 230 1
414000 21 12 264 1
417000 35 13 313 1
7fdee2d68000 77 35 426 3
7fdee2d63000 74 21 521 4
7fdee2d78000 38 9 568 4
7fdee2cbb000 82 11 662 5
7fdee2cba000 75 14 751 5
7fdee2d1c000 46 8 806 5
7fdee2d1b000 52 8 867 5
7fdee2d2e000 41 6 915 5
7fdee2d21000 48 7 971 5
7fdee2af9000 67 13 1052 5
7fdee2af8000 65 18 1135 5
7fdee2af7000 101 12 1249 5
7fdee2cb9000 18 5 1272 5
7fdee2d24000 56 7 1336 5
7fdee2d23000 35 5 1377 5
7fdee2d1e000 60 6 1444 5
7fdee2d1d000 56 6 1507 5
7fdee2d18000 38 6 1553 5
7fdee2d19000 39 5 1598 5
7fdee2d1a000 31 5 1636 5
7fdee2d2a000 31 5 1673 5
7fdee2d29000 32 5 1710 5
7fdee2d25000 65 7 1783 5
7fdee2d26000 30 4 1818 5
7fdee2d28000 34 5 1858 5
7fdee2d27000 37 5 1900 5
7fdee2cbd000 75 7 1984 5
7fdee2d73000 70 7 2062 5
7fdee2cbc000 59 7 2128 5
7fdee2d72000 46 7 2182 5
7fdee2a61000 72 8 2263 5
7fdee2b9d000 101 9 2374 5
7fdee2b9c000 102 9 2486 5
7fdee2a5f000 125 6 2617 5
7fdee2b6c000 92 9 2718 5
7fdee2b6b000 110 8 2836 5
7fdee2b6a000 70 14 2921 5
7fdee2b68000 77 6 3004 5
7fdee2b5c000 89 22 3116 5
7fdee2b5a000 49 6 3171 5
7fdee2a71000 58 11 3241 5
7fdee2a70000 77 7 3325 5
7fdee2a6f000 38 6 3370 5
7fdee2a6e000 54 6 3430 5
7fdee2a6d000 86 7 3524 5
7fdee2a6c000 34 6 3565 5
7fdee2a64000 46 7 3618 5
7fdee2a63000 43 7 3668 5
7fdee2a62000 64 6 3738 5
7fdee2abf000 75 8 3822 5
7fdee2acc000 87 8 3918 5
7fdee2acb000 79 10 4007 5
7fdee2b50000 58 16 4082 5
7fdee2b4b000 56 12 4150 5
7fdee2b4a000 80 16 4246 5
7fdee2b49000 63 11 4321 5
7fdee2b48000 46 5 4373 5
7fdee2b47000 44 5 4423 5
7fdee2adc000 86 13 4523 6
4538 6
0x43b000
43b000 29 14 43 1
414000 22 12 77 1
413000 17 12 106 1
43a000 34 15 156 1
7fdee2d6a000 60 25 241 2
417000 35 9 285 2
7fdee2d68000 76 28 390 3
7fdee2d63000 73 21 484 4
7fdee2d78000 38 9 531 4
7fdee2cbb000 81 11 624 5
7fdee2cba000 74 14 713 5
7fdee2d1c000 46 8 768 5
7fdee2d1b000 52 8 829 5
7fdee2d2e000 41 6 877 5
7fdee2d21000 48 8 933 5
7fdee2af9000 66 13 1013 5
7fdee2af8000 64 18 1096 5
7fdee2af7000 101 12 1210 5
7fdee2cb9000 18 5 1233 5
7fdee2d24000 56 7 1297 5
7fdee2d23000 35 5 1338 5
7fdee2d1e000 60 6 1405 5
7fdee2d1d000 56 6 1468 5
7fdee2d18000 38 6 1514 5
7fdee2d19000 39 5 1559 5
7fdee2d1a000 32 5 1598 5
7fdee2d2a000 30 5 1634 5
7fdee2d29000 32 5 1672 5
7fdee2d25000 64 8 1745 5
7fdee2d26000 29 5 1780 5
7fdee2d28000 33 5 1819 5
7fdee2d27000 37 5 1862 5
7fdee2cbd000 75 7 1946 5
7fdee2d73000 70 7 2024 5
7fdee2cbc000 59 7 2090 5
7fdee2d72000 46 7 2144 5
7fdee2a61000 72 8 2225 5
7fdee2b9d000 101 10 2336 5
7fdee2b9c000 102 9 2447 5
7fdee2a5f000 125 6 2578 5
7fdee2b6c000 93 8 2679 5
7fdee2b6b000 111 8 2798 5
7fdee2b6a000 70 14 2882 5
7fdee2b68000 77 6 2966 5
7fdee2b5c000 89 21 3077 5
7fdee2b5a000 48 7 3133 5
7fdee2a71000 59 10 3202 5
7fdee2a70000 76 8 3287 5
7fdee2a6f000 37 6 3331 5
7fdee2a6e000 54 6 3392 5
7fdee2a6d000 86 8 3486 5
7fdee2a6c000 34 6 3526 5
7fdee2a64000 46 7 3579 5
7fdee2a63000 43 7 3629 5
7fdee2a62000 63 6 3699 5
7fdee2abf000 75 8 3783 5
7fdee2acc000 87 7 3878 5
7fdee2acb000 78 10 3967 5
7fdee2b50000 58 16 4042 5
7fdee2b4b000 56 11 4109 5
7fdee2b4a000 80 16 4205 5
7fdee2b49000 63 11 4280 5
7fdee2b48000 46 5 4332 5
7fdee2b47000 44 5 4382 5
7fdee2adc000 85 13 4481 6
4494 6
0x43a000
43a000 34 16 51 1
51 1
0x43c000
43c000 27 14 41 0
43b000 28 15 84 1
414000 22 12 118 1
413000 17 12 147 1
43a000 34 15 197 1
7fdee2d6a000 59 25 281 2
417000 34 10 326 2
7fdee2d68000 76 27 430 3
7fdee2d63000 72 21 524 4
7fdee2d78000 37 9 571 4
7fdee2cbb000 81 11 664 5
7fdee2cba000 74 14 753 5
7fdee2d1c000 47 7 807 5
7fdee2d1b000 52 8 868 5
7fdee2d2e000 41 6 916 5
7fdee2d21000 48 8 972 5
7fdee2af9000 66 13 1052 5
7fdee2af8000 65 18 1135 5
7fdee2af7000 101 12 1249 5
7fdee2cb9000 18 5 1272 5
7fdee2d24000 56 7 1336 5
7fdee2d23000 36 5 1377 5
7fdee2d1e000 60 6 1444 5
7fdee2d1d000 56 6 1507 5
7fdee2d18000 38 6 1553 5
7fdee2d19000 39 5 1598 5
7fdee2d1a000 31 5 1636 5
7fdee2d2a000 31 5 1673 5
7fdee2d29000 33 5 1711 5
7fdee2d25000 65 7 1783 5
7fdee2d26000 29 5 1818 5
7fdee2d28000 34 4 1857 5
7fdee2d27000 37 5 1900 5
7fdee2cbd000 75 7 1984 5
7fdee2d73000 69 7 2061 5
7fdee2cbc000 58 8 2128 5
7fdee2d72000 47 6 2181 5
7fdee2a61000 71 9 2263 5
7fdee2b9d000 101 9 2373 5
7fdee2b9c000 101 9 2484 5
7fdee2a5f000 125 6 2615 5
7fdee2b6c000 92 9 2716 5
7fdee2b6b000 110 8 2834 5
7fdee2b6a000 71 14 2919 5
7fdee2b68000 76 7 3002 5
7fdee2b5c000 90 21 3113 5
7fdee2b5a000 49 6 3168 5
7fdee2a71000 58 11 3238 5
7fdee2a70000 76 8 3322 5
7fdee2a6f000 37 7 3367 5
7fdee2a6e000 54 6 3427 5
7fdee2a6d000 86 8 3521 5
7fdee2a6c000 34 6 3561 5
7fdee2a64000 46 7 3614 5
7fdee2a63000 43 7 3664 5
7fdee2a62000 64 6 3734 5
7fdee2abf000 75 9 3818 5
7fdee2acc000 87 8 3913 5
7fdee2acb000 79 10 4003 5
7fdee2b50000 59 16 4078 5
7fdee2b4b000 56 11 4146 5
7fdee2b4a000 81 16 4243 5
7fdee2b49000 63 12 4319 5
7fdee2b48000 47 5 4371 5
7fdee2b47000 44 5 4421 5
7fdee2adc000 86 14 4522 6
4535 6
0x43d000
43d000 23 14 37 0
416000 21 13 72 0
413000 17 13 103 0
43c000 27 14 144 0
43b000 29 14 187 1
414000 22 12 221 1
43a000 34 15 271 1
7fdee2d6a000 59 25 355 2
417000 34 10 400 2
7fdee2d68000 76 27 504 3
7fdee2d63000 73 20 598 4
7fdee2d78000 37 9 645 4
7fdee2cbb000 81 11 738 5
7fdee2cba000 74 14 827 5
7fdee2d1c000 46 8 882 5
7fdee2d1b000 51 8 942 5
7fdee2d2e000 41 6 990 5
7fdee2d21000 48 7 1046 5
7fdee2af9000 67 12 1126 5
7fdee2af8000 65 18 1210 5
7fdee2af7000 101 12 1323 5
7fdee2cb9000 18 4 1346 5
7fdee2d24000 56 7 1410 5
7fdee2d23000 35 6 1452 5
7fdee2d1e000 60 6 1518 5
7fdee2d1d000 56 6 1581 5
7fdee2d18000 37 6 1627 5
7fdee2d19000 39 6 1673 5
7fdee2d1a000 32 5 1711 5
7fdee2d2a000 30 5 1747 5
7fdee2d29000 32 5 1785 5
7fdee2d25000 64 7 1857 5
7fdee2d26000 30 5 1893 5
7fdee2d28000 34 5 1932 5
7fdee2d27000 36 5 1974 5
7fdee2cbd000 75 7 2058 5
7fdee2d73000 70 7 2136 5
7fdee2cbc000 59 7 2202 5
7fdee2d72000 46 7 2256 5
7fdee2a61000 71 9 2337 5
7fdee2b9d000 101 10 2448 5
7fdee2b9c000 102 8 2558 5
7fdee2a5f000 124 6 2689 5
7fdee2b6c000 92 8 2790 5
7fdee2b6b000 110 8 2909 5
7fdee2b6a000 70 14 2993 5
7fdee2b68000 75 7 3076 5
7fdee2b5c000 90 21 3187 5
7fdee2b5a000 48 7 3243 5
7fdee2a71000 58 11 3312 5
7fdee2a70000 76 8 3397 5
7fdee2a6f000 38 6 3441 5
7fdee2a6e000 54 6 3501 5
7fdee2a6d000 85 8 3595 5
7fdee2a6c000 34 6 3635 5
7fdee2a64000 46 7 3688 5
7fdee2a63000 43 7 3738 5
7fdee2a62000 64 6 3808 5
7fdee2abf000 75 9 3892 5
7fdee2acc000 87 8 3987 5
7fdee2acb000 79 10 4076 5
7fdee2b50000 58 16 4150 5
7fdee2b4b000 56 11 4217 5
7fdee2b4a000 79 17 4314 5
7fdee2b49000 63 12 4389 5
7fdee2b48000 46 6 4441 5
7fdee2b47000 44 5 4490 5
7fdee2adc000 86 13 4590 6
4605 6
0x43e000
43e000 25 14 40 1
7fdee2cbb000 81 23 145 2
7fdee2cba000 74 37 257 2
7fdee2d1c000 47 19 324 3
7fdee2d1b000 52 17 394 5
7fdee2d2e000 41 6 442 5
7fdee2d21000 47 8 498 5
7fdee2af9000 66 13 578 5
7fdee2af8000 64 18 661 5
7fdee2af7000 101 12 775 5
7fdee2cb9000 18 5 798 5
7fdee2d78000 38 6 842 5
7fdee2d77000 115 11 969 5
7fdee2af4000 85 15 1070 5
7fdee2d76000 83 8 1162 5
7fdee2d75000 72 7 1242 5
7fdee2d7a000 108 9 1360 5
7fdee2d79000 73 8 1442 5
7fdee2aee000 58 7 1508 5
7fdee2aed000 51 5 1564 5
7fdee2aec000 46 5 1616 5
7fdee2d68000 76 11 1704 5
7fdee2d63000 72 11 1788 5
7fdee2cbe000 90 9 1888 5
7fdee2d73000 69 7 1965 5
7fdee2d72000 46 7 2019 5
7fdee2a61000 72 8 2100 5
7fdee2b9d000 100 10 2211 5
7fdee2b9c000 102 9 2322 5
7fdee2a5f000 125 6 2453 5
7fdee2b6c000 92 9 2554 5
7fdee2b6b000 110 8 2672 5
7fdee2b6a000 70 14 2757 5
7fdee2b68000 76 7 2840 5
7fdee2b5c000 90 21 2951 5
7fdee2b5a000 49 6 3006 5
7fdee2a71000 58 11 3076 5
7fdee2a70000 76 8 3160 5
7fdee2a6f000 38 6 3205 5
7fdee2a6e000 54 6 3265 5
7fdee2a6d000 86 8 3359 5
7fdee2a6c000 34 6 3399 5
7fdee2a64000 46 7 3452 5
7fdee2a63000 43 7 3502 5
7fdee2a62000 64 6 3572 5
7fdee2abf000 75 8 3655 5
7fdee2acc000 87 8 3751 5
7fdee2acb000 79 10 3840 5
7fdee2b50000 58 16 3914 5
7fdee2b4b000 56 11 3981 5
7fdee2b4a000 79 17 4078 5
7fdee2b49000 63 12 4153 5
7fdee2b48000 47 5 4205 5
7fdee2b47000 45 5 4255 5
7fdee2adc000 85 13 4354 6
4369 6
0x43f000
43f000 39 16 56 1
418000 35 15 106 1
413000 17 12 135 1
7fdee2cbb000 81 23 240 2
7fdee2cba000 74 37 352 2
7fdee2d1c000 46 20 419 3
7fdee2d1b000 52 17 489 5
7fdee2d2e000 41 6 537 5
7fdee2d21000 48 7 593 5
7fdee2af9000 67 13 674 5
7fdee2af8000 65 18 757 5
7fdee2af7000 102 12 871 5
7fdee2cb9000 18 5 894 5
7fdee2d78000 37 6 938 5
7fdee2d77000 115 11 1065 5
7fdee2af4000 85 15 1166 5
7fdee2d76000 83 9 1259 5
7fdee2d75000 72 7 1339 5
7fdee2d7a000 108 9 1457 5
7fdee2d79000 73 8 1539 5
7fdee2aee000 58 7 1605 5
7fdee2aed000 51 5 1662 5
7fdee2aec000 47 4 1713 5
7fdee2d68000 77 11 1802 5
7fdee2d63000 73 10 1886 5
7fdee2cbe000 90 9 1986 5
7fdee2d73000 70 7 2064 5
7fdee2d72000 47 6 2117 5
7fdee2a61000 71 9 2199 5
7fdee2b9d000 101 10 2310 5
7fdee2b9c000 102 9 2421 5
7fdee2a5f000 125 6 2553 5
7fdee2b6c000 93 8 2654 5
7fdee2b6b000 110 8 2773 5
7fdee2b6a000 70 14 2858 5
7fdee2b68000 76 7 2941 5
7fdee2b5c000 90 21 3052 5
7fdee2b5a000 49 6 3108 5
7fdee2a71000 59 11 3178 5
7fdee2a70000 77 8 3263 5
7fdee2a6f000 38 6 3307 5
7fdee2a6e000 54 6 3367 5
7fdee2a6d000 86 7 3461 5
7fdee2a6c000 34 5 3501 5
7fdee2a64000 46 6 3554 5
7fdee2a63000 43 7 3605 5
7fdee2a62000 63 6 3674 5
7fdee2abf000 75 8 3758 5
7fdee2acc000 87 7 3853 5
7fdee2acb000 79 9 3942 5
7fdee2b50000 58 16 4017 5
7fdee2b4b000 56 12 4085 5
7fdee2b4a000 80 16 4181 5
7fdee2b49000 63 11 4256 5
7fdee2b48000 46 5 4308 5
7fdee2b47000 44 5 4358 5
7fdee2adc000 85 14 4458 6
4473 6
0x440000
440000 30 16 47 2
47 2
0x44d000
44d000 40 14 54 1
55 1
0x42b000
42b000 46 17 63 1
415000 22 12 98 1
413000 17 12 127 1
42a000 48 14 190 2
429000 23 9 223 2
416000 22 8 253 2
414000 22 8 284 2
46d000 165 24 474 3
46c000 121 14 609 3
417000 35 8 653 3
418000 35 9 698 3
7fdee2cbb000 81 15 795 4
7fdee2cba000 74 21 891 4
7fdee2d1c000 47 11 950 5
7fdee2d1b000 52 8 1011 5
7fdee2d2e000 41 6 1059 5
7fdee2d21000 48 7 1114 5
7fdee2af9000 67 13 1195 5
7fdee2af8000 65 18 1278 5
7fdee2af7000 101 12 1392 5
7fdee2cb9000 18 5 1415 5
7fdee2d78000 38 6 1459 5
7fdee2d77000 116 10 1586 5
7fdee2af4000 87 15 1689 5
7fdee2d76000 84 9 1782 5
7fdee2d75000 72 7 1862 5
7fdee2d7a000 109 10 1982 5
7fdee2d79000 74 7 2064 5
7fdee2aee000 59 7 2131 5
7fdee2aed000 51 5 2187 5
7fdee2aec000 47 5 2240 5
7fdee2d68000 77 10 2328 5
7fdee2d63000 73 11 2413 5
7fdee2cbe000 90 10 2514 5
7fdee2d73000 70 7 2592 5
7fdee2d72000 47 7 2646 5
7fdee2a61000 72 9 2728 5
7fdee2b9d000 102 9 2839 5
7fdee2b9c000 102 9 2951 5
7fdee2a5f000 126 6 3084 5
7fdee2b6c000 93 9 3186 5
7fdee2b6b000 111 8 3305 5
7fdee2b6a000 71 14 3390 5
7fdee2b68000 76 7 3474 5
7fdee2b5c000 90 22 3586 5
7fdee2b5a000 49 6 3641 5
7fdee2a71000 59 11 3712 5
7fdee2a70000 77 8 3797 5
7fdee2a6f000 38 6 3841 5
7fdee2a6e000 54 6 3902 5
7fdee2a6d000 87 8 3997 5
7fdee2a6c000 34 6 4037 5
7fdee2a64000 47 6 4090 5
7fdee2a63000 43 7 4141 5
7fdee2a62000 64 6 4211 5
7fdee2abf000 76 8 4295 5
7fdee2acc000 88 7 4391 5
7fdee2acb000 79 10 4481 5
7fdee2b50000 59 16 4556 5
7fdee2b4b000 56 12 4624 5
7fdee2b4a000 80 17 4721 5
7fdee2b49000 64 11 4796 5
7fdee2b48000 46 6 4849 5
7fdee2b47000 45 5 4899 5
7fdee2adc000 86 13 4999 6
5018 6
0x42a000
42a000 48 16 64 2
429000 23 9 97 2
416000 21 9 128 2
413000 16 9 154 2
415000 21 9 185 2
414000 21 9 216 2
46d000 166 23 406 3
46c000 122 14 543 3
417000 34 9 587 3
418000 35 9 632 3
7fdee2cbb000 82 15 730 4
7fdee2cba000 75 21 826 4
7fdee2d1c000 47 12 886 5
7fdee2d1b000 52 9 947 5
7fdee2d2e000 41 6 995 5
7fdee2d21000 49 7 1051 5
7fdee2af9000 67 13 1132 5
7fdee2af8000 65 19 1216 5
7fdee2af7000 102 12 1330 5
7fdee2cb9000 19 4 1353 5
7fdee2d78000 37 7 1398 5
7fdee2d77000 116 10 1525 5
7fdee2af4000 87 15 1628 5
7fdee2d76000 84 9 1721 5
7fdee2d75000 72 7 1801 5
7fdee2d7a000 109 9 1920 5
7fdee2d79000 74 8 2003 5
7fdee2aee000 58 7 2069 5
7fdee2aed000 51 5 2126 5
7fdee2aec000 46 5 2178 5
7fdee2d68000 77 11 2267 5
7fdee2d63000 73 10 2351 5
7fdee2cbe000 91 9 2452 5
7fdee2d73000 70 7 2530 5
7fdee2d72000 46 7 2584 5
7fdee2a61000 72 9 2666 5
7fdee2b9d000 102 9 2777 5
7fdee2b9c000 102 9 2889 5
7fdee2a5f000 126 6 3021 5
7fdee2b6c000 93 9 3123 5
7fdee2b6b000 111 8 3242 5
7fdee2b6a000 71 14 3327 5
7fdee2b68000 76 7 3411 5
7fdee2b5c000 91 21 3523 5
7fdee2b5a000 49 7 3579 5
7fdee2a71000 59 11 3649 5
7fdee2a70000 77 8 3734 5
7fdee2a6f000 38 6 3779 5
7fdee2a6e000 55 5 3839 5
7fdee2a6d000 86 8 3934 5
7fdee2a6c000 35 5 3974 5
7fdee2a64000 46 7 4028 5
7fdee2a63000 44 6 4078 5
7fdee2a62000 64 6 4149 5
7fdee2abf000 76 8 4233 5
7fdee2acc000 87 8 4329 5
7fdee2acb000 80 10 4419 5
7fdee2b50000 59 16 4494 5
7fdee2b4b000 56 11 4561 5
7fdee2b4a000 80 17 4659 5
7fdee2b49000 63 12 4734 5
7fdee2b48000 47 5 4786 5
7fdee2b47000 44 5 4836 5
7fdee2adc000 86 14 4937 6
4954 6
0x429000
429000 23 13 36 0
37 0
0x452000
452000 42 17 59 2
415000 22 9 91 2
413000 17 9 117 2
426000 45 13 175 2
418000 35 11 221 2
7fdee2cbb000 82 17 321 3
7fdee2cba000 75 28 425 3
7fdee2d1c000 47 14 487 4
7fdee2d1b000 52 11 551 5
7fdee2d2e000 42 6 600 5
7fdee2d21000 48 8 656 5
7fdee2af9000 67 13 737 5
7fdee2af8000 65 18 820 5
7fdee2af7000 101 12 934 5
7fdee2cb9000 18 5 958 5
7fdee2d78000 37 7 1002 5
7fdee2d77000 116 10 1129 5
7fdee2af4000 87 15 1232 5
7fdee2d76000 84 9 1325 5
7fdee2d75000 73 6 1405 5
7fdee2d7a000 109 10 1525 5
7fdee2d79000 73 8 1607 5
7fdee2aee000 58 7 1673 5
7fdee2aed000 51 5 1730 5
7fdee2aec000 46 5 1782 5
7fdee2d68000 77 11 1871 5
7fdee2d63000 73 11 1956 5
7fdee2cbe000 91 10 2057 5
7fdee2d73000 70 7 2135 5
7fdee2d72000 47 7 2189 5
7fdee2a61000 72 9 2271 5
7fdee2b9d000 102 9 2382 5
7fdee2b9c000 102 9 2494 5
7fdee2a5f000 125 6 2626 5
7fdee2b6c000 93 8 2728 5
7fdee2b6b000 111 7 2847 5
7fdee2b6a000 70 14 2932 5
7fdee2b68000 76 7 3016 5
7fdee2b5c000 91 21 3128 5
7fdee2b5a000 49 7 3184 5
7fdee2a71000 59 11 3254 5
7fdee2a70000 77 8 3339 5
7fdee2a6f000 38 7 3384 5
7fdee2a6e000 54 6 3444 5
7fdee2a6d000 87 8 3539 5
7fdee2a6c000 34 6 3579 5
7fdee2a64000 47 6 3632 5
7fdee2a63000 43 7 3683 5
7fdee2a62000 64 6 3753 5
7fdee2abf000 76 8 3837 5
7fdee2acc000 87 8 3933 5
7fdee2acb000 80 10 4023 5
7fdee2b50000 59 16 4098 5
7fdee2b4b000 56 11 4165 5
7fdee2b4a000 80 17 4263 5
7fdee2b49000 63 12 4338 5
7fdee2b48000 47 5 4390 5
7fdee2b47000 44 5 4440 5
7fdee2adc000 86 13 4540 6
4556 6
0x426000
426000 44 19 64 1
64 1
0x41a000
41a000 54 17 71 2
419000 34 12 118 2
416000 22 10 150 2
413000 17 11 179 2
414000 21 11 211 2
415000 22 10 244 2
417000 35 11 291 2
418000 35 13 340 2
7fdee2cbb000 82 20 442 2
7fdee2cba000 74 37 554 2
7fdee2d1c000 46 20 621 3
7fdee2d1b000 51 18 691 5
7fdee2d2e000 41 6 739 5
7fdee2d21000 48 7 794 5
7fdee2af9000 67 13 875 5
7fdee2af8000 64 19 958 5
7fdee2af7000 101 12 1071 5
7fdee2cb9000 18 4 1094 5
7fdee2d78000 37 7 1139 5
7fdee2d77000 115 10 1265 5
7fdee2af4000 86 15 1367 5
7fdee2d76000 83 9 1460 5
7fdee2d75000 73 6 1539 5
7fdee2d7a000 108 10 1658 5
7fdee2d79000 73 8 1740 5
7fdee2aee000 58 7 1806 5
7fdee2aed000 51 5 1863 5
7fdee2aec000 46 5 1915 5
7fdee2d68000 76 11 2003 5
7fdee2d63000 73 10 2087 5
7fdee2cbe000 91 9 2188 5
7fdee2d73000 69 8 2266 5
7fdee2d72000 47 6 2319 5
7fdee2a61000 71 9 2401 5
7fdee2b9d000 101 9 2511 5
7fdee2b9c000 102 9 2623 5
7fdee2a5f000 125 6 2754 5
7fdee2b6c000 93 8 2855 5
7fdee2b6b000 110 8 2974 5
7fdee2b6a000 71 14 3059 5
7fdee2b68000 76 7 3142 5
7fdee2b5c000 90 21 3253 5
7fdee2b5a000 48 7 3309 5
7fdee2a71000 58 11 3378 5
7fdee2a70000 76 8 3463 5
7fdee2a6f000 37 7 3508 5
7fdee2a6e000 54 6 3568 5
7fdee2a6d000 86 8 3662 5
7fdee2a6c000 34 6 3702 5
7fdee2a64000 47 6 3755 5
7fdee2a63000 42 7 3805 5
7fdee2a62000 63 6 3875 5
7fdee2abf000 76 8 3959 5
7fdee2acc000 88 7 4054 5
7fdee2acb000 79 10 4144 5
7fdee2b50000 59 15 4218 5
7fdee2b4b000 56 11 4286 5
7fdee2b4a000 80 16 4383 5
7fdee2b49000 63 11 4458 5
7fdee2b48000 46 6 4511 5
7fdee2b47000 45 5 4561 5
7fdee2adc000 85 13 4660 6
4678 6
0x41b000
41b000 28 14 42 1
42 1
