0x404000
404000 35 15 51 1
40f000 112 19 183 1
403000 36 16 235 1
402000 43 17 296 1
7f8cf72ae000 58 21 376 3
7f8cf72ad000 50 10 437 3
7f8cf72ac000 46 10 494 4
7f8cf7315000 62 19 577 5
7f8cf7311000 82 13 672 5
7f8cf7310000 60 16 749 5
7f8cf730b000 57 12 818 5
7f8cf730a000 82 17 918 5
7f8cf7309000 63 12 994 5
7f8cf721f000 132 6 1132 5
7f8cf7308000 48 5 1185 5
7f8cf7307000 45 5 1236 5
7f8cf729c000 86 13 1336 6
1339 6
0x40f000
40f000 106 21 128 1
128 1
0x403000
403000 34 17 52 1
402000 43 19 115 1
7f8cf72ae000 62 22 200 3
7f8cf72ad000 51 11 262 3
7f8cf72ac000 48 10 320 4
40f000 104 11 436 4
7f8cf7315000 62 19 518 5
7f8cf7311000 82 13 614 5
7f8cf7310000 61 15 691 5
7f8cf730b000 55 12 759 5
7f8cf730a000 78 17 854 5
7f8cf7309000 62 12 929 5
7f8cf721f000 127 6 1062 5
7f8cf7308000 47 5 1115 5
7f8cf7307000 45 5 1166 5
7f8cf729c000 89 13 1269 6
1271 6
0x402000
402000 42 20 62 1
62 1
0x40a000
40a000 37 23 60 1
40f000 102 19 182 1
404000 31 14 227 1
403000 34 16 278 1
402000 42 21 342 1
7f8cf72ae000 58 22 422 3
7f8cf72ad000 51 11 484 3
7f8cf72ac000 46 10 541 4
7f8cf7315000 62 18 623 5
7f8cf7311000 82 13 719 5
7f8cf7310000 57 16 793 5
7f8cf730b000 55 12 861 5
7f8cf730a000 79 17 957 5
7f8cf7309000 63 12 1033 5
7f8cf721f000 128 6 1167 5
7f8cf7308000 47 6 1220 5
7f8cf7307000 46 6 1272 5
7f8cf729c000 87 14 1374 6
1379 6
0x409000
409000 65 33 98 2
99 2
0x40c000
40c000 37 18 55 2
402000 43 15 114 2
7f8cf727e000 60 18 193 3
7f8cf727d000 60 12 266 3
7f8cf7284000 88 19 373 4
7f8cf721f000 129 8 510 4
7f8cf72b9000 68 19 597 4
7f8cf72b8000 65 29 692 4
7f8cf72b7000 104 18 814 4
7f8cf7283000 37 13 865 4
7f8cf727a000 91 11 967 5
7f8cf7230000 77 8 1053 5
7f8cf722f000 38 6 1098 5
7f8cf722e000 54 6 1159 5
7f8cf722d000 87 8 1255 5
7f8cf722c000 34 6 1296 5
7f8cf7224000 47 7 1350 5
7f8cf7223000 46 7 1403 5
7f8cf7222000 67 7 1477 5
7f8cf735c000 106 9 1592 5
7f8cf732c000 95 8 1696 5
7f8cf732b000 113 8 1818 5
7f8cf732a000 74 14 1906 5
7f8cf7328000 79 7 1993 5
7f8cf727f000 76 9 2079 5
7f8cf728c000 89 8 2176 5
7f8cf728b000 80 10 2266 5
7f8cf7310000 57 16 2340 5
7f8cf730b000 57 12 2409 5
7f8cf730a000 78 17 2504 5
7f8cf7309000 62 12 2579 5
7f8cf7308000 48 6 2633 5
7f8cf7307000 45 5 2683 5
7f8cf729c000 86 13 2783 6
2785 6
0x40b000
40b000 40 19 59 1
402000 45 18 123 1
40a000 36 21 180 1
40f000 101 18 300 1
404000 31 14 346 1
403000 33 16 396 1
7f8cf72ae000 61 22 480 3
7f8cf72ad000 52 10 542 3
7f8cf72ac000 47 10 600 4
7f8cf7315000 63 19 684 5
7f8cf7311000 83 13 780 5
7f8cf7310000 58 16 855 5
7f8cf730b000 56 11 923 5
7f8cf730a000 79 17 1020 5
7f8cf7309000 64 12 1097 5
7f8cf721f000 129 6 1233 5
7f8cf7308000 49 5 1287 5
7f8cf7307000 46 5 1339 5
7f8cf729c000 87 14 1441 6
1448 6
0x405000
405000 38 16 55 1
402000 44 18 118 1
7ffd61dd4000 36 18 173 1
404000 33 14 221 1
40f000 103 19 344 1
403000 35 16 396 1
7f8cf72ae000 61 22 480 3
7f8cf72ad000 58 10 548 3
7f8cf72ac000 49 10 608 4
7f8cf7315000 65 19 693 5
7f8cf7311000 85 13 791 5
7f8cf7310000 59 15 865 5
7f8cf730b000 56 11 933 5
7f8cf730a000 80 17 1031 5
7f8cf7309000 64 12 1107 5
7f8cf721f000 131 6 1245 5
7f8cf7308000 47 6 1299 5
7f8cf7307000 45 5 1350 5
7f8cf729c000 85 13 1449 6
1453 6
0x406000
406000 46 21 68 2
402000 42 17 128 2
7f8cf7315000 61 33 222 4
7f8cf7311000 82 21 326 4
7f8cf7310000 57 25 409 4
7f8cf730b000 55 18 482 4
7f8cf730a000 79 27 589 4
7f8cf7309000 64 18 671 4
7f8cf721f000 127 8 807 4
7f8cf7308000 48 8 864 4
7f8cf7307000 45 7 917 4
7f8cf729c000 87 21 1026 5
7f8cf729b000 89 6 1122 5
7f8cf735c000 106 5 1234 5
7f8cf729a000 63 5 1303 5
7f8cf7299000 86 5 1394 6
1395 6
0x40d000
40d000 50 23 73 3
40c000 38 9 121 4
402000 42 8 172 4
7f8cf727e000 60 9 241 5
7f8cf727d000 61 3 305 5
7f8cf7284000 89 5 399 6
402 6
0x407000
407000 31 16 47 0
47 0
0x40e000
40e000 52 19 72 1
40f000 101 19 193 1
7f8cf7315000 63 35 291 3
7f8cf7311000 83 28 403 3
7f8cf7310000 57 32 493 3
7f8cf730b000 55 24 573 3
7f8cf730a000 80 35 688 3
7f8cf7309000 63 24 776 3
7f8cf721f000 132 11 920 3
7f8cf7308000 49 9 978 3
7f8cf7307000 46 9 1034 3
7f8cf729c000 86 28 1148 4
7f8cf729b000 90 10 1249 4
7f8cf735c000 109 10 1369 4
7f8cf729a000 62 9 1441 4
7f8cf7299000 84 9 1535 5
7f8cf7291000 157 6 1698 5
7f8cf7298000 98 3 1800 5
7f8cf7297000 74 4 1879 5
7f8cf7292000 63 6 1949 5
7f8cf725e000 62 2 2013 5
7f8cf732c000 94 5 2113 5
7f8cf732b000 112 4 2229 5
7f8cf732a000 69 9 2308 5
7f8cf7328000 82 2 2393 5
7f8cf7306000 55 3 2452 5
7f8cf7305000 50 2 2504 5
7f8cf7304000 36 2 2543 5
7f8cf7303000 48 3 2594 5
7f8cf7302000 40 2 2636 5
7f8cf7301000 44 3 2683 5
7f8cf733b000 55 2 2740 5
7f8cf731d000 69 13 2822 5
7f8cf728a000 63 4 2890 5
7f8cf7289000 50 4 2944 5
7f8cf7290000 85 5 3035 5
7f8cf72ff000 55 6 3097 5
7f8cf7283000 31 3 3131 5
7f8cf728f000 116 5 3252 5
7f8cf7273000 80 3 3335 5
7f8cf7288000 51 3 3390 5
7f8cf7339000 69 6 3466 5
7f8cf7338000 46 3 3515 5
7f8cf7337000 39 2 3557 5
7f8cf7336000 49 2 3609 5
7f8cf7341000 46 4 3660 5
7f8cf7340000 60 4 3724 5
7f8cf733f000 50 4 3779 5
7f8cf733e000 69 4 3852 5
7f8cf733d000 90 3 3946 5
7f8cf733c000 58 3 4008 6
4010 6
